0	0	0	0	14400	0	0	0	0
1000	16	340	536	12899	104	79	36095	641
2000	11	266	862	12489	33	133	37452	547
3000	13	329	924	12354	0	136	36721	488
4000	31	311	980	12106	0	254	36508	858
5000	18	291	970	12312	0	123	36449	271
6000	24	295	1057	12120	32	103	36925	336
7000	26	302	1127	12016	17	110	36364	430
8000	23	303	943	12299	40	83	36342	264
9000	18	342	990	12314	9	44	38224	205
10000	37	321	1089	12163	0	22	37270	103
11000	28	283	1183	12016	0	63	36761	168
12000	36	325	999	12248	13	93	37086	430
13000	17	322	824	12521	1	117	36391	457
14000	39	325	1316	11675	9	105	35879	266
15000	14	329	1180	11861	16	172	37599	444
16000	34	309	995	12094	33	204	36897	706
17000	22	326	1172	11779	56	256	36133	749
18000	28	312	994	12188	23	149	36384	699
19000	45	336	1232	11736	40	135	36790	594
20000	36	335	1148	11995	16	112	37387	268
21000	23	314	1200	11922	27	162	36356	555
22000	27	312	1115	12040	17	128	35159	346
23000	26	360	1310	11740	0	102	35551	318
24000	32	291	1274	11797	46	80	34380	240
25000	51	295	1303	11764	11	29	35471	178
26000	25	326	1600	11241	12	109	35582	281
27000	50	287	1522	11416	7	138	34458	315
28000	59	281	1559	11301	0	155	34389	384
29000	58	284	1931	10721	8	187	34466	538
30000	69	301	1848	10848	48	139	33156	429
31000	30	295	1422	11423	122	107	36000	388
32000	28	294	1372	11345	270	166	34403	1259
33000	46	324	1221	11559	176	155	35854	956
34000	31	282	1204	11904	33	128	37414	394
35000	17	299	826	12490	8	134	37567	523
36000	27	329	982	12179	0	177	36209	345
37000	18	285	922	12288	24	195	36379	553
38000	14	320	827	12311	40	264	35968	893
39000	19	264	954	12198	18	254	36157	620
40000	13	323	900	12230	61	195	36982	663
41000	15	342	910	12296	20	165	36583	616
42000	18	291	926	12224	8	236	35588	430
43000	15	326	739	12421	15	321	36583	937
44000	17	333	780	12433	15	201	35618	727
45000	12	346	761	12508	3	170	37165	564
46000	3	312	690	12713	0	190	36519	542
47000	21	297	744	12530	1	198	36893	497
48000	17	314	809	12537	3	108	37215	428
49000	28	316	1070	12139	8	89	36321	254
50000	17	323	971	12301	1	129	36630	347
51000	16	302	920	12310	2	166	36735	618
52000	39	287	1105	12026	14	121	35491	370
53000	30	314	1096	12034	28	115	37701	627
54000	14	322	844	12429	36	109	36508	410
55000	42	307	866	12330	56	135	37228	678
56000	29	332	1379	11573	19	118	35115	310
57000	45	287	1491	11478	0	88	36246	354
58000	39	287	1340	11733	7	66	35608	213
59000	26	322	1329	11678	31	66	35653	191
60000	38	338	1097	12103	13	1	37289	80
61000	38	333	1177	11973	72	14	36269	252
62000	33	301	999	12202	121	10	36201	483
63000	25	351	942	12345	39	19	36176	158
64000	23	283	891	12439	34	64	35696	310
65000	24	334	992	12194	25	111	38512	343
66000	23	285	998	12307	0	56	37270	241
67000	28	332	1077	12151	4	33	35899	38
68000	52	341	1166	11983	0	5	35469	5
69000	31	311	1233	11904	32	38	35819	266
70000	34	286	1168	11971	72	25	37653	479
71000	36	337	1083	12051	67	51	35910	256
72000	27	300	1193	11912	79	20	36661	222
73000	25	318	1044	12142	34	76	36771	283
74000	28	303	925	12387	24	42	36384	172
75000	50	301	1223	11950	0	6	36279	20
76000	30	283	1146	12083	0	17	35823	97
77000	26	258	1033	12185	144	1	36756	281
78000	27	299	973	12246	120	41	35445	468
79000	31	289	1071	12161	20	76	36700	141
80000	23	287	1031	12282	0	67	36328	127
81000	43	285	1185	12076	0	10	36511	38
82000	32	287	1226	11942	64	2	38075	232
83000	26	259	1393	11754	15	22	37147	203
84000	50	268	1327	11824	0	7	36364	60
85000	31	311	1094	12213	0	5	37738	22
86000	23	278	1223	11938	56	18	36274	248
87000	49	293	1106	12053	17	62	36640	203
88000	32	330	1142	12019	0	17	37217	34
89000	22	322	980	12283	99	5	36854	341
90000	32	301	1235	12053	0	19	35771	93
91000	22	289	1023	12168	0	97	37631	344
92000	23	347	1085	12050	10	102	37150	226
93000	35	338	1088	12037	35	98	35725	370
94000	37	334	1247	11714	59	111	36984	403
95000	34	284	1046	12039	15	259	36143	718
96000	33	289	1372	11513	12	221	35999	625
97000	43	297	1168	11967	2	124	35785	299
98000	33	318	1276	11774	1	82	35874	238
99000	24	329	999	12227	10	78	36135	335
100000	40	308	955	12279	0	67	37027	204
101000	24	347	900	12397	11	40	36526	81
102000	21	298	1056	12280	0	12	37387	82
103000	24	322	884	12477	0	17	36950	40
104000	14	325	903	12451	1	28	37972	116
105000	21	317	1039	12275	0	3	36174	27
106000	28	299	964	12231	128	16	34991	324
107000	18	340	853	12438	79	37	37493	287
108000	38	331	968	12149	118	129	35958	794
109000	31	312	1063	11989	79	166	35617	603
110000	34	297	833	12381	58	184	36878	752
111000	26	281	904	12403	32	133	37181	385
112000	33	320	956	12381	13	20	36991	138
113000	33	286	1129	12077	0	52	36055	183
114000	40	359	1061	12147	0	57	36699	254
115000	23	283	1007	12274	0	108	36098	284
116000	46	302	994	12250	0	72	36282	251
117000	37	269	998	12278	0	129	35803	289
118000	29	345	919	12220	0	205	37027	424
119000	44	319	1123	11904	23	186	34755	680
120000	22	280	1277	11799	3	159	36221	530
121000	26	275	1031	12156	0	158	36441	549
122000	30	337	833	12389	0	158	37381	396
123000	21	269	1008	12252	11	143	38072	290
124000	19	295	782	12565	20	123	37476	335
125000	19	311	943	12169	31	182	38279	722
126000	22	279	844	12456	2	157	38455	520
127000	28	336	917	12300	0	113	37294	216
128000	21	292	1110	12208	12	13	37275	98
129000	29	317	1112	12186	0	4	36721	39
130000	25	290	862	12482	61	14	36909	304
131000	35	306	1122	12011	28	86	36922	276
132000	28	240	1087	12161	46	99	36453	393
133000	16	328	884	12305	36	156	36761	430
134000	31	356	1021	12038	13	159	37296	504
135000	31	298	1033	11992	39	246	36831	964
136000	29	347	1069	11866	24	293	36504	1007
137000	44	316	1283	11520	32	304	35877	1193
138000	32	339	1016	12046	0	238	36230	739
139000	31	279	1035	12096	4	194	37003	340
140000	18	276	899	12338	24	158	36354	607
141000	27	399	997	12040	64	146	37120	490
142000	29	304	1194	11892	0	145	35640	468
143000	35	322	930	12248	0	154	37750	324
144000	37	336	996	12179	6	155	37400	447
145000	29	328	1264	11753	2	164	36809	396
146000	27	342	1046	12079	0	193	36032	604
147000	26	333	1058	12101	19	100	36501	370
148000	31	302	969	12211	35	191	36735	331
149000	17	319	992	12164	19	174	36951	518
150000	34	321	1194	11773	79	172	35739	560
151000	32	349	1218	11751	27	184	34855	504
152000	35	359	1242	11547	97	265	35753	1022
153000	29	321	901	12106	116	244	36769	1023
154000	31	305	880	11966	117	444	35957	1217
155000	25	327	957	11909	63	468	35635	1170
156000	21	260	981	11967	32	429	37983	1337
157000	38	311	1054	11613	97	509	34923	1734
158000	23	324	932	11986	104	352	36492	1318
159000	31	310	1418	11164	131	367	35570	1456
160000	35	331	1500	11000	94	398	35025	1363
161000	28	336	1201	11515	74	397	34563	1418
162000	62	283	1535	10967	146	376	34642	1395
163000	43	304	1680	10802	45	449	34697	1215
164000	41	335	1746	10822	114	242	34961	1109
165000	40	347	1404	11332	77	216	35517	1017
166000	34	303	1335	11294	94	421	35977	1787
167000	33	311	1226	11566	62	355	34820	1370
168000	28	336	1063	11862	89	239	35039	927
169000	32	314	1086	11884	97	244	35473	955
170000	19	362	965	11896	105	307	35514	952
171000	30	308	972	11948	46	396	36409	1263
172000	25	286	976	11936	31	379	36477	910
173000	37	375	931	12080	11	279	35865	1043
174000	23	273	855	12241	22	302	37877	695
175000	24	341	770	12194	15	464	35813	1278
176000	14	315	872	12026	32	496	35868	1528
177000	22	342	921	12048	48	365	35890	1007
178000	26	289	1134	11775	13	341	35362	1076
179000	30	309	1159	11850	9	258	37295	894
180000	30	272	1160	11762	51	321	35629	905
181000	43	322	1047	11899	15	329	35392	972
182000	21	343	910	12089	33	338	35970	964
183000	17	348	1107	11789	21	357	34893	819
184000	28	311	1410	11381	37	275	36389	981
185000	24	261	1104	11721	72	364	35421	1251
186000	30	281	1188	11516	136	466	34515	1593
187000	37	340	1343	11175	92	471	35012	1501
188000	21	301	1014	11757	153	427	35177	1337
189000	16	341	915	11815	143	508	35222	1943
190000	26	342	1023	11620	157	509	35335	1706
191000	31	301	1050	11846	77	355	35273	1043
192000	32	300	1229	11733	70	228	35317	849
193000	47	269	1595	11126	107	127	35301	567
194000	32	327	1779	10844	71	201	34262	852
195000	38	287	1326	11539	11	246	35343	592
196000	39	357	1319	11521	19	224	34977	436
197000	28	307	1389	11500	37	183	34301	579
198000	23	268	1217	11725	42	250	35217	699
199000	16	257	1137	12079	3	136	36057	474
200000	30	335	1338	11629	12	71	35771	302
201000	31	289	1154	11999	0	77	35115	222
202000	27	364	1132	12017	2	71	36694	296
203000	39	292	1045	12186	0	88	37841	119
204000	23	394	882	12352	16	88	36818	478
205000	28	318	1342	11730	14	50	37126	96
206000	34	326	1094	12121	15	41	35826	210
207000	34	311	1191	11957	2	70	36596	254
208000	24	319	961	12219	0	157	36634	413
209000	15	297	859	12463	0	110	36432	310
210000	37	299	1008	12288	0	69	36539	228
211000	23	260	1046	12276	0	77	38059	176
212000	26	335	1215	11922	0	38	36994	107
213000	21	319	996	12349	0	7	37401	9
214000	25	330	960	12320	62	3	36704	189
215000	18	334	1026	12270	0	33	36929	86
216000	38	329	1056	12207	0	30	37793	62
217000	32	303	1127	12106	0	51	36197	171
218000	15	310	1063	12284	0	16	37294	95
219000	18	389	874	12498	0	12	37182	7
220000	46	328	956	12389	0	0	37285	1
221000	21	299	1046	12241	67	3	36376	60
222000	34	305	1009	12212	29	46	36295	190
223000	17	297	940	12341	41	80	37387	321
224000	33	342	1152	11975	21	69	36055	191
225000	16	309	1055	12085	40	106	36851	309
226000	38	259	1197	11853	43	169	35594	680
227000	26	310	993	12131	18	252	36821	883
228000	26	286	1289	11707	26	240	36506	906
229000	24	300	922	12406	17	93	37734	346
230000	18	348	861	12506	13	33	37986	219
231000	26	324	1129	12071	0	69	36371	195
232000	23	275	1258	11837	1	100	36440	326
233000	27	262	1125	12005	5	126	36628	407
234000	23	351	1262	11724	11	99	36933	282
235000	31	332	1022	12237	15	29	37276	120
236000	24	310	987	12341	9	35	35212	81
237000	29	250	927	12434	26	28	37144	190
238000	14	275	901	12449	12	75	37874	181
239000	37	314	1006	12205	38	79	36889	269
240000	33	282	1077	12120	31	77	36217	276
241000	22	320	1066	12052	11	141	36797	398
242000	30	308	1210	11946	0	92	36811	201
243000	24	312	1211	11995	0	55	36845	122
244000	39	309	1085	12179	0	41	37876	132
245000	39	327	1075	12131	3	64	36206	228
246000	18	305	916	12382	33	28	36116	246
247000	48	341	879	12404	4	34	36903	165
248000	21	291	822	12590	2	82	36500	196
249000	27	314	1009	12308	7	30	35956	112
250000	33	326	942	12376	0	0	36305	5
251000	27	302	1038	12200	26	41	37782	255
252000	37	291	1241	11971	0	33	36777	61
253000	37	318	1319	11684	91	9	36921	355
254000	34	300	1117	12092	41	38	36595	179
255000	27	347	1101	12062	18	85	36573	243
256000	29	322	873	12416	12	90	38116	479
257000	25	346	896	12424	31	24	35802	128
258000	18	270	1086	12167	64	13	38322	132
259000	34	324	1103	12108	80	20	36144	258
260000	19	338	1072	12152	55	6	35109	237
261000	28	321	1031	12265	14	27	37536	157
262000	50	288	1272	11836	16	28	37164	146
263000	23	314	1311	11880	0	19	36622	62
264000	39	294	1266	11898	0	4	37700	20
265000	13	266	1080	12185	104	2	36646	415
266000	30	297	1161	12037	75	14	36341	217
267000	38	312	1259	11874	41	9	36809	173
268000	36	313	1464	11600	6	0	35808	6
269000	45	372	1528	11263	88	79	34461	469
270000	30	251	1524	11550	38	78	36308	327
271000	46	362	1289	11805	15	30	37072	185
272000	29	327	1170	11977	122	0	35085	0
273000	37	269	1098	12121	72	12	36806	299
274000	41	334	1187	12005	0	5	36712	8
275000	36	299	1428	11605	63	5	36097	212
276000	44	315	1307	11659	43	128	35680	452
277000	46	292	1136	12057	8	51	35879	299
278000	30	345	1177	11900	0	98	37470	216
279000	25	289	1208	12040	5	6	35853	83
280000	41	282	1172	12032	48	18	37579	115
281000	38	312	1215	11984	26	13	36183	81
282000	45	308	1321	11702	133	0	35861	169
283000	22	320	1254	11812	96	17	35950	443
284000	22	314	1160	11999	48	74	37197	424
285000	33	300	1241	11776	10	97	36574	275
286000	31	335	941	12417	0	37	38124	62
287000	30	332	1057	12244	0	24	36940	72
288000	18	314	785	12610	70	9	37642	410
289000	18	312	954	12331	81	19	36377	295
290000	22	337	950	12320	36	26	37765	170
291000	25	284	1063	12234	17	22	36351	237
292000	18	307	953	12442	0	8	36397	37
293000	20	375	1160	12010	0	24	36847	35
294000	20	282	1214	12064	0	7	36451	31
295000	37	329	1320	11629	170	16	35374	342
296000	50	283	1331	11514	243	89	35715	1234
297000	35	299	1147	11928	122	79	35514	621
298000	19	293	1348	11637	85	127	37146	796
299000	21	225	1467	11541	77	103	36310	660
300000	31	262	1640	11128	167	124	35884	907
301000	29	303	1505	11224	152	193	34875	1112
302000	22	286	1185	11591	110	356	35699	1105
303000	27	286	1143	11702	164	295	35574	1092
304000	31	303	1044	11964	133	242	37281	1049
305000	27	343	1316	11449	52	325	34847	1039
306000	21	309	1096	11686	28	481	35607	1705
307000	19	317	870	12046	31	488	37547	1464
308000	11	344	714	12368	32	373	36952	1197
309000	14	344	757	12266	12	474	36292	1321
310000	18	314	812	12277	1	371	36418	1358
311000	24	339	982	11926	5	366	35663	895
312000	23	312	976	12101	1	273	35549	839
313000	18	313	984	12021	43	338	36495	1036
314000	28	326	870	12206	25	270	35333	925
315000	24	331	919	12330	1	158	37080	541
316000	25	322	890	12324	44	157	36471	572
317000	19	324	948	12278	27	126	35923	404
318000	19	359	917	12246	23	171	36132	701
319000	26	342	859	12341	13	165	36935	472
320000	15	307	926	12412	10	82	37414	199
321000	22	278	981	12405	21	46	36014	177
322000	28	313	1029	12136	34	90	36715	201
323000	33	298	1041	12175	43	84	38105	456
324000	15	292	969	12302	17	120	35747	554
325000	24	318	972	12192	4	215	36797	703
326000	27	331	986	12084	31	234	36646	750
327000	40	333	1077	11890	1	261	36591	829
328000	42	311	990	12198	1	203	35750	428
329000	30	290	878	12427	18	109	37124	349
330000	26	306	1009	12157	9	160	36603	348
331000	26	295	1031	12189	16	139	35417	500
332000	25	292	1125	12045	15	109	36310	316
333000	14	319	1048	12160	1	121	36923	414
334000	32	319	1249	11867	1	64	35190	90
335000	24	279	1032	12301	7	3	36666	88
336000	23	352	1116	12052	135	0	35993	278
337000	27	349	1305	11765	101	43	34341	358
338000	40	341	1405	11384	138	134	34495	679
339000	16	298	1266	11777	44	136	36927	563
340000	31	295	1076	12021	57	142	36964	506
341000	42	282	1183	11907	39	133	37253	520
342000	25	352	1043	12047	65	101	36894	356
343000	17	320	830	12414	84	144	37355	669
344000	23	319	1057	12167	44	63	35984	429
345000	32	346	1122	11943	36	142	36201	506
346000	29	329	1005	12244	20	89	35976	390
347000	24	335	956	12293	5	103	37259	278
348000	15	326	1140	12082	3	36	36797	155
349000	33	310	1325	11901	1	18	36050	78
350000	51	321	1307	11671	126	10	36403	344
351000	16	334	1043	12157	127	27	36036	387
352000	34	337	1073	11982	92	133	35761	548
353000	60	316	1140	11887	16	125	36109	482
354000	27	289	1203	12038	16	15	35481	101
355000	42	290	1269	11869	2	48	36479	180
356000	31	301	1053	12194	24	39	36704	240
357000	26	319	1315	11748	28	44	35966	149
358000	24	278	1523	11381	76	117	36737	644
359000	33	271	1457	11607	31	28	36730	176
360000	45	293	1593	11357	12	28	35599	88
361000	28	299	1262	11918	0	31	36931	80
362000	47	295	1246	11905	0	31	37044	44
363000	36	303	1222	12003	0	9	36086	71
364000	17	309	912	12504	0	0	37830	2
365000	34	304	983	12309	56	15	36657	168
366000	21	308	962	12299	68	76	36378	264
367000	19	340	940	12342	41	45	35962	274
368000	26	358	1128	12000	45	90	36682	407
369000	31	334	983	12266	5	94	36242	466
370000	23	307	1054	12218	1	72	36782	208
371000	26	325	948	12351	0	25	36607	114
372000	20	344	970	12356	0	9	36690	10
373000	46	328	983	12139	172	37	36983	620
374000	18	304	1081	11836	236	148	35483	1436
375000	23	331	942	12026	189	189	36223	1115
376000	38	351	944	12049	181	133	35767	978
377000	26	327	1130	11761	117	259	37430	893
378000	10	277	1054	12056	23	243	36637	726
379000	26	312	812	12482	21	158	36901	421
380000	15	251	981	12251	27	191	36191	581
381000	19	316	978	12248	3	167	37302	642
382000	32	333	1149	12023	11	63	37672	308
383000	33	329	1229	11918	10	39	36026	181
384000	56	302	1435	11580	30	72	36842	278
385000	37	291	1438	11432	107	150	36629	514
386000	21	327	1377	11608	45	117	36402	458
387000	47	298	1596	11235	30	121	35076	372
388000	30	288	1673	11112	0	147	35226	349
389000	42	318	1336	11745	4	29	36098	86
390000	26	301	1314	11855	4	29	36088	108
391000	28	300	1105	12047	43	85	35280	246
392000	19	298	962	12261	56	103	35910	364
393000	19	269	937	12350	26	127	36985	432
394000	30	335	900	12315	3	128	37295	272
395000	17	263	880	12390	17	145	37228	378
396000	23	270	870	12371	23	183	36896	756
397000	18	273	826	12492	45	170	37194	778
398000	21	323	808	12361	19	240	36573	1083
399000	33	313	1000	11993	18	335	35924	970
400000	27	356	927	12084	33	318	36166	1018
401000	35	341	998	11914	2	339	36013	912
402000	23	316	1063	11942	7	286	35610	910
403000	44	266	1123	11928	9	289	35299	744
404000	20	305	980	12005	34	365	36174	727
405000	19	287	737	12433	77	282	35403	1158
406000	26	272	1111	12014	3	221	36119	541
407000	31	313	1318	11657	2	206	35274	578
408000	37	347	1131	11972	2	74	35125	325
409000	49	268	1146	12034	0	59	36758	181
410000	27	294	990	12325	10	112	37300	260
411000	37	307	1298	11750	2	74	36905	255
412000	29	347	1485	11571	0	23	37520	53
413000	14	329	1313	11816	0	37	36416	164
414000	31	285	1258	11909	0	28	37839	43
415000	16	337	1113	12160	4	31	36821	89
416000	31	326	1043	12239	2	30	37406	123
417000	27	354	1092	12050	13	35	37037	50
418000	27	303	910	12476	13	14	37300	45
419000	25	340	763	12666	0	29	37966	66
420000	29	318	960	12392	0	56	37022	180
421000	31	311	812	12574	8	30	37575	140
422000	32	292	1114	12132	0	20	36022	28
423000	28	288	1197	12007	3	49	36996	140
424000	28	337	1128	12058	0	43	36082	138
425000	62	327	1253	11801	0	40	35649	110
426000	36	290	1077	12171	0	16	37402	45
427000	26	301	885	12513	0	27	38153	69
428000	39	292	1113	12198	0	26	38169	108
429000	20	301	956	12432	0	3	36495	26
430000	21	320	1042	12032	174	8	36338	398
431000	21	303	913	12281	152	30	37256	419
432000	16	339	1022	12124	77	110	38092	471
433000	20	306	1145	12036	20	81	36746	323
434000	16	319	939	12488	1	0	36163	51
435000	29	332	1053	11919	213	62	35051	765
436000	25	316	961	12241	65	111	37552	856
437000	11	351	893	12367	44	92	36689	265
438000	20	310	968	12269	0	126	37278	374
439000	37	325	1008	12216	2	87	35614	225
440000	17	307	1092	12147	8	73	37437	164
441000	28	271	1163	12061	0	72	36356	231
442000	23	314	1313	11780	15	75	36099	207
443000	18	300	1136	12072	15	92	38036	238
444000	40	311	1299	11808	0	41	36042	161
445000	26	336	1120	12125	0	6	37141	58
446000	18	264	1149	12148	0	14	36729	17
447000	29	281	1338	11860	0	14	35928	54
448000	43	321	1158	12097	0	33	36682	140
449000	41	275	1356	11814	0	15	36983	45
450000	41	305	1253	11830	108	7	36838	221
451000	46	274	1371	11678	69	32	36246	206
452000	37	292	1081	12097	64	32	36613	252
453000	23	335	1234	11914	44	31	37010	259
454000	32	292	1152	12135	0	6	35843	26
455000	16	332	1078	12014	163	41	37354	588
456000	24	303	1043	12079	141	85	37127	827
457000	23	333	1039	12097	79	66	36309	535
458000	21	329	1031	12139	67	85	37012	352
459000	23	312	974	12117	99	132	36861	556
460000	31	341	1006	12048	94	189	35360	664
461000	23	302	930	12166	33	247	36123	688
462000	20	333	748	12505	7	204	37408	470
463000	21	314	653	12579	15	323	35882	845
464000	17	340	980	11938	23	358	36206	959
465000	24	339	987	11895	1	444	35583	1157
466000	34	331	1072	11757	24	403	34489	989
467000	57	270	1107	11706	14	440	35210	1441
468000	14	327	897	12196	6	271	35506	782
469000	28	303	957	12084	17	304	35947	894
470000	28	341	975	12195	10	129	36969	420
471000	30	304	974	12327	21	50	37390	170
472000	27	332	989	12347	0	23	37672	60
473000	35	340	1024	12235	0	28	35377	77
474000	18	301	1091	12232	0	8	36947	25
475000	36	321	1026	12275	0	11	36419	49
476000	25	291	986	12383	0	10	36752	39
477000	31	250	1285	11951	0	5	37288	54
478000	32	229	1356	11791	57	0	35911	215
479000	29	280	1255	11870	38	44	36329	383
480000	34	300	1262	11910	0	45	37624	216
481000	41	272	1424	11671	0	64	37158	90
482000	40	300	1512	11493	8	14	37000	49
483000	22	335	1132	12056	10	0	37728	20
484000	27	324	1065	12131	96	30	37039	272
485000	21	273	973	12252	59	91	36896	333
486000	23	287	954	12207	57	180	37026	689
487000	19	316	836	12454	90	136	37423	709
488000	22	328	947	12156	46	180	36242	643
489000	27	370	1077	11972	26	194	34208	443
490000	33	338	916	12197	19	175	35758	425
491000	25	320	1051	12102	7	158	35640	395
492000	38	367	1136	11800	30	204	36367	742
493000	37	327	1177	11850	41	123	36115	482
494000	22	274	1014	12124	39	159	36898	552
495000	26	353	1200	11736	69	207	35708	666
496000	21	290	1146	11840	111	246	35887	1026
497000	40	305	1395	11514	33	133	36110	565
498000	33	344	1120	11991	50	108	35668	397
499000	30	304	1189	11889	40	162	36084	466
