0	0	0	0	14400	0	0	0	0
1000	6	303	604	12829	122	39	38527	447
2000	15	311	712	12706	74	57	39763	299
3000	36	339	863	12415	44	64	35873	404
4000	21	348	779	12537	33	95	36048	334
5000	23	348	895	12366	6	80	39349	189
6000	19	309	1085	12164	0	52	36396	159
7000	41	310	1210	11964	1	44	37169	159
8000	32	343	1100	12156	0	0	37086	1
9000	23	311	1184	11930	104	33	36803	276
10000	40	305	1076	11993	149	8	38107	265
11000	33	298	1062	12144	104	37	35800	261
12000	37	334	1090	12046	63	47	36303	360
13000	26	306	1028	12142	128	41	36503	554
14000	37	358	1136	11925	141	63	35325	506
15000	39	319	947	12158	52	186	37087	730
16000	30	345	1098	11834	40	272	35293	874
17000	25	314	1130	11973	10	206	36054	551
18000	40	294	928	12258	16	190	35444	660
19000	29	331	1192	11886	0	176	35292	542
20000	12	317	1051	12040	4	195	37039	556
21000	27	306	1059	12020	31	193	36372	582
22000	9	358	776	12606	15	82	37408	270
23000	18	320	789	12518	30	116	36519	462
24000	28	358	929	12306	30	92	37582	375
25000	31	288	1016	12223	0	87	37343	195
26000	44	341	1195	11902	3	78	37700	223
27000	42	325	1301	11736	1	110	34974	428
28000	25	304	1295	11790	0	67	36677	173
29000	38	282	1338	11775	0	67	36142	259
30000	38	331	1257	11807	1	116	35842	343
31000	28	278	1334	11707	1	100	36132	179
32000	43	360	1189	11887	0	119	37504	315
33000	25	327	1199	11807	38	172	36238	574
34000	15	319	1089	12098	6	140	36400	500
35000	28	338	980	12099	58	178	35784	488
36000	30	323	908	12191	115	164	36900	685
37000	16	309	922	12205	68	195	35821	841
38000	18	323	1070	12056	44	112	35933	511
39000	32	323	1168	11970	14	86	37092	237
40000	23	363	1239	11883	0	69	35403	90
41000	51	273	1485	11471	0	75	36383	202
42000	41	354	1448	11539	10	81	36110	361
43000	26	296	1282	11823	5	40	36862	94
44000	28	293	1117	12093	0	28	37024	62
45000	27	305	1273	11923	0	0	36040	2
46000	49	265	1171	11856	112	131	35490	679
47000	27	336	1074	11747	114	300	35610	1250
48000	23	293	817	12189	167	321	35786	1044
49000	17	337	874	12145	146	253	35854	1005
50000	27	345	906	12168	71	219	34665	822
51000	37	319	931	12124	77	220	35740	897
52000	19	318	910	12220	128	195	36718	749
53000	26	302	1081	11787	152	271	35422	791
54000	27	257	1135	11900	119	181	35416	671
55000	56	312	1563	11142	118	88	36033	810
56000	64	334	1545	11079	98	257	35461	1257
57000	30	243	1603	11158	82	251	35795	907
58000	22	354	1135	11911	45	148	36790	498
59000	27	288	1098	12062	11	157	35999	646
60000	28	305	1023	12149	112	77	36973	539
61000	18	310	908	12216	216	60	36204	933
62000	55	321	1181	11689	265	57	35486	849
63000	47	322	1069	11937	165	76	36049	649
64000	34	279	1252	11810	29	140	36045	424
65000	45	320	1414	11503	1	137	34836	330
66000	49	317	1389	11625	0	119	34936	292
67000	24	333	1123	11955	0	175	35676	421
68000	16	335	929	12312	0	156	37725	554
69000	22	329	901	12440	0	37	36133	273
70000	14	365	939	12400	0	11	38379	6
71000	20	280	965	12305	120	19	36980	251
72000	25	274	956	12281	90	79	36370	389
73000	40	309	1112	12058	70	51	35534	286
74000	18	330	1018	12286	21	34	36865	204
75000	43	300	1148	12017	39	11	36046	147
76000	42	278	1016	12221	26	3	37287	33
77000	37	276	1052	12189	55	22	35778	137
78000	25	295	987	12250	52	35	37188	82
79000	27	282	879	12463	21	20	36188	100
80000	33	329	1019	12226	38	23	37329	164
81000	27	283	1287	11862	12	68	36993	169
82000	29	344	1185	11995	13	80	36606	361
83000	23	365	1076	12025	78	99	35849	687
84000	21	290	1140	11806	119	208	35657	969
85000	49	331	1204	11642	99	222	34924	890
86000	16	322	1120	11916	91	145	36053	493
87000	23	293	1137	11995	77	90	36124	396
88000	38	298	1093	12055	68	68	37010	262
89000	19	340	956	12270	59	34	37702	321
90000	42	311	1107	12036	4	39	36661	122
91000	34	276	1110	12131	0	63	36874	152
92000	20	319	1078	12184	0	42	37540	115
93000	40	359	1151	11972	0	75	36767	250
94000	35	278	1046	12258	0	12	38342	56
95000	26	354	977	12285	0	40	36359	58
96000	30	306	1014	12263	0	50	36401	127
97000	37	350	1081	12125	26	23	37340	135
98000	27	306	1042	12261	24	19	36460	105
99000	10	311	646	12907	15	6	36887	135
100000	25	306	912	12464	0	11	36259	62
101000	50	298	1119	12116	0	11	36453	14
102000	21	320	1007	12376	0	4	36857	31
103000	16	323	854	12573	0	16	36960	113
104000	17	315	966	12433	0	15	36968	96
105000	20	335	1016	12296	0	1	36883	12
106000	38	303	1157	11958	105	26	35978	389
107000	29	362	950	12260	89	38	36001	328
108000	36	271	938	12278	71	160	36026	534
109000	25	353	1123	12027	46	65	35827	407
110000	24	307	911	12420	38	69	37152	302
111000	29	318	993	12299	20	0	36391	49
112000	18	322	1283	11849	32	40	37731	168
113000	34	310	978	12325	0	63	37910	171
114000	20	307	1307	11715	2	113	37745	386
115000	35	297	1243	11764	18	188	36667	690
116000	32	400	1136	11841	7	179	35083	466
117000	28	287	1047	12211	3	87	37184	339
118000	42	288	1001	12280	7	75	35733	193
119000	27	271	1073	12136	20	58	36420	126
120000	39	307	1128	11992	19	84	37157	196
121000	42	326	1135	11971	19	120	37231	269
122000	16	328	1080	12170	5	63	36712	217
123000	25	275	1024	12258	0	67	35839	225
124000	21	278	1026	12233	10	82	38117	275
125000	20	308	956	12359	0	86	36774	223
126000	31	331	1143	12014	3	78	37096	173
127000	44	383	931	12289	0	70	36433	213
128000	16	308	996	12196	0	183	38109	513
129000	8	313	927	12264	4	201	37106	639
130000	23	367	926	12144	0	295	36801	751
131000	30	289	1273	11625	16	272	35928	869
132000	24	328	950	12018	24	407	35789	1057
133000	38	368	1139	11650	31	330	35360	785
134000	42	316	1148	11724	82	306	34447	937
135000	39	351	1043	11762	113	293	34600	1250
136000	36	306	1017	11879	83	363	35026	1548
137000	20	321	1051	11832	81	340	35116	1197
138000	17	274	1037	11898	52	365	35945	1562
139000	27	300	1255	11563	34	385	34990	1204
140000	21	358	1089	11668	21	485	35394	1010
141000	25	293	941	11950	63	420	34652	1266
142000	23	345	792	12142	63	437	36451	1687
143000	17	312	930	12067	91	331	36901	1024
144000	33	344	1015	11759	18	464	35137	1411
145000	21	325	983	11770	10	575	35008	1729
146000	38	298	1133	11661	72	354	35069	1251
147000	23	334	894	11989	54	436	35373	1507
148000	29	312	996	11952	57	403	34695	1389
149000	26	298	1198	11821	18	171	36583	532
150000	21	378	796	12446	10	195	36164	460
151000	28	293	926	12290	3	204	36633	811
152000	35	299	1278	11874	0	45	36687	124
153000	21	274	1316	11875	0	31	36404	202
154000	34	325	1158	12103	0	0	36727	2
155000	48	322	968	12166	106	37	36208	381
156000	16	301	1058	12167	39	49	37655	222
157000	24	346	966	12353	3	37	36426	203
158000	20	372	889	12388	1	78	37115	259
159000	18	298	1018	12269	14	86	35901	244
160000	42	289	993	12327	0	16	37287	62
161000	28	303	1039	12285	0	1	36471	6
162000	19	333	958	12325	66	15	36771	262
163000	31	343	1155	11924	126	12	34111	292
164000	11	335	1174	12045	33	22	36249	193
165000	31	318	953	12294	94	64	38105	395
166000	17	301	992	12289	41	20	37496	216
167000	34	336	1038	12258	3	44	37069	67
168000	21	315	1134	12142	10	36	37831	289
169000	37	349	1311	11730	0	42	34911	85
170000	36	294	1007	12320	0	1	37552	11
171000	28	308	970	12227	122	22	35807	410
172000	14	329	1038	12178	58	18	38235	131
173000	25	317	824	12481	77	38	35936	186
174000	29	298	867	12557	33	26	36930	145
175000	24	314	1195	12043	40	11	36785	173
176000	18	310	971	12330	38	69	34889	351
177000	21	351	1023	12229	22	23	36191	160
178000	30	311	1097	12222	1	0	36384	22
179000	27	325	1161	12018	73	1	36547	269
180000	19	321	1046	12269	0	26	36502	60
181000	30	327	1013	12317	0	0	37177	11
182000	29	308	922	12425	62	18	37071	308
183000	20	299	899	12477	33	15	37525	226
184000	21	288	961	12375	29	53	37732	171
185000	24	298	1136	12083	15	37	36151	128
186000	44	261	1238	11884	0	87	37776	184
187000	11	307	1271	11693	8	205	35006	475
188000	21	292	1094	12030	10	215	36222	521
189000	35	307	1129	11929	1	200	35615	558
190000	19	301	940	12111	39	295	35658	831
191000	36	303	764	12434	33	234	36722	676
192000	15	308	1034	12021	15	271	35462	803
193000	41	244	1478	11333	8	273	37020	781
194000	44	312	1668	11044	3	231	36557	857
195000	37	364	1272	11734	5	144	35811	559
196000	28	285	1339	11729	0	128	36897	486
197000	20	330	1008	12127	0	171	36986	405
198000	39	308	1262	11678	21	189	35975	439
199000	29	265	1388	11673	0	186	36926	483
200000	45	296	1223	11781	6	178	36107	399
201000	52	334	1450	11448	0	115	34897	338
202000	54	254	1448	11597	1	86	36315	277
203000	46	315	1541	11418	11	26	36427	106
204000	58	290	1386	11696	0	86	37228	190
205000	20	298	1056	12200	1	74	36288	330
206000	22	295	899	12498	0	28	37142	48
207000	26	368	953	12347	0	11	37147	13
208000	31	339	964	12357	0	3	37118	17
209000	21	331	965	12413	0	7	36282	29
210000	26	329	1097	12167	0	22	36284	42
211000	36	299	1076	12143	99	33	36101	449
212000	37	262	1315	11717	121	34	37463	451
213000	38	268	1219	11793	187	86	36417	688
214000	28	236	1315	11622	201	129	36354	804
215000	39	289	1056	12019	179	112	36317	710
216000	25	268	1135	11786	238	173	34971	929
217000	30	288	906	12050	260	192	36305	1101
218000	24	282	1127	11766	203	253	34881	1147
219000	22	342	984	11836	97	418	35188	1578
220000	26	356	824	12235	77	308	36054	1084
221000	24	323	940	12168	40	249	36156	876
222000	20	281	992	12002	23	393	36184	1270
223000	24	298	932	11976	8	480	34589	1708
224000	32	349	867	12060	23	433	35314	1330
225000	39	286	897	12016	134	340	35953	1170
226000	36	302	1198	11613	121	313	34923	1297
227000	24	272	1342	11385	185	316	34213	1097
228000	28	337	1135	11743	84	327	36144	1117
229000	35	312	980	12086	47	234	35235	897
230000	40	269	1084	12077	24	128	37400	397
231000	33	260	1259	11878	40	56	36581	308
232000	43	253	1347	11646	62	150	37275	827
233000	41	293	1243	11689	109	191	34986	830
234000	35	299	1280	11600	86	201	35639	984
235000	49	317	1280	11633	66	164	36074	712
236000	34	307	1088	12001	59	178	37680	684
237000	22	345	945	12116	15	254	37014	783
238000	35	284	1094	12042	41	142	36399	584
239000	26	321	1223	11739	128	110	35435	582
240000	24	363	1117	11889	105	59	36101	520
241000	32	288	981	12258	88	37	36563	304
242000	31	334	979	12310	35	23	36487	275
243000	41	324	1071	12148	23	0	36314	59
244000	45	303	1113	12070	56	3	36945	73
245000	27	337	1439	11588	35	1	34514	79
246000	18	367	1128	12107	0	11	36517	18
247000	43	339	1174	11916	65	36	36064	359
248000	44	328	1171	11896	28	70	35895	273
249000	33	328	1130	12092	4	30	37302	60
250000	38	311	1199	11952	0	54	36449	88
251000	35	313	1138	12041	0	53	36905	77
252000	33	310	1131	12148	0	2	36328	41
253000	28	316	1088	12131	37	5	37482	61
254000	19	315	1026	12365	3	5	37000	65
255000	28	320	939	12447	0	17	37393	39
256000	17	317	968	12433	0	19	36670	53
257000	11	303	899	12530	0	0	37112	2
258000	27	318	832	12488	76	7	37069	187
259000	30	320	931	12297	72	46	37252	385
260000	27	303	1076	12124	5	93	36963	337
261000	15	331	940	12309	1	99	36565	244
262000	27	372	1307	11641	2	155	35748	472
263000	29	298	999	12225	15	127	37013	433
264000	24	309	908	12360	14	127	36017	345
265000	25	344	882	12334	34	173	36019	612
266000	26	302	814	12416	26	235	37250	584
267000	25	306	1078	11927	26	264	36860	844
268000	38	310	1144	11741	34	329	34787	902
269000	31	335	1090	11797	4	364	37100	754
270000	16	335	978	12039	89	293	36977	861
271000	24	344	925	11951	85	416	34561	1686
272000	26	288	1077	11787	77	369	35179	977
273000	34	266	1133	11623	101	432	35545	1638
274000	52	322	1017	11764	91	451	35363	1305
275000	33	284	1095	11601	32	538	33951	1605
276000	50	284	1313	11452	74	321	36653	1013
277000	35	286	1212	11577	102	333	36012	979
278000	26	264	1207	11892	22	133	37507	486
279000	41	317	1054	12103	53	95	37536	329
280000	28	292	1025	12156	30	157	36556	656
281000	26	318	971	12257	28	105	37985	425
282000	37	316	1126	12017	0	119	36508	340
283000	36	314	1209	11987	9	26	37283	91
284000	20	320	1445	11593	0	12	36221	2
285000	36	273	1160	11877	150	51	37011	476
286000	38	276	1117	12030	83	44	37789	490
287000	38	335	1199	11892	63	59	35244	399
288000	23	322	1287	11742	60	108	36162	417
289000	27	330	1292	11734	68	58	35967	420
290000	27	332	1254	11631	110	161	35723	578
291000	28	335	1131	11961	59	133	36324	458
292000	19	335	895	12409	25	80	36954	243
293000	36	326	1194	11858	49	88	35921	371
294000	60	319	1157	11965	16	119	34596	352
295000	22	319	797	12576	13	77	37071	240
296000	22	316	884	12483	2	54	37267	215
297000	26	270	1109	12206	0	50	37316	217
298000	24	319	954	12388	0	34	37797	114
299000	24	293	1108	12140	0	35	37537	160
300000	23	292	1017	12320	0	9	36031	83
301000	15	316	965	12354	23	40	37081	145
302000	17	315	1102	12166	5	49	36073	147
303000	25	329	992	12264	3	87	37132	312
304000	19	303	1129	12115	6	56	35453	127
305000	41	334	1598	11302	0	61	35156	228
306000	44	352	1304	11763	35	16	35937	87
307000	32	387	1319	11779	9	17	36659	151
308000	27	286	1182	12041	0	3	38164	9
309000	39	370	999	12172	125	0	36328	0
310000	47	288	1088	12100	56	10	38014	179
311000	23	283	828	12504	83	18	39015	273
312000	34	343	833	12474	89	2	37452	251
313000	13	297	829	12566	37	56	37347	249
314000	12	291	881	12379	78	112	37050	488
315000	18	321	979	12142	104	151	35810	870
316000	20	302	846	12231	135	206	36618	870
317000	29	322	792	12394	167	87	36122	747
318000	29	348	1097	11889	154	108	37099	795
319000	32	257	976	12128	148	138	37238	670
320000	20	308	760	12498	63	163	37246	434
321000	23	341	1031	12119	66	109	35958	320
322000	16	331	960	12256	72	119	36553	434
323000	20	382	928	12225	58	93	34930	332
324000	28	331	941	12324	55	28	38991	239
325000	26	318	1049	12209	18	30	36667	271
326000	46	302	1082	12097	21	42	36486	92
327000	16	374	896	12338	0	85	37014	183
328000	26	346	803	12515	2	109	36705	307
329000	24	286	755	12672	1	83	37501	196
330000	18	312	783	12642	1	79	37187	308
331000	30	305	818	12563	2	70	36679	140
332000	25	313	837	12546	1	62	36498	153
333000	19	306	1086	12137	2	137	35165	202
334000	29	330	1074	12152	0	93	37394	307
335000	37	316	1128	12109	0	70	36272	145
336000	24	304	814	12506	11	124	36298	285
337000	37	291	826	12426	46	126	36237	524
338000	23	315	605	12779	3	152	36334	426
339000	32	356	912	12280	3	136	36278	431
340000	19	324	840	12400	0	160	36542	461
341000	23	290	906	12295	10	189	36392	627
342000	35	351	1073	12007	5	169	38487	461
343000	26	362	967	12308	32	60	35748	284
344000	23	323	904	12305	9	153	37770	415
345000	14	353	813	12575	19	59	38122	216
346000	13	307	981	12373	17	36	37995	112
347000	21	304	1026	12316	0	18	36563	71
348000	26	357	950	12331	69	12	36784	280
349000	48	284	1125	11963	74	68	36407	365
350000	32	324	1196	11890	42	87	36230	322
351000	46	318	987	12174	89	62	36132	277
352000	29	322	836	12472	66	18	36662	220
353000	22	341	994	12307	17	38	37879	110
354000	23	282	935	12394	36	37	38048	195
355000	12	298	1043	12269	10	52	37267	191
356000	25	363	982	12271	4	42	36336	78
357000	46	310	1228	11878	0	67	36119	182
358000	42	355	1155	11923	103	0	37163	83
359000	27	308	1073	12175	48	3	37501	134
360000	32	313	1113	12109	11	31	36175	152
361000	18	318	1190	11967	11	68	35681	139
362000	40	279	1347	11790	13	60	36672	202
363000	46	271	1329	11785	21	24	36095	162
364000	32	283	1411	11627	63	15	35092	205
365000	22	305	1124	12081	16	55	36936	172
366000	24	359	1062	12114	30	67	36937	264
367000	15	327	1249	11839	46	53	35519	259
368000	23	301	1116	12109	46	46	36884	182
369000	32	277	1480	11454	52	66	35673	279
370000	26	280	1565	11323	44	126	36068	437
371000	22	280	1612	11305	36	101	37175	419
372000	34	330	1440	11440	47	71	35460	474
373000	27	257	1412	11466	119	109	36635	691
374000	56	289	1441	11430	67	114	35949	535
375000	53	334	1431	11437	81	87	35482	561
376000	35	315	1583	11220	85	129	36048	583
377000	49	297	1546	10945	71	445	35124	1246
378000	25	330	1498	10828	178	473	34852	1915
379000	37	314	1177	11354	203	482	34948	1804
380000	51	328	1560	10696	248	472	33996	1936
381000	54	276	1361	10942	194	642	32170	2591
382000	31	261	1339	11138	212	583	34489	2113
383000	50	315	1478	10787	286	488	33704	2056
384000	34	325	1234	11091	277	567	34214	2176
385000	20	336	1243	11170	213	582	34890	2046
386000	12	334	944	11534	121	789	34802	2391
387000	41	296	935	11464	167	816	33415	2911
388000	41	361	940	11279	270	846	33575	3122
389000	39	278	1321	10842	294	766	34187	3101
390000	29	320	1127	11270	367	510	33129	2555
391000	28	288	1156	11295	404	430	35061	1939
392000	55	262	1062	11321	455	498	35282	2699
393000	45	275	999	11197	433	722	34060	3097
394000	32	282	794	11268	497	945	33251	4356
395000	34	283	848	11041	444	1055	34124	3963
396000	29	313	766	10859	441	1406	32552	5278
397000	25	290	774	10795	422	1514	32312	5138
398000	40	282	946	10683	305	1452	31330	4233
399000	44	259	861	10550	583	1431	31916	5817
400000	37	316	1051	10318	598	1319	31661	5205
401000	51	277	1322	10243	491	1026	31710	4574
402000	51	288	1089	10849	387	953	33172	3804
403000	50	313	1046	10982	278	956	33492	3519
404000	46	288	1055	11037	308	937	34502	3230
405000	42	288	1038	10999	405	884	34173	3853
406000	31	322	908	11250	280	914	33804	3315
407000	40	323	861	11255	310	976	34564	3237
408000	26	311	823	11342	360	962	33877	3583
409000	33	303	1255	10676	308	959	33491	3779
410000	39	309	1428	10529	225	904	32812	3587
411000	39	286	1425	10520	374	856	33822	3676
412000	55	299	1172	10563	613	856	31830	3734
413000	41	310	1181	10805	504	732	34338	3141
414000	47	328	1103	10905	389	864	32522	3636
415000	66	297	1364	10683	512	593	33191	3184
416000	32	307	1124	10894	511	744	32109	3439
417000	50	285	1190	10533	632	896	32995	4212
418000	44	290	1188	10682	533	836	33549	3491
419000	50	322	1234	10346	457	1105	31515	4040
420000	49	341	1121	10550	570	995	32282	4632
421000	40	295	1401	10062	476	1160	32860	4398
422000	56	335	1458	9994	422	1201	30583	4371
423000	37	283	1153	10694	524	898	31969	4394
424000	43	301	1076	10729	682	820	33617	4417
425000	39	295	943	11002	616	846	32692	4380
426000	40	270	952	10547	722	1188	32298	5109
427000	54	293	1034	10155	617	1475	31379	5485
428000	35	293	965	10410	505	1487	32515	5620
429000	26	346	1051	10326	426	1420	31689	5375
430000	32	273	1033	10389	443	1525	31226	5425
431000	35	301	1061	10461	467	1306	32364	4947
432000	30	289	1011	10454	644	1287	33119	5425
433000	26	343	761	10624	556	1509	31560	5599
434000	25	296	783	10781	513	1414	32810	5649
435000	32	298	968	10416	396	1589	30845	5896
436000	29	302	799	10809	398	1459	33319	5058
437000	38	310	756	10997	354	1360	32542	4605
438000	32	310	694	11148	273	1349	33747	4844
439000	20	304	711	11261	241	1329	32754	4290
440000	15	320	947	10891	229	1266	33446	4129
441000	40	305	1098	10780	263	1124	32613	3458
442000	34	326	1223	10260	357	1368	32929	4342
443000	43	258	1096	10123	519	1611	31362	5513
444000	23	315	1033	10130	584	1596	30960	5934
445000	35	343	840	10132	570	1825	31648	6575
446000	38	342	745	10358	629	1661	31521	6800
447000	22	315	914	10312	531	1629	31788	6420
448000	43	374	962	10348	392	1632	29702	5217
449000	47	338	880	10467	492	1513	32549	5996
450000	44	290	917	10556	442	1488	30988	5245
451000	54	304	780	10775	467	1436	33125	4855
452000	20	316	902	11068	272	1201	33812	4536
453000	29	337	936	11162	218	969	32841	3490
454000	31	346	1041	10945	243	1053	32784	3380
455000	51	276	1240	10720	269	990	34096	3602
456000	42	287	1213	10912	305	834	33281	3426
457000	53	274	1017	11126	400	758	33129	2968
458000	15	298	1023	11194	231	908	33232	3449
459000	46	313	978	11363	320	670	32202	2784
460000	31	319	1056	11360	295	617	34012	3123
461000	13	349	864	11579	331	628	33534	2797
462000	28	305	837	11586	315	722	35304	2913
463000	22	312	1013	11140	351	841	34047	3326
464000	35	324	1196	11004	236	742	33858	2674
465000	26	319	999	11226	212	944	32483	3564
466000	41	343	1336	10666	157	882	33125	2485
467000	35	326	1188	11225	177	622	34543	2296
468000	52	303	1168	11433	128	518	35344	1932
469000	37	329	1098	11562	67	509	34424	1766
470000	38	295	1167	11514	57	518	35312	1861
471000	33	311	1076	11642	137	446	35279	1813
472000	29	332	848	11969	169	464	36183	1762
473000	26	318	1052	11505	219	477	33784	1930
474000	24	313	993	11739	54	560	34668	1663
475000	23	285	1029	11590	68	716	34356	2115
476000	28	291	891	11802	140	574	36266	2011
477000	19	312	829	12043	127	488	36171	1588
478000	16	357	913	11805	142	565	35781	1872
479000	24	304	1054	11693	175	440	37525	2072
480000	20	357	972	11636	175	469	34093	1869
481000	15	303	1058	11552	124	574	34327	1794
482000	30	294	948	11865	169	386	36686	1330
483000	25	291	922	11876	102	543	35442	1903
484000	21	326	896	11901	113	521	34433	1930
485000	32	302	893	11878	124	486	34337	1656
486000	48	344	1147	11272	110	648	33573	1842
487000	29	311	1180	11272	149	631	34746	2391
488000	34	286	1099	11477	245	517	35554	2032
489000	21	330	1169	11299	234	542	35378	1920
490000	25	296	1041	11780	110	458	34921	1975
491000	26	326	795	11920	190	511	35365	1933
492000	38	270	1296	11440	134	293	36429	1315
493000	36	308	1103	11612	262	319	35127	1844
494000	26	279	1143	11516	249	373	35642	1610
495000	39	298	1087	11549	262	408	34939	2081
496000	33	316	953	11758	225	464	34910	1905
497000	22	309	931	11626	206	607	34166	2151
498000	42	324	981	11350	197	756	33888	2566
499000	41	318	1065	11128	235	788	33864	3068
