0	0	0	0	14400	0	0	0	0
1000	33	395	582	12664	91	88	23661	206
2000	17	499	821	12090	130	219	21843	564
3000	31	365	1045	11906	58	261	21792	651
4000	29	398	1160	11719	63	224	22365	522
5000	51	345	1260	11550	57	219	21696	342
6000	41	471	1272	11502	24	209	22302	431
7000	36	436	1080	11892	11	179	21183	380
8000	43	344	1141	12004	3	71	22117	135
9000	52	422	1158	11895	4	12	22013	3
10000	43	387	1278	11799	0	13	21976	0
11000	50	351	1246	11879	0	22	22065	90
12000	43	452	1183	11844	33	68	21994	215
13000	55	411	995	12096	57	39	21320	259
14000	42	414	860	12363	71	4	22014	144
15000	41	421	802	12398	77	40	21710	366
16000	31	404	819	12347	62	120	23055	353
17000	47	413	922	12153	19	143	21343	348
18000	34	440	1128	11682	14	265	21873	443
19000	57	377	1376	11507	26	86	20906	256
20000	26	384	1095	12033	22	78	22305	126
21000	44	400	1209	11648	13	216	21584	332
22000	38	411	1378	11429	34	101	22406	317
23000	45	387	1303	11646	24	81	22332	178
24000	50	411	1006	12164	0	73	22350	88
25000	35	413	876	12293	6	117	22029	219
26000	28	378	912	12303	2	88	22610	205
27000	39	408	693	12620	2	94	21301	231
28000	28	377	873	12409	9	56	22988	112
29000	15	436	866	12440	9	11	21012	42
30000	33	447	1024	12051	26	21	22072	34
31000	20	432	783	12448	72	76	22092	222
32000	42	456	856	12258	60	53	22128	207
33000	32	426	847	12343	95	38	22356	165
34000	23	405	768	12585	9	14	21974	46
35000	30	432	821	12413	86	9	21771	236
36000	26	367	754	12439	63	158	23207	159
37000	42	399	1051	12008	28	95	22613	296
38000	32	434	1061	12124	0	51	21614	14
39000	34	447	1015	11984	169	4	21597	244
40000	17	402	949	12151	99	84	22380	318
41000	40	421	795	12348	52	150	22307	329
42000	22	475	735	12210	81	302	21884	883
43000	34	426	936	11961	78	252	21470	726
44000	32	397	895	12072	40	270	22634	611
45000	56	382	1259	11467	70	274	21825	549
46000	65	431	1446	11048	80	262	22129	681
47000	29	420	1344	11434	131	158	21059	502
48000	69	465	1581	10500	303	431	20682	1198
49000	76	363	1312	10883	132	729	20974	1222
50000	48	466	1242	11156	84	531	20264	883
51000	74	428	1459	10821	138	443	21878	809
52000	64	397	1490	11023	95	332	21110	785
53000	37	368	1175	11691	40	304	22445	549
54000	30	394	1030	11714	71	402	21252	687
55000	41	388	1025	11608	77	541	21362	896
56000	31	387	1104	11624	19	390	22600	688
57000	46	420	915	11626	103	544	20839	1034
58000	36	356	925	11813	88	477	20559	975
59000	37	454	954	11621	105	544	21647	1201
60000	51	402	981	11566	131	566	21720	1384
61000	37	372	1003	11692	90	552	20933	1008
62000	41	463	1073	11435	146	441	21509	1051
63000	67	445	921	11455	101	715	21709	1459
64000	21	442	862	11498	88	855	20055	1392
65000	41	410	865	11462	127	839	20241	1720
66000	25	409	903	11400	222	756	21622	1616
67000	46	393	1169	11079	203	720	19950	1553
68000	65	422	1321	10825	158	750	19544	1552
69000	36	405	1240	11041	199	636	21338	1371
70000	85	330	1301	10924	251	635	20491	1568
71000	65	393	1175	10834	382	737	20670	1770
72000	50	380	1151	10805	374	831	20601	1862
73000	57	476	1048	11026	300	718	21206	1482
74000	56	434	1456	10513	173	734	20017	1540
75000	45	395	1368	10883	113	620	20624	1296
76000	76	379	1388	11049	202	392	19806	1079
77000	75	332	1459	11004	168	360	20705	737
78000	47	442	1588	11049	55	176	21510	496
79000	44	421	1501	11290	29	137	22249	227
80000	64	432	1266	11538	0	230	21154	343
81000	44	387	1108	11814	3	265	21359	409
82000	29	474	981	11886	31	260	22207	425
83000	16	427	1127	11695	66	266	21566	536
84000	47	367	1347	11212	112	401	21464	884
85000	37	427	1323	11238	137	384	21028	913
86000	34	370	1128	11372	121	573	20066	1175
87000	31	388	805	11635	108	779	21590	1422
88000	29	375	1068	11246	145	784	20263	1473
89000	41	441	927	11403	102	781	20984	1393
90000	68	364	1070	11334	97	686	20675	1431
91000	42	443	1008	11233	148	749	22013	1511
92000	36	443	1030	11278	118	800	21469	1429
93000	24	357	1033	11376	134	728	21403	1683
94000	33	392	969	11340	133	837	20308	1428
95000	35	477	1229	10844	146	792	20867	1414
96000	47	390	918	11201	212	933	21496	1976
97000	53	412	1047	10944	192	1021	20873	1978
98000	50	346	988	10681	372	1254	20222	2716
99000	26	462	1119	10251	308	1437	19598	3158
100000	50	394	1126	10303	348	1439	18957	2812
101000	34	435	1233	9982	335	1505	18850	2902
102000	64	412	1242	10411	442	988	19790	2235
103000	55	424	1189	9938	579	1379	19428	3245
104000	60	420	1271	9963	398	1370	17878	2972
105000	68	420	1341	9678	358	1508	19562	2796
106000	49	413	1279	10131	338	1286	18844	2954
107000	62	365	1293	10215	259	1343	18731	3011
108000	34	452	1091	10460	195	1409	19417	2577
109000	63	377	1178	10380	184	1371	19563	2260
110000	29	386	1085	10829	307	1001	19104	2342
111000	23	397	1045	10920	191	1084	20973	2607
112000	50	400	1016	11220	187	820	21027	1795
113000	57	382	1250	11002	185	659	22094	1479
114000	46	393	1261	11080	116	649	21205	1294
115000	44	446	1077	11133	217	686	20768	1667
116000	39	402	1069	11157	187	786	21046	1907
117000	46	433	1243	11184	130	527	21003	1158
118000	35	415	1081	11492	102	543	21624	1005
119000	41	418	1152	11653	114	242	21924	809
120000	25	424	1000	11968	62	183	21646	483
121000	36	402	1045	11776	145	210	21493	532
122000	54	428	1480	11054	147	261	21069	757
123000	43	385	1376	11235	43	365	20809	609
124000	43	381	1060	11680	65	442	21533	798
125000	19	455	1192	11361	74	491	20591	1064
126000	48	419	1136	11216	91	655	20446	1284
127000	35	390	1077	11259	101	774	21286	1392
128000	51	391	1197	11119	95	715	21194	1564
129000	74	373	1178	10995	203	722	20229	1798
130000	41	429	1176	10897	210	822	19264	2229
131000	33	415	1025	11250	168	797	21456	1801
132000	40	438	912	11032	288	1006	20650	1984
133000	40	435	892	11056	244	1092	20076	2408
134000	58	396	985	10737	209	1301	19438	2625
135000	51	356	939	10827	433	1067	19922	2434
136000	63	434	1089	10466	345	1174	20119	2433
137000	34	396	1206	10764	270	901	20865	2110
138000	61	355	1207	10535	444	929	20208	2342
139000	47	433	1180	10436	372	1124	19339	1812
140000	69	400	1234	10262	442	1115	19626	2342
141000	65	467	1057	10606	460	967	18959	2164
142000	96	399	1386	10080	477	974	19701	2584
143000	70	364	1308	10347	476	960	20029	2171
144000	53	437	1169	10470	391	1074	18855	2260
145000	76	355	1211	10039	411	1415	18746	2776
146000	50	429	1423	9799	226	1466	18228	2865
147000	45	443	1318	9728	283	1679	19094	2823
148000	75	381	1327	9311	502	1906	17951	4129
149000	34	367	1082	9688	460	2014	17738	3752
150000	103	471	1357	8931	405	2188	18288	4101
151000	60	383	1126	9458	501	2097	18054	4456
152000	53	332	1134	9005	612	2457	17121	5351
153000	55	365	1113	8954	785	2346	16846	5425
154000	61	410	1198	8886	558	2449	17040	5331
155000	44	455	1160	9083	589	2291	18130	4593
156000	69	357	851	9084	604	2739	17643	5658
157000	53	397	1036	8953	503	2701	17607	5556
158000	57	417	904	9378	471	2487	16725	5016
159000	63	390	1035	9143	503	2437	17603	5029
160000	38	379	885	9580	352	2498	18180	5297
161000	50	439	827	9614	363	2451	17546	4932
162000	45	416	989	9339	413	2469	16525	4542
163000	33	388	1006	9585	480	2183	18084	4325
164000	35	394	958	9688	422	2236	18629	4178
165000	33	444	880	9931	285	2117	18004	4685
166000	34	372	801	9649	402	2513	18302	5142
167000	33	439	684	9559	439	2676	17717	4859
168000	36	413	801	9505	526	2488	17391	5101
169000	40	417	948	9248	504	2509	16915	5143
170000	51	394	908	9577	470	2325	17245	4327
171000	41	340	750	9778	369	2525	17554	5338
172000	39	422	790	9715	425	2398	17268	5107
173000	33	381	799	9364	419	2767	17743	5488
174000	60	404	812	9635	406	2478	17750	4731
175000	39	420	966	9454	331	2516	17593	4990
176000	44	411	860	9547	287	2615	17312	4834
177000	43	374	1129	9296	369	2380	17529	4468
178000	44	428	1041	9193	502	2456	17766	5242
179000	72	420	1256	9528	380	1870	18366	3873
180000	58	450	1013	9424	482	2209	18633	3972
181000	41	383	1075	9291	543	2311	18017	4875
182000	62	403	1009	9306	638	2243	17497	4539
183000	49	413	952	9571	594	2161	17354	4228
184000	48	429	1139	9274	344	2380	17537	4670
185000	46	361	1102	9337	531	2273	17134	4547
186000	46	393	936	9906	458	1962	18217	3970
187000	43	361	1096	10138	432	1589	19181	3469
188000	37	393	1013	10597	296	1346	19494	2414
189000	39	461	1074	10502	288	1319	18951	2425
190000	53	389	1060	10491	271	1356	19114	2617
191000	45	468	795	10323	307	1846	18482	3613
192000	39	469	851	10192	338	1877	18658	3808
193000	42	434	873	10270	354	1785	18900	3813
194000	41	424	1062	10220	368	1538	18633	3351
195000	40	400	1079	9844	412	1909	18485	3676
196000	65	442	1105	9551	495	1895	18450	3645
197000	69	421	1063	9524	681	1911	17644	4025
198000	69	431	1148	8965	731	2259	17374	5258
199000	78	333	1130	9135	776	2119	17060	5557
200000	67	396	884	9419	865	2118	17192	5144
201000	59	361	947	9211	779	2339	16628	5718
202000	52	372	1075	9203	876	2079	17815	5409
203000	60	380	900	9230	875	2286	16764	4824
204000	61	363	923	9308	858	2202	16130	5250
205000	62	417	1069	8276	854	2925	16241	6393
206000	76	365	1078	8724	727	2689	16484	5827
207000	53	429	1102	9147	743	2168	17220	4685
208000	47	374	1090	9235	567	2298	18469	5563
209000	73	343	1044	8962	611	2585	16459	5077
210000	32	358	1017	8619	704	2925	15803	6499
211000	54	452	831	8526	759	3149	16004	6398
212000	57	455	955	8605	636	2942	16022	6650
213000	44	464	1118	8888	472	2620	16259	4722
214000	69	374	907	8951	550	2861	16258	6012
215000	31	419	798	9206	696	2658	16416	5956
216000	45	415	960	8764	725	2752	17290	5837
217000	41	393	895	9211	698	2515	16862	5568
218000	54	363	930	9504	551	2256	17732	4440
219000	51	361	976	9168	480	2651	16485	5375
220000	72	450	928	8771	599	2905	15792	6274
221000	73	398	914	9046	732	2574	17243	5353
222000	63	354	901	9092	807	2469	17788	5648
223000	65	397	998	8964	885	2402	16984	5232
224000	53	365	1018	8849	849	2491	16792	5623
225000	65	367	1050	8802	796	2516	17045	5247
226000	61	391	1060	8829	787	2475	17292	5717
227000	51	394	966	8999	820	2456	17113	5279
228000	74	400	894	8442	910	2953	16426	6357
229000	71	405	826	8646	873	2914	16596	6275
230000	53	387	869	8470	1000	2950	16072	6958
231000	64	359	833	8146	918	3388	15204	7067
232000	44	403	748	8033	1048	3528	15430	7558
233000	52	417	813	7851	978	3639	14850	7099
234000	68	446	913	8044	941	3338	15945	7243
235000	82	327	994	7997	1063	3256	14427	7662
236000	53	425	870	7804	985	3590	14070	7523
237000	41	407	869	8013	966	3425	14768	7028
238000	115	344	986	7428	1091	3718	13906	8134
239000	100	386	1052	6772	1303	4008	13679	9294
240000	70	360	1092	7004	1448	3628	14612	8837
241000	82	390	1013	7531	1515	3124	13876	7772
242000	89	331	1228	6969	1486	3459	14128	8670
243000	70	325	1039	6879	1777	3531	14124	9545
244000	87	337	1094	6765	1720	3558	13536	9957
245000	99	368	1035	6788	1570	3701	13295	8356
246000	105	355	1304	6238	1822	3624	12355	8954
247000	83	309	1117	5905	1888	4259	12271	10247
248000	101	351	1269	5844	1772	4223	12262	10202
249000	129	338	1053	5517	2034	4516	11080	10932
250000	139	375	1167	5371	1924	4512	11717	10803
251000	130	317	1055	5145	2232	4743	10420	11569
252000	87	347	1068	5796	2102	4236	11911	11041
253000	100	320	1165	6327	1795	3893	12862	9985
254000	94	329	1262	5539	1910	4375	12157	10126
255000	84	325	937	5899	2146	4291	11662	11649
256000	104	393	1159	5196	1995	4767	10824	10969
257000	104	352	1222	5131	2305	4442	10022	11294
258000	125	333	1037	5514	1956	4681	10970	11863
259000	68	340	1086	6315	1807	3976	12682	10181
260000	117	292	1370	5957	1979	3743	12119	9248
261000	91	338	1554	5186	2373	3799	12045	10203
262000	102	284	1555	5551	2205	3585	11665	9744
263000	123	290	1402	4816	2359	4392	10685	11198
264000	113	258	1147	4106	2771	5179	9538	13484
265000	137	304	1346	4514	2640	4419	9747	11924
266000	110	331	1321	4435	2713	4573	9949	12721
267000	173	296	1272	4223	2967	4562	9263	13077
268000	129	287	1212	4624	2791	4488	9407	12518
269000	177	316	1264	4108	2777	4772	9107	12514
270000	101	318	994	4421	2679	5120	9651	13166
271000	109	297	907	4539	2917	4895	9883	12487
272000	104	284	1018	4536	2857	4796	9719	13180
273000	127	291	1203	4315	3228	4349	9128	12617
274000	156	298	1004	4131	3342	4689	9245	13529
275000	101	338	1267	3876	2965	4928	9170	13383
276000	153	305	1126	4137	3180	4641	9194	14179
277000	166	298	986	4177	3059	4919	8781	12774
278000	152	296	1324	3854	3255	4565	8802	12796
279000	168	288	1360	3573	3288	4702	8888	13267
280000	145	299	1315	3468	3030	5152	8090	14045
281000	159	289	1177	3725	3368	4786	8334	14597
282000	136	279	831	3739	3608	5105	7802	14608
283000	145	319	877	3649	3618	5086	7042	14754
284000	144	304	910	3518	3701	5093	7248	15370
285000	152	311	1053	3359	3813	4930	7673	15339
286000	144	219	1064	3653	3839	4651	7880	15593
287000	162	216	1312	2990	3753	5089	7969	15435
288000	155	260	977	3048	3721	5455	6804	14430
289000	162	304	1136	2899	3706	5330	7174	15503
290000	158	328	1007	2526	3651	5955	6267	16318
291000	165	230	915	2376	3858	6121	5589	16642
292000	161	302	713	2823	4189	5620	6296	17647
293000	140	258	1053	3007	4054	5029	6806	15320
294000	170	269	1084	2853	4143	5038	6215	16228
295000	168	279	931	2680	4557	5016	6039	16128
296000	174	308	890	2666	4554	5061	6218	16413
297000	141	281	815	2482	4399	5617	5521	17273
298000	164	293	826	2664	4095	5654	5589	17178
299000	142	331	895	2850	3921	5514	6373	15402
300000	137	325	910	2997	3949	5360	6536	15960
301000	170	283	812	2928	4556	4907	6185	15669
302000	190	295	872	3522	4482	4339	6906	14582
303000	198	246	1302	3184	4070	4444	8385	14019
304000	184	196	1235	2837	4344	4636	7792	15759
305000	247	230	1073	2782	4674	4547	6046	16236
306000	220	233	1150	2885	4714	4337	6645	15278
307000	157	233	1069	2804	4551	4782	6593	15251
308000	155	256	1265	3404	4171	4212	7393	14675
309000	154	278	874	3068	4681	4693	6492	16556
310000	178	273	1148	2801	4567	4619	6862	15791
311000	200	249	1073	2353	4784	4907	5744	16343
312000	194	286	1196	2236	4644	4867	6025	16686
313000	198	241	1164	2586	5088	4210	6830	15791
314000	215	255	1099	2663	4924	4382	6484	15667
315000	191	264	1092	2586	4645	4788	6321	15539
316000	202	307	920	2671	5148	4404	6224	16152
317000	232	238	1053	2066	5289	4687	5099	16586
318000	208	289	874	1978	5353	4957	4460	17215
319000	233	211	872	1717	5243	5380	4530	18233
320000	215	232	951	1882	5089	5239	4236	17627
321000	222	229	1062	1943	5029	5087	5351	17498
322000	182	227	869	2132	5008	5249	5062	16979
323000	253	257	975	1846	5010	5227	4913	17383
324000	258	200	788	1924	5605	4948	4304	18163
325000	221	229	1000	1927	5097	5070	4646	17914
326000	194	250	824	1901	5518	5010	4713	17538
327000	231	268	988	2210	5273	4615	5805	16549
328000	214	217	1103	2113	5294	4584	6236	16158
329000	196	236	1014	2229	5387	4531	6301	16492
330000	189	218	800	1899	5596	4985	4515	18551
331000	211	185	1011	1736	5315	5105	4388	17666
332000	216	251	935	1899	5184	5142	4728	17421
333000	196	228	919	2172	5072	5079	5473	17981
334000	225	239	863	2349	4910	5062	5311	18089
335000	192	240	869	2287	4696	5378	5534	15985
336000	166	271	726	2618	4777	5193	5634	16960
337000	184	264	898	2365	4653	5288	6038	16431
338000	180	252	815	2338	4618	5500	4913	17111
339000	177	264	886	2224	4389	5755	5360	16581
340000	228	300	664	2282	4794	5518	4852	16925
341000	175	252	1027	2353	4997	4816	5503	16633
342000	191	214	1040	1929	5700	4478	4566	18018
343000	207	209	1026	1809	6005	4310	5401	17186
344000	286	241	1241	1878	5935	3796	5712	17752
345000	268	187	1164	1667	6331	3858	4891	17823
346000	201	236	1448	2008	5280	4152	5833	16160
347000	174	204	1056	2291	5202	4621	5712	17298
348000	216	235	1187	2530	4785	4500	6673	16069
349000	200	300	1212	2714	5097	4005	6108	15722
350000	188	227	1236	2529	5026	4222	6414	15061
351000	202	265	1086	2628	4753	4624	6240	15804
352000	183	277	1083	2843	4556	4599	6939	15849
353000	212	259	1042	2406	4400	5158	5889	15791
354000	186	248	1182	2929	4473	4456	6875	14899
355000	186	216	1086	3292	4214	4540	6650	15202
356000	235	263	999	3016	4805	4313	6867	15243
357000	188	305	1267	2936	4484	4253	7135	14531
358000	143	244	1040	3086	4402	4716	7177	15703
359000	184	269	1070	3292	3931	4816	7508	15806
360000	150	309	899	3620	3833	4781	7872	14696
361000	208	284	970	3303	4109	4703	7561	14408
362000	146	272	769	3070	4046	5387	6840	16086
363000	135	241	786	3131	3908	5542	6820	17025
364000	148	241	1070	3073	3985	5031	7041	15054
365000	178	275	918	3143	3831	5246	7434	15662
366000	177	274	979	3267	3701	5178	7517	15783
367000	150	257	1357	2729	3389	5551	6912	14901
368000	179	297	1207	2670	3646	5501	6910	15031
369000	200	253	1431	2339	3211	5885	6481	15050
370000	173	238	1264	2439	4240	5124	6877	15726
371000	171	298	936	2642	4592	4999	6319	16204
372000	182	255	974	2611	4963	4658	6397	15601
373000	167	202	1143	2724	5059	4185	6668	16363
374000	221	225	933	2333	5014	4803	5714	17014
375000	186	211	1032	2440	5054	4685	5440	16088
376000	186	259	979	2285	4785	5144	4909	16940
377000	185	238	856	2596	4989	4849	6003	16230
378000	256	202	733	2261	5346	4878	5289	17181
379000	238	205	1020	1901	5322	4918	4825	17560
380000	191	247	863	1675	5550	5121	4396	18924
381000	230	241	996	1745	5723	4656	3973	16921
382000	244	217	939	1579	6416	4170	4438	18254
383000	196	191	775	1426	6508	4593	4347	18507
384000	250	190	862	1321	6839	4163	3873	17984
385000	235	181	1017	1548	6426	4179	4174	18196
386000	228	167	878	1527	6485	4356	4106	17838
387000	296	199	1161	1665	5911	4261	5028	17235
388000	254	225	1078	1796	5816	4317	5309	17208
389000	266	205	1083	1714	6497	3764	4788	17542
390000	262	185	840	1520	6649	4183	4169	17972
391000	235	193	736	1423	6648	4504	4176	20040
392000	217	169	832	1403	6656	4399	4271	19227
393000	195	186	684	1172	6948	4615	3039	18492
394000	247	155	768	995	7139	4381	2983	18912
395000	300	163	753	1135	7140	4196	3380	18946
396000	294	164	1057	1283	6841	3923	3895	18119
397000	237	181	1336	1702	6118	3829	5074	17111
398000	293	189	1134	1403	6294	4142	4233	17345
399000	206	186	1010	1380	6396	4386	4028	17883
400000	249	196	917	1613	6566	4082	4450	18299
401000	226	252	928	1547	5892	4769	4009	18777
402000	235	258	1330	1513	5896	4114	4973	16089
403000	248	207	993	1687	5805	4637	4914	17362
404000	244	231	930	1702	5750	4724	3964	18459
405000	198	208	1049	1849	5629	4633	5011	17723
406000	235	224	910	1617	5931	4735	4011	19141
407000	238	199	952	1668	5867	4650	4669	17738
408000	211	160	1067	1575	6100	4394	4680	17395
409000	241	188	725	1535	6532	4512	4114	19469
410000	245	183	864	1340	6245	4718	3814	18635
411000	186	193	912	1603	6029	4741	4240	18561
412000	196	203	696	1542	6566	4595	3344	18717
413000	241	233	928	1391	6101	4740	3854	18713
414000	207	189	1049	1351	6029	4720	4023	18517
415000	248	224	1212	1466	5642	4634	4615	17863
416000	280	209	1045	1157	5772	5047	4432	18260
417000	223	207	1114	1198	5857	4870	3726	18361
418000	253	215	852	1124	6585	4602	3638	18798
419000	301	187	813	1312	6463	4538	3454	19296
420000	315	155	843	1331	6542	4379	3856	19025
421000	243	195	682	1464	6656	4499	4027	18388
422000	283	230	754	1370	6546	4462	3433	18480
423000	255	166	851	1329	6952	4032	3351	18395
424000	257	154	851	1272	7103	3991	3472	18578
425000	211	165	995	867	7196	4147	3434	19326
426000	256	131	1266	897	7063	3730	3602	18901
427000	273	139	1296	1020	6991	3689	3867	18065
428000	298	162	1244	1282	6737	3715	4385	16997
429000	240	181	1190	1447	6823	3531	4636	17229
430000	259	221	785	1689	6747	3973	3704	17467
431000	209	241	940	1665	6912	3642	4634	18273
432000	277	173	945	1283	6978	3951	3938	17604
433000	265	170	1029	1422	6897	3744	4199	17434
434000	264	152	982	1469	6490	4180	4027	18039
435000	208	172	879	1456	6992	3919	4059	18401
436000	235	190	980	1638	6778	3749	4468	17994
437000	270	229	866	1342	7362	3578	4279	18204
438000	233	192	1026	1464	7083	3492	4052	17125
439000	243	183	906	1454	6951	3871	3541	17536
440000	246	198	1023	1401	6752	3940	4212	18094
441000	208	173	1117	1289	6614	4136	3654	18507
442000	295	160	1220	1200	6401	4128	3686	18305
443000	252	171	1147	1454	6288	4119	4525	17292
444000	226	182	895	1394	6508	4398	3886	18622
445000	242	206	864	1117	6670	4518	3206	17937
446000	282	169	876	1217	7020	4044	3402	18565
447000	249	164	967	1522	6794	3888	3665	17473
448000	275	160	967	1518	6827	3808	3706	17955
449000	229	171	950	1238	7093	3928	3574	18715
450000	195	174	1010	1211	6733	4295	4058	18301
451000	243	171	1179	1161	6013	4700	3272	18838
452000	265	184	1065	1069	6342	4548	3228	18609
453000	265	162	695	980	6910	4720	3004	19654
454000	236	193	977	1078	6656	4458	3821	19243
455000	247	187	897	1124	7160	4003	3234	18868
456000	277	168	902	1062	7110	4124	3281	18842
457000	240	185	909	1098	7074	4180	3358	19564
458000	286	194	1068	953	6974	4024	3136	18253
459000	260	191	1055	950	7301	3737	3403	18219
460000	268	153	939	1067	7640	3493	3624	19436
461000	212	187	769	1215	7182	4166	3577	19082
462000	248	185	616	1243	6996	4451	3094	20421
463000	266	214	703	1171	6929	4462	2878	19146
464000	196	189	708	994	7110	4558	2999	20910
465000	283	180	704	951	7090	4547	2881	19204
466000	268	139	872	852	7085	4386	3526	18898
467000	276	165	1109	909	7048	3957	3585	19435
468000	261	179	895	1248	6922	4112	3515	19029
469000	283	166	1132	1332	6863	3692	3998	18367
470000	238	161	1040	1098	7069	3987	3756	18291
471000	248	175	1010	1074	7254	3799	3502	18879
472000	274	177	709	921	7599	3962	3093	19613
473000	293	115	937	875	7621	3769	3347	19347
474000	288	158	773	933	7617	3863	3216	18603
475000	244	178	620	943	8155	3634	2571	19285
476000	292	165	795	913	7652	3835	3161	19161
477000	291	176	942	1057	7463	3653	3876	18104
478000	242	162	884	1001	7663	3642	2940	19232
479000	279	171	668	973	8246	3416	2844	19482
480000	332	154	639	873	8297	3438	2840	19817
481000	308	140	1032	1051	7321	3665	3401	19440
482000	293	123	812	919	7789	3693	3197	18576
483000	301	165	654	1040	7843	3723	2743	20063
484000	294	144	750	1023	7856	3585	2916	18953
485000	325	151	1087	879	7923	3103	3617	19565
486000	330	131	997	963	8200	2967	3398	18330
487000	272	170	699	975	8110	3437	3041	19486
488000	260	169	838	1090	7913	3376	2795	19456
489000	313	165	711	1020	8390	3089	3275	18864
490000	237	131	702	845	8812	3019	2809	20377
491000	266	112	988	1010	8438	2694	3051	19957
492000	312	112	841	1055	8676	2580	3675	19058
493000	264	142	1134	904	8084	2939	3612	18744
494000	279	135	1075	907	7928	3180	3294	19101
495000	246	131	1117	1122	7481	3375	3654	18689
496000	261	159	948	1223	7638	3351	4050	18455
497000	250	154	1220	1311	7537	3025	4042	17968
498000	281	127	1076	1384	7670	2958	4313	18859
499000	240	115	991	1196	7722	3279	3547	20380
