0	0	0	0	14400	0	0	0	0
1000	28	407	579	12644	204	86	23006	493
2000	29	356	1277	11413	154	312	21345	536
3000	38	460	1180	11448	122	349	21474	609
4000	53	416	1216	11295	137	401	21026	982
5000	27	449	1097	11564	62	446	21189	1112
6000	59	377	1268	11121	114	594	20462	1127
7000	45	410	1364	11013	43	543	21181	1452
8000	52	380	1479	10908	29	498	22148	859
9000	59	356	1777	10503	24	535	21459	897
10000	53	410	1703	10543	19	551	21979	804
11000	62	389	1921	10281	58	415	20833	812
12000	53	375	1461	11138	75	264	21098	585
13000	54	351	1620	10815	32	406	21021	662
14000	64	383	1721	10527	92	409	20670	915
15000	81	362	2033	9857	171	476	20697	1127
16000	101	387	2029	10001	79	383	19866	748
17000	81	336	2106	10010	98	426	20067	772
18000	80	332	1834	9856	368	647	20513	1686
19000	46	364	1382	10576	214	880	21342	1820
20000	66	398	1363	10577	89	969	20839	2255
21000	60	366	1402	10473	164	976	19375	2073
22000	56	409	1375	9966	342	1293	19059	2721
23000	76	439	1638	9460	450	1224	19066	3097
24000	54	428	1397	10002	438	1085	18387	2592
25000	81	323	1669	9284	635	1291	19167	2892
26000	80	409	1400	9884	273	1369	19051	2744
27000	63	347	1695	9991	220	996	20032	2259
28000	68	396	1939	9817	210	691	20121	1723
29000	59	417	1884	9877	333	601	19584	1367
30000	85	394	2075	9501	247	734	19298	1907
31000	85	381	2447	8671	353	853	19553	2027
32000	98	285	2780	8443	268	730	19013	1580
33000	100	334	2700	8752	112	528	18968	979
34000	81	397	2256	9651	99	466	20176	1090
35000	90	428	1931	9736	264	576	19412	1479
36000	87	399	2217	9457	97	639	19979	1511
37000	68	429	1947	9909	96	642	20393	1074
38000	83	350	2183	9779	136	458	19850	1307
39000	107	404	2152	10051	54	263	20560	456
40000	71	357	2414	9709	9	193	20731	343
41000	76	374	2661	9420	3	147	21893	331
42000	114	341	2331	9911	27	106	21218	206
43000	121	388	2781	8923	69	159	19373	232
44000	116	369	2780	8800	160	277	19170	609
45000	142	336	2284	9710	199	169	19596	766
46000	111	403	2433	9695	103	54	19826	177
47000	82	413	2583	9340	183	46	19643	553
48000	68	345	1952	10594	129	57	21453	301
49000	75	432	2084	10349	75	18	21762	137
50000	63	352	1808	10844	59	8	23332	66
51000	88	385	1957	10530	53	27	20928	85
52000	68	325	1921	10650	27	96	21796	290
53000	97	372	1822	10693	3	201	21559	283
54000	65	419	1645	10995	13	233	19881	338
55000	85	475	2008	10484	0	50	21489	131
56000	128	307	2522	9683	0	82	21042	53
57000	91	327	2399	10028	0	0	21265	5
58000	131	366	2660	9306	77	66	19146	221
59000	115	352	2642	9276	124	55	20482	171
60000	142	338	2766	8950	91	213	20534	331
61000	75	370	2520	9475	16	268	20964	355
62000	90	439	2487	9350	0	370	19905	485
63000	85	358	2399	9853	2	132	19729	90
64000	93	417	2299	9864	15	244	19978	325
65000	90	361	2732	9326	0	117	21171	174
66000	112	370	2935	8906	27	129	19579	240
67000	84	384	2373	9831	100	22	20228	223
68000	65	270	2490	9892	21	2	21732	22
69000	88	388	2629	9581	0	24	20018	71
70000	97	359	2625	9510	82	1	20562	257
71000	78	271	2223	10208	124	19	22586	109
72000	68	346	2107	10351	86	0	21281	153
73000	83	323	1751	10890	107	38	21500	197
74000	67	343	1730	11076	33	1	22126	54
75000	79	365	2050	10568	22	0	21726	45
76000	64	366	1759	11029	8	0	21326	23
77000	58	371	1739	10899	86	39	20924	265
78000	65	341	1906	10715	38	11	22825	88
79000	68	356	2183	10252	32	9	20819	110
80000	69	457	2041	10425	8	0	21079	5
81000	72	340	1796	10867	13	22	21726	124
82000	83	364	1938	10645	0	45	21585	54
83000	60	408	1546	11266	2	32	22372	57
84000	32	394	1691	11163	0	60	21886	156
85000	70	411	1624	11144	0	43	21659	60
86000	41	412	1567	11338	0	0	21566	2
87000	58	380	1732	10916	97	53	21710	224
88000	68	339	1577	11088	64	176	21822	317
89000	75	365	1962	10466	45	205	21015	625
90000	66	355	1907	10476	66	289	20912	750
91000	56	345	1957	10504	94	178	21994	484
92000	65	334	1918	10178	387	247	21303	1024
93000	135	430	2221	9405	342	366	19425	1140
94000	78	324	2094	9788	202	532	20990	1207
95000	68	327	1921	9815	243	720	20911	1472
96000	96	285	1980	9978	319	415	21254	1070
97000	88	319	1773	10147	322	582	20151	1638
98000	73	357	1991	10006	129	535	21285	1273
99000	78	363	1890	10166	123	532	20615	1114
100000	45	438	1744	10558	96	408	20691	854
101000	83	380	1520	10792	112	479	21017	1130
102000	125	336	1654	10445	212	540	20780	1127
103000	60	410	1727	10255	368	437	20826	1457
104000	119	395	2130	9318	425	511	19230	1772
105000	132	367	2185	9388	358	549	19670	1098
106000	81	366	2259	9308	332	501	20259	1478
107000	78	288	1820	10131	361	482	20368	1334
108000	144	383	2143	9365	489	455	18881	1440
109000	119	379	1996	9843	246	438	20162	1227
110000	67	327	2135	9702	195	524	19797	1035
111000	65	363	2036	9673	173	735	19343	1609
112000	62	383	2045	9868	253	364	21210	1109
113000	54	390	1972	10109	199	368	20191	1011
114000	71	398	1849	10196	175	467	19731	1367
115000	99	437	1704	10057	282	627	20076	1164
116000	78	368	2033	9437	323	770	18968	1855
117000	94	395	1842	9576	391	827	19552	2327
118000	108	383	2174	9090	502	709	18820	2168
119000	108	416	2387	8741	393	785	18689	1802
120000	115	320	2609	8294	399	860	19054	1726
121000	63	406	1832	9179	637	1026	17907	2595
122000	86	397	1911	9260	602	882	19235	2527
123000	72	371	1661	9962	383	812	20658	2147
124000	105	393	1583	10022	255	976	19981	2094
125000	74	459	1655	10380	329	401	20920	1202
126000	81	369	1493	10743	239	457	20877	1185
127000	81	452	1753	9994	208	805	19950	1778
128000	73	339	1812	10069	157	768	20541	1453
129000	63	439	1931	9903	238	576	19819	1352
130000	96	334	2096	9487	317	717	19488	1760
131000	48	352	1920	9629	354	847	18929	1977
132000	75	367	1979	9197	390	1058	17743	2427
133000	61	385	1847	9185	529	1178	18805	2825
134000	84	303	1885	9094	384	1345	17810	2824
135000	84	430	2023	9234	350	996	19098	2220
136000	75	402	1763	9242	377	1336	18876	3285
137000	67	406	1495	9709	359	1301	18651	2865
138000	78	311	1607	9459	391	1462	18747	2726
139000	82	357	1971	8867	376	1460	18027	3485
140000	65	358	2292	8367	410	1401	17949	2753
141000	81	360	2192	8412	490	1415	18395	3376
142000	108	420	2133	8366	618	1315	16943	3293
143000	98	279	1990	8754	746	1118	18958	2928
144000	101	383	2228	8945	473	821	19170	2500
145000	72	291	2414	8717	608	711	19015	2440
146000	102	379	2215	8970	392	858	19131	2225
147000	103	438	2391	8606	383	830	18545	1622
148000	143	340	2601	8437	471	687	19075	1893
149000	147	377	2449	8771	379	643	19416	1796
150000	80	418	2046	9547	287	668	18869	1485
151000	78	327	2155	9636	157	565	19238	1359
152000	74	387	2053	9445	254	820	19761	1549
153000	115	410	2107	9254	212	893	18901	1756
154000	60	390	2129	9211	269	869	18895	1946
155000	80	475	1867	8976	396	1443	19523	2657
156000	90	328	2030	8699	743	1188	17203	3207
157000	78	322	2067	8289	653	1676	17417	3529
158000	113	347	2201	7592	702	1979	16135	4596
159000	103	283	2004	7738	622	2342	16551	4871
160000	68	375	1957	7505	669	2539	16478	5664
161000	88	352	1897	7263	960	2605	15315	5680
162000	81	321	1765	7098	1092	2803	15256	6019
163000	135	357	1723	7088	1277	2712	14388	6680
164000	120	292	2088	7055	1130	2391	15722	5896
165000	93	325	2257	6777	1412	2023	15642	5968
166000	88	369	1923	7529	1205	1985	16015	5899
167000	122	353	1984	7273	1359	1869	16004	5110
168000	126	327	2045	7168	1654	1686	15311	5693
169000	185	293	2270	6733	1559	1853	15460	5991
170000	166	277	2342	5957	1949	2106	13613	6872
171000	104	328	1875	6684	1875	2267	14777	7473
172000	153	288	1747	6134	2273	2456	14147	7762
173000	162	331	2435	5877	2167	1790	14083	6642
174000	195	322	2303	5440	2404	2140	13645	7849
175000	201	303	2408	4732	2327	2764	12377	8043
176000	165	244	1958	5222	2642	2812	12623	9268
177000	217	276	2418	4673	2493	2682	11149	8562
178000	212	267	2337	5054	2563	2380	12082	8019
179000	162	261	2631	4236	2392	2934	12432	8324
180000	186	248	2646	4327	2553	2601	11394	8892
181000	191	261	3335	3391	2526	2426	10742	8678
182000	219	251	2626	3653	2967	2891	9979	9986
183000	208	189	2767	3565	3227	2479	10327	9762
184000	251	207	3054	3062	3263	2425	10830	9578
185000	266	255	2958	3889	2691	2240	11598	7587
186000	221	327	2859	4206	2147	2592	12041	7752
187000	235	332	2230	4286	3094	2685	10653	9675
188000	249	246	2478	4217	3032	2410	11127	8999
189000	173	286	2692	4657	2789	2050	12469	8484
190000	140	289	2276	5465	2161	2615	13267	7946
191000	139	290	2274	5138	2240	2777	13128	8841
192000	163	267	2235	5142	2381	2643	12014	8540
193000	132	285	2392	6212	1763	2024	14292	7116
194000	91	348	2427	6507	1371	2078	15096	6467
195000	135	334	2007	7138	1402	1953	15686	5512
196000	142	343	2191	7205	1135	1906	15477	5258
197000	114	361	2250	7128	874	2153	16100	5317
198000	96	350	1799	7627	980	2351	15622	5480
199000	108	291	1813	7754	1025	2198	16455	4937
200000	102	384	2149	7570	972	1810	16829	4274
201000	101	314	2125	7713	862	1848	16888	4679
202000	116	325	2654	7074	847	1553	17766	4524
203000	149	298	2629	6707	881	1972	16116	4563
204000	147	360	2334	6526	1431	2085	15036	6121
205000	164	355	2155	6773	1402	2015	15017	5784
206000	126	302	2099	7401	1134	1919	16697	5632
207000	109	341	2242	7116	1034	2034	15560	5268
208000	87	333	2108	7436	996	1982	15611	4690
209000	114	289	1818	7508	1196	2151	16440	5428
210000	86	394	1934	7597	954	2137	16670	5198
211000	91	392	1821	7172	1014	2669	15731	6463
212000	110	404	1789	6655	1378	2910	14213	6697
213000	111	316	1812	6829	1478	2576	15128	6490
214000	94	322	2174	6731	1279	2309	14641	6187
215000	164	264	2370	6485	1329	2134	15781	5982
216000	116	331	2148	6758	1201	2384	14717	6278
217000	93	288	2001	7351	1234	2165	16205	5668
218000	115	308	1970	6504	1454	2679	14366	7059
219000	144	312	2039	6374	1515	2634	14401	6730
220000	157	278	2559	5502	1391	2790	14756	6967
221000	117	297	2484	5739	1097	3044	12947	7201
222000	162	299	2170	5985	1423	2949	13998	7005
223000	123	279	2190	6065	1511	2780	13544	7552
224000	132	288	2715	5486	1378	2575	14498	6195
225000	127	315	2538	5752	1272	2697	14091	7156
226000	121	346	2659	6081	1324	2111	15108	5496
227000	141	327	2806	6342	1390	1540	16219	5017
228000	143	328	2416	6996	1451	1440	15246	5369
229000	171	318	2365	6401	1414	2070	15571	5910
230000	181	330	2580	6148	1505	1888	14289	6206
231000	156	327	2744	6451	1109	1844	15902	4677
232000	168	314	2101	6837	1452	2060	14487	6203
233000	114	348	1663	7186	1775	2128	15048	7045
234000	143	293	1983	6257	1829	2592	14147	7296
235000	153	318	2448	5821	1386	2583	14436	6667
236000	147	305	2622	5996	1440	2119	13782	6659
237000	131	277	2353	6056	1249	2768	13772	7274
238000	99	327	1968	6466	1301	2909	14742	6833
239000	129	321	1895	6247	1488	2890	15198	7861
240000	126	354	1637	6801	1651	2729	14451	7542
241000	142	363	2072	6195	1828	2397	14371	7482
242000	125	294	2068	5916	1718	2849	13317	7324
243000	123	309	2038	5755	1998	2751	13336	7914
244000	163	310	1900	5422	2391	2827	12441	8518
245000	128	331	1765	5758	1974	3144	12442	8581
246000	158	277	1892	5397	2118	3292	12355	8944
247000	150	298	2008	5431	1733	3449	12915	8938
248000	103	385	2018	5511	1430	3561	12835	8363
249000	92	382	1883	5259	1287	4247	12336	9521
250000	111	365	1613	5768	1541	3893	12393	10028
251000	130	306	1648	5435	1317	4395	12636	10118
252000	118	334	1381	5701	1493	4397	12376	10147
253000	107	376	1199	6357	1616	3886	12203	9684
254000	118	405	1571	5991	1420	3806	12383	8899
255000	105	307	1754	5759	1528	3749	12499	9007
256000	117	272	1766	6384	1396	3255	12924	7404
257000	90	327	1769	6616	1241	3143	14168	6785
258000	114	411	1599	7442	1039	2769	15160	6741
259000	96	349	1719	7287	959	2809	15472	5982
260000	118	331	1725	7545	893	2593	16057	6081
261000	106	350	1658	7534	945	2652	15238	6515
262000	97	312	1800	7633	856	2545	15646	5225
263000	67	370	1485	7628	721	3095	15565	6905
264000	62	375	1257	8103	780	2946	15295	6290
265000	71	399	1431	7925	944	2656	16117	6098
266000	79	403	1540	7749	1241	2393	16082	6112
267000	96	337	1814	6820	1348	2704	14332	6627
268000	65	409	1624	6460	1633	3106	13574	8092
269000	106	315	1516	6655	1483	3221	14552	7208
270000	105	307	1853	6875	1233	2796	15486	6967
271000	106	360	1819	7172	1396	2364	15491	6513
272000	116	333	1923	7275	1271	2107	15896	5387
273000	137	269	1919	6511	1542	2772	14990	7231
274000	140	357	2161	5864	1531	2846	12883	6535
275000	178	303	2564	5620	1290	2578	13682	5787
276000	115	365	2519	5996	1208	2514	14447	6215
277000	108	299	2790	6129	1084	2161	15848	5138
278000	115	435	2276	6390	935	2734	13840	5829
279000	111	377	2203	6552	902	2751	14544	6582
280000	123	287	1869	6554	1435	2892	14179	7606
281000	175	309	2295	6027	1275	2743	13618	7146
282000	120	292	1925	6139	1793	2861	13950	8175
283000	125	294	2349	5951	1288	2803	13723	6827
284000	121	341	1884	6242	1357	3149	13201	8139
285000	125	257	2145	6846	1103	2446	15861	6546
286000	160	363	2411	6343	1287	2279	15007	5563
287000	144	338	2579	6127	1238	2227	14255	5863
288000	112	359	2532	6639	1214	1822	15560	4843
289000	140	325	2755	6209	1435	1689	14963	5450
290000	113	271	2169	7466	1153	1774	16296	5063
291000	129	400	1942	8043	902	1646	16794	4608
292000	77	367	1897	7607	988	2181	16191	5942
293000	84	407	2054	7390	780	2267	16518	5545
294000	108	375	1956	7292	889	2401	16304	5441
295000	94	383	2189	7747	683	1926	17095	4955
296000	74	361	1939	8100	767	1848	16552	4687
297000	107	252	1841	8494	776	1684	18042	3774
298000	128	334	1829	8253	784	1784	17506	3859
299000	88	319	2070	8081	666	1816	17193	4607
300000	87	397	2048	8047	546	1922	16808	4128
301000	77	353	1609	8936	651	1695	18266	3791
302000	69	387	1423	9700	473	1404	18179	2792
303000	73	332	1752	9432	304	1326	18673	3037
304000	55	416	1887	9220	160	1374	18878	2382
305000	73	336	2018	8568	323	1634	17851	3189
306000	122	340	2279	8707	426	1059	17434	2221
307000	109	377	2293	9078	283	802	19667	1877
308000	101	424	2519	8659	95	842	19112	1183
309000	63	353	2365	8733	323	1089	19403	2602
310000	90	318	2357	8669	343	1031	18380	2492
311000	89	332	2121	9180	282	1007	19134	1858
312000	111	429	2053	9439	267	686	18782	1756
313000	122	363	2015	9719	181	661	20492	1378
314000	93	326	1974	9650	318	730	19392	1872
315000	98	384	1881	9564	449	729	19629	1950
316000	62	357	1511	9717	613	1094	19265	3033
317000	68	371	1609	9373	782	1060	20012	3074
318000	115	343	1811	8753	676	1481	17920	3789
319000	123	307	2108	8361	791	1259	17709	3267
320000	84	339	2466	8154	530	1163	17442	3106
321000	124	241	2484	8312	562	1032	18190	3108
322000	84	391	1798	8853	559	1454	17275	3174
323000	87	338	1913	9101	673	953	18250	2860
324000	52	347	1779	9602	549	972	19484	2297
325000	61	430	1565	9816	447	1071	18576	1875
326000	94	423	1791	9336	543	1051	18715	2560
327000	63	374	1508	9859	402	1166	19451	2500
328000	76	398	1517	9860	417	1128	19084	2969
329000	91	372	1790	9499	424	1049	18595	2360
330000	71	398	1494	9777	256	1419	19262	2742
331000	88	417	1831	9382	281	1147	18079	2351
332000	94	361	1988	9289	280	1093	20311	2139
333000	86	323	2190	8404	337	1592	18218	3221
334000	60	347	1839	8914	437	1614	18602	3552
335000	104	329	1600	8841	638	1759	17682	4015
336000	77	412	1572	8673	595	2055	16518	4716
337000	66	437	1408	8846	500	2198	17640	4208
338000	70	355	1411	8661	613	2327	17409	4933
339000	84	387	1623	8500	598	2151	16926	4908
340000	97	374	1918	7590	759	2279	16648	4933
341000	103	315	1946	7874	559	2347	15658	4662
342000	87	322	1734	8243	591	2233	17773	5331
343000	60	366	1568	8631	559	2136	17021	4711
344000	94	376	1387	8638	788	2132	17141	4732
345000	62	385	1625	8368	627	2314	17000	5058
346000	58	405	1553	8713	453	2175	17235	4812
347000	76	355	1798	8415	624	1833	18168	4298
348000	79	377	1825	8586	670	1672	18396	3691
349000	98	388	1859	8472	545	1830	17876	4173
350000	73	415	1934	8425	507	1751	17886	3091
351000	58	424	1634	9129	444	1604	17909	3294
352000	50	395	1378	9386	460	1849	18190	4111
353000	87	348	1704	8421	591	2136	17673	3623
354000	113	419	1873	8357	697	1712	17562	4355
355000	107	384	2247	8171	782	1188	18236	3641
356000	82	311	2525	7899	610	1286	18138	3221
357000	91	338	2290	7819	1005	1252	16855	3722
358000	98	318	2382	7419	831	1760	16663	4282
359000	147	337	2295	6856	1314	1906	15308	5986
360000	163	370	2430	6098	1594	2104	14007	5766
361000	137	381	2317	6534	1583	1932	14846	6481
362000	117	293	2415	6408	1438	2056	14871	5483
363000	158	346	2299	6347	1556	2149	14547	5868
364000	129	355	2282	6417	1477	2158	14223	7237
365000	127	295	2025	6611	1924	2036	14559	6726
366000	105	388	2029	6534	1633	2300	14243	6656
367000	139	350	2097	5855	1833	2687	13570	8102
368000	151	307	2394	5619	1589	2785	14211	6912
369000	142	313	2432	5670	1550	2755	14324	7292
370000	159	267	2298	5953	1726	2465	14082	7244
371000	182	344	2210	5876	1900	2344	12579	7080
372000	129	325	1983	5995	1714	2909	13207	7534
373000	137	345	1990	5263	1866	3470	12125	8858
374000	160	313	1893	5397	2470	2863	11885	9129
375000	187	262	1832	5240	2868	2734	12112	9673
376000	175	314	2117	5148	2431	2709	13119	8919
377000	151	282	2125	5192	2555	2655	11805	9453
378000	179	310	1954	4815	2860	2965	11514	9843
379000	133	274	1882	4141	2809	3853	10608	10851
380000	124	258	2017	3963	2629	4056	10447	11193
381000	169	240	2144	3680	3290	3335	9728	11312
382000	187	252	2307	4231	3409	2436	11227	10415
383000	176	250	2317	3959	3505	2576	10312	9825
384000	196	268	2016	3675	3755	3062	9801	11388
385000	214	172	2468	3342	3288	3209	9640	10417
386000	252	228	2338	3616	3435	2913	10140	11262
387000	239	248	2179	3828	3185	3191	10262	11156
388000	170	363	2060	4699	2865	2831	11392	9263
389000	155	250	2191	4894	2635	2719	11810	8228
390000	122	266	1853	4946	2512	3419	11376	10103
391000	169	258	1890	5125	2206	3446	12050	9903
392000	125	319	1774	4728	2051	4157	12147	10424
393000	119	321	1732	4488	1989	4530	10334	10487
394000	101	301	1634	4969	1872	4418	10849	10874
395000	118	312	1413	4874	2239	4417	10666	11689
396000	110	359	1149	5111	2034	4771	10811	11772
397000	125	355	1139	4891	2563	4491	10420	12114
398000	149	311	1223	4772	2527	4495	9607	12201
399000	173	336	1428	4907	2437	4075	10816	10912
400000	103	321	1529	5056	2269	4067	11185	11834
401000	162	362	1686	4438	2000	4572	10885	10641
402000	190	397	2000	4345	1985	4132	10307	9695
403000	144	294	1665	4420	1895	4734	11035	11085
404000	99	315	1408	4589	2039	4926	9930	11963
405000	128	343	1302	4630	2327	4717	9893	11857
406000	151	328	1133	4620	2304	4940	9955	12807
407000	111	395	1003	4835	1904	5379	9542	12734
408000	108	361	1202	4577	1944	5288	9388	12099
409000	107	354	1140	4522	2102	5382	9428	12383
410000	62	332	1178	4939	1540	5482	10927	11224
411000	143	397	1334	5107	1611	4867	10982	11080
412000	84	340	1311	4623	1660	5486	9599	12313
413000	87	367	1349	4451	1776	5465	10295	11962
414000	79	366	1283	4173	1852	5782	8721	12431
415000	116	351	1336	4011	1901	5736	8467	12512
416000	115	381	1258	4595	2039	5088	9542	11790
417000	116	295	1746	4197	1968	4928	9903	11973
418000	140	313	1513	3870	2166	5331	9076	12024
419000	135	315	1577	4056	2641	4574	9311	11914
420000	120	273	1667	4689	2352	4111	10523	10851
421000	157	317	1680	4289	2652	4072	10849	11170
422000	160	276	1639	3677	3273	4203	9352	12332
423000	216	254	1965	3765	3350	3526	9290	11514
424000	134	312	1651	4397	3600	3138	10322	11038
425000	216	243	1508	3886	4387	2997	9064	12778
426000	201	224	1327	3521	4454	3726	8569	13696
427000	210	290	1685	3365	4220	3397	7767	12712
428000	217	253	1778	3165	4366	3362	8586	12834
429000	231	242	1824	2937	4220	3604	7839	13173
430000	283	288	1752	2609	4077	4063	7612	13251
431000	206	203	1445	2695	4175	4581	6737	14932
432000	232	275	1281	2498	4651	4469	6582	15194
433000	191	208	1478	2400	4793	4218	6440	15519
434000	203	329	1679	2517	4305	4196	6948	14778
435000	227	222	1721	2524	4618	3890	7091	14355
436000	211	239	1734	2329	5208	3404	6741	14768
437000	208	225	1643	2310	4644	4091	6379	15150
438000	203	233	1502	1975	5031	4327	5953	15290
439000	270	186	1654	2031	4666	4297	6660	15652
440000	216	218	1266	2051	5225	4438	5800	16850
441000	210	253	1471	1963	5607	3904	5823	15893
442000	293	220	2012	2081	4798	3541	6770	14429
443000	235	191	2199	1827	4929	3474	6753	13676
444000	263	247	1901	1680	5202	3742	6716	14866
445000	294	207	1711	2057	5325	3520	6712	14509
446000	246	191	1722	2267	5354	3305	6708	14496
447000	260	212	1565	2368	5408	3399	6591	14504
448000	211	200	1808	2387	4906	3495	7365	14134
449000	229	219	1623	2171	5239	3685	6180	16224
450000	249	171	1902	1798	5843	3031	6793	14512
451000	325	133	1946	1802	5764	3011	6513	15024
452000	302	166	1820	1749	5869	3073	6452	14668
453000	253	183	1972	1881	5967	2679	7230	14392
454000	252	134	1999	1895	6450	2173	6824	14721
455000	269	144	2215	1713	6396	2176	6868	14272
456000	289	183	2346	1496	6048	2342	6575	15063
457000	258	118	2462	2034	5174	2602	7463	13620
458000	264	180	1907	1673	5729	3245	6134	15915
459000	260	146	2046	1296	5881	3251	5695	15575
460000	280	163	2157	1426	5789	3069	5373	14242
461000	240	170	1652	1407	6145	3574	5116	16061
462000	253	156	1744	1472	5907	3558	5193	15791
463000	258	201	1649	1457	6001	3556	5326	15707
464000	314	153	1732	1701	5925	3265	5681	15501
465000	237	191	1659	2039	5914	3065	6178	16363
466000	248	178	1694	1823	5763	3478	5709	16035
467000	212	227	1554	1426	6554	3315	4679	16170
468000	259	181	1503	1726	6072	3503	5004	16164
469000	285	187	1586	1865	5813	3417	5789	14914
470000	290	222	1775	1597	5826	3310	6237	15213
471000	259	203	1654	1922	5253	3773	6412	15994
472000	254	202	1546	2011	5550	3692	6192	15175
473000	253	163	1386	1776	5725	4041	4772	16942
474000	274	262	1223	1832	5822	3999	4982	16632
475000	221	241	1674	1594	5285	4147	6094	15593
476000	230	239	1563	1577	5719	3929	5142	16762
477000	275	201	1763	1551	5667	3691	5647	16268
478000	281	188	1620	1634	5706	3721	5315	15720
479000	234	179	1408	1611	6180	3662	5345	16563
480000	221	203	1225	1701	6574	3522	5088	16692
481000	240	145	1493	1359	6657	3414	5212	16345
482000	283	157	1465	1169	6628	3604	4589	17467
483000	286	180	1372	1304	6483	3696	4707	16743
484000	245	168	1789	1514	5725	3610	5758	16009
485000	252	182	1410	1451	6386	3660	5025	17332
486000	241	144	1479	1352	6548	3506	4727	16892
487000	312	203	1801	1421	5604	3752	5508	15738
488000	235	189	1891	1745	5489	3424	5592	14854
489000	290	207	1671	1777	5739	3378	5828	15526
490000	280	163	1347	1475	6044	4009	4613	17401
491000	253	212	1194	1695	6318	3780	5133	16667
492000	225	165	1294	1560	6181	3908	4848	17304
493000	265	192	1322	1527	5903	4169	4586	16544
494000	251	182	1246	1598	5953	4164	5008	18179
495000	236	202	1544	1694	5751	3910	5454	16395
496000	256	235	1359	2092	5407	3991	6093	15505
497000	238	244	1175	2253	5704	3831	6321	15995
498000	285	252	1466	2101	5324	3838	6040	14930
499000	238	145	1577	2365	5546	3343	6335	15883
