0	0	0	0	14400	0	0	0	0
1000	21	404	632	12692	76	32	22535	167
2000	40	365	1200	11870	12	97	22395	103
3000	66	395	1610	11175	0	69	22270	95
4000	71	376	1985	10592	0	70	22235	99
5000	105	370	2500	9781	0	33	20248	76
6000	97	354	2492	9793	0	1	20953	0
7000	59	332	2566	9552	158	8	20470	374
8000	71	320	2566	9607	197	8	20446	316
9000	110	423	3061	8402	93	217	19629	462
10000	114	293	3365	8007	105	210	18720	563
11000	149	314	3435	7841	84	182	19505	536
12000	161	340	3790	7217	81	173	18129	360
13000	154	308	3959	6980	127	139	18371	539
14000	129	269	4030	6855	89	155	18590	458
15000	141	326	4073	6808	80	137	18020	416
16000	102	304	3774	7168	202	344	18401	863
17000	143	357	3874	6840	64	425	17604	822
18000	142	224	3868	7101	24	461	18825	558
19000	117	249	3722	7001	66	559	18933	1191
20000	172	325	3541	7491	92	364	18425	744
21000	168	280	3583	7231	114	490	17151	869
22000	182	317	3688	7066	213	427	18044	804
23000	167	290	3923	6744	354	139	17758	635
24000	127	245	4441	5946	293	276	17589	833
25000	217	250	4473	5678	342	96	16922	685
26000	253	194	4933	4964	297	111	16343	758
27000	280	269	4649	4925	569	125	16723	1055
28000	208	160	4355	5354	899	186	15847	1543
29000	184	289	4448	5515	525	260	16704	1391
30000	182	179	4979	4898	168	164	16891	717
31000	294	203	5382	3771	59	207	14314	348
32000	225	189	5168	4607	2	196	16209	418
33000	261	216	5075	4759	215	117	16452	604
34000	211	306	4846	5251	53	148	17144	340
35000	205	218	5373	4132	251	0	15395	473
36000	171	255	5266	4707	59	0	15972	74
37000	220	209	5068	4826	81	0	17015	146
38000	279	170	5383	3902	39	72	15373	313
39000	291	211	5428	3873	32	0	15327	17
40000	225	162	5319	4388	74	0	16377	240
41000	274	211	5217	4291	66	0	15665	104
42000	232	181	4945	4855	351	14	17021	725
43000	324	191	5375	3804	232	0	16329	491
44000	363	325	5173	4029	191	80	15427	516
45000	247	328	5034	4435	279	127	16745	620
46000	244	282	4721	5115	263	221	17397	871
47000	272	205	4590	5332	221	260	17089	911
48000	171	171	4797	5116	507	203	16804	1014
49000	283	175	5171	3925	593	112	14801	1136
50000	244	190	5479	3470	430	53	15752	1031
51000	287	180	5568	2938	298	322	13752	877
52000	270	196	5388	2729	911	418	14794	1950
53000	435	239	5406	2816	653	45	13897	1228
54000	315	253	5457	2942	1009	57	14134	1462
55000	298	93	5812	2038	711	55	13180	1237
56000	366	113	5669	2333	928	89	13715	1756
57000	315	183	5496	2106	1199	271	12789	2284
58000	372	141	5490	2090	1011	494	13251	2287
59000	247	100	5327	2674	514	1115	13366	3031
60000	205	258	4853	3768	805	892	14206	2743
61000	295	287	4705	3842	851	715	14745	2513
62000	265	223	4885	3703	843	670	14494	2299
63000	346	162	4908	3430	1399	251	14173	3199
64000	349	123	5282	2741	1408	49	13297	2357
65000	305	247	5029	3777	955	182	14168	2220
66000	252	159	5308	3734	548	240	15285	1528
67000	289	187	5607	3079	368	127	14742	816
68000	242	83	6018	2327	744	1	13450	1241
69000	290	205	5809	2544	227	0	14222	339
70000	340	130	6023	1899	414	26	13722	768
71000	377	91	5891	2056	508	6	13727	761
72000	264	170	5885	2532	419	1	13896	533
73000	296	106	5731	2390	415	56	13736	751
74000	350	203	5779	2828	27	35	14194	169
75000	303	111	5783	2792	29	289	14511	636
76000	343	172	5604	3022	33	240	14692	488
77000	247	196	5359	3494	275	429	14822	1151
78000	159	232	4621	5358	406	228	17650	912
79000	167	233	4411	5551	466	371	17404	1378
80000	238	292	4475	4971	472	579	16269	2019
81000	244	225	4882	4121	759	376	16013	1843
82000	253	241	4952	4587	390	297	16078	1050
83000	341	177	4965	4220	524	204	15872	1429
84000	189	115	5436	3829	361	212	15142	1222
85000	265	197	5329	3500	230	399	15203	757
86000	235	203	5436	3059	680	327	14702	2065
87000	298	102	5399	2928	899	204	15044	2060
88000	430	136	5728	1875	788	47	12864	1369
89000	339	73	5874	1789	458	113	12636	864
90000	390	91	5984	1339	401	221	11801	1061
91000	432	39	5993	1060	791	300	12341	2057
92000	386	59	6143	676	830	106	11553	1371
93000	659	88	5698	772	1094	31	11196	1855
94000	411	59	6058	755	649	0	11276	1248
95000	509	65	6016	545	449	0	11536	779
96000	519	62	6029	562	712	10	10871	1110
97000	573	32	5858	316	407	1	10496	791
98000	414	24	6140	447	259	0	11760	409
99000	507	8	5976	673	6	0	10750	45
100000	456	6	6226	715	0	1	11448	18
101000	504	49	6036	760	4	0	11849	47
102000	406	19	6084	489	10	0	10546	0
103000	575	22	5972	362	30	0	10301	0
104000	595	27	5887	204	175	0	10829	285
105000	539	21	5859	111	175	0	9717	200
106000	516	0	5826	0	0	0	10026	0
107000	643	0	5641	0	0	0	10202	0
108000	455	0	5932	0	0	0	10237	0
109000	717	0	5670	0	0	0	9120	0
110000	454	0	5807	0	0	0	10023	0
111000	560	0	5735	0	0	0	9595	0
112000	498	0	5857	0	0	0	10818	0
113000	454	0	5892	0	0	0	10447	0
114000	454	0	5926	0	0	0	10530	0
115000	735	0	5609	0	0	0	9844	0
116000	571	0	5586	0	0	0	9693	0
117000	550	0	5783	0	0	0	9872	0
118000	408	0	5801	0	0	0	10081	0
119000	510	0	6049	0	0	0	10105	0
120000	470	0	5837	0	0	0	9350	0
121000	547	0	5962	0	0	0	9645	0
122000	497	0	5927	0	0	0	9421	0
123000	432	0	5847	0	0	0	9790	0
124000	625	0	5884	0	0	0	9492	0
125000	530	0	5823	0	0	0	10071	0
126000	620	0	5844	0	0	0	9997	0
127000	384	0	5913	0	0	0	10196	0
128000	487	0	5881	0	0	0	9709	0
129000	515	0	5803	0	0	0	9332	0
130000	616	0	5762	0	0	0	9257	0
131000	536	0	5825	0	0	0	9414	0
132000	578	0	5930	0	0	0	9158	0
133000	355	0	5951	0	0	0	10268	0
134000	670	0	5706	0	0	0	10039	0
135000	437	0	5893	0	0	0	9927	0
136000	383	0	6019	0	0	0	10371	0
137000	459	0	5896	0	0	0	10022	0
138000	674	0	5815	0	0	0	9798	0
139000	780	0	5417	0	0	0	9257	0
140000	344	0	6153	0	0	0	10087	0
141000	821	0	5439	0	0	0	9598	0
142000	732	0	5514	0	0	0	9219	0
143000	566	0	5831	0	0	0	10375	0
144000	729	0	5607	0	0	0	9785	0
145000	580	0	5589	0	0	0	9343	0
146000	534	0	5820	0	0	0	10248	0
147000	387	0	6019	0	0	0	9624	0
148000	545	0	5932	0	0	0	10809	0
149000	488	0	5890	0	0	0	10169	0
150000	477	0	5767	0	0	0	10625	0
151000	541	0	5775	0	0	0	9541	0
152000	305	0	5966	0	0	0	10330	0
153000	694	0	5676	0	0	0	9314	0
154000	465	0	5868	0	0	0	9541	0
155000	406	0	5900	0	0	0	10704	0
156000	665	0	5545	0	0	0	9187	0
157000	597	0	5684	0	0	0	9756	0
158000	608	0	5793	0	0	0	10801	0
159000	551	0	5894	0	0	0	9430	0
160000	633	0	5724	0	0	0	10403	0
161000	635	0	5582	0	0	0	9980	0
162000	604	0	5824	0	0	0	10119	0
163000	574	0	5732	0	0	0	9734	0
164000	367	0	5796	0	0	0	9310	0
165000	702	0	5621	0	0	0	9326	0
166000	583	0	5861	0	0	0	10198	0
167000	566	0	5753	0	0	0	9430	0
168000	340	0	5890	0	0	0	10611	0
169000	537	0	5774	0	0	0	10040	0
170000	679	0	5624	0	0	0	9532	0
171000	449	0	5964	0	0	0	9868	0
172000	495	0	5839	0	0	0	9815	0
173000	353	0	5990	0	0	0	9553	0
174000	454	0	5927	0	0	0	10612	0
175000	645	0	5736	0	0	0	9498	0
176000	376	0	6059	0	0	0	9769	0
177000	526	0	5847	0	0	0	10168	0
178000	617	0	5538	0	0	0	9362	0
179000	390	0	6034	0	0	0	9228	0
180000	590	0	5702	0	0	0	9776	0
181000	527	0	6013	0	0	0	9894	0
182000	574	0	5766	0	0	0	8862	0
183000	654	0	5639	0	0	0	9751	0
184000	787	0	5683	0	0	0	9230	0
185000	595	0	5708	0	0	0	9922	0
186000	556	0	5948	0	0	0	10058	0
187000	574	0	6131	0	0	0	9826	0
188000	818	0	5440	0	0	0	9466	0
189000	585	0	5713	0	0	0	9593	0
190000	341	0	6085	0	0	0	9958	0
191000	460	0	5823	0	0	0	10613	0
192000	508	0	5789	0	0	0	9638	0
193000	537	0	5854	0	0	0	9996	0
194000	518	0	5820	0	0	0	9097	0
195000	446	0	5835	0	0	0	10238	0
196000	335	0	6040	0	0	0	10589	0
197000	529	0	5959	0	0	0	9121	0
198000	383	0	5813	0	0	0	10736	0
199000	536	0	5825	0	0	0	9559	0
200000	452	0	5786	0	0	0	10115	0
201000	522	0	5788	0	0	0	10774	0
202000	589	0	5850	0	0	0	10042	0
203000	364	0	6053	0	0	0	9529	0
204000	584	0	5870	0	0	0	9457	0
205000	445	0	6016	0	0	0	10465	0
206000	520	0	5900	0	0	0	9120	0
207000	512	0	5774	0	0	0	10013	0
208000	479	0	5760	0	0	0	9991	0
209000	395	0	6018	0	0	0	9826	0
210000	560	0	5756	0	0	0	9204	0
211000	436	0	5831	0	0	0	10130	0
212000	482	0	5914	0	0	0	10500	0
213000	448	0	5874	0	0	0	10187	0
214000	525	0	5777	0	0	0	10223	0
215000	372	0	5916	0	0	0	9939	0
216000	439	0	5877	0	0	0	10045	0
217000	622	0	5742	0	0	0	9607	0
218000	500	0	5963	0	0	0	10148	0
219000	610	0	5578	0	0	0	9970	0
220000	403	0	5879	0	0	0	9978	0
221000	739	0	5687	0	0	0	9143	0
222000	438	0	6031	0	0	0	10246	0
223000	249	0	6149	0	0	0	10067	0
224000	445	0	5850	0	0	0	10671	0
225000	417	0	5936	0	0	0	9090	0
226000	450	0	5915	0	0	0	9535	0
227000	567	0	5819	0	0	0	9465	0
228000	548	0	5694	0	0	0	9634	0
229000	471	0	5984	0	0	0	9978	0
230000	438	0	5794	0	0	0	10104	0
231000	723	0	5569	0	0	0	9431	0
232000	664	0	5676	0	0	0	9782	0
233000	509	0	5819	0	0	0	9620	0
234000	465	0	5918	0	0	0	10504	0
235000	524	0	5810	0	0	0	9961	0
236000	562	0	5869	0	0	0	9873	0
237000	501	0	5864	0	0	0	9200	0
238000	485	0	5969	0	0	0	9583	0
239000	512	0	5802	0	0	0	9215	0
240000	497	0	5828	0	0	0	10099	0
241000	511	0	5835	0	0	0	9805	0
242000	502	0	5706	0	0	0	10110	0
243000	403	0	5835	0	0	0	9940	0
244000	374	0	6073	0	0	0	9446	0
245000	741	0	5649	0	0	0	9219	0
246000	611	0	5646	0	0	0	9610	0
247000	489	0	6080	0	0	0	10180	0
248000	402	0	5966	0	0	0	10074	0
249000	660	0	5673	0	0	0	9606	0
250000	419	0	6051	0	0	0	9566	0
251000	733	0	5629	0	0	0	8383	0
252000	827	0	5560	0	0	0	9291	0
253000	457	0	5787	0	0	0	10249	0
254000	580	0	5844	0	0	0	9573	0
255000	332	0	6140	0	0	0	10493	0
256000	498	0	5846	0	0	0	9686	0
257000	450	0	5760	0	0	0	10708	0
258000	412	0	5959	0	0	0	10140	0
259000	628	0	5662	0	0	0	9352	0
260000	495	0	5974	0	0	0	9396	0
261000	476	0	5917	0	0	0	10048	0
262000	515	0	5725	0	0	0	10599	0
263000	609	0	5714	0	0	0	9588	0
264000	639	0	5815	0	0	0	9945	0
265000	430	0	5956	0	0	0	10348	0
266000	513	0	5874	0	0	0	9376	0
267000	572	0	5924	0	0	0	9636	0
268000	302	0	6008	0	0	0	11137	0
269000	409	0	5834	0	0	0	10072	0
270000	540	0	5854	0	0	0	9956	0
271000	567	0	5792	0	0	0	8900	0
272000	610	0	5966	0	0	0	9131	0
273000	493	0	5842	0	0	0	10138	0
274000	722	0	5534	0	0	0	9971	0
275000	581	0	5825	0	0	0	10236	0
276000	639	0	5794	0	0	0	9415	0
277000	546	0	5723	0	0	0	9502	0
278000	558	0	5783	0	0	0	9126	0
279000	551	0	5916	0	0	0	9130	0
280000	647	0	5772	0	0	0	9492	0
281000	843	0	5364	0	0	0	9241	0
282000	596	0	5967	0	0	0	10041	0
283000	642	0	5824	0	0	0	9736	0
284000	485	0	5810	0	0	0	9437	0
285000	529	0	5886	0	0	0	9785	0
286000	831	0	5511	0	0	0	9151	0
287000	491	0	5931	0	0	0	9525	0
288000	667	0	5706	0	0	0	9833	0
289000	680	0	5791	0	0	0	9779	0
290000	620	0	5772	0	0	0	10342	0
291000	665	0	5531	0	0	0	8723	0
292000	445	0	5827	0	0	0	9264	0
293000	545	0	5776	0	0	0	9735	0
294000	476	0	5857	0	0	0	10241	0
295000	355	0	5981	0	0	0	10416	0
296000	448	0	5866	0	0	0	9868	0
297000	413	0	6075	0	0	0	10468	0
298000	438	0	5883	0	0	0	9477	0
299000	499	0	5741	0	0	0	10034	0
300000	642	0	5621	0	0	0	9712	0
301000	709	0	5747	0	0	0	9499	0
302000	568	0	5703	0	0	0	10087	0
303000	711	0	5696	0	0	0	10303	0
304000	787	0	5487	0	0	0	9793	0
305000	559	0	5990	0	0	0	9637	0
306000	532	0	5724	0	0	0	9998	0
307000	500	0	5616	0	0	0	9651	0
308000	495	0	5881	0	0	0	10076	0
309000	504	0	5749	0	0	0	10345	0
310000	534	0	5885	0	0	0	9631	0
311000	543	0	5885	0	0	0	10166	0
312000	661	0	5765	0	0	0	9552	0
313000	536	0	5758	0	0	0	9403	0
314000	641	0	5637	0	0	0	9877	0
315000	619	0	5645	0	0	0	9170	0
316000	566	0	5763	0	0	0	9655	0
317000	411	0	5910	0	0	0	10192	0
318000	760	0	5415	0	0	0	9434	0
319000	410	0	5896	0	0	0	9890	0
320000	705	0	5915	0	0	0	10065	0
321000	620	0	5708	0	0	0	9193	0
322000	447	0	5813	0	0	0	10299	0
323000	467	0	5787	0	0	0	9855	0
324000	635	0	5671	0	0	0	9762	0
325000	776	0	5655	0	0	0	10372	0
326000	532	0	5808	0	0	0	9744	0
327000	471	0	5876	0	0	0	10093	0
328000	524	0	5872	0	0	0	9526	0
329000	602	0	5929	0	0	0	9844	0
330000	693	0	5650	0	0	0	9384	0
331000	390	0	6095	0	0	0	9879	0
332000	671	0	5714	0	0	0	9593	0
333000	471	0	5845	0	0	0	9448	0
334000	501	0	5819	0	0	0	10319	0
335000	454	0	5834	0	0	0	10258	0
336000	499	0	5914	0	0	0	10250	0
337000	636	0	5803	0	0	0	9625	0
338000	574	0	5975	0	0	0	9918	0
339000	316	0	6002	0	0	0	9677	0
340000	445	0	5962	0	0	0	10229	0
341000	470	0	5830	0	0	0	9918	0
342000	597	0	5835	0	0	0	9581	0
343000	500	0	5798	0	0	0	9410	0
344000	873	0	5514	0	0	0	9850	0
345000	668	0	5590	0	0	0	10037	0
346000	583	0	5696	0	0	0	9766	0
347000	655	0	5778	0	0	0	9117	0
348000	548	0	5855	0	0	0	10823	0
349000	643	0	5695	0	0	0	9231	0
350000	581	0	5783	0	0	0	9935	0
351000	563	0	5829	0	0	0	9556	0
352000	438	0	5903	0	0	0	9306	0
353000	617	0	5635	0	0	0	9332	0
354000	510	0	5838	0	0	0	9717	0
355000	631	0	5649	0	0	0	10023	0
356000	501	0	5867	0	0	0	9908	0
357000	711	0	5692	0	0	0	9268	0
358000	698	0	5881	0	0	0	10240	0
359000	396	0	5878	0	0	0	10024	0
360000	467	0	5860	0	0	0	9431	0
361000	332	0	6087	0	0	0	10650	0
362000	505	0	5945	0	0	0	9811	0
363000	680	0	5748	0	0	0	9556	0
364000	479	0	6119	0	0	0	10186	0
365000	564	0	5786	0	0	0	9576	0
366000	540	0	5758	0	0	0	9705	0
367000	665	0	5679	0	0	0	9498	0
368000	555	0	5962	0	0	0	9521	0
369000	535	0	5822	0	0	0	9191	0
370000	655	0	5775	0	0	0	9170	0
371000	482	0	5865	0	0	0	9597	0
372000	467	0	5947	0	0	0	9660	0
373000	473	0	5873	0	0	0	9592	0
374000	436	0	5975	0	0	0	10600	0
375000	372	0	5963	0	0	0	9575	0
376000	508	0	5896	0	0	0	9658	0
377000	552	0	5992	0	0	0	9260	0
378000	494	0	5965	0	0	0	10212	0
379000	571	0	5855	0	0	0	9618	0
380000	441	0	5858	0	0	0	9811	0
381000	609	0	5664	0	0	0	9685	0
382000	568	0	5869	0	0	0	9385	0
383000	496	0	5713	0	0	0	10067	0
384000	495	0	5883	0	0	0	10263	0
385000	381	0	5985	0	0	0	9943	0
386000	466	0	5914	0	0	0	9373	0
387000	690	0	5672	0	0	0	8817	0
388000	404	0	5924	0	0	0	9135	0
389000	598	0	5898	0	0	0	9224	0
390000	736	0	5736	0	0	0	9414	0
391000	541	0	5806	0	0	0	10560	0
392000	669	0	5683	0	0	0	9814	0
393000	614	0	5685	0	0	0	10145	0
394000	418	0	5992	0	0	0	9491	0
395000	790	0	5613	0	0	0	9170	0
396000	592	0	5728	0	0	0	10365	0
397000	545	0	5661	0	0	0	10012	0
398000	447	0	5837	0	0	0	9483	0
399000	438	0	5952	0	0	0	10060	0
400000	515	0	5726	0	0	0	10415	0
401000	436	0	5859	0	0	0	9928	0
402000	635	0	5732	0	0	0	10409	0
403000	423	0	5889	0	0	0	10181	0
404000	482	0	5773	0	0	0	10000	0
405000	529	0	5819	0	0	0	10532	0
406000	430	0	5730	0	0	0	9738	0
407000	618	0	5710	0	0	0	9467	0
408000	699	0	5620	0	0	0	9436	0
409000	519	0	5718	0	0	0	10195	0
410000	453	0	5965	0	0	0	9887	0
411000	614	0	5748	0	0	0	9757	0
412000	649	0	5734	0	0	0	8846	0
413000	477	0	5971	0	0	0	10723	0
414000	622	0	5686	0	0	0	9663	0
415000	831	0	5322	0	0	0	8765	0
416000	567	0	5717	0	0	0	9384	0
417000	365	0	5990	0	0	0	9855	0
418000	362	0	6025	0	0	0	9629	0
419000	585	0	5848	0	0	0	10464	0
420000	325	0	5967	0	0	0	10388	0
421000	532	0	5911	0	0	0	9152	0
422000	544	0	5900	0	0	0	9743	0
423000	568	0	5771	0	0	0	10202	0
424000	508	0	5917	0	0	0	9586	0
425000	588	0	5726	0	0	0	9780	0
426000	400	0	5909	0	0	0	9880	0
427000	420	0	6010	0	0	0	10300	0
428000	522	0	5738	0	0	0	9609	0
429000	496	0	5796	0	0	0	9846	0
430000	643	0	5732	0	0	0	9580	0
431000	463	0	6035	0	0	0	9609	0
432000	505	0	5744	0	0	0	10339	0
433000	385	0	6135	0	0	0	9938	0
434000	490	0	5980	0	0	0	10591	0
435000	399	0	5984	0	0	0	9648	0
436000	545	0	5874	0	0	0	9565	0
437000	881	0	5389	0	0	0	8935	0
438000	677	0	5644	0	0	0	9460	0
439000	464	0	5806	0	0	0	9606	0
440000	552	0	5759	0	0	0	10156	0
441000	723	0	5639	0	0	0	9788	0
442000	606	0	5720	0	0	0	9119	0
443000	638	0	5799	0	0	0	10211	0
444000	604	0	5772	0	0	0	10281	0
445000	583	0	5798	0	0	0	10008	0
446000	367	0	5987	0	0	0	10161	0
447000	356	0	5903	0	0	0	10145	0
448000	533	0	5867	0	0	0	9646	0
449000	574	0	5875	0	0	0	10651	0
450000	585	0	5752	0	0	0	10576	0
451000	480	0	5855	0	0	0	10131	0
452000	591	0	5872	0	0	0	9828	0
453000	425	0	5728	0	0	0	10380	0
454000	444	0	5957	0	0	0	9877	0
455000	562	0	5637	0	0	0	9462	0
456000	669	0	5732	0	0	0	9073	0
457000	390	0	5955	0	0	0	9778	0
458000	530	0	5781	0	0	0	10200	0
459000	416	0	5879	0	0	0	9442	0
460000	715	0	5708	0	0	0	8890	0
461000	532	0	5814	0	0	0	10018	0
462000	406	0	5851	0	0	0	10326	0
463000	465	0	5787	0	0	0	10017	0
464000	471	0	5667	0	0	0	9623	0
465000	476	0	5770	0	0	0	10258	0
466000	497	0	5879	0	0	0	9466	0
467000	651	0	5542	0	0	0	9004	0
468000	614	0	5826	0	0	0	9640	0
469000	485	0	5851	0	0	0	9909	0
470000	672	0	5883	0	0	0	9495	0
471000	481	0	5851	0	0	0	10304	0
472000	489	0	5829	0	0	0	10112	0
473000	583	0	5939	0	0	0	10090	0
474000	565	0	5874	0	0	0	9390	0
475000	576	0	5863	0	0	0	10107	0
476000	471	0	5986	0	0	0	9888	0
477000	488	0	5916	0	0	0	9441	0
478000	559	0	5688	0	0	0	9554	0
479000	450	0	5991	0	0	0	10108	0
480000	499	0	5821	0	0	0	9279	0
481000	440	0	5882	0	0	0	10328	0
482000	499	0	5763	0	0	0	9478	0
483000	632	0	5752	0	0	0	10164	0
484000	586	0	5644	0	0	0	9712	0
485000	484	0	5969	0	0	0	10646	0
486000	404	0	5834	0	0	0	9849	0
487000	623	0	5722	0	0	0	9080	0
488000	612	0	5780	0	0	0	9750	0
489000	495	0	5953	0	0	0	9834	0
490000	495	0	5778	0	0	0	9553	0
491000	423	0	5977	0	0	0	8973	0
492000	536	0	5880	0	0	0	9998	0
493000	509	0	5811	0	0	0	10442	0
494000	753	0	5534	0	0	0	9749	0
495000	760	0	5674	0	0	0	9124	0
496000	470	0	5865	0	0	0	9925	0
497000	678	0	5536	0	0	0	9456	0
498000	486	0	5889	0	0	0	9367	0
499000	549	0	5865	0	0	0	10026	0
