0	0	0	0	14400	0	0	0	0
1000	15	325	742	12629	46	65	38602	250
2000	32	223	1250	11844	19	106	37688	248
3000	22	273	1777	10995	88	88	35412	477
4000	53	346	1743	10859	52	178	34298	648
5000	51	254	2268	10081	29	187	33746	481
6000	60	267	2510	9742	52	141	34036	389
7000	61	241	2805	9301	95	105	32828	440
8000	92	257	2771	9310	79	72	33517	552
9000	118	279	3198	8653	0	84	33478	180
10000	122	291	3744	7584	0	62	32113	109
11000	88	257	3788	7451	22	134	31741	469
12000	64	215	3294	8156	0	421	32349	969
13000	110	218	3319	8215	0	197	32596	601
14000	86	221	3714	7718	0	126	30303	316
15000	159	171	4281	6522	3	28	29865	118
16000	151	186	4776	5611	87	71	28260	373
17000	192	195	4643	5542	178	212	28210	1093
18000	178	189	4650	5713	147	128	29561	969
19000	132	223	4273	6339	220	140	28869	1014
20000	212	190	4486	5705	294	130	28155	1196
21000	162	177	4954	5251	174	40	27108	573
22000	188	207	5260	4442	171	10	27006	690
23000	199	211	5600	3446	129	95	25876	658
24000	231	90	6000	2305	123	69	22804	488
25000	280	82	6012	1751	121	245	22381	625
26000	229	61	5981	2147	343	358	22053	1384
27000	333	64	6047	1515	154	249	22010	1114
28000	271	110	6319	1114	0	95	20500	295
29000	433	111	6024	937	39	13	20460	171
30000	293	79	6071	1211	40	13	20210	262
31000	368	84	6145	1287	72	2	21435	210
32000	231	21	6265	922	33	0	20580	21
33000	510	35	5973	157	14	36	16932	101
34000	427	7	6022	245	3	0	16739	23
35000	332	0	6105	81	0	0	16943	1
36000	427	1	5883	113	8	0	16298	48
37000	419	0	5913	228	67	0	17509	59
38000	408	20	5940	3	55	33	17133	235
39000	415	9	6077	146	40	0	17884	189
40000	305	21	6106	362	159	19	18107	648
41000	424	2	5964	299	23	0	16706	146
42000	333	10	6181	177	20	0	17184	30
43000	591	2	5924	73	0	0	16245	3
44000	407	0	6039	48	1	0	16825	0
45000	532	0	5790	0	0	0	15759	0
46000	389	0	5887	0	0	0	16423	0
47000	602	0	5768	0	0	0	15441	0
48000	345	0	5953	0	0	0	16249	0
49000	396	0	5964	0	0	0	16628	0
50000	403	0	5837	0	0	0	15787	0
51000	377	0	6036	0	0	0	16647	0
52000	453	0	6031	0	0	0	16623	0
53000	384	0	5813	0	0	0	15543	0
54000	303	0	6095	0	0	0	15744	0
55000	505	0	5905	0	0	0	16644	0
56000	436	0	6014	0	0	0	16605	0
57000	467	0	6032	0	0	0	16791	0
58000	397	0	5896	0	0	0	17425	0
59000	386	0	6023	0	0	0	15439	0
60000	478	0	5929	0	0	0	16353	0
61000	379	0	6056	0	0	0	16198	0
62000	601	0	5768	0	0	0	16927	0
63000	521	0	5719	0	0	0	15970	0
64000	383	0	6124	0	0	0	16427	0
65000	437	0	5739	0	0	0	16547	0
66000	260	0	6066	0	0	0	16415	0
67000	599	0	5567	0	0	0	16478	0
68000	487	0	6008	0	0	0	16298	0
69000	482	0	5834	0	0	0	16900	0
70000	426	0	5973	0	0	0	15371	0
71000	437	0	5990	0	0	0	16140	0
72000	476	0	5994	0	0	0	16959	0
73000	435	0	5884	0	0	0	15454	0
74000	457	0	5907	0	0	0	15591	0
75000	491	0	5908	0	0	0	15741	0
76000	671	0	5852	0	0	0	15746	0
77000	594	0	5798	0	0	0	15822	0
78000	415	0	5925	0	0	0	15998	0
79000	369	0	6108	0	0	0	16011	0
80000	369	0	5961	0	0	0	16576	0
81000	417	0	5975	0	0	0	17151	0
82000	437	0	6107	0	0	0	16928	0
83000	517	0	5982	0	0	0	16217	0
84000	376	0	5930	0	0	0	15657	0
85000	429	0	6022	0	0	0	15753	0
86000	438	0	6007	0	0	0	16468	0
87000	425	0	5864	0	0	0	16331	0
88000	401	0	6005	0	0	0	16827	0
89000	332	0	5970	0	0	0	16634	0
90000	495	0	5768	0	0	0	16324	0
91000	460	0	5955	0	0	0	16056	0
92000	578	0	5966	0	0	0	15143	0
93000	372	0	6101	0	0	0	15893	0
94000	592	0	5782	0	0	0	16939	0
95000	390	0	6039	0	0	0	16531	0
96000	423	0	5908	0	0	0	17576	0
97000	532	0	5986	0	0	0	16629	0
98000	403	0	5913	0	0	0	15268	0
99000	600	0	5852	0	0	0	15550	0
100000	556	0	5903	0	0	0	15222	0
101000	375	0	6147	0	0	0	15043	0
102000	384	0	5852	0	0	0	17167	0
103000	402	0	5811	0	0	0	15986	0
104000	512	0	5880	0	0	0	15678	0
105000	326	0	6066	0	0	0	16860	0
106000	284	0	5926	0	0	0	17120	0
107000	397	0	5803	0	0	0	15519	0
108000	410	0	5852	0	0	0	17440	0
109000	494	0	5880	0	0	0	16603	0
110000	314	0	5888	0	0	0	16528	0
111000	459	0	5872	0	0	0	15765	0
112000	591	0	5940	0	0	0	16709	0
113000	412	0	5891	0	0	0	16678	0
114000	293	0	5906	0	0	0	16567	0
115000	407	0	5784	0	0	0	16955	0
116000	382	0	6087	0	0	0	16240	0
117000	561	0	5740	0	0	0	15822	0
118000	564	0	5657	0	0	0	16199	0
119000	420	0	5951	0	0	0	16711	0
120000	386	0	5828	0	0	0	16146	0
121000	391	0	5937	0	0	0	16525	0
122000	365	0	5914	0	0	0	16977	0
123000	443	0	5808	0	0	0	16129	0
124000	530	0	5903	0	0	0	15806	0
125000	509	0	5765	0	0	0	17200	0
126000	344	0	6162	0	0	0	16320	0
127000	335	0	6093	0	0	0	16983	0
128000	572	0	5730	0	0	0	17115	0
129000	424	0	5885	0	0	0	17051	0
130000	529	0	5874	0	0	0	15870	0
131000	409	0	5851	0	0	0	15543	0
132000	481	0	5984	0	0	0	16475	0
133000	445	0	5850	0	0	0	16925	0
134000	377	0	6131	0	0	0	16728	0
135000	407	0	5928	0	0	0	17249	0
136000	640	0	5768	0	0	0	16851	0
137000	310	0	5870	0	0	0	16135	0
138000	456	0	6046	0	0	0	15444	0
139000	492	0	5903	0	0	0	15777	0
140000	398	0	5880	0	0	0	16081	0
141000	418	0	6065	0	0	0	17003	0
142000	471	0	5799	0	0	0	15859	0
143000	419	0	6040	0	0	0	16800	0
144000	397	0	5882	0	0	0	17596	0
145000	484	0	5864	0	0	0	16083	0
146000	256	0	6073	0	0	0	16246	0
147000	433	0	5984	0	0	0	16430	0
148000	532	0	5873	0	0	0	15710	0
149000	396	0	5873	0	0	0	16232	0
150000	295	0	6182	0	0	0	16732	0
151000	295	0	6133	0	0	0	16597	0
152000	489	0	5729	0	0	0	16588	0
153000	376	0	5903	0	0	0	17450	0
154000	413	0	6071	0	0	0	16742	0
155000	547	0	5776	0	0	0	16181	0
156000	481	0	5772	0	0	0	16114	0
157000	446	0	5852	0	0	0	16636	0
158000	444	0	5899	0	0	0	16686	0
159000	499	0	5828	0	0	0	17277	0
160000	303	0	5985	0	0	0	16749	0
161000	432	0	6029	0	0	0	16635	0
162000	481	0	5814	0	0	0	16929	0
163000	322	0	6093	0	0	0	16298	0
164000	496	0	5843	0	0	0	15382	0
165000	353	0	5956	0	0	0	16322	0
166000	527	0	5948	0	0	0	15105	0
167000	366	0	6140	0	0	0	16869	0
168000	345	0	6014	0	0	0	16630	0
169000	552	0	5848	0	0	0	15582	0
170000	538	0	5838	0	0	0	16061	0
171000	415	0	5795	0	0	0	16469	0
172000	493	0	5909	0	0	0	16632	0
173000	430	0	5742	0	0	0	15977	0
174000	472	0	5885	0	0	0	16719	0
175000	453	0	5974	0	0	0	17499	0
176000	486	0	5871	0	0	0	15918	0
177000	453	0	5719	0	0	0	15529	0
178000	463	0	6005	0	0	0	16162	0
179000	406	0	5945	0	0	0	16503	0
180000	528	0	5860	0	0	0	15790	0
181000	412	0	5986	0	0	0	16805	0
182000	525	0	5777	0	0	0	16084	0
183000	478	0	5632	0	0	0	16813	0
184000	269	0	5987	0	0	0	18372	0
185000	516	0	5878	0	0	0	16521	0
186000	416	0	6070	0	0	0	16527	0
187000	317	0	6065	0	0	0	17366	0
188000	332	0	6107	0	0	0	17289	0
189000	433	0	5818	0	0	0	17148	0
190000	369	0	6082	0	0	0	16262	0
191000	496	0	5849	0	0	0	16914	0
192000	427	0	6021	0	0	0	16265	0
193000	282	0	6082	0	0	0	15866	0
194000	442	0	5757	0	0	0	16822	0
195000	494	0	5942	0	0	0	16712	0
196000	374	0	6033	0	0	0	16056	0
197000	502	0	5884	0	0	0	16192	0
198000	376	0	5871	0	0	0	16650	0
199000	335	0	5873	0	0	0	16421	0
200000	320	0	6114	0	0	0	16660	0
201000	669	0	5704	0	0	0	14728	0
202000	436	0	5991	0	0	0	16520	0
203000	434	0	5922	0	0	0	16850	0
204000	307	0	5961	0	0	0	15840	0
205000	402	0	6037	0	0	0	15583	0
206000	536	0	5927	0	0	0	16091	0
207000	483	0	5819	0	0	0	15958	0
208000	588	0	5814	0	0	0	16638	0
209000	577	0	5456	0	0	0	16709	0
210000	438	0	5905	0	0	0	16579	0
211000	286	0	6173	0	0	0	16799	0
212000	528	0	5954	0	0	0	15889	0
213000	554	0	5624	0	0	0	16030	0
214000	738	0	5688	0	0	0	15080	0
215000	617	0	5713	0	0	0	16594	0
216000	518	0	5926	0	0	0	16521	0
217000	341	0	6055	0	0	0	16544	0
218000	406	0	5967	0	0	0	16583	0
219000	492	0	5831	0	0	0	16544	0
220000	336	0	5963	0	0	0	16377	0
221000	349	0	5917	0	0	0	16445	0
222000	392	0	5914	0	0	0	16362	0
223000	481	0	5997	0	0	0	16637	0
224000	424	0	5961	0	0	0	17397	0
225000	444	0	5823	0	0	0	16244	0
226000	472	0	5958	0	0	0	17189	0
227000	230	0	6066	0	0	0	16891	0
228000	492	0	5946	0	0	0	15828	0
229000	528	0	5875	0	0	0	16100	0
230000	555	0	5763	0	0	0	16533	0
231000	534	0	5692	0	0	0	15944	0
232000	473	0	6031	0	0	0	16420	0
233000	434	0	5874	0	0	0	16556	0
234000	458	0	5815	0	0	0	16498	0
235000	604	0	5725	0	0	0	16176	0
236000	446	0	5762	0	0	0	15824	0
237000	442	0	6111	0	0	0	17165	0
238000	388	0	5988	0	0	0	17084	0
239000	443	0	6087	0	0	0	16251	0
240000	486	0	5855	0	0	0	16539	0
241000	463	0	5779	0	0	0	16507	0
242000	551	0	5944	0	0	0	16374	0
243000	557	0	5956	0	0	0	16775	0
244000	460	0	5814	0	0	0	16230	0
245000	492	0	5982	0	0	0	16502	0
246000	486	0	5844	0	0	0	16316	0
247000	536	0	5867	0	0	0	16962	0
248000	446	0	5809	0	0	0	15958	0
249000	518	0	5691	0	0	0	16748	0
250000	283	0	6101	0	0	0	17381	0
251000	297	0	5914	0	0	0	17428	0
252000	539	0	5868	0	0	0	16580	0
253000	445	0	5764	0	0	0	16593	0
254000	283	0	6083	0	0	0	16864	0
255000	479	0	5984	0	0	0	16275	0
256000	364	0	6034	0	0	0	16442	0
257000	413	0	5839	0	0	0	17487	0
258000	458	0	6080	0	0	0	16098	0
259000	507	0	5756	0	0	0	16363	0
260000	385	0	5928	0	0	0	16649	0
261000	639	0	5653	0	0	0	16699	0
262000	495	0	5894	0	0	0	16071	0
263000	468	0	5805	0	0	0	15474	0
264000	409	0	5920	0	0	0	15671	0
265000	373	0	6061	0	0	0	16685	0
266000	360	0	6092	0	0	0	16055	0
267000	490	0	5941	0	0	0	15843	0
268000	440	0	5954	0	0	0	16314	0
269000	349	0	5996	0	0	0	15988	0
270000	372	0	6116	0	0	0	17167	0
271000	453	0	5908	0	0	0	17143	0
272000	545	0	5934	0	0	0	16259	0
273000	626	0	5607	0	0	0	15954	0
274000	377	0	5988	0	0	0	16871	0
275000	605	0	5664	0	0	0	15584	0
276000	357	0	6024	0	0	0	16097	0
277000	526	0	5802	0	0	0	16343	0
278000	495	0	5902	0	0	0	16303	0
279000	572	0	5598	0	0	0	15697	0
280000	382	0	5994	0	0	0	16525	0
281000	432	0	5843	0	0	0	16728	0
282000	453	0	5819	0	0	0	15833	0
283000	611	0	5796	0	0	0	16660	0
284000	489	0	5700	0	0	0	15927	0
285000	450	0	5747	0	0	0	16415	0
286000	574	0	5787	0	0	0	16121	0
287000	508	0	5651	0	0	0	16075	0
288000	403	0	5962	0	0	0	15841	0
289000	503	0	5922	0	0	0	16129	0
290000	458	0	5960	0	0	0	17092	0
291000	403	0	5945	0	0	0	16714	0
292000	350	0	6096	0	0	0	17152	0
293000	606	0	5683	0	0	0	16397	0
294000	338	0	6118	0	0	0	17132	0
295000	450	0	5944	0	0	0	15881	0
296000	544	0	5710	0	0	0	16792	0
297000	371	0	5974	0	0	0	16413	0
298000	449	0	5988	0	0	0	16169	0
299000	601	0	5867	0	0	0	15652	0
300000	537	0	5974	0	0	0	16563	0
301000	458	0	6001	0	0	0	16707	0
302000	362	0	6031	0	0	0	17270	0
303000	476	0	5843	0	0	0	16463	0
304000	450	0	5944	0	0	0	15757	0
305000	527	0	5797	0	0	0	16329	0
306000	354	0	6115	0	0	0	16311	0
307000	465	0	5925	0	0	0	15493	0
308000	489	0	5854	0	0	0	16047	0
309000	521	0	5746	0	0	0	15632	0
310000	430	0	5847	0	0	0	15945	0
311000	521	0	5747	0	0	0	16328	0
312000	410	0	5881	0	0	0	15846	0
313000	397	0	5864	0	0	0	16383	0
314000	389	0	5824	0	0	0	16328	0
315000	539	0	5997	0	0	0	16365	0
316000	316	0	6101	0	0	0	17351	0
317000	392	0	5998	0	0	0	17146	0
318000	459	0	5897	0	0	0	16059	0
319000	466	0	5775	0	0	0	16161	0
320000	507	0	5929	0	0	0	16026	0
321000	541	0	5818	0	0	0	16258	0
322000	467	0	5909	0	0	0	16962	0
323000	556	0	5782	0	0	0	16335	0
324000	655	0	5752	0	0	0	16134	0
325000	527	0	5816	0	0	0	15881	0
326000	464	0	5725	0	0	0	16505	0
327000	409	0	6065	0	0	0	16821	0
328000	496	0	5759	0	0	0	16036	0
329000	398	0	5884	0	0	0	15239	0
330000	486	0	5774	0	0	0	16757	0
331000	349	0	6006	0	0	0	16315	0
332000	502	0	5855	0	0	0	17150	0
333000	351	0	5935	0	0	0	16262	0
334000	387	0	5916	0	0	0	16540	0
335000	525	0	5901	0	0	0	16305	0
336000	465	0	5833	0	0	0	16650	0
337000	590	0	5707	0	0	0	16087	0
338000	273	0	6068	0	0	0	17703	0
339000	496	0	5774	0	0	0	16213	0
340000	451	0	5921	0	0	0	16160	0
341000	412	0	6052	0	0	0	16157	0
342000	423	0	5653	0	0	0	15577	0
343000	407	0	5915	0	0	0	16222	0
344000	409	0	5977	0	0	0	16959	0
345000	371	0	5884	0	0	0	16529	0
346000	465	0	5861	0	0	0	17031	0
347000	440	0	5953	0	0	0	16235	0
348000	465	0	6062	0	0	0	17081	0
349000	519	0	5832	0	0	0	16315	0
350000	444	0	5948	0	0	0	14887	0
351000	311	0	5851	0	0	0	16127	0
352000	474	0	5787	0	0	0	17061	0
353000	386	0	6016	0	0	0	17536	0
354000	326	0	6086	0	0	0	16897	0
355000	465	0	5779	0	0	0	16450	0
356000	723	0	5803	0	0	0	15944	0
357000	364	0	6216	0	0	0	16702	0
358000	508	0	5972	0	0	0	16853	0
359000	516	0	5807	0	0	0	15135	0
360000	491	0	5826	0	0	0	15985	0
361000	385	0	5998	0	0	0	16037	0
362000	348	0	5975	0	0	0	16714	0
363000	282	0	6062	0	0	0	17022	0
364000	455	0	5865	0	0	0	17490	0
365000	420	0	6009	0	0	0	16498	0
366000	397	0	5959	0	0	0	16237	0
367000	373	0	5921	0	0	0	16795	0
368000	453	0	5926	0	0	0	15390	0
369000	305	0	5988	0	0	0	16527	0
370000	454	0	5816	0	0	0	17006	0
371000	445	0	5938	0	0	0	16438	0
372000	353	0	6069	0	0	0	16919	0
373000	353	0	5927	0	0	0	16354	0
374000	614	0	5763	0	0	0	15867	0
375000	455	0	5796	0	0	0	16502	0
376000	625	0	5718	0	0	0	16210	0
377000	436	0	5909	0	0	0	18144	0
378000	391	0	5999	0	0	0	16240	0
379000	443	0	5949	0	0	0	16846	0
380000	434	0	6058	0	0	0	16109	0
381000	324	0	6041	0	0	0	16991	0
382000	433	0	5963	0	0	0	16038	0
383000	443	0	5903	0	0	0	17136	0
384000	488	0	5868	0	0	0	16886	0
385000	487	0	5826	0	0	0	16270	0
386000	588	0	5871	0	0	0	15966	0
387000	493	0	6035	0	0	0	16098	0
388000	386	0	5824	0	0	0	17236	0
389000	478	0	5912	0	0	0	16416	0
390000	427	0	5873	0	0	0	16101	0
391000	404	0	5961	0	0	0	16367	0
392000	364	0	5947	0	0	0	16901	0
393000	505	0	6084	0	0	0	15815	0
394000	473	0	5937	0	0	0	15723	0
395000	569	0	5690	0	0	0	16007	0
396000	489	0	5843	0	0	0	15602	0
397000	488	0	5915	0	0	0	15767	0
398000	388	0	6014	0	0	0	16803	0
399000	495	0	5908	0	0	0	16306	0
400000	455	0	5857	0	0	0	15790	0
401000	327	0	6175	0	0	0	17638	0
402000	477	0	5976	0	0	0	16348	0
403000	701	0	5637	0	0	0	15360	0
404000	379	0	6078	0	0	0	16827	0
405000	394	0	5789	0	0	0	15719	0
406000	568	0	5918	0	0	0	15979	0
407000	579	0	5763	0	0	0	16606	0
408000	514	0	5846	0	0	0	15454	0
409000	291	0	6111	0	0	0	16080	0
410000	522	0	5844	0	0	0	15996	0
411000	300	0	5946	0	0	0	15653	0
412000	380	0	5967	0	0	0	17064	0
413000	411	0	5915	0	0	0	15840	0
414000	517	0	5845	0	0	0	17157	0
415000	387	0	5925	0	0	0	17172	0
416000	543	0	5783	0	0	0	15725	0
417000	534	0	5755	0	0	0	16405	0
418000	337	0	5946	0	0	0	17300	0
419000	328	0	5890	0	0	0	17127	0
420000	403	0	5793	0	0	0	16142	0
421000	298	0	6036	0	0	0	17207	0
422000	467	0	5772	0	0	0	16406	0
423000	411	0	5925	0	0	0	15723	0
424000	450	0	5653	0	0	0	15622	0
425000	550	0	5805	0	0	0	15932	0
426000	467	0	5877	0	0	0	15934	0
427000	444	0	5789	0	0	0	15810	0
428000	408	0	5882	0	0	0	16188	0
429000	466	0	5947	0	0	0	17011	0
430000	403	0	5891	0	0	0	16480	0
431000	374	0	5948	0	0	0	16345	0
432000	351	0	5841	0	0	0	16405	0
433000	415	0	5954	0	0	0	16798	0
434000	477	0	5792	0	0	0	16155	0
435000	341	0	5971	0	0	0	16217	0
436000	598	0	5637	0	0	0	15886	0
437000	263	0	6118	0	0	0	17996	0
438000	399	0	5942	0	0	0	16241	0
439000	490	0	5737	0	0	0	16277	0
440000	446	0	5932	0	0	0	17136	0
441000	398	0	5826	0	0	0	16948	0
442000	392	0	6021	0	0	0	16404	0
443000	375	0	6084	0	0	0	15694	0
444000	506	0	5969	0	0	0	15963	0
445000	579	0	5800	0	0	0	16686	0
446000	361	0	5838	0	0	0	16641	0
447000	405	0	6001	0	0	0	16011	0
448000	546	0	5876	0	0	0	14870	0
449000	368	0	5993	0	0	0	17183	0
450000	390	0	5880	0	0	0	16878	0
451000	504	0	5886	0	0	0	15952	0
452000	403	0	5911	0	0	0	16992	0
453000	577	0	5623	0	0	0	16405	0
454000	406	0	5914	0	0	0	16409	0
455000	412	0	6039	0	0	0	17042	0
456000	404	0	5906	0	0	0	16677	0
457000	515	0	5742	0	0	0	15746	0
458000	429	0	5940	0	0	0	16417	0
459000	573	0	5595	0	0	0	16516	0
460000	280	0	6142	0	0	0	16881	0
461000	441	0	5986	0	0	0	16372	0
462000	407	0	6039	0	0	0	16086	0
463000	430	0	5913	0	0	0	15817	0
464000	384	0	5884	0	0	0	16142	0
465000	564	0	5881	0	0	0	15875	0
466000	722	0	5581	0	0	0	15172	0
467000	571	0	5798	0	0	0	15930	0
468000	487	0	5963	0	0	0	15701	0
469000	392	0	6034	0	0	0	17210	0
470000	512	0	6038	0	0	0	16715	0
471000	487	0	5880	0	0	0	16598	0
472000	477	0	5801	0	0	0	16457	0
473000	577	0	5766	0	0	0	15697	0
474000	470	0	5999	0	0	0	17396	0
475000	375	0	6089	0	0	0	15726	0
476000	561	0	5721	0	0	0	16760	0
477000	368	0	6024	0	0	0	16725	0
478000	364	0	6018	0	0	0	15777	0
479000	596	0	5738	0	0	0	16380	0
480000	567	0	5814	0	0	0	16208	0
481000	543	0	5913	0	0	0	16753	0
482000	286	0	6130	0	0	0	17031	0
483000	414	0	5954	0	0	0	16845	0
484000	463	0	5831	0	0	0	16761	0
485000	542	0	5710	0	0	0	16386	0
486000	658	0	5815	0	0	0	16007	0
487000	565	0	5921	0	0	0	15913	0
488000	377	0	6045	0	0	0	17018	0
489000	531	0	5803	0	0	0	16712	0
490000	389	0	6150	0	0	0	16951	0
491000	507	0	5817	0	0	0	16379	0
492000	502	0	5885	0	0	0	16335	0
493000	360	0	5932	0	0	0	16537	0
494000	504	0	5901	0	0	0	15883	0
495000	328	0	6047	0	0	0	17171	0
496000	615	0	5740	0	0	0	15278	0
497000	302	0	6095	0	0	0	16873	0
498000	272	0	5970	0	0	0	16362	0
499000	658	0	5885	0	0	0	16161	0
