0	0	0	0	14400	0	0	0	0
1000	41	461	617	12647	100	32	21860	191
2000	45	414	1283	11663	33	56	21418	158
3000	78	381	1581	11166	73	60	21815	281
4000	50	355	1725	11050	69	37	20793	129
5000	68	308	2119	10362	90	27	21360	273
6000	118	314	2911	9163	29	11	20589	36
7000	153	342	3775	7535	52	3	18456	78
8000	308	222	4976	4858	54	0	17064	108
9000	248	299	4841	5173	52	0	17012	36
10000	252	166	5062	4521	123	91	17649	400
11000	336	233	5239	3409	358	296	14861	953
12000	249	251	4871	3759	790	609	15035	2776
13000	267	153	5091	3770	882	186	14691	1971
14000	335	153	5449	3699	148	136	15538	437
15000	307	240	5448	3544	21	6	15502	42
16000	350	119	6049	2022	35	0	12816	66
17000	401	79	5904	2018	25	0	13574	14
18000	373	98	5856	2313	21	0	14178	26
19000	320	129	5977	2309	20	0	13998	15
20000	291	195	5762	2934	34	0	14316	36
21000	246	129	5800	3262	86	0	14630	162
22000	326	214	5847	2452	0	0	14278	4
23000	367	195	5983	1959	48	0	13559	39
24000	328	94	6141	1509	185	1	13080	205
25000	351	107	6090	1628	124	35	13983	130
26000	341	165	6273	1242	277	16	13052	554
27000	409	91	6127	851	455	261	12160	1202
28000	432	101	5962	1117	916	176	11788	1929
29000	479	99	5886	1311	843	144	12617	1930
30000	462	60	5903	747	673	193	12183	1360
31000	457	57	6110	493	117	33	11088	280
32000	334	54	6154	777	390	0	12305	547
33000	561	85	5899	737	723	4	10975	1110
34000	436	47	6069	619	426	0	10935	871
35000	753	1	5847	135	202	0	9867	378
36000	452	3	5953	203	465	0	10724	798
37000	588	4	5944	107	502	0	10299	1039
38000	395	11	6289	197	575	0	11860	989
39000	549	0	6008	0	645	0	9576	740
40000	470	0	6079	0	1022	0	10650	1660
41000	385	0	6071	0	1677	0	9783	3261
42000	573	0	6001	0	1088	0	10105	2106
43000	492	0	6027	0	381	0	9729	1121
44000	445	0	5927	0	128	0	9897	226
45000	483	0	5927	0	331	0	9552	714
46000	607	0	5760	0	172	0	9437	337
47000	471	0	5979	0	17	0	9644	105
48000	614	0	5934	0	0	0	10389	0
49000	590	0	5726	0	0	0	9667	0
50000	539	0	5850	0	0	0	9783	0
51000	528	0	5816	0	0	0	9624	0
52000	425	0	5966	0	0	0	10656	0
53000	914	0	5457	0	0	0	9524	0
54000	434	0	5971	0	0	0	9726	0
55000	403	0	5922	0	0	0	10485	0
56000	511	0	5942	0	0	0	9776	0
57000	558	0	5867	0	0	0	10273	0
58000	657	0	5734	0	0	0	9362	0
59000	494	0	5908	0	0	0	9856	0
60000	385	0	6018	0	0	0	10443	0
61000	515	0	5697	0	0	0	9617	0
62000	447	0	5955	0	0	0	10306	0
63000	728	0	5621	0	0	0	9484	0
64000	538	0	5787	0	0	0	10097	0
65000	607	0	5683	0	0	0	10536	0
66000	594	0	5564	0	0	0	9417	0
67000	525	0	5864	0	0	0	9948	0
68000	564	0	5848	0	0	0	9784	0
69000	590	0	5756	0	0	0	10438	0
70000	541	0	5836	0	0	0	8983	0
71000	480	0	5930	0	0	0	10501	0
72000	837	0	5666	0	0	0	8992	0
73000	926	0	5461	0	0	0	9348	0
74000	376	0	5996	0	0	0	9786	0
75000	661	0	5763	0	0	0	8948	0
76000	557	0	5702	0	0	0	9606	0
77000	631	0	5676	0	0	0	9630	0
78000	584	0	5860	0	0	0	9784	0
79000	388	0	6057	0	0	0	9693	0
80000	747	0	5634	0	0	0	9384	0
81000	492	0	5930	0	0	0	9925	0
82000	363	0	5834	0	0	0	10145	0
83000	583	0	5750	0	0	0	10362	0
84000	621	0	5841	0	0	0	10165	0
85000	637	0	5789	0	0	0	9391	0
86000	603	0	5770	0	0	0	9470	0
87000	385	0	5898	0	0	0	10025	0
88000	397	0	5905	0	0	0	9657	0
89000	556	0	5782	0	0	0	10073	0
90000	622	0	5699	0	0	0	9475	0
91000	570	0	5655	0	0	0	9915	0
92000	418	0	5956	0	0	0	9705	0
93000	343	0	5963	0	0	0	9842	0
94000	551	0	5862	0	0	0	10161	0
95000	533	0	5980	0	0	0	9329	0
96000	505	0	5921	0	0	0	9580	0
97000	311	0	6106	0	0	0	10328	0
98000	537	0	5828	0	0	0	10738	0
99000	532	0	5707	0	0	0	9592	0
100000	473	0	5993	0	0	0	9977	0
101000	501	0	5888	0	0	0	10114	0
102000	486	0	5816	0	0	0	9978	0
103000	426	0	5882	0	0	0	9940	0
104000	407	0	6069	0	0	0	9895	0
105000	403	0	6104	0	0	0	10025	0
106000	517	0	5739	0	0	0	9937	0
107000	284	0	6032	0	0	0	10725	0
108000	539	0	5823	0	0	0	9417	0
109000	456	0	5927	0	0	0	10070	0
110000	611	0	5674	0	0	0	9325	0
111000	447	0	5888	0	0	0	10005	0
112000	654	0	5801	0	0	0	9535	0
113000	677	0	5785	0	0	0	9029	0
114000	584	0	5906	0	0	0	10200	0
115000	499	0	5909	0	0	0	8811	0
116000	504	0	5815	0	0	0	9887	0
117000	422	0	5819	0	0	0	9805	0
118000	494	0	5818	0	0	0	9848	0
119000	485	0	5780	0	0	0	10562	0
120000	542	0	5774	0	0	0	10374	0
121000	524	0	5784	0	0	0	10114	0
122000	412	0	5860	0	0	0	9666	0
123000	563	0	5753	0	0	0	9748	0
124000	564	0	5699	0	0	0	9530	0
125000	534	0	5861	0	0	0	10100	0
126000	509	0	5837	0	0	0	9565	0
127000	526	0	5834	0	0	0	9786	0
128000	716	0	5679	0	0	0	9190	0
129000	440	0	6127	0	0	0	9435	0
130000	664	0	5714	0	0	0	10313	0
131000	411	0	5923	0	0	0	9960	0
132000	619	0	5661	0	0	0	9620	0
133000	340	0	5953	0	0	0	10170	0
134000	566	0	5747	0	0	0	10162	0
135000	464	0	5729	0	0	0	9887	0
136000	502	0	5755	0	0	0	10704	0
137000	461	0	5907	0	0	0	9581	0
138000	639	0	5648	0	0	0	9922	0
139000	372	0	6073	0	0	0	10821	0
140000	390	0	6061	0	0	0	10272	0
141000	566	0	5765	0	0	0	9852	0
142000	390	0	5935	0	0	0	10024	0
143000	562	0	5821	0	0	0	9679	0
144000	595	0	5720	0	0	0	9604	0
145000	504	0	5899	0	0	0	9843	0
146000	432	0	5915	0	0	0	10655	0
147000	513	0	5817	0	0	0	10083	0
148000	419	0	5859	0	0	0	10032	0
149000	695	0	5655	0	0	0	9324	0
150000	540	0	5833	0	0	0	10128	0
151000	593	0	5741	0	0	0	9962	0
152000	605	0	5636	0	0	0	10063	0
153000	639	0	5613	0	0	0	9801	0
154000	472	0	5778	0	0	0	9726	0
155000	447	0	5892	0	0	0	9536	0
156000	423	0	5899	0	0	0	9817	0
157000	315	0	5911	0	0	0	10554	0
158000	492	0	5989	0	0	0	10095	0
159000	547	0	5925	0	0	0	9239	0
160000	597	0	5786	0	0	0	9639	0
161000	606	0	5675	0	0	0	9420	0
162000	465	0	5842	0	0	0	9617	0
163000	383	0	6009	0	0	0	9686	0
164000	495	0	5844	0	0	0	9309	0
165000	463	0	5803	0	0	0	10249	0
166000	696	0	5742	0	0	0	8881	0
167000	539	0	5887	0	0	0	9764	0
168000	478	0	5926	0	0	0	9495	0
169000	507	0	5727	0	0	0	10202	0
170000	610	0	5771	0	0	0	9347	0
171000	567	0	5722	0	0	0	9141	0
172000	428	0	6017	0	0	0	9778	0
173000	438	0	5917	0	0	0	9856	0
174000	546	0	5691	0	0	0	10718	0
175000	394	0	5902	0	0	0	10479	0
176000	505	0	5859	0	0	0	9878	0
177000	536	0	5842	0	0	0	10051	0
178000	567	0	5673	0	0	0	9420	0
179000	553	0	5942	0	0	0	9580	0
180000	502	0	5794	0	0	0	10313	0
181000	587	0	5785	0	0	0	9409	0
182000	609	0	5786	0	0	0	9712	0
183000	531	0	5753	0	0	0	9590	0
184000	709	0	5815	0	0	0	10233	0
185000	623	0	5584	0	0	0	9511	0
186000	564	0	5795	0	0	0	9841	0
187000	642	0	5770	0	0	0	9010	0
188000	518	0	5802	0	0	0	9747	0
189000	612	0	5828	0	0	0	9813	0
190000	677	0	5665	0	0	0	9537	0
191000	410	0	5861	0	0	0	10208	0
192000	507	0	5738	0	0	0	10404	0
193000	462	0	5899	0	0	0	10246	0
194000	429	0	5947	0	0	0	10442	0
195000	477	0	5909	0	0	0	9432	0
196000	608	0	5541	0	0	0	9770	0
197000	379	0	5849	0	0	0	10310	0
198000	388	0	6038	0	0	0	10037	0
199000	326	0	6156	0	0	0	9996	0
200000	536	0	5780	0	0	0	9501	0
201000	659	0	5735	0	0	0	9647	0
202000	568	0	5958	0	0	0	9856	0
203000	550	0	5922	0	0	0	9596	0
204000	611	0	5840	0	0	0	9966	0
205000	594	0	5871	0	0	0	9360	0
206000	564	0	5689	0	0	0	9947	0
207000	450	0	5704	0	0	0	10574	0
208000	437	0	6039	0	0	0	9985	0
209000	372	0	5936	0	0	0	10960	0
210000	445	0	5897	0	0	0	10000	0
211000	643	0	5724	0	0	0	10262	0
212000	412	0	6012	0	0	0	10852	0
213000	765	0	5469	0	0	0	8729	0
214000	625	0	5637	0	0	0	9375	0
215000	559	0	5937	0	0	0	9427	0
216000	587	0	5657	0	0	0	8898	0
217000	404	0	5979	0	0	0	9968	0
218000	476	0	5684	0	0	0	9926	0
219000	715	0	5763	0	0	0	10026	0
220000	491	0	5907	0	0	0	9760	0
221000	488	0	5853	0	0	0	10564	0
222000	462	0	5669	0	0	0	9861	0
223000	462	0	5793	0	0	0	9829	0
224000	589	0	5691	0	0	0	10308	0
225000	461	0	5790	0	0	0	9598	0
226000	481	0	5798	0	0	0	10041	0
227000	533	0	5967	0	0	0	10044	0
228000	480	0	5991	0	0	0	10080	0
229000	439	0	5919	0	0	0	10410	0
230000	476	0	5787	0	0	0	9984	0
231000	603	0	5732	0	0	0	10551	0
232000	497	0	5843	0	0	0	9770	0
233000	700	0	5660	0	0	0	9910	0
234000	551	0	5857	0	0	0	9960	0
235000	346	0	5969	0	0	0	9497	0
236000	523	0	5779	0	0	0	9421	0
237000	580	0	5778	0	0	0	8809	0
238000	798	0	5554	0	0	0	9151	0
239000	553	0	5631	0	0	0	9386	0
240000	600	0	5866	0	0	0	9618	0
241000	576	0	5805	0	0	0	10119	0
242000	490	0	5771	0	0	0	9585	0
243000	552	0	5736	0	0	0	9781	0
244000	620	0	5642	0	0	0	9504	0
245000	445	0	5815	0	0	0	9872	0
246000	537	0	5946	0	0	0	9598	0
247000	344	0	6112	0	0	0	9853	0
248000	475	0	5995	0	0	0	10218	0
249000	565	0	5703	0	0	0	9640	0
250000	547	0	5925	0	0	0	10384	0
251000	559	0	5955	0	0	0	9415	0
252000	562	0	5798	0	0	0	9810	0
253000	415	0	5954	0	0	0	9892	0
254000	611	0	5737	0	0	0	9569	0
255000	603	0	5716	0	0	0	9523	0
256000	708	0	5777	0	0	0	9458	0
257000	534	0	5682	0	0	0	10055	0
258000	418	0	5872	0	0	0	10372	0
259000	410	0	6110	0	0	0	10221	0
260000	711	0	5614	0	0	0	9284	0
261000	617	0	5701	0	0	0	9280	0
262000	449	0	5943	0	0	0	10172	0
263000	257	0	6190	0	0	0	10296	0
264000	552	0	5862	0	0	0	9800	0
265000	529	0	5877	0	0	0	9981	0
266000	473	0	5896	0	0	0	10459	0
267000	490	0	5841	0	0	0	9806	0
268000	356	0	5966	0	0	0	9500	0
269000	659	0	5747	0	0	0	9908	0
270000	419	0	5852	0	0	0	10012	0
271000	558	0	5895	0	0	0	9607	0
272000	531	0	5831	0	0	0	9829	0
273000	561	0	5830	0	0	0	9421	0
274000	542	0	5876	0	0	0	10236	0
275000	466	0	5903	0	0	0	10310	0
276000	566	0	5831	0	0	0	9607	0
277000	421	0	5926	0	0	0	9719	0
278000	549	0	5880	0	0	0	9382	0
279000	531	0	5827	0	0	0	9947	0
280000	542	0	5872	0	0	0	9692	0
281000	418	0	5968	0	0	0	9748	0
282000	707	0	5729	0	0	0	9984	0
283000	611	0	5720	0	0	0	10610	0
284000	365	0	5957	0	0	0	9515	0
285000	506	0	5862	0	0	0	9759	0
286000	533	0	5666	0	0	0	10183	0
287000	561	0	5819	0	0	0	10111	0
288000	591	0	5792	0	0	0	9587	0
289000	738	0	5452	0	0	0	9468	0
290000	633	0	5648	0	0	0	9623	0
291000	438	0	5816	0	0	0	10319	0
292000	506	0	5945	0	0	0	9089	0
293000	680	0	5761	0	0	0	9382	0
294000	735	0	5563	0	0	0	9931	0
295000	696	0	5666	0	0	0	9982	0
296000	479	0	5859	0	0	0	10762	0
297000	356	0	6082	0	0	0	10085	0
298000	667	0	5623	0	0	0	9803	0
299000	537	0	5955	0	0	0	10487	0
300000	598	0	5865	0	0	0	9805	0
301000	431	0	5789	0	0	0	10209	0
302000	659	0	5734	0	0	0	9442	0
303000	396	0	5970	0	0	0	10132	0
304000	413	0	5986	0	0	0	10360	0
305000	371	0	6030	0	0	0	9962	0
306000	436	0	5863	0	0	0	9714	0
307000	713	0	5570	0	0	0	9571	0
308000	433	0	5933	0	0	0	9323	0
309000	324	0	5920	0	0	0	9761	0
310000	578	0	5787	0	0	0	8833	0
311000	641	0	5676	0	0	0	9259	0
312000	545	0	5903	0	0	0	9884	0
313000	735	0	5724	0	0	0	9056	0
314000	512	0	5710	0	0	0	9543	0
315000	582	0	5750	0	0	0	9686	0
316000	446	0	5973	0	0	0	10340	0
317000	634	0	5559	0	0	0	9612	0
318000	467	0	5879	0	0	0	8974	0
319000	458	0	5737	0	0	0	9812	0
320000	431	0	5857	0	0	0	10218	0
321000	463	0	5788	0	0	0	9403	0
322000	558	0	5746	0	0	0	9851	0
323000	895	0	5471	0	0	0	9222	0
324000	571	0	5836	0	0	0	9276	0
325000	475	0	5958	0	0	0	10073	0
326000	637	0	5776	0	0	0	8740	0
327000	452	0	5878	0	0	0	10580	0
328000	416	0	5872	0	0	0	10218	0
329000	657	0	5631	0	0	0	9769	0
330000	648	0	5626	0	0	0	8732	0
331000	474	0	5824	0	0	0	9855	0
332000	705	0	5641	0	0	0	9806	0
333000	452	0	5873	0	0	0	9468	0
334000	610	0	5587	0	0	0	10091	0
335000	505	0	5755	0	0	0	9789	0
336000	382	0	6059	0	0	0	10023	0
337000	731	0	5674	0	0	0	9180	0
338000	629	0	5621	0	0	0	9400	0
339000	539	0	5792	0	0	0	10094	0
340000	539	0	5936	0	0	0	10703	0
341000	564	0	5666	0	0	0	9733	0
342000	662	0	5668	0	0	0	9527	0
343000	449	0	5936	0	0	0	10103	0
344000	540	0	5831	0	0	0	10761	0
345000	242	0	6131	0	0	0	10141	0
346000	559	0	5742	0	0	0	9236	0
347000	702	0	5675	0	0	0	10018	0
348000	327	0	5938	0	0	0	10044	0
349000	397	0	6108	0	0	0	10297	0
350000	597	0	5550	0	0	0	9348	0
351000	633	0	5714	0	0	0	9900	0
352000	495	0	5930	0	0	0	10215	0
353000	425	0	5915	0	0	0	10253	0
354000	757	0	5632	0	0	0	9442	0
355000	656	0	5615	0	0	0	9563	0
356000	421	0	5873	0	0	0	10246	0
357000	575	0	5717	0	0	0	9881	0
358000	520	0	5784	0	0	0	9999	0
359000	620	0	5665	0	0	0	8992	0
360000	556	0	5876	0	0	0	10099	0
361000	882	0	5570	0	0	0	9337	0
362000	522	0	5882	0	0	0	10658	0
363000	480	0	5855	0	0	0	9996	0
364000	629	0	5870	0	0	0	9950	0
365000	520	0	5678	0	0	0	9766	0
366000	794	0	5525	0	0	0	9185	0
367000	642	0	5551	0	0	0	9558	0
368000	669	0	5621	0	0	0	9457	0
369000	463	0	5838	0	0	0	9445	0
370000	572	0	5792	0	0	0	9950	0
371000	767	0	5689	0	0	0	9191	0
372000	452	0	6065	0	0	0	9531	0
373000	672	0	5724	0	0	0	9673	0
374000	513	0	5759	0	0	0	10499	0
375000	579	0	5810	0	0	0	9632	0
376000	438	0	5882	0	0	0	10225	0
377000	473	0	6070	0	0	0	10607	0
378000	369	0	5812	0	0	0	10725	0
379000	525	0	5701	0	0	0	10509	0
380000	469	0	5899	0	0	0	9804	0
381000	510	0	5882	0	0	0	10050	0
382000	454	0	5911	0	0	0	10090	0
383000	633	0	5567	0	0	0	10070	0
384000	351	0	6036	0	0	0	10227	0
385000	462	0	5874	0	0	0	10120	0
386000	354	0	5861	0	0	0	9840	0
387000	667	0	5652	0	0	0	8910	0
388000	570	0	5840	0	0	0	10045	0
389000	563	0	5774	0	0	0	10480	0
390000	548	0	5785	0	0	0	9738	0
391000	553	0	5875	0	0	0	9615	0
392000	581	0	5893	0	0	0	9154	0
393000	645	0	5647	0	0	0	9625	0
394000	422	0	5925	0	0	0	9378	0
395000	649	0	5646	0	0	0	8579	0
396000	695	0	5769	0	0	0	9156	0
397000	671	0	5779	0	0	0	9401	0
398000	427	0	6024	0	0	0	10386	0
399000	524	0	5757	0	0	0	9597	0
400000	456	0	5870	0	0	0	10414	0
401000	432	0	6000	0	0	0	9967	0
402000	696	0	5578	0	0	0	10613	0
403000	581	0	5671	0	0	0	9826	0
404000	523	0	6009	0	0	0	9889	0
405000	594	0	5739	0	0	0	10509	0
406000	490	0	5876	0	0	0	9135	0
407000	403	0	5950	0	0	0	9533	0
408000	526	0	5907	0	0	0	9994	0
409000	406	0	5945	0	0	0	10641	0
410000	573	0	5761	0	0	0	9254	0
411000	607	0	5694	0	0	0	10167	0
412000	750	0	5602	0	0	0	9273	0
413000	419	0	5782	0	0	0	9528	0
414000	493	0	5832	0	0	0	10363	0
415000	681	0	5682	0	0	0	8828	0
416000	361	0	5884	0	0	0	9951	0
417000	538	0	5882	0	0	0	9511	0
418000	476	0	5908	0	0	0	10010	0
419000	621	0	5898	0	0	0	9082	0
420000	469	0	5928	0	0	0	9593	0
421000	611	0	5680	0	0	0	9086	0
422000	580	0	5672	0	0	0	10302	0
423000	471	0	5901	0	0	0	9983	0
424000	437	0	5866	0	0	0	11315	0
425000	446	0	5864	0	0	0	9758	0
426000	519	0	5816	0	0	0	9422	0
427000	474	0	5675	0	0	0	9601	0
428000	440	0	5825	0	0	0	10139	0
429000	735	0	5609	0	0	0	9095	0
430000	464	0	5856	0	0	0	11002	0
431000	377	0	6025	0	0	0	9730	0
432000	738	0	5507	0	0	0	9324	0
433000	631	0	5646	0	0	0	9413	0
434000	576	0	5896	0	0	0	9969	0
435000	415	0	6008	0	0	0	9456	0
436000	641	0	5754	0	0	0	10051	0
437000	478	0	5831	0	0	0	10493	0
438000	537	0	5752	0	0	0	10330	0
439000	542	0	5849	0	0	0	9966	0
440000	494	0	5805	0	0	0	10096	0
441000	474	0	5911	0	0	0	9916	0
442000	520	0	5866	0	0	0	9796	0
443000	417	0	5899	0	0	0	11107	0
444000	576	0	5710	0	0	0	9698	0
445000	437	0	5985	0	0	0	9599	0
446000	564	0	5781	0	0	0	9458	0
447000	653	0	5667	0	0	0	10190	0
448000	578	0	6047	0	0	0	9984	0
449000	536	0	5840	0	0	0	9164	0
450000	668	0	5594	0	0	0	9881	0
451000	561	0	5873	0	0	0	9942	0
452000	488	0	5766	0	0	0	9734	0
453000	419	0	5907	0	0	0	9656	0
454000	503	0	6021	0	0	0	9978	0
455000	531	0	5871	0	0	0	9509	0
456000	362	0	6001	0	0	0	10278	0
457000	558	0	5881	0	0	0	10408	0
458000	786	0	5600	0	0	0	9813	0
459000	609	0	5639	0	0	0	8669	0
460000	568	0	5723	0	0	0	9415	0
461000	449	0	5945	0	0	0	9923	0
462000	454	0	5929	0	0	0	9354	0
463000	559	0	5770	0	0	0	10066	0
464000	507	0	5811	0	0	0	10280	0
465000	568	0	5747	0	0	0	9121	0
466000	515	0	5935	0	0	0	9569	0
467000	586	0	5892	0	0	0	9554	0
468000	565	0	5805	0	0	0	9345	0
469000	566	0	5697	0	0	0	10189	0
470000	445	0	6003	0	0	0	10776	0
471000	488	0	5821	0	0	0	9486	0
472000	473	0	5988	0	0	0	9984	0
473000	507	0	5771	0	0	0	10130	0
474000	599	0	5786	0	0	0	9958	0
475000	635	0	5635	0	0	0	9260	0
476000	535	0	5594	0	0	0	10392	0
477000	608	0	5859	0	0	0	10388	0
478000	505	0	5773	0	0	0	10172	0
479000	637	0	5768	0	0	0	9533	0
480000	256	0	6136	0	0	0	9573	0
481000	617	0	5759	0	0	0	9389	0
482000	428	0	5999	0	0	0	9603	0
483000	476	0	5798	0	0	0	10308	0
484000	559	0	5802	0	0	0	9218	0
485000	518	0	5679	0	0	0	9533	0
486000	916	0	5370	0	0	0	9329	0
487000	624	0	5829	0	0	0	9201	0
488000	478	0	5926	0	0	0	10801	0
489000	639	0	5669	0	0	0	10651	0
490000	479	0	5648	0	0	0	10016	0
491000	745	0	5597	0	0	0	9403	0
492000	620	0	5717	0	0	0	9675	0
493000	703	0	5536	0	0	0	8871	0
494000	376	0	5777	0	0	0	10429	0
495000	592	0	5721	0	0	0	9451	0
496000	618	0	5670	0	0	0	9849	0
497000	457	0	5765	0	0	0	9044	0
498000	677	0	5652	0	0	0	9956	0
499000	542	0	5770	0	0	0	9857	0
