0	0	0	0	14400	0	0	0	0
1000	52	1593	554	11550	79	74	33882	459
2000	169	1336	1124	10774	35	97	34441	423
3000	181	995	1465	10498	0	171	35888	395
4000	241	888	1890	9909	2	109	35715	311
5000	158	734	1818	10361	8	106	36176	356
6000	236	751	1895	10069	32	82	35270	385
7000	175	776	2228	9604	17	106	34193	196
8000	181	597	2587	9087	0	111	32484	246
9000	213	627	2721	8852	0	21	33855	86
10000	149	738	3003	8404	61	16	33292	287
11000	198	550	3205	8148	0	0	33288	3
12000	237	400	3244	8151	28	89	33993	408
13000	214	536	3534	7755	0	54	31507	86
14000	208	563	3364	7855	0	25	31686	145
15000	155	547	2869	8832	0	52	34120	107
16000	273	467	3280	8007	0	53	33473	95
17000	217	642	3294	7847	0	203	31369	534
18000	212	596	3465	7564	27	226	31224	922
19000	277	484	3672	7039	9	292	30930	855
20000	291	383	3787	6727	122	335	29957	1414
21000	287	360	4182	5905	61	469	29424	1879
22000	199	408	4140	6515	76	172	31557	929
23000	212	392	4162	6284	124	265	29881	993
24000	373	311	4235	5570	203	475	27799	1742
25000	333	390	4423	5187	158	584	27978	2246
26000	292	574	4216	5509	112	592	29135	2027
27000	255	482	4012	5936	24	905	26215	2661
28000	260	442	4081	5938	155	597	28133	2201
29000	300	420	4526	5321	103	262	28593	1292
30000	468	351	4532	5146	74	64	29219	538
31000	382	182	5107	4406	71	124	28475	960
32000	226	247	5350	4233	0	49	27758	352
33000	454	186	5346	3474	0	215	26547	523
34000	404	252	5696	2915	57	131	24861	821
35000	346	184	5807	2581	1	151	23873	531
36000	506	147	5829	2319	0	0	22890	82
37000	433	206	5884	2093	27	0	23599	28
38000	581	116	6041	1901	0	0	22537	22
39000	477	25	5947	1334	104	0	21561	311
40000	494	36	5914	500	69	0	20036	165
41000	572	81	6054	682	0	0	19274	2
42000	516	90	5942	1450	0	0	21840	1
43000	391	152	6038	1332	36	0	21587	178
44000	417	85	6160	1345	8	0	21608	90
45000	660	35	5839	1006	0	0	20387	12
46000	580	79	5838	719	0	0	19873	4
47000	512	21	5920	434	239	1	19331	464
48000	439	120	6093	919	11	78	20352	369
49000	434	51	6132	1267	0	0	21279	17
50000	528	50	6058	808	38	0	20712	117
51000	712	63	5846	587	0	0	17632	32
52000	661	73	5861	418	77	0	19924	139
53000	848	10	5676	98	188	1	16491	595
54000	762	13	5663	153	245	0	17237	517
55000	612	10	5883	205	284	76	18050	1299
56000	448	71	6015	285	240	0	17861	438
57000	479	83	5991	194	390	0	19301	1060
58000	571	1	5904	69	560	34	18409	1549
59000	421	11	6043	225	273	0	18329	1253
60000	511	9	5939	191	48	0	16963	218
61000	564	59	5836	351	156	0	18945	448
62000	509	172	5883	967	0	0	19986	12
63000	338	133	6188	1279	40	12	21505	157
64000	473	81	6049	750	63	0	19599	218
65000	507	71	6071	345	33	1	18567	197
66000	573	70	5878	287	0	0	17518	1
67000	853	0	5486	105	0	0	16653	6
68000	583	0	5918	0	0	0	17138	0
69000	671	0	5632	0	0	0	15899	0
70000	446	0	5931	0	0	0	16934	0
71000	662	0	5669	0	0	0	16486	0
72000	675	0	5595	0	0	0	16246	0
73000	737	0	5719	0	0	0	16715	0
74000	740	0	5718	0	0	0	16344	0
75000	594	0	5694	0	0	0	17613	0
76000	727	0	5448	0	0	0	15964	0
77000	545	0	5815	0	0	0	16728	0
78000	636	0	5651	0	0	0	15760	0
79000	495	0	5920	0	0	0	16773	0
80000	768	0	5623	0	0	0	17311	0
81000	563	0	5804	0	0	0	17422	0
82000	409	0	6152	0	0	0	15960	0
83000	437	0	5890	0	0	0	15255	0
84000	585	0	5819	0	0	0	17414	0
85000	472	0	5774	0	0	0	17209	0
86000	900	0	5396	0	0	0	15860	0
87000	813	0	5514	0	0	0	15975	0
88000	711	0	5588	0	0	0	16449	0
89000	423	0	5773	0	0	0	16937	0
90000	718	0	5544	0	0	0	17140	0
91000	805	0	5469	0	0	0	14575	0
92000	709	0	5654	0	0	0	16947	0
93000	609	0	5822	0	0	0	17116	0
94000	551	0	5807	0	0	0	18122	0
95000	660	0	5648	0	0	0	17960	0
96000	500	0	5720	0	0	0	16663	0
97000	592	0	5677	0	0	0	15350	0
98000	732	0	5617	0	0	0	16498	0
99000	541	0	5821	0	0	0	16043	0
100000	802	0	5634	0	0	0	16617	0
101000	603	0	5816	0	0	0	16668	0
102000	579	0	5752	0	0	0	17640	0
103000	498	0	5816	0	0	0	17460	0
104000	589	0	5740	0	0	0	16744	0
105000	492	0	5750	0	0	0	16744	0
106000	655	0	5827	0	0	0	16743	0
107000	587	0	5754	0	0	0	16085	0
108000	482	0	5919	0	0	0	17341	0
109000	652	0	5687	0	0	0	17051	0
110000	684	0	5615	0	0	0	17525	0
111000	819	0	5475	0	0	0	15927	0
112000	792	0	5483	0	0	0	15850	0
113000	711	0	5635	0	0	0	17051	0
114000	513	0	5862	0	0	0	16698	0
115000	655	0	5762	0	0	0	16969	0
116000	803	0	5697	0	0	0	16255	0
117000	552	0	5800	0	0	0	17285	0
118000	807	0	5500	0	0	0	16960	0
119000	603	0	5663	0	0	0	16706	0
120000	577	0	5617	0	0	0	15896	0
121000	1017	0	5260	0	0	0	14953	0
122000	653	0	5624	0	0	0	15678	0
123000	749	0	5728	0	0	0	15588	0
124000	638	0	5767	0	0	0	16310	0
125000	830	0	5535	0	0	0	15616	0
126000	557	0	5715	0	0	0	17415	0
127000	853	0	5549	0	0	0	16175	0
128000	603	0	5838	0	0	0	16433	0
129000	561	0	5687	0	0	0	16358	0
130000	700	0	5604	0	0	0	16095	0
131000	728	0	5628	0	0	0	17195	0
132000	523	0	5831	0	0	0	16860	0
133000	810	0	5636	0	0	0	15872	0
134000	433	0	5851	0	0	0	16398	0
135000	501	0	5592	0	0	0	16588	0
136000	779	0	5421	0	0	0	15319	0
137000	553	0	5908	0	0	0	16355	0
138000	822	0	5520	0	0	0	15383	0
139000	650	0	5633	0	0	0	16233	0
140000	729	0	5641	0	0	0	16630	0
141000	612	0	5667	0	0	0	17965	0
142000	563	0	5720	0	0	0	15995	0
143000	838	0	5481	0	0	0	15759	0
144000	572	0	5620	0	0	0	16838	0
145000	464	0	5944	0	0	0	15876	0
146000	590	0	5735	0	0	0	16836	0
147000	791	0	5536	0	0	0	16489	0
148000	628	0	5735	0	0	0	17040	0
149000	786	0	5684	0	0	0	16573	0
150000	605	0	5761	0	0	0	17133	0
151000	622	0	5543	0	0	0	16729	0
152000	686	0	5448	0	0	0	17174	0
153000	410	0	5944	0	0	0	16455	0
154000	647	0	5832	0	0	0	16749	0
155000	604	0	5734	0	0	0	16441	0
156000	737	0	5612	0	0	0	16420	0
157000	786	0	5510	0	0	0	15541	0
158000	596	0	5663	0	0	0	16433	0
159000	537	0	5821	0	0	0	17822	0
160000	547	0	5762	0	0	0	16716	0
161000	630	0	5853	0	0	0	16409	0
162000	769	0	5335	0	0	0	15626	0
163000	643	0	5695	0	0	0	15646	0
164000	346	0	5949	0	0	0	17455	0
165000	464	0	5875	0	0	0	16795	0
166000	597	0	5553	0	0	0	15630	0
167000	645	0	5833	0	0	0	16903	0
168000	423	0	5869	0	0	0	17442	0
169000	563	0	5828	0	0	0	17328	0
170000	573	0	5824	0	0	0	16654	0
171000	703	0	5611	0	0	0	15820	0
172000	753	0	5536	0	0	0	14998	0
173000	766	0	5614	0	0	0	16344	0
174000	502	0	5953	0	0	0	17303	0
175000	688	0	5581	0	0	0	16945	0
176000	682	0	5650	0	0	0	16385	0
177000	700	0	5728	0	0	0	15591	0
178000	555	0	5683	0	0	0	16941	0
179000	626	0	5633	0	0	0	16552	0
180000	635	0	5696	0	0	0	16131	0
181000	708	0	5656	0	0	0	16213	0
182000	486	0	5849	0	0	0	16422	0
183000	902	0	5347	0	0	0	15354	0
184000	737	0	5640	0	0	0	16728	0
185000	528	0	5821	0	0	0	16508	0
186000	688	0	5763	0	0	0	16396	0
187000	637	0	5841	0	0	0	16307	0
188000	596	0	5862	0	0	0	16419	0
189000	918	0	5484	0	0	0	16551	0
190000	730	0	5751	0	0	0	16496	0
191000	529	0	5979	0	0	0	16969	0
192000	741	0	5610	0	0	0	16634	0
193000	655	0	5667	0	0	0	16993	0
194000	725	0	5863	0	0	0	16029	0
195000	635	0	5720	0	0	0	16494	0
196000	474	0	5889	0	0	0	17071	0
197000	597	0	5669	0	0	0	16566	0
198000	806	0	5509	0	0	0	15742	0
199000	530	0	5684	0	0	0	16941	0
200000	467	0	5894	0	0	0	17136	0
201000	667	0	5747	0	0	0	16513	0
202000	626	0	5904	0	0	0	17707	0
203000	542	0	5775	0	0	0	16541	0
204000	581	0	5561	0	0	0	16985	0
205000	624	0	5807	0	0	0	16484	0
206000	662	0	5729	0	0	0	16867	0
207000	585	0	5881	0	0	0	16573	0
208000	955	0	5290	0	0	0	16176	0
209000	569	0	5863	0	0	0	16881	0
210000	684	0	5721	0	0	0	16319	0
211000	664	0	5590	0	0	0	15800	0
212000	682	0	5608	0	0	0	15931	0
213000	423	0	5883	0	0	0	17454	0
214000	635	0	5568	0	0	0	16578	0
215000	710	0	5598	0	0	0	16714	0
216000	596	0	5610	0	0	0	16796	0
217000	653	0	5577	0	0	0	17577	0
218000	638	0	5583	0	0	0	16859	0
219000	701	0	5620	0	0	0	16301	0
220000	787	0	5652	0	0	0	16023	0
221000	477	0	5859	0	0	0	17526	0
222000	499	0	5849	0	0	0	16665	0
223000	858	0	5453	0	0	0	14992	0
224000	783	0	5506	0	0	0	16530	0
225000	641	0	5652	0	0	0	16827	0
226000	710	0	5437	0	0	0	16724	0
227000	617	0	5715	0	0	0	17795	0
228000	573	0	5697	0	0	0	17559	0
229000	676	0	5605	0	0	0	15785	0
230000	824	0	5686	0	0	0	16757	0
231000	460	0	5863	0	0	0	17921	0
232000	569	0	5771	0	0	0	16606	0
233000	640	0	5693	0	0	0	16043	0
234000	586	0	5864	0	0	0	17053	0
235000	994	0	5636	0	0	0	16712	0
236000	623	0	5695	0	0	0	16389	0
237000	661	0	5724	0	0	0	15983	0
238000	847	0	5510	0	0	0	16132	0
239000	632	0	5823	0	0	0	15895	0
240000	717	0	5505	0	0	0	16841	0
241000	622	0	5759	0	0	0	15934	0
242000	639	0	5812	0	0	0	17634	0
243000	759	0	5682	0	0	0	17304	0
244000	562	0	5807	0	0	0	16987	0
245000	655	0	5559	0	0	0	16083	0
246000	820	0	5619	0	0	0	16601	0
247000	675	0	5543	0	0	0	16137	0
248000	596	0	5813	0	0	0	16425	0
249000	650	0	5744	0	0	0	17005	0
250000	505	0	5846	0	0	0	17062	0
251000	491	0	5915	0	0	0	17633	0
252000	880	0	5280	0	0	0	15810	0
253000	652	0	5792	0	0	0	16783	0
254000	623	0	5755	0	0	0	15884	0
255000	665	0	5702	0	0	0	17051	0
256000	423	0	5838	0	0	0	17932	0
257000	667	0	5546	0	0	0	16308	0
258000	764	0	5504	0	0	0	15183	0
259000	700	0	5570	0	0	0	16923	0
260000	465	0	5859	0	0	0	15912	0
261000	877	0	5433	0	0	0	16921	0
262000	833	0	5645	0	0	0	15729	0
263000	687	0	5728	0	0	0	16726	0
264000	681	0	5656	0	0	0	16195	0
265000	560	0	5736	0	0	0	17398	0
266000	455	0	5934	0	0	0	17230	0
267000	433	0	6043	0	0	0	17140	0
268000	582	0	5940	0	0	0	16422	0
269000	1029	0	5293	0	0	0	15891	0
270000	688	0	5634	0	0	0	16108	0
271000	780	0	5616	0	0	0	15664	0
272000	676	0	5636	0	0	0	16568	0
273000	741	0	5678	0	0	0	17114	0
274000	468	0	5698	0	0	0	17072	0
275000	702	0	5695	0	0	0	16838	0
276000	529	0	5765	0	0	0	17436	0
277000	497	0	6042	0	0	0	17478	0
278000	397	0	5996	0	0	0	17546	0
279000	603	0	5679	0	0	0	15774	0
280000	582	0	5754	0	0	0	17018	0
281000	593	0	5719	0	0	0	17502	0
282000	802	0	5487	0	0	0	16316	0
283000	665	0	5848	0	0	0	17279	0
284000	518	0	5735	0	0	0	16080	0
285000	445	0	6049	0	0	0	17072	0
286000	590	0	5877	0	0	0	16497	0
287000	715	0	5628	0	0	0	17029	0
288000	549	0	5703	0	0	0	16462	0
289000	583	0	5648	0	0	0	16625	0
290000	798	0	5479	0	0	0	16002	0
291000	702	0	5572	0	0	0	16900	0
292000	429	0	5824	0	0	0	17088	0
293000	450	0	5830	0	0	0	16755	0
294000	796	0	5392	0	0	0	16739	0
295000	508	0	5950	0	0	0	17037	0
296000	428	0	5970	0	0	0	17417	0
297000	546	0	5860	0	0	0	16606	0
298000	476	0	5680	0	0	0	16366	0
299000	649	0	5777	0	0	0	16891	0
300000	681	0	5690	0	0	0	16003	0
301000	874	0	5547	0	0	0	16403	0
302000	284	0	6106	0	0	0	17012	0
303000	630	0	5687	0	0	0	16971	0
304000	739	0	5648	0	0	0	16091	0
305000	693	0	5571	0	0	0	15919	0
306000	757	0	5642	0	0	0	16162	0
307000	670	0	5680	0	0	0	16211	0
308000	671	0	5689	0	0	0	18120	0
309000	513	0	5773	0	0	0	16866	0
310000	511	0	5905	0	0	0	17457	0
311000	540	0	5676	0	0	0	15732	0
312000	424	0	5933	0	0	0	17532	0
313000	721	0	5658	0	0	0	16441	0
314000	679	0	5595	0	0	0	16077	0
315000	576	0	5897	0	0	0	17241	0
316000	937	0	5466	0	0	0	16539	0
317000	807	0	5684	0	0	0	16850	0
318000	533	0	5862	0	0	0	16700	0
319000	754	0	5578	0	0	0	16223	0
320000	1026	0	5322	0	0	0	15708	0
321000	653	0	5716	0	0	0	17307	0
322000	573	0	5683	0	0	0	16066	0
323000	640	0	5663	0	0	0	16549	0
324000	545	0	5764	0	0	0	16833	0
325000	265	0	5881	0	0	0	17819	0
326000	580	0	5779	0	0	0	16780	0
327000	659	0	5739	0	0	0	17216	0
328000	606	0	5562	0	0	0	16752	0
329000	670	0	5476	0	0	0	16345	0
330000	683	0	5454	0	0	0	17064	0
331000	620	0	5641	0	0	0	15890	0
332000	642	0	5649	0	0	0	16988	0
333000	553	0	5818	0	0	0	16425	0
334000	341	0	5869	0	0	0	17057	0
335000	544	0	5756	0	0	0	17419	0
336000	550	0	5753	0	0	0	16884	0
337000	626	0	5740	0	0	0	16638	0
338000	542	0	5768	0	0	0	17256	0
339000	557	0	5855	0	0	0	16919	0
340000	553	0	5772	0	0	0	16729	0
341000	733	0	5609	0	0	0	17294	0
342000	721	0	5571	0	0	0	16878	0
343000	622	0	5809	0	0	0	16177	0
344000	634	0	5781	0	0	0	16274	0
345000	484	0	5874	0	0	0	16586	0
346000	484	0	5786	0	0	0	16746	0
347000	586	0	5844	0	0	0	16812	0
348000	651	0	5632	0	0	0	16938	0
349000	688	0	5743	0	0	0	17103	0
350000	691	0	5566	0	0	0	15382	0
351000	669	0	5823	0	0	0	16850	0
352000	801	0	5729	0	0	0	15935	0
353000	890	0	5428	0	0	0	16235	0
354000	442	0	5879	0	0	0	16889	0
355000	873	0	5460	0	0	0	15544	0
356000	644	0	5763	0	0	0	17156	0
357000	737	0	5714	0	0	0	16121	0
358000	764	0	5625	0	0	0	16459	0
359000	545	0	5907	0	0	0	16555	0
360000	563	0	5736	0	0	0	17147	0
361000	769	0	5680	0	0	0	15344	0
362000	1000	0	5295	0	0	0	15577	0
363000	692	0	5430	0	0	0	15967	0
364000	656	0	5713	0	0	0	17428	0
365000	588	0	5949	0	0	0	16436	0
366000	576	0	5837	0	0	0	17276	0
367000	466	0	5788	0	0	0	17391	0
368000	487	0	5672	0	0	0	16585	0
369000	491	0	5751	0	0	0	16644	0
370000	699	0	5676	0	0	0	17098	0
371000	777	0	5581	0	0	0	15809	0
372000	741	0	5726	0	0	0	16125	0
373000	792	0	5557	0	0	0	16238	0
374000	794	0	5616	0	0	0	15551	0
375000	595	0	5721	0	0	0	17360	0
376000	909	0	5426	0	0	0	14862	0
377000	630	0	5632	0	0	0	16164	0
378000	617	0	5723	0	0	0	16994	0
379000	644	0	5803	0	0	0	16028	0
380000	529	0	5937	0	0	0	17397	0
381000	787	0	5545	0	0	0	17467	0
382000	536	0	5816	0	0	0	17399	0
383000	762	0	5695	0	0	0	15958	0
384000	867	0	5689	0	0	0	15701	0
385000	418	0	5918	0	0	0	16343	0
386000	617	0	5709	0	0	0	17476	0
387000	505	0	5884	0	0	0	16978	0
388000	869	0	5661	0	0	0	15178	0
389000	480	0	5921	0	0	0	17307	0
390000	376	0	6064	0	0	0	17349	0
391000	460	0	5888	0	0	0	17121	0
392000	846	0	5509	0	0	0	16375	0
393000	960	0	5314	0	0	0	15144	0
394000	746	0	5666	0	0	0	16069	0
395000	649	0	5687	0	0	0	17184	0
396000	994	0	5417	0	0	0	15501	0
397000	748	0	5617	0	0	0	16070	0
398000	590	0	5755	0	0	0	16075	0
399000	688	0	5873	0	0	0	16291	0
400000	673	0	5567	0	0	0	15350	0
401000	739	0	5640	0	0	0	16251	0
402000	610	0	5789	0	0	0	17118	0
403000	855	0	5598	0	0	0	15961	0
404000	749	0	5614	0	0	0	16432	0
405000	880	0	5514	0	0	0	15945	0
406000	751	0	5613	0	0	0	16664	0
407000	598	0	5807	0	0	0	15986	0
408000	455	0	5780	0	0	0	17562	0
409000	565	0	5703	0	0	0	17483	0
410000	722	0	5453	0	0	0	15745	0
411000	262	0	5920	0	0	0	17897	0
412000	560	0	5603	0	0	0	15520	0
413000	606	0	5717	0	0	0	15995	0
414000	657	0	5638	0	0	0	16091	0
415000	675	0	5647	0	0	0	16368	0
416000	693	0	5573	0	0	0	16285	0
417000	754	0	5671	0	0	0	17053	0
418000	663	0	5779	0	0	0	16513	0
419000	537	0	5773	0	0	0	16484	0
420000	745	0	5602	0	0	0	16354	0
421000	575	0	5792	0	0	0	17342	0
422000	553	0	5793	0	0	0	16417	0
423000	775	0	5662	0	0	0	16469	0
424000	584	0	5723	0	0	0	16688	0
425000	551	0	5785	0	0	0	16754	0
426000	690	0	5737	0	0	0	16232	0
427000	443	0	6024	0	0	0	17374	0
428000	853	0	5633	0	0	0	15469	0
429000	536	0	5802	0	0	0	16920	0
430000	603	0	5814	0	0	0	16296	0
431000	578	0	5735	0	0	0	16510	0
432000	615	0	5719	0	0	0	15419	0
433000	598	0	5751	0	0	0	16538	0
434000	670	0	5716	0	0	0	16873	0
435000	728	0	5530	0	0	0	15726	0
436000	673	0	5750	0	0	0	15527	0
437000	614	0	5795	0	0	0	17099	0
438000	426	0	5842	0	0	0	18028	0
439000	505	0	5915	0	0	0	17370	0
440000	714	0	5740	0	0	0	16377	0
441000	690	0	5709	0	0	0	16348	0
442000	671	0	5539	0	0	0	17435	0
443000	699	0	5588	0	0	0	15130	0
444000	580	0	5915	0	0	0	16794	0
445000	567	0	5811	0	0	0	17114	0
446000	641	0	5583	0	0	0	17531	0
447000	708	0	5595	0	0	0	16040	0
448000	761	0	5579	0	0	0	16028	0
449000	649	0	5776	0	0	0	16804	0
450000	551	0	5742	0	0	0	16981	0
451000	487	0	5895	0	0	0	17491	0
452000	861	0	5465	0	0	0	16442	0
453000	791	0	5524	0	0	0	15734	0
454000	855	0	5614	0	0	0	16106	0
455000	658	0	5620	0	0	0	16807	0
456000	558	0	5715	0	0	0	16197	0
457000	601	0	5733	0	0	0	16495	0
458000	635	0	5739	0	0	0	17215	0
459000	452	0	5760	0	0	0	16695	0
460000	749	0	5520	0	0	0	15836	0
461000	828	0	5539	0	0	0	16131	0
462000	666	0	5710	0	0	0	16955	0
463000	445	0	5853	0	0	0	17127	0
464000	641	0	5825	0	0	0	17091	0
465000	754	0	5713	0	0	0	16214	0
466000	633	0	5897	0	0	0	16919	0
467000	453	0	6086	0	0	0	17271	0
468000	589	0	5652	0	0	0	16657	0
469000	497	0	5968	0	0	0	17262	0
470000	699	0	5802	0	0	0	16225	0
471000	703	0	5714	0	0	0	17041	0
472000	774	0	5450	0	0	0	16371	0
473000	458	0	5898	0	0	0	17225	0
474000	591	0	5836	0	0	0	17708	0
475000	738	0	5690	0	0	0	16863	0
476000	417	0	5881	0	0	0	17000	0
477000	458	0	5864	0	0	0	16975	0
478000	427	0	5916	0	0	0	17693	0
479000	672	0	5576	0	0	0	16248	0
480000	449	0	5670	0	0	0	17077	0
481000	530	0	5746	0	0	0	16398	0
482000	615	0	5649	0	0	0	15903	0
483000	835	0	5589	0	0	0	16610	0
484000	818	0	5525	0	0	0	15221	0
485000	560	0	5724	0	0	0	17124	0
486000	538	0	5739	0	0	0	17039	0
487000	852	0	5450	0	0	0	16136	0
488000	665	0	5679	0	0	0	16362	0
489000	640	0	5706	0	0	0	16499	0
490000	608	0	5780	0	0	0	17623	0
491000	652	0	5740	0	0	0	17294	0
492000	794	0	5640	0	0	0	15921	0
493000	563	0	5732	0	0	0	17215	0
494000	514	0	5987	0	0	0	16973	0
495000	677	0	5681	0	0	0	15846	0
496000	716	0	5549	0	0	0	15824	0
497000	702	0	5582	0	0	0	16289	0
498000	478	0	5744	0	0	0	16045	0
499000	664	0	5627	0	0	0	16429	0
