0	0	0	0	14400	0	0	0	0
1000	21	300	496	13076	62	20	38494	349
2000	21	353	889	12443	19	34	37436	211
3000	46	293	1177	11995	29	6	36665	127
4000	37	316	1300	11749	0	68	35453	292
5000	38	316	1486	11559	0	6	37835	46
6000	41	306	1693	11173	45	3	35763	202
7000	46	221	2066	10753	16	0	35642	43
8000	59	295	1910	10795	117	12	34910	399
9000	49	319	1932	10630	52	54	34682	243
10000	55	256	2203	10454	17	52	34660	244
11000	63	290	2294	10194	36	27	33408	251
12000	60	239	2489	9880	69	31	34356	317
13000	53	289	2179	10433	18	0	34753	129
14000	47	264	2005	10711	13	18	35971	210
15000	63	256	2129	10478	12	9	35668	98
16000	60	253	2334	10291	7	0	35710	21
17000	71	303	2651	9576	15	1	34101	53
18000	63	307	2582	9770	17	2	34595	77
19000	73	278	2441	9980	14	1	33657	19
20000	97	272	3112	8799	55	1	32843	76
21000	82	320	3574	8060	18	0	32642	51
22000	152	230	3394	8112	94	0	31555	186
23000	66	196	3850	7551	72	90	30649	365
24000	127	222	4037	6953	58	182	30538	779
25000	85	127	4217	6663	23	254	30170	846
26000	121	270	3780	7144	65	414	30209	1238
27000	55	249	2653	8967	212	533	33143	2011
28000	71	263	2607	8912	377	359	30299	2090
29000	45	261	2158	9600	245	647	33327	2456
30000	77	322	2280	9423	177	564	32349	1912
31000	98	284	2655	8610	514	502	31951	2608
32000	63	262	2553	8950	621	359	31271	2334
33000	97	275	2946	7686	694	693	29688	3675
34000	97	256	2833	7739	956	690	29995	5083
35000	102	218	2928	7809	1010	448	29552	4689
36000	128	215	3116	7293	1002	617	28660	3973
37000	119	217	3082	6808	1431	716	27064	5799
38000	101	211	3071	6803	1309	819	28529	6119
39000	130	204	2664	7353	1316	959	27782	5789
40000	143	220	2472	7419	1400	1009	28359	6880
41000	91	246	2657	7737	1043	855	28566	5312
42000	81	279	2677	7769	691	1070	28425	4929
43000	78	279	2481	8145	650	1091	28660	5036
44000	106	209	2762	8062	761	699	30169	4547
45000	78	308	2348	8203	1090	762	29834	4730
46000	109	250	2350	8181	966	867	27869	5902
47000	98	255	2411	7990	1010	1030	28373	5293
48000	133	195	2518	7603	1255	978	27990	6543
49000	75	241	2539	7748	1082	1008	28484	6212
50000	86	245	2315	7808	1405	960	28162	6351
51000	115	232	2666	7654	1195	751	28106	4859
52000	100	290	2292	8188	1174	838	28023	5110
53000	112	244	2694	7863	888	790	28675	4646
54000	86	234	3005	7210	773	996	29805	5196
55000	84	253	2767	7926	475	1129	29090	4550
56000	87	291	2993	7496	547	1077	29585	4100
57000	95	243	3048	7189	677	1118	28338	5086
58000	89	241	3615	6441	425	1068	28421	3260
59000	127	233	3606	6810	294	911	29161	3860
60000	118	285	3059	7868	365	690	30134	3053
61000	66	212	2730	8627	325	575	31266	2202
62000	89	269	3028	8379	77	577	31651	2240
63000	74	223	2952	8427	189	564	31871	2077
64000	80	290	3064	8385	180	469	32304	1781
65000	107	272	2719	8908	165	403	30914	1380
66000	77	224	2481	9429	140	437	32427	1800
67000	84	190	2870	8621	179	545	31284	1829
68000	82	221	2849	8646	244	449	32176	2158
69000	57	275	2878	8393	380	463	31413	2094
70000	67	260	2598	8691	589	505	30595	2887
71000	94	204	2724	8787	534	291	31763	2266
72000	101	265	2599	9206	253	203	33366	1212
73000	85	250	2654	9116	215	345	30937	1689
74000	50	282	2321	9879	38	319	33128	1200
75000	47	316	2132	10058	42	412	32840	1451
76000	54	288	2273	9832	57	477	33170	1127
77000	44	278	2424	9456	18	599	32163	1349
78000	73	277	2323	9383	213	633	32802	2498
79000	69	272	2416	9154	293	647	32540	2199
80000	35	238	2466	9272	205	598	32492	1762
81000	89	230	2765	8736	206	535	31329	2352
82000	88	221	2810	8618	138	643	32186	2430
83000	102	254	2838	8818	57	493	31948	1599
84000	80	264	2785	8822	205	349	32365	1282
85000	122	286	2960	8301	344	339	31882	1858
86000	56	299	2810	8701	525	230	30637	2182
87000	98	229	3112	8139	512	286	31326	2168
88000	125	241	3352	7763	281	401	32048	2092
89000	91	252	3499	7374	260	503	30387	2321
90000	78	211	2931	8506	235	362	31581	1848
91000	118	338	2681	8827	346	284	31305	1552
92000	149	270	2754	8583	504	420	32553	2575
93000	75	255	2956	7871	531	765	30253	3403
94000	110	256	2659	8068	430	1092	30308	3454
95000	59	261	2653	8650	326	840	29936	3801
96000	99	290	2310	8347	673	1074	30055	5107
97000	54	254	2461	8324	680	1069	29756	4575
98000	125	279	2811	7802	498	989	29100	3769
99000	86	229	2696	7655	623	1255	28646	4539
100000	94	242	2642	7341	1028	1317	27418	6726
101000	115	284	2868	6792	923	1420	25556	6553
102000	92	236	2407	7512	973	1609	27548	7501
103000	78	255	2559	7454	780	1532	27876	6615
104000	61	268	2341	7533	1016	1593	28166	6430
105000	85	229	2134	7326	1476	1664	27297	8995
106000	81	220	2281	7567	1008	1773	26281	8452
107000	86	244	2233	6995	1257	2117	25601	9456
108000	102	243	2540	6539	1184	2090	26150	8954
109000	93	204	2408	7053	1078	1974	26677	8818
110000	105	257	2913	6555	629	1944	25996	7119
111000	158	229	2987	5818	959	2193	24317	8843
112000	139	185	3193	5324	1583	1809	24348	8981
113000	151	227	3587	4806	1625	1565	22079	8372
114000	125	212	3435	4414	1213	2562	22174	10369
115000	124	197	3448	4611	1216	2477	23239	10026
116000	184	196	2823	5175	2058	2018	21899	11384
117000	116	216	3026	4448	2057	2410	20820	12573
118000	166	209	3143	4406	1942	2427	21204	12676
119000	137	169	2923	4233	2740	2172	22241	13352
120000	201	150	2702	4408	3038	1981	19827	13750
121000	158	220	2756	4202	3104	2125	19106	13197
122000	167	170	2320	3659	3519	2955	16258	17755
123000	136	154	2481	3443	3371	3186	16978	17225
124000	176	212	3024	3551	2999	2452	18806	15203
125000	175	143	3013	3115	3320	2473	16423	16043
126000	186	162	2745	3396	3460	2576	17354	17194
127000	211	199	2450	3880	3015	2900	18880	17297
128000	140	168	2473	4077	2966	2895	18408	16284
129000	193	167	2792	3620	2922	2740	18320	15778
130000	151	231	3167	3089	2459	3128	16651	15155
131000	130	212	2965	3213	3115	2748	16413	16471
132000	220	172	3111	2788	3204	2656	16374	17278
133000	167	178	3030	3302	3125	2615	17436	15764
134000	206	139	2974	3122	3443	2435	17095	15874
135000	180	126	3347	2617	3432	2384	17268	15180
136000	164	170	2653	3257	3773	2574	16040	18141
137000	134	175	2867	3940	2970	2572	19124	15340
138000	153	209	2513	4416	3228	2137	18563	14243
139000	196	160	2728	4134	3174	2127	18454	15417
140000	169	177	2916	3795	3076	2274	17748	15002
141000	194	207	3210	3656	2771	2107	18894	14264
142000	211	137	3140	3901	3189	1686	20154	13074
143000	239	139	3541	3660	2757	1498	19976	12024
144000	180	140	3861	3193	2878	1442	20463	12124
145000	225	156	3491	3568	3111	1414	20155	12742
146000	215	119	3588	2963	3686	1382	17816	14645
147000	236	133	2966	2702	4306	1994	15200	17541
148000	169	165	3233	3064	3553	2031	16966	15800
149000	254	140	3224	3327	3402	1663	17552	14205
150000	216	127	3440	2907	3701	1604	18329	14386
151000	177	121	3018	3235	4134	1641	17470	15487
152000	240	139	3489	2818	3439	1854	17424	14734
153000	202	150	3488	2657	3740	1649	16624	14566
154000	197	111	3266	2178	4617	1825	14664	18710
155000	308	112	3232	2266	4344	1748	15017	17153
156000	215	61	3924	2025	3993	1391	16412	14775
157000	278	148	3774	1795	4435	1162	15925	16008
158000	268	168	3640	2090	4471	1187	15683	15500
159000	312	109	3318	2710	4704	903	16382	15098
160000	269	147	3503	2416	4336	1239	16430	15311
161000	221	111	3655	2146	4187	1543	16186	15703
162000	220	152	3853	1680	4829	1067	16552	16906
163000	243	61	3753	1559	4997	1099	14487	17041
164000	344	63	4493	971	4623	474	14781	13833
165000	280	115	3897	1428	5266	528	14655	15536
166000	257	59	4160	1513	4959	486	15438	15163
167000	341	75	4683	1051	3995	527	15398	13249
168000	408	28	4675	623	4865	280	15549	13647
169000	332	14	4376	677	5497	203	14876	15935
170000	314	53	4231	928	5267	486	14731	16712
171000	273	100	3865	1601	5405	389	14899	17068
172000	258	14	4190	1046	5475	377	15847	15700
173000	319	29	3919	1118	5514	609	14218	16510
174000	388	48	3792	1084	5827	587	13357	17196
175000	285	67	3471	1281	5685	1132	12774	19110
176000	257	82	3149	1241	6066	1422	12156	21234
177000	235	85	2899	1016	6243	1889	11620	21787
178000	230	91	2876	999	6434	1735	10724	22841
179000	279	124	3484	674	5771	1635	10986	21126
180000	234	44	3371	770	6247	1284	10964	21399
181000	279	115	2994	1451	5745	1662	12745	20331
182000	279	103	3110	1290	5552	1861	11956	20791
183000	264	70	2653	1466	6432	1603	11335	21879
184000	282	89	2776	2005	5887	1511	12922	19683
185000	231	108	3090	2010	5277	1473	13824	18387
186000	196	134	2990	2586	4848	1557	16023	17235
187000	188	111	3110	2607	5067	1272	15189	17918
188000	226	98	3287	2577	4507	1407	17629	16540
189000	206	92	2865	2526	4919	1771	15502	18530
190000	191	111	2413	2902	5167	1962	14352	20058
191000	192	126	2516	2568	5008	2172	14591	21180
192000	257	157	2622	2312	5012	2215	14203	19962
193000	174	123	2561	2433	5209	2056	14224	20401
194000	207	102	2573	2735	5175	1833	14192	18865
195000	196	83	2311	2384	6184	1643	13133	21371
196000	186	113	2240	2314	6178	1794	13458	22603
197000	203	121	2192	2448	6083	1808	12872	20743
198000	247	95	2066	2314	6129	2056	12431	22718
199000	255	119	2023	2547	5799	2260	12801	21814
200000	192	129	1549	2934	5624	2885	12919	24102
201000	191	137	2143	2337	5125	2948	12024	22895
202000	197	115	2270	2706	4915	2624	13693	21901
203000	211	115	2643	2613	4995	2101	14272	20048
204000	177	114	2837	2953	4649	1803	15753	18652
205000	184	119	3426	2952	3681	1661	17480	15100
206000	193	149	2992	3667	3352	1863	18725	15268
207000	224	147	2780	3123	3664	2436	16109	16464
208000	188	141	3106	2753	4194	1843	15916	17063
209000	249	126	2989	2667	4315	1882	16146	17981
210000	218	119	2759	2867	4378	2239	14656	19020
211000	199	156	2716	2429	4621	2445	14561	18006
212000	218	161	2678	2232	4851	2325	14761	19775
213000	192	103	2845	2275	4904	2064	14089	20027
214000	179	123	2614	2563	4944	2181	14378	19790
215000	223	203	2414	2889	4157	2791	14557	20029
216000	169	123	1975	3259	4263	3274	14789	20146
217000	189	137	1963	2986	4724	3002	13481	20440
218000	162	156	1932	3350	4516	2879	14576	21415
219000	135	173	2308	3165	4498	2532	16183	19675
220000	161	166	2185	3596	4286	2432	16023	19408
221000	156	160	2156	3757	4211	2570	15128	19283
222000	151	190	1768	3823	4454	2832	16793	19852
223000	153	213	1874	4188	4019	2676	16828	20511
224000	180	193	2246	3579	4049	2631	16548	17924
225000	151	176	2131	3204	4727	2515	15270	19285
226000	210	198	2447	3519	3907	2428	15489	17796
227000	155	206	2511	3644	3467	2667	17286	17148
228000	226	98	2655	3258	4048	2298	18061	15961
229000	200	140	2501	3021	4172	2692	15172	18868
230000	212	149	2574	2711	4353	2620	14965	19413
231000	235	167	2400	2767	5066	2091	15174	19793
232000	193	180	2285	3073	5010	2057	14559	19582
233000	222	142	2693	2801	4811	1856	14720	18711
234000	240	148	2578	2571	4671	2367	14382	19969
235000	187	161	2393	2240	4695	3009	12931	22366
236000	170	152	2277	2059	4928	3271	11741	22029
237000	205	174	2266	2031	4924	3215	11812	22504
238000	171	66	2536	2409	4761	2660	13888	20380
239000	226	161	2455	2370	4655	2822	13845	20114
240000	191	120	2690	2581	4163	2735	14056	20114
241000	175	147	2968	2391	3973	2666	15708	19821
242000	193	168	2700	3110	3252	3104	15672	18197
243000	156	179	2529	3128	3899	2791	16063	17897
244000	161	155	3086	2565	3794	2478	15578	16886
245000	210	151	2872	2693	3973	2464	16129	17008
246000	241	130	3201	2633	3614	2396	15687	17761
247000	245	156	2888	2733	3846	2581	15543	17689
248000	189	201	2580	3489	3910	2192	16730	17170
249000	161	180	3066	4125	2692	2159	19282	14273
250000	137	185	2837	4167	2808	2284	18740	14455
251000	157	158	2626	4310	3109	2247	19114	14837
252000	138	197	2491	4375	3092	2358	19144	16547
253000	142	180	2139	4936	3547	1940	19169	16537
254000	121	187	2338	4908	3164	2116	20321	14197
255000	112	228	2035	5290	2785	2483	21140	13713
256000	134	249	2124	5444	2536	2490	20734	13385
257000	100	236	2388	4712	2463	2894	20878	14782
258000	109	267	2347	4969	2249	2894	21399	13908
259000	138	211	2343	5293	2592	2236	21167	12920
260000	140	223	2710	5069	2464	1984	21366	11721
261000	164	192	2733	4934	2390	2079	21795	12310
262000	141	201	2793	4611	2410	2391	19962	13601
263000	218	187	2899	4009	2081	3034	20039	14448
264000	117	238	2464	4338	2427	3141	18868	14905
265000	143	202	2914	3645	2719	2840	17853	14886
266000	142	219	2513	4317	2265	3151	18697	15708
267000	149	219	2582	4677	2188	2826	20127	13808
268000	135	209	2815	4275	2922	2141	19384	13973
269000	155	149	3221	3625	2771	2291	19195	15580
270000	149	166	3320	3914	2253	2408	19471	13256
271000	166	214	2826	4448	2637	2084	20310	13022
272000	131	160	2873	4839	2292	2157	20150	12607
273000	160	219	2634	4571	2169	2770	20782	13410
274000	141	207	2755	4515	2436	2487	19670	13693
275000	108	187	2495	5616	2170	2127	22681	11474
276000	109	191	2507	5983	2250	1651	24723	10518
277000	165	217	2663	5863	2263	1345	23584	10163
278000	171	217	2765	5498	2149	1686	23404	10417
279000	142	175	2636	5407	2445	1810	22788	11303
280000	160	181	3293	4167	2591	1634	21247	12013
281000	180	176	3259	3262	3436	1845	17791	14929
282000	218	139	3066	3491	4127	1278	17906	15727
283000	248	112	3005	3462	4491	997	17521	15840
284000	199	120	3069	3499	4346	991	17535	14901
285000	182	152	3441	2872	4251	1224	17127	15117
286000	191	94	3872	2372	3803	1459	17595	15110
287000	255	149	3780	2259	3600	1675	17015	14406
288000	326	87	3866	1832	3753	1689	16755	15030
289000	218	129	3600	1592	4562	1802	13923	17486
290000	319	116	2997	2017	4843	1950	13983	18274
291000	234	140	2991	1779	5084	2109	11757	20443
292000	188	132	2666	2063	4930	2558	12928	20640
293000	176	108	2663	1585	5132	2917	11873	22433
294000	261	118	2616	1401	5323	2826	11815	22705
295000	162	106	2720	1555	5277	2677	11668	21370
296000	192	107	2336	1753	5796	2600	11219	23592
297000	232	92	2717	1657	5568	2263	11890	21027
298000	215	153	2105	2092	5726	2538	11523	23064
299000	240	87	2223	2599	5253	2454	13090	20874
300000	218	98	2219	2584	5606	2103	13384	21278
301000	251	151	2117	2197	5595	2560	12655	22802
302000	205	172	2613	1867	5190	2562	12188	22559
303000	220	171	2745	2614	4277	2459	14541	18241
304000	185	147	3203	2514	3873	2376	16090	17584
305000	204	113	2964	2759	4042	2210	16064	17559
306000	200	140	3178	2550	3725	2413	16347	16981
307000	152	107	2757	3261	4028	2144	16289	17549
308000	185	174	1906	4131	4695	1965	16001	18522
309000	176	180	2285	3865	4342	1909	17617	18734
310000	164	145	2579	3954	3439	2376	17855	17031
311000	146	158	2462	3827	3673	2491	16911	17344
312000	161	198	2483	3889	3378	2704	16901	17783
313000	104	189	2108	4489	3042	3043	17513	17730
314000	157	172	2233	4444	3109	2784	18722	17199
315000	128	232	2622	4462	2473	2698	20183	14762
316000	122	204	2783	4889	2094	2431	22399	12028
317000	103	195	3006	4738	2203	2123	20478	12028
318000	160	250	2899	4762	2481	1844	21306	12122
319000	136	198	2608	5127	2592	1967	22399	12466
320000	119	222	2866	4939	2245	2100	23153	11286
321000	136	184	2709	5037	2695	1749	21041	12551
322000	184	230	3395	4686	1963	1638	21896	10662
323000	146	234	3232	4744	2107	1722	21895	9546
324000	118	202	2662	4789	2743	2072	21207	13310
325000	181	171	2714	4738	2959	1701	21350	12720
326000	190	181	2536	4737	2969	2047	19380	14241
327000	197	218	2305	4678	3252	2189	18681	15300
328000	129	199	1912	5364	3144	2320	20241	14757
329000	119	201	2166	4845	3106	2500	19810	15236
330000	164	191	2601	4838	2659	2254	20672	14641
331000	146	189	2537	4686	2753	2282	20637	13752
332000	127	147	2030	5124	3042	2470	19924	15820
333000	149	197	1917	4825	3189	2816	19039	16479
334000	136	187	2175	4402	3370	2669	18288	16259
335000	142	171	2661	4520	3017	2185	19690	13995
336000	127	229	1965	4721	3250	2771	18892	15893
337000	91	171	1983	4952	3230	2662	19302	16309
338000	139	221	2472	4488	3111	2386	19009	14830
339000	155	223	2284	4662	3220	2313	18520	15974
340000	161	186	2510	4543	3212	2064	18989	14447
341000	164	175	2388	4563	3626	1858	19121	14957
342000	186	195	2322	4699	3654	1766	19051	15041
343000	167	179	2500	5008	3290	1565	20625	13713
344000	171	174	2607	5170	2918	1647	22085	12474
345000	168	157	2987	4331	2846	1888	20176	12325
346000	187	159	3743	3511	3142	1042	21069	11400
347000	213	133	3776	3265	3057	1258	19406	11535
348000	278	112	4118	2526	3022	1172	17873	12194
349000	222	94	3906	2410	3937	1108	18263	14563
350000	254	80	4021	1687	4212	1271	15084	15967
351000	235	86	3765	2155	4106	1371	17564	14711
352000	309	98	2913	1951	5339	1689	13342	19450
353000	242	129	2910	1870	5524	1656	12306	19143
354000	226	111	2741	2324	5429	1724	14525	19933
355000	286	118	3006	1919	5171	1869	13835	19560
356000	228	91	2899	1676	5543	1809	12837	20526
357000	266	102	3382	1379	5243	1693	12774	19148
358000	198	137	2984	1939	5288	1755	13789	20103
359000	206	146	3255	1743	5052	1726	13912	19721
360000	216	123	3257	2410	4246	1898	14934	16967
361000	241	94	3205	2204	5138	1205	15002	17581
362000	278	81	3502	1948	4624	1475	14595	18252
363000	174	145	3163	1948	4848	1948	13360	19577
364000	232	115	3240	2066	4653	1759	14138	18285
365000	264	92	3091	2021	4905	1854	14089	19700
366000	209	160	3366	1803	4593	1936	13575	17267
367000	303	105	3355	1820	4753	1665	14838	19263
368000	214	83	2952	2519	4825	1740	15735	18868
369000	163	118	3191	2033	5050	1553	14984	19285
370000	219	106	2967	1819	5222	2026	12654	19710
371000	166	96	2808	1972	5316	2183	12763	20362
372000	262	108	2685	2182	5023	2160	13562	20231
373000	234	110	2935	2420	4958	1704	15021	18903
374000	245	150	3584	2097	4552	1234	15176	17657
375000	246	113	3241	1950	5003	1623	13387	18207
376000	231	143	3061	2178	4790	1789	14174	17510
377000	184	134	3003	2245	4946	1916	14356	18353
378000	239	133	2759	2329	5298	1710	14216	19330
379000	295	109	3649	1572	4381	1797	13228	17848
380000	200	102	3209	2057	4794	1977	14276	18194
381000	267	120	3125	1785	4566	2297	14550	17826
382000	208	108	2988	1886	4586	2404	14250	19243
383000	189	117	3295	1671	4842	1944	12872	18698
384000	178	133	3080	2075	4768	1985	13216	19080
385000	183	150	2893	1982	5473	1691	13592	18929
386000	246	146	2846	2017	5369	1683	13697	19336
387000	180	122	2828	2869	4725	1719	15206	18707
388000	282	107	2791	2886	4923	1441	16374	16180
389000	245	101	2423	2506	5781	1628	14133	19818
390000	299	153	1960	2092	6343	2160	11703	23724
391000	211	140	1948	2446	6120	2185	12056	23615
392000	219	125	1688	2680	5953	2486	12054	23122
393000	232	104	1869	2466	6091	2171	13494	22332
394000	195	158	1954	2507	5777	2430	12575	23386
395000	197	131	1928	2056	6248	2515	11019	23796
396000	259	115	1952	1760	6217	2712	10096	24342
397000	232	160	2268	1833	5266	3110	11389	22927
398000	179	135	2572	1612	5389	2731	11554	21665
399000	215	158	2453	1879	5351	2646	11858	21461
400000	238	119	3166	1155	4901	2564	12430	21495
401000	220	97	2616	1081	6114	2495	10515	23754
402000	248	150	2252	1018	6695	2431	9852	24288
403000	306	77	2127	1093	7311	1975	8624	25747
404000	222	86	2381	1117	6821	2104	9302	25044
405000	245	97	2573	1111	6241	2298	10563	23434
406000	247	93	2709	1213	6464	1852	10128	24915
407000	295	104	2573	1765	6308	1529	11752	20519
408000	253	63	2355	1656	6873	1542	11612	23079
409000	278	72	2515	2110	6365	1199	13585	21547
410000	278	90	2773	2206	6322	835	13382	19473
411000	262	94	3095	1798	5840	999	13382	20103
412000	278	67	3744	839	6053	731	12396	20024
413000	221	47	3856	1079	5653	756	12646	18137
414000	244	26	4088	1219	5344	580	15361	16484
415000	352	26	3475	1056	6268	603	12815	19277
416000	303	70	3764	963	5778	660	13372	18949
417000	284	118	3908	823	5830	574	12705	18202
418000	341	37	3728	634	6172	728	12657	19364
419000	338	36	4409	543	5016	621	14670	16032
420000	295	38	4652	588	4766	597	13995	13219
421000	288	50	4616	687	4937	349	14611	14204
422000	408	26	4573	760	4956	174	15179	13774
423000	311	54	3932	729	6054	358	13373	16168
424000	439	42	3428	740	6690	530	12211	19008
425000	315	28	4305	425	5472	728	13125	18368
426000	377	37	4002	332	6038	466	12272	18183
427000	285	37	3634	190	6908	706	9971	21035
428000	364	32	3283	384	7568	397	10219	21524
429000	276	50	3408	373	7310	559	10180	22324
430000	229	34	3626	294	7110	627	11217	20770
431000	303	27	3226	823	6890	743	10985	21073
432000	242	77	3376	782	6522	931	12028	20909
433000	304	40	3138	582	7388	680	10176	22299
434000	357	36	3584	660	6336	760	11464	20054
435000	272	55	3605	650	6258	945	12076	19406
436000	368	32	3642	500	6518	696	11194	20209
437000	283	48	3742	660	6093	893	12139	19781
438000	339	37	3516	838	6550	669	11181	20615
439000	295	53	3336	1192	6207	872	11991	19956
440000	234	68	3018	1498	6559	952	12043	21534
441000	221	104	2724	1445	6868	1117	10554	22131
442000	342	80	2917	1669	6010	1242	12954	20720
443000	238	74	3173	1918	5549	1191	14561	17820
444000	234	116	3097	1923	5355	1493	13880	18815
445000	191	83	2773	2165	5984	1262	13949	19360
446000	233	68	3112	1896	5775	1112	13607	18972
447000	228	68	2725	2087	6605	805	13649	20835
448000	263	71	2845	2121	6324	814	13341	21019
449000	297	63	2842	1589	6442	1218	12020	21375
450000	178	87	3164	1338	5841	1628	12756	19983
451000	257	108	2451	1890	6519	1497	12595	21876
452000	186	137	2105	2369	6546	1629	13407	22216
453000	259	122	2629	2085	5964	1440	13544	20441
454000	209	91	2441	2220	6203	1590	13115	21161
455000	213	156	2368	2789	5547	1680	14839	19989
456000	201	141	2803	2427	5282	1677	14026	19969
457000	282	148	3179	2283	4519	1654	15564	16978
458000	248	123	3248	2394	4973	1170	14582	17700
459000	200	100	2943	2521	5131	1413	14866	18270
460000	211	137	2507	3110	4870	1811	15732	17794
461000	253	162	2488	3190	5039	1566	15123	18126
462000	212	148	2641	3320	4458	1844	15745	16884
463000	196	140	2054	3530	5139	1940	15638	19104
464000	181	133	2181	3894	4341	2116	16881	17705
465000	186	186	2156	4180	4234	1922	19400	16055
466000	184	167	2281	3924	4158	2064	16547	17559
467000	201	166	2448	3801	4075	2091	17440	17111
468000	156	176	2466	4157	3416	2317	18308	15758
469000	196	186	2350	4147	3656	2211	18046	15655
470000	197	197	2337	4007	3688	2304	18474	16178
471000	203	174	2707	3591	3447	2412	18029	16219
472000	190	164	2814	3304	3520	2444	16818	17336
473000	197	182	2717	3722	2958	2819	17361	15653
474000	178	227	2504	4195	2992	2628	19337	15948
475000	148	182	2772	4037	2985	2368	19546	14141
476000	162	214	2783	4018	2907	2466	19079	14935
477000	161	209	2650	3905	3043	2615	17615	15190
478000	191	193	2379	3322	3915	2756	16521	18803
479000	189	141	2323	2987	4204	2905	14974	19401
480000	185	138	2387	2594	4186	3216	13688	21162
481000	163	135	2362	2840	4157	3158	15079	20558
482000	145	184	2102	2485	4742	3357	13049	22083
483000	147	126	2487	2063	4965	2920	12139	23599
484000	220	142	2227	2563	4631	3023	13680	21439
485000	158	126	1988	2855	5058	2847	13041	21888
486000	246	160	2055	2572	5108	2787	12951	21876
487000	185	172	2386	2398	4936	2718	13701	20942
488000	197	118	2235	2101	5088	3177	11949	23818
489000	194	159	1768	2245	5503	3345	11088	23448
490000	223	168	1683	1967	6039	3038	9734	25074
491000	211	108	1618	1527	6542	3231	8907	26704
492000	243	142	1865	1200	6165	3415	8351	26655
493000	218	90	1829	1277	6139	3587	7902	27178
494000	216	152	1862	1313	6414	3108	9427	26654
495000	207	168	1835	1646	6066	3198	9789	26495
496000	237	133	1686	1724	5643	3790	9750	28034
497000	196	164	1620	1658	5999	3586	8759	26203
498000	172	137	1871	1753	5829	3344	10035	24291
499000	156	154	1512	2131	5659	3705	10507	25082
500000	200	177	1712	2079	5665	3263	9875	24799
501000	225	109	1755	2418	5771	2807	11554	24286
502000	183	125	1767	2413	5688	3020	12526	24308
503000	233	105	1974	1935	6200	2541	11465	23408
504000	235	126	2825	1713	5305	2225	11509	21922
505000	220	100	3226	1275	4916	2280	12497	19909
506000	309	89	3377	1118	4917	2185	12129	19331
507000	181	109	2436	1593	5528	2827	10679	23302
508000	212	123	2152	2135	5833	2504	11845	22933
509000	163	138	2619	2047	4930	2684	12879	21273
510000	184	119	2154	2324	5555	2626	12166	21829
511000	248	134	2024	1907	6071	2537	10894	23808
512000	201	144	1690	1882	6634	2656	10338	25953
513000	252	136	1922	1953	6507	2280	10894	24530
514000	209	129	1956	1898	6204	2599	10911	25490
515000	241	130	2104	1634	6453	2315	11311	23947
516000	255	141	2506	1282	5907	2566	10790	24092
517000	215	114	2272	1741	5876	2639	10049	25202
518000	259	201	1919	1908	5924	2752	10863	23770
519000	243	77	2081	1949	5692	2859	10641	23669
520000	175	100	2647	1603	5612	2426	11589	22154
521000	267	102	2693	1403	6419	1548	10835	21743
522000	202	133	2226	1196	7367	1681	9865	24997
523000	308	98	2233	1260	7122	1759	9959	22655
524000	275	107	2300	1226	7122	1727	9833	24146
525000	324	41	2075	1153	7506	1811	9106	25957
526000	251	98	1655	1236	8234	1740	7590	27525
527000	293	68	1831	1324	8476	1103	8683	25920
528000	340	64	2486	753	7927	1057	10005	25242
529000	303	62	2457	729	7931	1174	8566	24996
530000	270	55	1984	710	8728	1257	7597	28196
531000	278	51	2040	673	8889	1048	7405	27251
532000	336	42	1965	542	8618	1406	6988	27788
533000	317	33	1649	424	9347	1332	5768	30666
534000	289	36	2061	384	8868	1295	7287	27278
535000	257	56	2149	402	8785	1187	6709	27208
536000	263	57	2429	685	7857	1347	8724	25843
537000	271	41	2271	711	8016	1432	7833	27419
538000	306	53	1997	664	8611	1276	7132	27168
539000	263	33	1950	459	9072	1238	6497	29446
540000	290	57	1927	492	8945	1177	6210	27502
541000	303	27	1803	462	9480	981	6072	29724
542000	310	38	1718	589	9926	520	6151	28689
543000	365	31	1807	591	9896	294	6276	28710
544000	333	24	1776	490	9637	788	6188	30788
545000	263	33	1907	658	9508	680	7193	27926
546000	342	18	1851	636	9327	822	6383	28285
547000	295	53	1879	593	9379	816	6858	27433
548000	281	22	1890	547	9589	666	7448	28269
549000	326	22	2085	289	9401	782	6306	28228
550000	299	26	2021	194	9565	772	5736	29202
551000	303	23	2161	97	9687	620	6299	28656
552000	333	22	2207	98	9747	396	6918	28737
553000	316	6	1446	140	10903	442	4423	32042
554000	321	30	1678	101	10477	513	4551	29676
555000	333	20	1877	72	10209	472	5368	29598
556000	347	18	2138	8	9810	456	6174	29047
557000	329	2	2605	17	9431	114	7366	26319
558000	317	0	2743	0	9353	24	8334	26325
559000	322	0	2991	0	8937	0	7939	24668
560000	325	0	2616	0	9502	0	6835	27396
561000	346	0	3253	0	8391	0	8399	23056
562000	301	0	3616	0	7908	0	10173	20867
563000	411	0	3398	0	8067	0	9585	22758
564000	381	0	3812	0	7400	0	10439	21071
565000	321	0	3730	0	7713	0	10312	20933
566000	323	0	3967	0	7284	0	10684	20608
567000	413	0	3243	0	8401	0	9407	21168
568000	309	0	3941	0	7319	0	10958	22023
569000	355	0	3243	0	8314	0	9302	23195
570000	373	0	3237	0	8379	0	9155	22791
571000	358	0	3194	0	8459	0	9470	24061
572000	434	0	3121	0	8483	0	9272	23575
573000	431	0	3520	0	7762	0	9390	22853
574000	365	0	3748	0	7494	0	10149	21410
575000	347	0	3272	0	8376	0	9587	22798
576000	358	0	3485	0	7956	0	10422	21921
577000	423	0	3389	0	8078	0	9864	22421
578000	377	0	3528	0	7920	0	9985	23339
579000	462	0	3854	0	7126	0	10057	20205
580000	311	0	4081	0	6906	0	10711	19368
581000	402	0	3685	0	7502	0	10727	20508
582000	342	0	3231	0	8444	0	9037	23190
583000	366	0	3111	0	8720	0	8513	23465
584000	327	0	3409	0	8238	0	9904	22602
585000	332	0	2591	0	9546	0	7885	26395
586000	343	0	2684	0	9440	0	7020	26060
587000	335	0	2599	0	9692	0	6995	26921
588000	367	0	2451	0	9763	0	6335	27211
589000	355	0	2728	0	9255	0	7733	26350
590000	312	0	2594	0	9645	0	8216	27226
591000	339	0	2899	0	9048	0	7993	25614
592000	326	0	3302	0	8392	0	8867	24106
593000	329	0	3489	0	8010	0	9300	21808
594000	340	0	2993	0	8870	0	8506	23690
595000	376	0	3478	0	8028	0	8425	22057
596000	356	0	3568	0	7827	0	9968	22255
597000	355	0	3273	0	8371	0	9659	23124
598000	412	0	3598	0	7660	0	10290	22937
599000	458	0	3519	0	7784	0	10735	22602
600000	340	0	3185	0	8602	0	9020	23066
601000	317	0	3265	0	8425	0	8484	24317
602000	343	0	3672	0	7792	0	9122	21095
603000	306	0	3488	0	8099	0	9303	22408
604000	364	0	3682	0	7573	0	9936	21144
605000	288	0	3497	0	8008	0	10220	21983
606000	363	0	3502	0	7957	0	9524	23020
607000	378	0	3769	0	7316	0	10453	21462
608000	336	0	3682	0	7738	0	10107	21991
609000	374	0	3810	0	7298	0	10590	21520
610000	349	0	3211	0	8425	0	9181	23759
611000	346	0	2935	0	8954	0	7914	25164
612000	278	0	3036	0	8937	0	7346	24646
613000	317	0	2759	0	9281	0	8222	24328
614000	311	0	2675	0	9456	0	7515	25198
615000	362	0	2320	0	10035	0	6958	28518
616000	339	0	2047	0	10480	0	6309	27754
617000	375	0	1720	0	10953	0	4939	30452
618000	353	0	1910	0	10757	0	5089	29121
619000	339	0	2089	0	10433	0	5655	28663
620000	270	0	2349	0	10132	0	6452	29504
621000	346	0	2533	0	9599	0	7032	26625
622000	389	0	2442	0	9826	0	6423	26338
623000	325	0	3003	0	8930	0	8360	24951
624000	430	0	2895	0	8932	0	7684	24500
625000	313	0	2617	0	9604	0	7679	26876
626000	374	0	2908	0	8933	0	8415	25857
627000	419	0	3177	0	8485	0	8776	24114
628000	329	0	3866	0	7361	0	10901	21197
629000	321	0	3665	0	7663	0	9955	21047
630000	364	0	3887	0	7161	0	11540	20052
631000	395	0	3609	0	7607	0	9829	21089
632000	361	0	3694	0	7586	0	9908	20978
633000	336	0	3719	0	7591	0	9988	21728
634000	348	0	4187	0	6586	0	11322	19617
635000	315	0	4499	0	6186	0	12672	17544
636000	336	0	4116	0	6867	0	12204	19742
637000	369	0	3535	0	7897	0	10010	22131
638000	357	0	3077	0	8634	0	7988	24734
639000	343	0	2935	0	9041	0	8472	25135
640000	316	0	3292	0	8387	0	9096	23157
641000	349	0	3697	0	7565	0	9790	21330
642000	350	0	3025	0	8793	0	8319	24024
643000	428	0	3335	0	8222	0	9451	22907
644000	362	0	3518	0	7877	0	9299	22894
645000	360	0	3506	0	8026	0	9857	22557
646000	284	0	3780	0	7578	0	10915	21378
647000	392	0	4073	0	6743	0	11249	18499
648000	266	0	4180	0	6830	0	10298	19470
649000	359	0	4142	0	6897	0	12040	19804
650000	334	0	4338	0	6478	0	11675	18414
651000	303	0	4515	0	6219	0	11889	16453
652000	395	0	3967	0	6965	0	11359	18081
653000	309	0	4040	0	7098	0	11292	19055
654000	381	0	3632	0	7592	0	10506	21744
655000	390	0	3299	0	8357	0	9761	22597
656000	297	0	3202	0	8494	0	8719	23669
657000	394	0	2985	0	8906	0	8112	24362
658000	355	0	2753	0	9289	0	7558	25394
659000	388	0	2768	0	9225	0	7975	25491
660000	389	0	2635	0	9440	0	7081	26224
661000	323	0	2032	0	10499	0	6196	27688
662000	341	0	2245	0	10287	0	6381	27608
663000	305	0	1981	0	10666	0	5534	28726
664000	331	0	2186	0	10206	0	5664	28772
665000	362	0	2156	0	10305	0	5080	29435
666000	322	0	2556	0	9704	0	6454	28728
667000	245	0	2569	0	9742	0	7062	26636
668000	310	0	2077	0	10410	0	5947	28611
669000	346	0	2041	0	10433	0	5505	28106
670000	324	0	2604	0	9592	0	6826	26012
671000	398	0	2609	0	9456	0	7267	25273
672000	357	0	2732	0	9222	0	8464	25598
673000	349	0	2789	0	9209	0	7379	24926
674000	324	0	2907	0	9113	0	8793	25255
675000	315	0	2940	0	9005	0	8464	24949
676000	363	0	3073	0	8734	0	8786	23155
677000	350	0	2993	0	8870	0	8119	25458
678000	334	0	2814	0	9168	0	8119	25219
679000	320	0	2624	0	9631	0	7253	26773
680000	376	0	2805	0	9108	0	8007	25206
681000	336	0	2501	0	9745	0	5869	27367
682000	349	0	2077	0	10400	0	6220	27822
683000	308	0	2428	0	9927	0	6874	26966
684000	385	0	2758	0	9303	0	8294	24860
685000	295	0	2578	0	9681	0	7407	26921
686000	364	0	2050	0	10425	0	6279	28248
687000	343	0	1903	0	10713	0	5078	30071
688000	390	0	2561	0	9482	0	6440	26608
689000	358	0	2745	0	9228	0	7502	25235
690000	269	0	2390	0	10049	0	6222	27736
691000	356	0	2211	0	10262	0	5925	28448
692000	286	0	2387	0	9982	0	6084	27153
693000	279	0	2184	0	10353	0	6475	27566
694000	425	0	2339	0	9847	0	6415	25792
695000	401	0	2717	0	9139	0	8057	25413
696000	304	0	2820	0	9197	0	8302	24595
697000	350	0	2340	0	9952	0	6512	27603
698000	294	0	2952	0	9045	0	7595	25653
699000	379	0	3121	0	8579	0	9290	23670
700000	432	0	3683	0	7411	0	9782	20403
701000	298	0	4098	0	7039	0	11453	20105
702000	321	0	3832	0	7365	0	10681	20852
703000	358	0	3215	0	8467	0	9157	22860
704000	307	0	3069	0	8729	0	8760	24484
705000	398	0	3099	0	8640	0	8980	24070
706000	294	0	2913	0	9208	0	8226	25911
707000	307	0	2575	0	9613	0	7101	26629
708000	356	0	2716	0	9386	0	6786	25969
709000	335	0	2405	0	9854	0	6919	26687
710000	320	0	2308	0	10134	0	6299	29222
711000	271	0	2809	0	9344	0	7709	27833
712000	365	0	2623	0	9479	0	7180	27133
713000	305	0	2629	0	9548	0	8330	25859
714000	316	0	2909	0	9165	0	8493	25685
715000	307	0	3040	0	8897	0	8410	25296
716000	268	0	2513	0	9912	0	7536	27044
717000	354	0	2378	0	9912	0	6765	27522
718000	316	0	2229	0	10284	0	6402	27946
719000	280	0	1985	0	10607	0	4930	30575
720000	348	0	1890	0	10734	0	5147	30554
721000	335	0	2074	0	10368	0	5311	28808
722000	338	0	2254	0	10229	0	5902	29502
723000	360	0	2673	0	9480	0	7360	26568
724000	337	0	2943	0	9035	0	7790	24676
725000	349	0	3060	0	8699	0	9544	23880
726000	326	0	2969	0	8953	0	8109	25001
727000	331	0	2183	0	10320	0	5799	27734
728000	311	0	2500	0	9771	0	6714	27348
729000	392	0	2200	0	10099	0	6154	28355
730000	323	0	2273	0	10130	0	6663	28335
731000	322	0	2182	0	10295	0	6609	27836
732000	348	0	2070	0	10424	0	5705	28916
733000	350	0	2422	0	9852	0	6408	27590
734000	341	0	2108	0	10421	0	5593	28076
735000	378	0	2338	0	9880	0	6507	28010
736000	351	0	2329	0	9949	0	7229	27553
737000	404	0	2278	0	10007	0	6235	27628
738000	361	0	2386	0	9831	0	6263	27027
739000	338	0	2220	0	10234	0	5939	26371
740000	359	0	2382	0	9865	0	6977	27368
741000	286	0	2469	0	9828	0	7223	26530
742000	337	0	2289	0	10124	0	6707	27825
743000	358	0	2290	0	10033	0	6590	29185
744000	317	0	2768	0	9279	0	7380	26106
745000	323	0	2499	0	9733	0	6252	28443
746000	416	0	2531	0	9542	0	6553	27454
747000	303	0	2621	0	9624	0	7040	26733
748000	285	0	2688	0	9468	0	7356	26323
749000	343	0	2267	0	10161	0	6209	26791
750000	265	0	2289	0	10227	0	6732	27561
751000	285	0	1966	0	10720	0	5069	30489
752000	307	0	2018	0	10553	0	6028	28311
753000	370	0	2008	0	10471	0	5229	29792
754000	316	0	2386	0	9972	0	6589	28250
755000	365	0	2308	0	9948	0	6580	27746
756000	299	0	2708	0	9406	0	7033	26738
757000	348	0	2223	0	10186	0	6476	28609
758000	300	0	2441	0	9865	0	7176	28569
759000	221	0	3032	0	9080	0	8605	25322
760000	311	0	2833	0	9327	0	7741	25934
761000	312	0	2611	0	9616	0	7060	25637
762000	286	0	2229	0	10304	0	5992	28578
763000	387	0	2557	0	9651	0	6758	27384
764000	410	0	2461	0	9768	0	6278	26377
765000	329	0	2374	0	9939	0	6284	28549
766000	314	0	2425	0	9838	0	7027	27037
767000	323	0	2199	0	10270	0	6911	28406
768000	382	0	2111	0	10379	0	6066	29067
769000	326	0	2245	0	10199	0	6454	27723
770000	380	0	2321	0	10057	0	6067	27017
771000	340	0	1973	0	10588	0	4742	28830
772000	390	0	2191	0	10179	0	5706	28081
773000	383	0	2328	0	10009	0	6379	27371
774000	317	0	2196	0	10282	0	5987	28625
775000	343	0	2297	0	10123	0	7053	27720
776000	279	0	2756	0	9390	0	7987	25651
777000	344	0	2453	0	9832	0	6916	27941
778000	308	0	2533	0	9810	0	6414	27963
779000	340	0	2289	0	10015	0	5948	28571
780000	336	0	2254	0	10124	0	6026	28503
781000	266	0	2162	0	10455	0	5874	29150
782000	340	0	2171	0	10299	0	6392	27778
783000	359	0	2704	0	9390	0	7644	26797
784000	295	0	2966	0	8992	0	8575	24010
785000	354	0	2549	0	9662	0	7279	27232
786000	350	0	2563	0	9630	0	6756	26655
787000	338	0	2598	0	9683	0	6946	26457
788000	333	0	2719	0	9428	0	7702	25198
789000	460	0	3215	0	8324	0	7921	22808
790000	371	0	2984	0	8902	0	8311	25230
791000	260	0	3303	0	8542	0	8913	23617
792000	362	0	3269	0	8302	0	9733	21646
793000	320	0	3310	0	8335	0	8894	24001
794000	407	0	2962	0	8867	0	8449	24473
795000	403	0	2390	0	9873	0	6650	27311
796000	342	0	2459	0	9724	0	7078	26446
797000	325	0	2368	0	9930	0	5954	27061
798000	293	0	2485	0	9783	0	6985	28282
799000	335	0	2773	0	9367	0	7761	26380
800000	334	0	2240	0	10213	0	6067	28428
801000	366	0	2199	0	10196	0	6155	29321
802000	396	0	2073	0	10416	0	5517	29290
803000	390	0	1974	0	10554	0	5179	28926
804000	381	0	2022	0	10446	0	6067	29185
805000	350	0	2768	0	9341	0	6875	25670
806000	351	0	2967	0	8839	0	8719	24474
807000	324	0	3095	0	8720	0	7860	24096
808000	388	0	3286	0	8342	0	8443	24070
809000	328	0	3670	0	7867	0	9925	20611
810000	355	0	3959	0	7033	0	10294	20226
811000	341	0	4261	0	6656	0	12638	18019
812000	319	0	3883	0	7375	0	11235	19619
813000	446	0	3827	0	7024	0	10176	19813
814000	387	0	4018	0	6902	0	10780	19347
815000	370	0	3625	0	7764	0	9875	20235
816000	341	0	3382	0	8292	0	9541	22210
817000	378	0	3232	0	8496	0	9199	23713
818000	300	0	3070	0	8827	0	8198	23533
819000	427	0	3423	0	7996	0	9402	22145
820000	345	0	3342	0	8240	0	9863	23169
821000	309	0	3099	0	8743	0	8478	23531
822000	263	0	3063	0	8924	0	8707	25205
823000	352	0	3202	0	8636	0	8710	24231
824000	312	0	3313	0	8334	0	8801	24194
825000	347	0	3484	0	7928	0	9289	22383
826000	342	0	3382	0	8280	0	9122	22461
827000	323	0	3300	0	8391	0	8648	23868
828000	290	0	3082	0	8821	0	8410	23993
829000	349	0	3074	0	8753	0	8024	24086
830000	323	0	2880	0	9154	0	7562	27093
831000	378	0	2991	0	8798	0	9187	24248
832000	335	0	2438	0	9891	0	6757	27518
833000	318	0	2264	0	10122	0	6483	29067
834000	354	0	2349	0	9978	0	6307	28339
835000	388	0	2388	0	9824	0	6390	28284
836000	284	0	2349	0	10068	0	6638	26859
837000	291	0	2079	0	10458	0	5263	29101
838000	336	0	1972	0	10596	0	5747	27993
839000	368	0	1928	0	10627	0	5865	28707
840000	359	0	2278	0	10024	0	6323	28901
841000	294	0	2099	0	10547	0	6396	28436
842000	387	0	1819	0	10702	0	5601	30372
843000	337	0	1664	0	11187	0	4740	29782
844000	341	0	1670	0	11155	0	4543	30770
845000	387	0	1926	0	10519	0	5132	29916
846000	344	0	1959	0	10612	0	5603	30166
847000	399	0	1858	0	10760	0	5112	29276
848000	318	0	1854	0	10823	0	5310	29487
849000	379	0	2314	0	9969	0	7007	27212
850000	311	0	2585	0	9616	0	6922	26030
851000	347	0	2453	0	9849	0	6703	26772
852000	359	0	2744	0	9315	0	7138	26022
853000	355	0	2792	0	9173	0	8369	26173
854000	347	0	2935	0	8985	0	8058	25335
855000	335	0	2829	0	9144	0	7922	25834
856000	360	0	2952	0	8952	0	8271	24883
857000	383	0	3245	0	8495	0	8993	21942
858000	324	0	3727	0	7527	0	10292	20065
859000	351	0	3971	0	7152	0	10935	19587
860000	334	0	3992	0	7100	0	10927	19580
861000	396	0	4051	0	7029	0	12370	18852
862000	373	0	3613	0	7805	0	9757	22177
863000	327	0	3713	0	7640	0	10145	22643
864000	410	0	3483	0	7936	0	9986	23217
865000	342	0	3472	0	7959	0	9887	22099
866000	349	0	3555	0	7845	0	9497	23254
867000	362	0	3961	0	7207	0	10312	20820
868000	372	0	3947	0	7235	0	10163	20507
869000	379	0	3032	0	8691	0	8282	23801
870000	329	0	2651	0	9590	0	7576	27500
871000	307	0	2419	0	9894	0	7135	28003
872000	282	0	2621	0	9649	0	7160	26971
873000	393	0	2590	0	9441	0	7768	25302
874000	401	0	2572	0	9545	0	7322	25700
875000	368	0	2515	0	9780	0	6612	26713
876000	306	0	2632	0	9582	0	6976	26030
877000	349	0	2098	0	10436	0	6061	27761
878000	395	0	2342	0	9916	0	6867	28632
879000	324	0	2183	0	10288	0	5855	30462
880000	324	0	2390	0	9930	0	6416	27715
881000	335	0	2401	0	9908	0	6446	27327
882000	375	0	2197	0	10174	0	5845	28917
883000	328	0	2034	0	10532	0	5845	28424
884000	411	0	1951	0	10484	0	5860	28662
885000	322	0	2263	0	10224	0	5646	29204
886000	309	0	2366	0	10018	0	6586	27130
887000	344	0	2536	0	9576	0	6435	27938
888000	338	0	2239	0	10239	0	6313	28368
889000	327	0	2137	0	10427	0	5570	28550
890000	335	0	2084	0	10384	0	5279	29249
891000	396	0	2428	0	9749	0	6157	27648
892000	276	0	2295	0	10150	0	6277	28010
893000	335	0	2509	0	9743	0	7424	26340
894000	282	0	2715	0	9411	0	8063	26221
895000	365	0	2806	0	9253	0	7511	26221
896000	337	0	3050	0	8732	0	8050	24918
897000	373	0	2552	0	9543	0	7621	26451
898000	335	0	2792	0	9220	0	7268	26885
899000	283	0	2982	0	9089	0	7803	25595
900000	354	0	2686	0	9417	0	7664	25356
901000	325	0	2610	0	9497	0	6460	27029
902000	333	0	2312	0	10016	0	5767	28798
903000	345	0	2046	0	10356	0	6031	29780
904000	265	0	2401	0	9983	0	6423	29392
905000	342	0	2310	0	9992	0	6766	27141
906000	413	0	2513	0	9643	0	6535	25704
907000	376	0	2698	0	9383	0	7457	26351
908000	355	0	2773	0	9231	0	6987	25244
909000	366	0	2644	0	9495	0	6992	26859
910000	290	0	2659	0	9596	0	7387	27442
911000	320	0	2584	0	9671	0	6633	25744
912000	397	0	2633	0	9344	0	7929	25575
913000	307	0	3022	0	8867	0	8654	23833
914000	326	0	3079	0	8747	0	8595	24630
915000	326	0	3239	0	8405	0	9158	25281
916000	312	0	3216	0	8561	0	8530	24627
917000	352	0	2966	0	8862	0	9439	24233
918000	353	0	3032	0	8897	0	8215	24677
919000	289	0	2793	0	9411	0	7950	25805
920000	381	0	2887	0	8964	0	8092	25531
921000	334	0	3123	0	8711	0	8591	24517
922000	347	0	3372	0	8278	0	10002	23349
923000	380	0	3502	0	7943	0	9088	23392
924000	287	0	3719	0	7637	0	10209	20764
925000	378	0	3084	0	8655	0	8364	24320
926000	329	0	2884	0	8987	0	8237	25545
927000	385	0	2825	0	9079	0	8355	24161
928000	383	0	3625	0	7649	0	10530	21653
929000	338	0	3806	0	7478	0	10611	20773
930000	309	0	3088	0	8848	0	8962	24448
931000	297	0	2759	0	9352	0	7633	25933
932000	365	0	2543	0	9562	0	7517	26520
933000	330	0	2842	0	9180	0	7709	26399
934000	364	0	3003	0	8768	0	8160	24969
935000	337	0	2537	0	9751	0	7026	26246
936000	376	0	2618	0	9506	0	7115	25893
937000	326	0	2448	0	9771	0	6472	28350
938000	320	0	2584	0	9607	0	6853	26278
939000	381	0	2757	0	9248	0	7670	24143
940000	354	0	2665	0	9483	0	8169	26032
941000	338	0	2443	0	9831	0	7914	27082
942000	299	0	2198	0	10368	0	5808	28945
943000	339	0	2431	0	9890	0	7033	26823
944000	342	0	2336	0	9991	0	5897	26147
945000	321	0	2293	0	10126	0	7312	28548
946000	344	0	2594	0	9524	0	6737	26430
947000	335	0	2707	0	9322	0	7413	25682
948000	396	0	2891	0	9049	0	8634	23783
949000	385	0	2634	0	9421	0	7061	25801
950000	385	0	3287	0	8344	0	8798	23033
951000	280	0	3245	0	8564	0	8796	22777
952000	414	0	3477	0	7808	0	9574	20462
953000	341	0	3080	0	8669	0	8620	23636
954000	420	0	3641	0	7668	0	9930	22015
955000	425	0	3489	0	7895	0	9450	22094
956000	417	0	3517	0	7861	0	8963	21903
957000	401	0	4059	0	6727	0	11167	19682
958000	353	0	3669	0	7731	0	9738	21109
959000	269	0	2888	0	9221	0	8399	25618
960000	380	0	2492	0	9648	0	7025	26455
961000	318	0	2465	0	9819	0	7370	27842
962000	309	0	2869	0	9059	0	7551	24529
963000	289	0	3136	0	8674	0	8678	24526
964000	348	0	3417	0	8226	0	9294	23398
965000	361	0	2847	0	9137	0	7938	25508
966000	376	0	2919	0	8920	0	7808	24509
967000	308	0	2699	0	9471	0	7523	26229
968000	323	0	2809	0	9320	0	6803	26430
969000	348	0	2970	0	9036	0	7297	24794
970000	376	0	2957	0	8921	0	7870	25940
971000	337	0	2421	0	9838	0	6653	26549
972000	344	0	2626	0	9594	0	7300	26262
973000	310	0	2517	0	9741	0	6775	26619
974000	379	0	2506	0	9639	0	6593	26515
975000	354	0	2334	0	9972	0	6497	27766
976000	296	0	2428	0	9916	0	6982	26997
977000	304	0	2344	0	10075	0	6336	27111
978000	393	0	2561	0	9412	0	6485	25397
979000	320	0	2668	0	9521	0	7094	27264
980000	373	0	2407	0	9820	0	6862	26889
981000	327	0	2677	0	9454	0	7129	26676
982000	276	0	2853	0	9180	0	8216	24605
983000	291	0	3285	0	8499	0	9228	24288
984000	353	0	3143	0	8716	0	8784	22835
985000	397	0	2727	0	9293	0	8104	25125
986000	363	0	2603	0	9575	0	6665	25847
987000	365	0	2698	0	9342	0	8040	25893
988000	313	0	2679	0	9381	0	7187	25919
989000	335	0	2688	0	9477	0	7439	26542
990000	400	0	2848	0	9023	0	8207	26219
991000	367	0	3055	0	8741	0	8679	22825
992000	390	0	2972	0	8870	0	8067	23832
993000	364	0	2895	0	8994	0	7494	23932
994000	353	0	2992	0	8808	0	8374	25181
995000	313	0	2871	0	9209	0	7894	25177
996000	338	0	2841	0	9240	0	7440	26169
997000	385	0	2177	0	10218	0	6188	28755
998000	375	0	2171	0	10285	0	5352	28081
999000	332	0	2281	0	10159	0	6643	28120
