0	0	0	0	14400	0	0	0	0
1000	41	1703	267	11974	85	5	36249	345
2000	61	2003	257	11687	57	20	33254	151
3000	61	1973	246	11743	33	15	32965	166
4000	36	1863	290	11827	33	21	35525	168
5000	42	1724	293	11974	19	13	34886	152
6000	31	1698	312	12006	0	6	36126	64
7000	29	1788	334	11895	0	6	36600	1
8000	51	1738	326	11921	0	6	36083	18
9000	76	1741	451	11634	73	7	34596	326
10000	57	1780	396	11626	82	50	35193	343
11000	36	1797	362	11737	30	83	34082	328
12000	60	1701	303	11863	35	95	34583	458
13000	46	1889	243	11752	58	106	35456	531
14000	25	1822	332	11792	31	80	34903	317
15000	57	1872	344	11617	46	69	36354	366
16000	45	1708	300	11886	38	109	36011	363
17000	50	1796	357	11721	24	59	35387	386
18000	53	1740	368	11766	5	50	35010	184
19000	44	1856	284	11849	10	10	37151	7
20000	63	1849	306	11778	39	3	35733	45
21000	56	1851	304	11806	13	0	36482	51
22000	55	1720	372	11723	99	26	35973	353
23000	61	1633	358	11839	91	26	35837	413
24000	49	1622	330	11956	34	42	35522	219
25000	53	1888	328	11653	25	61	35803	297
26000	61	1664	314	11980	31	20	35516	102
27000	40	1873	340	11747	43	29	35657	131
28000	59	1654	382	11819	62	39	35334	330
29000	44	1802	334	11758	36	65	35578	439
30000	54	1637	314	11893	27	77	37591	298
31000	63	1752	312	11838	6	85	35727	221
32000	61	1805	312	11711	1	113	35594	342
33000	50	1760	338	11769	6	107	34686	294
34000	36	1804	283	11798	37	114	35269	499
35000	57	1643	382	11743	15	180	34663	578
36000	43	1588	420	11859	19	101	35749	364
37000	56	1998	276	11618	1	126	34850	210
38000	56	1701	310	11882	3	106	34892	356
39000	41	1836	342	11754	4	54	35247	239
40000	37	1764	277	11946	3	43	35156	215
41000	49	1870	388	11651	4	41	34882	139
42000	42	1843	303	11803	2	54	34749	85
43000	40	1860	273	11870	6	20	35807	50
44000	41	1805	325	11823	5	27	35942	74
45000	41	1954	330	11701	0	6	34051	39
46000	33	1772	372	11781	76	5	35970	282
47000	48	1701	324	11888	43	38	34968	104
48000	70	1851	253	11799	56	60	33848	314
49000	66	1777	288	11778	32	112	34537	330
50000	54	1946	329	11478	16	180	34511	570
51000	68	1760	228	11860	31	160	35304	644
52000	52	1830	313	11691	54	127	34731	517
53000	58	1803	368	11491	89	212	33528	692
54000	69	1926	260	11501	78	232	34832	798
55000	54	1885	292	11461	39	321	34706	964
56000	49	1707	286	11658	31	318	34753	927
57000	55	1790	261	11601	75	299	34990	891
58000	54	1737	309	11597	53	283	32831	930
59000	56	1633	293	11666	81	326	36009	1211
60000	59	1584	399	11483	36	456	34492	1362
61000	67	1754	325	11367	56	431	34333	1354
62000	46	1836	297	11396	17	470	34123	1089
63000	32	1973	303	11251	10	516	33452	1542
64000	66	1908	327	11286	51	389	35150	1224
65000	45	1941	285	11423	38	304	34012	1045
66000	62	1931	266	11497	45	275	34619	1178
67000	50	1792	285	11594	41	305	34916	1087
68000	49	1802	329	11489	59	315	33750	954
69000	48	1779	316	11489	65	343	34406	966
70000	45	1810	273	11658	25	259	34094	985
71000	56	2056	235	11437	40	278	32840	977
72000	42	1956	230	11459	32	365	33305	1203
73000	50	1872	254	11593	13	305	35067	845
74000	80	1669	356	11630	44	222	34653	796
75000	52	1852	359	11520	28	214	34115	594
76000	63	1707	397	11554	33	271	33978	647
77000	46	1804	221	11625	29	358	35296	1063
78000	83	1889	322	11431	37	248	34219	796
79000	59	1668	305	11692	55	250	35878	775
80000	56	1850	338	11440	35	290	35580	719
81000	40	1725	415	11520	47	282	35298	991
82000	58	1775	438	11425	45	260	34707	789
83000	31	1739	339	11627	31	271	34200	812
84000	35	1724	342	11707	16	215	34792	695
85000	35	1790	288	11717	0	222	35366	634
86000	48	1720	281	11759	1	210	35128	674
87000	53	1871	255	11697	9	193	34963	492
88000	45	1938	323	11509	12	210	34233	674
89000	57	1917	347	11567	1	141	34667	433
90000	46	1904	322	11645	1	136	34200	368
91000	20	1883	220	11944	0	79	33398	322
92000	65	1850	335	11694	6	74	34226	93
93000	82	1699	420	11698	0	94	34843	226
94000	57	1633	308	11974	1	83	35653	370
95000	54	1588	374	11898	2	71	35768	215
96000	29	1552	368	12015	5	80	36230	337
97000	37	1680	349	11867	16	78	35676	397
98000	46	1953	303	11650	34	61	35128	289
99000	62	1861	350	11703	21	59	36015	205
100000	59	1675	385	11848	3	50	36044	107
101000	57	1806	361	11705	1	80	35077	214
102000	59	1593	413	11800	0	100	34863	316
103000	42	1774	408	11715	2	84	35361	272
104000	61	1764	354	11718	40	105	35143	496
105000	44	1726	345	11809	40	81	35941	369
106000	26	1982	282	11662	48	33	35439	201
107000	73	1676	368	11796	25	33	34554	306
108000	37	1810	334	11813	30	17	35959	193
109000	38	1777	388	11825	9	21	35566	75
110000	51	1679	387	11891	0	22	35328	54
111000	38	1733	437	11757	0	17	35945	53
112000	48	1855	426	11618	0	1	35089	2
113000	38	1667	345	11956	3	16	35833	86
114000	61	1753	358	11733	98	0	34761	121
115000	85	1614	358	11897	68	13	36098	219
116000	46	1693	354	11834	41	25	35831	138
117000	48	1848	287	11835	10	21	36043	90
118000	71	1949	262	11732	0	35	34283	91
119000	34	1691	376	11884	0	50	34919	153
120000	64	1712	357	11859	0	38	35357	40
121000	46	1683	387	11866	18	18	36211	50
122000	42	1891	303	11762	21	22	34215	137
123000	53	1928	320	11672	23	53	34121	172
124000	65	1864	320	11711	53	16	34480	316
125000	77	1740	431	11741	7	3	35786	22
126000	52	1736	325	11929	4	1	35809	19
127000	69	1645	442	11780	25	7	36777	116
128000	49	1586	340	12043	8	5	36105	12
129000	72	1829	343	11751	10	1	33824	8
130000	60	1754	355	11813	0	1	34920	0
131000	36	2010	247	11727	69	4	33975	186
132000	57	1801	315	11717	59	53	36463	424
133000	53	1817	243	11884	51	44	36159	305
134000	55	1874	331	11648	32	81	34777	302
135000	34	1804	370	11772	19	39	35985	148
136000	62	1773	386	11714	22	49	34902	157
137000	56	1740	321	11791	9	86	33761	379
138000	26	1694	316	11900	20	112	36699	368
139000	49	1835	253	11846	13	81	34451	335
140000	28	1733	349	11805	0	110	34735	393
141000	45	1898	381	11540	10	85	33661	299
142000	62	1831	327	11664	25	117	35303	351
143000	43	1891	306	11724	1	80	35579	274
144000	58	1865	343	11686	8	70	34427	234
145000	46	1642	381	11864	0	54	35567	161
146000	40	1824	348	11733	3	74	35039	176
147000	54	1850	286	11733	3	124	34857	364
148000	59	1940	298	11670	2	110	35347	531
149000	37	1952	285	11606	38	130	34326	601
150000	52	1983	264	11604	38	109	34345	440
151000	42	1903	274	11666	34	136	35207	392
152000	60	1820	405	11540	22	150	34491	579
153000	35	1941	332	11568	8	149	34456	527
154000	41	1864	290	11686	10	146	33659	521
155000	63	1922	305	11640	6	107	34222	333
156000	55	1757	395	11701	0	97	34913	253
157000	57	1767	380	11678	8	123	34734	510
158000	32	1864	327	11744	1	87	35380	154
159000	46	1890	249	11764	25	80	35557	418
160000	43	1689	365	11821	32	109	35098	216
161000	41	1827	265	11823	32	82	36485	321
162000	59	1956	327	11552	36	97	34160	474
163000	42	1836	347	11637	32	134	34877	406
164000	31	1818	338	11733	4	105	35443	458
165000	36	1707	328	11926	0	66	34832	286
166000	75	1825	317	11793	0	21	34827	99
167000	53	1762	346	11864	0	22	35906	81
168000	26	1868	221	11963	0	10	35782	62
169000	50	1781	296	11831	98	1	36331	97
170000	63	1735	330	11807	100	6	35190	388
171000	59	1912	227	11755	136	15	35649	323
172000	70	1753	373	11683	83	52	34262	571
173000	61	1761	362	11713	64	48	35584	381
174000	43	1706	368	11810	34	50	36426	278
175000	45	1843	304	11737	32	90	34966	416
176000	39	1765	281	11883	36	92	34169	419
177000	66	1872	315	11605	23	133	34971	603
178000	56	1918	336	11535	17	185	35019	532
179000	68	1785	346	11598	26	208	35504	432
180000	46	1805	342	11640	19	151	34562	557
181000	31	1926	237	11797	4	124	35424	201
182000	35	1785	294	11846	3	86	35212	310
183000	40	2053	292	11617	3	63	35238	173
184000	43	1908	354	11682	9	25	34875	136
185000	41	1825	296	11826	0	37	35098	141
186000	43	1885	250	11890	3	39	34921	77
187000	36	1808	259	11943	5	15	35933	40
188000	45	1921	262	11859	0	0	34852	2
189000	84	1843	324	11725	68	2	34100	257
190000	48	1872	378	11629	56	10	34668	138
191000	44	1920	247	11738	94	7	34312	202
192000	40	1816	255	11849	68	11	36715	166
193000	68	1836	339	11577	119	55	33526	601
194000	57	1936	345	11592	47	76	34210	367
195000	38	1730	321	11819	15	103	34172	247
196000	28	2015	247	11680	8	107	35090	288
197000	47	1744	313	11835	4	77	34279	326
198000	68	1642	316	11918	0	87	34555	179
199000	41	1719	320	11826	7	121	35755	242
200000	64	1886	236	11808	8	85	35948	275
201000	26	1957	223	11785	22	80	34729	350
202000	52	1847	319	11733	6	103	34768	419
203000	67	1764	274	11827	6	99	35308	353
204000	31	1750	311	11874	36	71	35513	184
205000	37	1802	270	11837	53	69	34829	295
206000	70	1863	329	11635	49	93	34617	443
207000	47	1937	302	11606	41	105	34903	335
208000	58	1682	341	11855	32	79	35534	287
209000	54	1878	329	11633	19	94	35192	284
210000	75	1894	304	11652	31	84	35786	385
211000	61	1860	366	11643	28	56	33592	177
212000	35	1767	324	11829	15	106	35000	319
213000	50	1611	389	11853	10	67	35878	161
214000	76	1675	351	11843	14	50	35336	188
215000	42	1689	341	11888	1	64	35748	158
216000	53	1821	248	11879	0	74	35177	203
217000	68	1920	274	11712	0	48	34277	165
218000	30	1835	257	11852	0	96	35020	400
219000	40	1944	244	11816	0	34	34709	61
220000	59	1788	349	11772	0	68	35310	98
221000	35	1828	328	11807	0	38	35014	125
222000	42	1971	259	11774	6	23	34394	122
223000	42	1970	269	11783	2	26	34503	104
224000	60	1796	268	11944	0	12	35445	18
225000	44	1849	317	11789	0	24	35667	65
226000	46	1814	303	11879	0	25	35236	69
227000	59	1518	400	11955	0	16	36366	66
228000	66	1801	297	11857	2	27	34473	24
229000	40	1726	298	11946	0	34	36252	159
230000	42	1892	296	11831	0	0	35824	2
231000	32	1873	373	11688	62	29	33708	278
232000	42	1687	279	11995	35	32	35550	263
233000	54	1856	336	11729	8	49	35071	194
234000	51	1823	312	11840	0	29	34602	78
235000	34	1868	305	11815	0	1	35438	1
236000	56	1852	335	11698	102	10	36177	333
237000	56	1783	308	11779	66	36	35658	417
238000	58	1669	428	11749	26	42	36962	177
239000	62	1618	330	11993	0	24	36337	62
240000	37	1790	337	11850	0	24	34509	95
241000	47	1889	311	11747	0	65	35063	151
242000	71	1882	290	11746	3	72	33575	191
243000	54	1912	242	11797	1	72	34907	130
244000	55	2009	245	11649	6	118	34466	302
245000	47	1752	302	11858	0	111	35356	429
246000	38	1849	366	11676	9	100	34150	359
247000	44	1728	357	11750	0	148	34827	433
248000	52	1805	319	11692	21	146	33869	538
249000	48	1717	345	11729	12	177	35249	473
250000	51	1829	302	11752	3	94	35583	315
251000	41	1961	295	11690	1	74	33879	193
252000	38	2006	269	11666	0	102	34870	320
253000	34	1738	330	11833	0	119	36233	311
254000	68	1731	359	11764	7	65	35029	287
255000	58	1939	248	11771	0	43	34607	75
256000	62	1788	378	11717	0	68	34175	236
257000	59	1793	392	11740	0	28	34708	107
258000	53	1591	382	11906	12	54	37070	157
259000	45	1825	280	11860	23	20	35464	79
260000	71	1889	257	11838	13	19	35907	144
261000	38	2037	255	11750	1	25	34159	84
262000	53	1832	247	11906	0	24	35693	106
263000	31	1625	337	11950	0	48	35273	71
264000	34	1968	328	11689	0	35	36370	90
265000	44	1769	413	11705	7	39	34790	217
266000	35	1761	300	11878	19	87	35657	324
267000	53	1901	322	11701	0	81	33281	212
268000	56	1734	360	11810	12	44	35711	109
269000	65	1665	309	11935	0	55	36339	168
270000	51	1741	276	11950	3	56	36555	177
271000	33	2004	269	11738	1	45	35524	53
272000	35	1774	230	12010	11	39	34919	71
273000	57	1775	320	11872	5	18	35234	98
274000	49	1908	312	11747	0	30	33970	54
275000	53	1693	414	11775	0	30	35782	112
276000	63	1806	400	11673	4	39	36058	103
277000	48	1861	272	11846	10	21	35237	165
278000	56	1748	342	11883	0	1	36673	24
279000	87	1830	377	11649	0	0	35424	5
280000	38	1740	283	11912	76	18	35207	229
281000	87	1733	366	11746	42	22	34435	171
282000	51	1902	296	11745	33	29	35307	159
283000	65	1852	282	11805	20	41	34736	153
284000	54	1859	323	11771	0	20	35643	28
285000	44	1949	364	11616	0	3	34694	49
286000	39	1938	342	11715	0	6	34969	10
287000	61	1740	349	11860	0	2	35576	0
288000	69	1746	392	11790	0	0	35609	2
289000	72	1588	426	11807	49	26	35397	243
290000	67	1700	325	11887	49	44	35921	216
291000	33	1845	326	11791	26	41	36377	129
292000	49	1733	396	11815	20	24	34593	180
293000	38	1944	306	11722	11	26	34665	100
294000	77	1812	369	11723	9	30	36495	133
295000	63	1740	271	11928	0	40	34085	96
296000	60	1864	282	11784	2	49	35008	121
297000	43	1913	241	11823	4	37	35734	80
298000	54	1929	307	11702	24	37	36060	170
299000	15	2177	278	11540	17	52	33199	207
300000	61	1937	357	11570	12	62	34299	260
301000	26	2075	307	11570	1	52	35775	253
302000	53	1922	366	11612	3	66	33217	167
303000	50	1787	305	11852	6	35	34296	184
304000	49	1773	407	11705	15	29	35347	125
305000	51	1683	363	11856	32	5	36027	79
306000	67	1639	371	11913	17	4	35124	54
307000	59	1630	338	11981	11	2	35846	40
308000	44	1904	291	11699	100	3	35827	189
309000	34	1835	374	11711	81	12	35056	383
310000	51	1842	357	11696	61	16	33302	155
311000	48	1823	231	11908	59	26	35948	335
312000	39	1907	297	11706	79	55	34860	285
313000	80	1699	394	11662	79	93	34286	433
314000	74	1932	357	11498	84	95	35680	542
315000	69	1646	392	11609	81	173	34214	749
316000	36	1616	345	11819	65	176	35917	729
317000	57	1672	286	11776	81	189	34305	631
318000	33	1667	294	11779	56	216	36223	676
319000	65	1719	369	11572	53	253	35732	768
320000	69	1740	311	11613	40	228	34270	816
321000	46	1726	331	11645	42	224	35533	964
322000	38	1870	314	11663	11	167	36298	511
323000	48	1787	342	11746	5	122	35123	510
324000	47	1954	173	11793	6	135	36570	385
325000	46	1954	308	11635	14	102	34984	276
326000	48	1790	334	11758	0	102	34643	236
327000	47	1829	296	11758	2	124	36501	244
328000	38	1595	363	11973	2	41	36328	178
329000	62	1819	286	11855	0	39	34730	40
330000	53	1822	320	11828	4	29	35078	88
331000	71	1690	395	11780	14	25	33795	107
332000	53	1795	424	11721	11	12	34133	68
333000	56	1614	408	11849	7	36	35376	175
334000	41	1661	352	11915	6	53	35542	114
335000	60	1671	340	11896	3	59	35493	102
336000	51	1648	357	11942	3	39	36726	148
337000	48	1763	333	11879	16	11	35473	40
338000	65	1785	350	11800	17	11	34507	46
339000	47	1795	264	11927	9	31	34927	222
340000	53	1967	197	11855	13	38	35585	152
341000	57	1807	300	11775	41	62	35852	231
342000	63	1743	334	11771	15	68	36498	203
343000	52	1711	308	11917	1	56	34827	166
344000	40	1797	332	11857	0	20	36239	15
345000	57	1887	321	11732	0	17	34061	75
346000	54	1862	343	11783	0	1	34091	9
347000	49	1989	329	11662	0	0	34559	1
348000	50	1820	320	11724	70	55	35531	360
349000	71	1983	267	11612	10	120	34946	449
350000	40	1937	248	11751	3	126	35509	314
351000	57	1904	246	11688	5	139	35520	339
352000	58	1801	324	11743	7	102	34343	281
353000	35	1764	367	11640	0	186	36380	572
354000	30	1762	301	11751	3	157	36099	510
355000	50	1797	255	11784	7	196	34725	491
356000	79	1841	320	11615	10	155	35371	591
357000	61	1755	311	11696	28	207	34143	709
358000	37	1827	253	11656	31	251	34554	647
359000	66	1924	331	11331	24	319	33597	898
360000	46	1878	278	11607	45	204	33826	701
361000	37	2015	258	11617	35	133	34751	585
362000	44	1921	323	11580	52	134	34717	586
363000	52	1876	299	11647	59	117	35489	424
364000	38	1793	348	11660	35	143	34592	637
365000	77	1861	314	11602	42	142	35721	550
366000	51	1800	342	11604	86	123	34848	755
367000	46	1852	254	11706	70	147	33920	620
368000	49	1918	246	11651	53	177	35483	631
369000	41	1802	369	11577	18	193	35370	656
370000	55	1605	366	11744	15	257	35034	912
371000	72	1768	359	11568	33	205	35229	656
372000	41	1824	270	11666	57	227	33844	868
373000	59	1702	311	11700	50	222	34775	822
374000	46	1903	288	11536	69	208	35156	737
375000	26	1784	285	11739	19	221	34363	738
376000	55	1744	369	11602	28	217	34051	668
377000	60	1751	360	11622	27	220	35367	647
378000	51	1585	424	11736	64	140	36483	818
379000	61	1759	349	11672	52	135	34551	440
380000	47	1659	297	11881	58	97	35933	520
381000	53	1798	321	11672	60	140	34101	677
382000	34	1755	368	11700	55	92	36063	452
383000	74	1828	370	11605	13	125	36095	454
384000	58	1741	374	11733	0	108	34745	302
385000	52	1830	333	11749	30	46	36893	248
386000	49	1817	337	11759	1	62	34954	170
387000	42	1749	392	11793	0	33	36669	141
388000	54	1748	295	11892	0	51	36263	174
389000	44	1990	341	11572	4	52	34019	181
390000	52	1795	367	11696	38	64	34687	161
391000	34	1891	337	11678	59	47	35474	287
392000	58	1834	293	11793	47	52	35061	335
393000	43	1789	295	11890	23	42	35012	134
394000	53	2023	331	11567	4	47	34939	78
395000	36	1827	306	11873	0	21	36244	22
396000	37	1758	314	11933	0	11	35286	55
397000	41	1831	283	11906	0	6	34496	79
398000	49	1807	281	11935	0	15	34829	11
399000	65	1576	333	12028	0	3	36324	1
400000	56	1667	353	11918	75	4	35257	179
401000	34	1611	345	11963	84	5	36667	202
402000	69	1727	402	11704	69	21	34707	358
403000	48	1763	312	11775	86	73	36476	430
404000	37	1853	284	11805	59	30	34635	244
405000	48	1923	330	11631	35	32	34471	58
406000	27	1762	314	11907	4	54	35729	130
407000	51	1972	269	11715	15	81	34667	179
408000	41	1920	292	11744	20	46	35357	144
409000	64	1804	313	11829	24	30	35536	81
410000	31	1800	273	11901	22	41	35390	203
411000	48	1887	258	11844	4	36	34858	155
412000	39	1834	335	11810	0	18	35823	74
413000	40	1518	377	12035	3	36	34952	111
414000	40	1863	300	11801	0	42	35094	152
415000	37	1824	313	11819	0	61	36437	223
416000	53	1770	339	11788	2	59	35790	215
417000	38	1795	355	11741	0	61	34383	78
418000	52	1848	306	11823	8	23	36182	38
419000	66	1692	306	11946	20	0	36824	36
420000	46	1940	335	11663	38	28	35476	270
421000	68	1748	304	11828	15	99	35323	380
422000	48	1728	295	11807	50	131	35413	525
423000	36	1878	340	11643	47	95	33504	347
424000	49	1825	300	11754	21	88	35699	403
425000	51	1839	310	11699	5	130	34759	346
426000	49	1924	297	11674	5	107	35784	377
427000	60	1894	289	11693	20	59	33667	329
428000	49	1669	301	11926	23	89	35274	324
429000	54	1894	254	11700	35	128	35202	473
430000	58	1786	274	11810	23	90	35353	275
431000	48	1709	332	11770	39	124	34984	554
432000	50	1812	352	11629	47	133	34066	479
433000	50	1732	310	11716	55	170	36041	743
434000	65	1759	325	11761	28	117	34051	384
435000	38	1817	368	11673	18	127	35682	414
436000	42	1867	306	11686	0	133	33639	664
437000	38	1928	363	11630	10	99	35365	338
438000	30	1839	336	11749	4	76	36212	175
439000	29	1950	218	11838	5	60	34505	185
440000	38	1872	309	11687	0	132	35491	246
441000	52	1878	276	11749	2	117	34388	280
442000	29	1661	322	11979	16	86	35182	388
443000	50	1829	277	11800	8	120	34962	304
444000	42	1643	417	11803	12	90	36070	199
445000	47	1957	364	11584	6	55	35505	174
446000	40	2008	271	11785	5	15	33706	90
447000	46	1937	252	11818	0	22	34130	29
448000	60	1779	351	11806	0	18	36110	70
449000	59	1868	239	11919	0	3	35487	3
450000	59	2059	261	11581	114	6	33824	346
451000	35	1828	338	11709	113	19	33952	350
452000	52	1889	314	11640	76	42	36034	334
453000	45	1807	269	11789	92	61	35419	398
454000	59	1773	318	11695	77	122	35444	614
455000	51	1796	315	11701	54	139	34332	734
456000	39	1612	434	11792	14	103	34655	363
457000	56	1659	456	11702	1	103	34630	232
458000	59	1770	419	11614	12	67	35700	364
459000	56	1849	277	11815	19	47	35173	211
460000	76	1809	363	11710	7	27	35059	80
461000	44	1777	283	11934	5	11	35615	52
462000	46	1780	297	11947	0	21	36011	78
463000	46	1849	260	11911	0	42	34273	171
464000	38	1930	305	11743	0	30	36963	82
465000	34	1811	298	11928	0	17	36116	29
466000	41	1925	334	11747	0	5	35147	0
467000	36	1888	294	11872	0	12	33875	26
468000	37	1817	279	11907	3	13	35509	118
469000	49	1770	286	11965	1	5	36975	10
470000	41	1786	270	11871	101	0	35608	145
471000	53	1750	243	11933	73	15	35521	180
472000	69	1933	272	11726	43	33	36037	283
473000	59	1781	311	11829	23	25	34202	142
474000	63	1850	308	11786	17	11	34834	158
475000	36	1729	347	11813	18	72	35432	187
476000	58	1646	359	11857	3	75	35536	157
477000	46	1677	353	11890	12	43	34777	199
478000	56	1731	388	11746	0	60	35160	163
479000	53	1658	349	11923	5	49	35670	126
480000	60	1624	350	11915	0	68	34987	187
481000	64	1576	429	11769	13	82	35300	174
482000	53	1794	383	11682	8	79	34849	208
483000	72	1813	296	11754	26	87	33894	332
484000	20	1937	241	11794	16	95	35350	299
485000	58	1839	289	11753	4	94	35674	222
486000	62	1879	249	11773	44	77	35070	240
487000	41	1738	314	11770	38	145	35815	499
488000	41	1989	269	11635	22	133	35152	488
489000	49	1954	271	11666	63	84	34225	446
490000	57	1794	351	11618	49	129	34579	413
491000	68	1916	397	11385	53	138	34776	527
492000	35	1802	345	11575	90	182	34941	993
493000	29	1920	368	11500	55	124	34660	517
494000	51	1807	351	11645	18	143	34458	438
495000	64	1822	280	11746	10	149	35705	371
496000	54	1677	313	11831	2	164	35543	561
497000	58	1736	252	11844	8	178	36872	541
498000	49	1858	298	11655	9	158	36320	568
499000	45	1824	243	11826	17	137	34080	480
500000	33	1911	288	11740	15	79	36227	210
501000	40	1956	284	11729	0	90	34955	310
502000	57	1602	441	11781	4	83	34854	292
503000	35	1723	339	11762	16	126	35359	288
504000	47	1878	343	11639	3	138	36351	255
505000	69	1694	331	11798	6	124	36181	355
506000	47	1768	337	11813	16	82	36546	285
507000	44	1756	388	11689	37	87	35870	388
508000	45	1832	327	11666	30	108	35693	510
509000	75	1713	383	11663	47	128	33815	408
510000	48	1754	315	11680	29	214	35775	584
511000	63	1802	338	11536	62	247	34097	978
512000	64	1711	353	11566	54	272	34362	896
513000	63	1648	338	11631	154	200	34301	1010
514000	79	1707	398	11437	162	209	33547	902
515000	66	1653	347	11578	191	180	34033	1214
516000	56	1663	352	11674	89	213	35022	954
517000	37	1867	236	11694	59	201	35064	631
518000	72	1677	283	11816	31	208	34025	717
519000	64	1924	280	11495	14	261	34331	505
520000	48	1770	339	11551	34	254	33667	769
521000	65	1664	380	11525	68	267	34431	1010
522000	51	1717	336	11693	94	180	34089	796
523000	63	1854	295	11567	107	177	33492	975
524000	42	1807	307	11705	73	145	35784	674
525000	59	1717	303	11705	130	164	35778	652
526000	37	1628	341	11725	109	211	35888	1027
527000	67	1887	250	11518	62	285	34148	968
528000	41	1666	275	11747	31	288	34851	1003
529000	36	1781	304	11667	14	291	34331	1095
530000	51	1959	314	11461	14	273	33715	853
531000	47	1917	251	11530	25	303	33844	873
532000	53	1751	326	11647	1	282	35106	870
533000	33	1841	308	11569	11	280	35889	762
534000	40	1747	346	11706	5	176	34094	593
535000	43	2122	255	11443	25	186	34764	532
536000	44	1960	354	11510	10	128	34579	448
537000	54	1805	384	11642	5	145	36278	328
538000	44	1703	405	11659	15	177	34269	473
539000	56	1613	445	11654	2	210	35892	836
540000	77	1527	375	11910	6	128	34772	420
541000	59	1516	474	11777	26	135	35948	410
542000	31	1788	289	11833	41	68	36401	276
543000	41	1913	328	11674	17	48	33875	237
544000	39	1897	240	11779	56	62	34695	330
545000	59	1863	324	11704	15	91	33815	211
546000	37	1823	306	11805	8	104	35882	358
547000	40	1859	339	11659	15	101	35737	374
548000	42	1739	331	11801	13	120	35057	180
549000	50	1913	301	11672	1	82	34988	202
550000	59	1766	368	11660	24	140	35900	439
551000	50	1711	376	11690	37	131	33849	505
552000	43	1930	295	11675	30	70	35472	292
553000	79	1563	334	11931	16	91	35801	280
554000	59	1738	319	11761	16	172	35755	483
555000	43	1786	285	11723	5	210	36517	700
556000	49	1805	307	11670	57	168	33913	675
557000	48	1790	301	11631	125	150	34377	903
558000	64	1790	312	11633	51	182	34692	750
559000	61	1724	304	11697	78	174	34982	667
560000	35	1962	269	11551	82	179	33747	770
561000	52	1855	291	11538	76	221	33804	898
562000	49	1835	313	11593	70	172	34007	921
563000	47	1967	332	11370	67	231	33604	733
564000	66	1807	302	11659	61	126	34460	584
565000	55	1685	322	11803	51	126	34901	468
566000	73	1712	355	11779	20	94	34920	260
567000	55	1779	349	11749	1	134	34961	352
568000	38	1900	307	11644	2	167	34559	466
569000	34	1879	284	11766	2	124	34448	400
570000	42	1796	336	11753	0	103	35708	243
571000	82	1650	327	11867	5	119	34558	288
572000	24	1779	343	11696	18	148	34712	590
573000	45	1909	311	11623	36	138	34687	499
574000	38	1791	289	11815	12	118	36263	280
575000	75	1671	370	11699	18	186	34891	750
576000	71	1737	273	11855	35	105	35045	502
577000	33	1954	327	11626	23	126	34467	589
578000	52	1961	249	11653	20	129	33859	563
579000	51	1746	327	11721	59	143	35432	614
580000	47	1883	306	11505	75	260	34709	827
581000	68	1812	304	11580	80	212	33195	779
582000	83	1747	304	11687	45	174	34128	796
583000	67	1828	369	11525	18	185	34798	517
584000	47	1797	253	11691	62	236	34469	597
585000	72	1960	278	11381	33	338	33846	1077
586000	44	1917	309	11541	45	205	33882	820
587000	49	1866	293	11676	41	171	35232	645
588000	48	1880	319	11586	33	159	35753	639
589000	54	1842	296	11797	21	36	34822	229
590000	48	1836	302	11701	42	124	35256	356
591000	49	1909	326	11558	30	141	34113	508
592000	23	1682	328	11915	15	98	33889	353
593000	35	1829	386	11612	50	58	35447	208
594000	41	1952	333	11631	14	90	35093	250
595000	54	1936	330	11564	7	145	33960	366
596000	70	1832	309	11613	8	212	35992	651
597000	46	1709	296	11840	22	168	35770	567
598000	48	1846	335	11651	20	137	34450	389
599000	36	1935	293	11620	7	180	36532	831
600000	40	1933	324	11601	18	134	35073	387
601000	52	1579	384	11789	8	144	36383	635
602000	72	1626	370	11782	40	91	35249	278
603000	44	1947	259	11768	17	64	35624	221
604000	51	1766	278	11828	48	80	35142	416
605000	41	1751	317	11842	11	83	35134	315
606000	42	2112	229	11657	25	26	33416	216
607000	25	2080	215	11716	23	32	35551	233
608000	34	2042	176	11840	22	27	33557	226
609000	62	1897	300	11716	0	49	34441	109
610000	31	1860	276	11845	1	77	36581	183
611000	30	1670	331	11974	0	26	34752	73
612000	33	1682	323	11921	0	77	35509	309
613000	24	1873	256	11849	0	92	34996	268
614000	43	1861	365	11662	0	113	34333	312
615000	37	1773	268	11917	0	122	34364	330
616000	58	1689	397	11677	18	121	34996	409
617000	62	1871	324	11639	23	119	34448	305
618000	40	1782	300	11755	14	172	35133	563
619000	62	1652	361	11724	13	169	34192	470
620000	50	1733	272	11833	5	149	34960	454
621000	23	1695	289	11927	2	148	35371	459
622000	57	1831	277	11733	25	144	34611	493
623000	63	1726	346	11701	27	149	34684	372
624000	62	1591	291	11888	11	215	35798	719
625000	38	1793	372	11679	7	148	35238	469
626000	43	1800	322	11661	10	196	35012	345
627000	68	1790	282	11706	19	173	34950	608
628000	59	1861	244	11758	49	108	35572	504
629000	41	2056	317	11484	16	172	34773	453
630000	70	1783	399	11568	52	125	35805	574
631000	85	1864	347	11539	1	187	35312	521
632000	69	1739	357	11720	4	120	34421	366
633000	64	1731	471	11600	1	87	35898	257
634000	51	1628	328	11954	0	45	36756	211
635000	33	1749	251	11988	14	63	35474	186
636000	38	1898	269	11850	4	43	34861	157
637000	56	2080	250	11640	5	27	34708	93
638000	48	1898	310	11785	0	14	34106	155
639000	49	1704	385	11846	7	22	35551	49
640000	33	1817	317	11885	0	23	36793	94
641000	47	1949	304	11692	4	45	35327	237
642000	59	1860	304	11821	0	11	35385	43
643000	39	1764	262	11990	0	0	35564	4
644000	81	1789	323	11687	85	23	35941	289
645000	47	1706	367	11789	51	29	34790	295
646000	33	1967	276	11727	23	31	35937	74
647000	56	1831	281	11834	26	21	35960	85
648000	60	1685	351	11853	0	37	35938	66
649000	34	1772	342	11847	0	28	34247	69
650000	50	1824	335	11783	1	47	35072	93
651000	45	1719	334	11860	31	65	34756	142
652000	52	1885	292	11711	17	86	33486	248
653000	58	1775	348	11689	30	111	35059	424
654000	64	1903	323	11605	40	113	34733	420
655000	45	2022	260	11616	13	116	34690	320
656000	51	1888	293	11706	10	110	35245	480
657000	34	1895	250	11835	3	70	36206	147
658000	71	1836	324	11756	3	35	35605	48
659000	47	1764	346	11847	0	62	34355	229
660000	51	1771	310	11869	0	51	34901	105
661000	39	1749	217	12067	0	32	36120	18
662000	45	1787	283	11942	2	16	34405	68
663000	57	1836	305	11849	0	6	37051	29
664000	39	1896	213	11907	0	11	35262	47
665000	76	1893	305	11708	0	58	34294	115
666000	65	1864	351	11624	2	105	35034	236
667000	70	1777	270	11829	6	109	34557	405
668000	47	1734	390	11761	1	68	33853	158
669000	43	1874	315	11711	8	103	34735	179
670000	57	1773	360	11734	9	95	34584	241
671000	44	1782	308	11746	19	124	35352	333
672000	52	1962	343	11493	12	148	34524	454
673000	49	1726	260	11906	30	94	35387	244
674000	47	1821	315	11752	16	60	34760	319
675000	41	1821	315	11791	25	40	35141	194
676000	29	1817	324	11839	12	87	34148	336
677000	26	1856	300	11759	21	113	34534	331
678000	48	1873	303	11686	5	126	34799	458
679000	62	1736	365	11717	6	96	35503	300
680000	42	1874	301	11711	3	116	34225	279
681000	51	1906	323	11721	4	60	35698	131
682000	64	1701	298	11863	28	74	36319	159
683000	71	1792	302	11739	40	114	35466	601
684000	67	1798	354	11612	34	177	34236	627
685000	43	1837	319	11621	10	188	34754	617
686000	47	1783	366	11631	21	170	35070	567
687000	53	1923	326	11520	44	153	35485	512
688000	50	1757	321	11747	25	141	36450	526
689000	84	1690	439	11644	26	55	35330	320
690000	58	1779	337	11749	16	75	34785	239
691000	41	1899	305	11748	19	47	35151	238
692000	36	1812	355	11784	6	63	35750	120
693000	43	1811	312	11789	4	94	34409	179
694000	56	1869	314	11697	0	74	34381	150
695000	63	1831	268	11820	3	75	34613	110
696000	40	2066	230	11693	0	56	35247	217
697000	41	1812	323	11791	5	75	35285	174
698000	57	1924	362	11630	0	36	35363	178
699000	28	1796	311	11897	0	26	35668	71
700000	51	1832	346	11790	1	15	34399	29
701000	56	1856	329	11716	4	41	35762	69
702000	60	1671	383	11830	5	77	35432	255
703000	56	1634	364	11905	22	45	35553	216
704000	40	1870	320	11765	30	49	35038	270
705000	58	1642	429	11775	27	56	35405	191
706000	59	1567	439	11800	20	76	34932	176
707000	52	1775	320	11824	4	78	35075	275
708000	28	1749	362	11813	8	51	35182	142
709000	48	1794	234	11984	8	14	35655	105
710000	42	1742	288	12014	0	4	36020	32
711000	51	1698	289	12020	0	6	35083	59
712000	44	1816	338	11840	0	3	33829	22
713000	44	1922	276	11741	74	10	35967	343
714000	40	1692	357	11838	39	31	35126	186
715000	47	1879	316	11751	25	6	36887	184
716000	42	1859	359	11700	17	5	35196	71
717000	55	1684	365	11883	13	8	36276	37
718000	41	1629	352	12020	0	4	36997	29
719000	58	1838	353	11762	0	16	35755	26
720000	37	1858	303	11841	0	18	34871	14
721000	48	1837	300	11843	0	35	34719	74
722000	52	1761	343	11813	0	26	35830	52
723000	44	1730	397	11826	0	25	34871	48
724000	42	1893	250	11842	0	37	34762	122
725000	53	1910	265	11819	0	3	34480	6
726000	43	1796	299	11936	0	9	35846	83
727000	44	1831	323	11835	0	9	36197	47
728000	50	1867	306	11823	0	7	35278	42
729000	52	1782	312	11834	78	5	34508	353
730000	86	1973	350	11539	46	50	35149	208
731000	48	1698	360	11833	38	50	36224	214
732000	34	1750	272	11966	8	46	34915	182
733000	44	1989	353	11587	11	48	35053	221
734000	28	1737	351	11865	0	45	35992	108
735000	39	1624	380	11863	7	77	36259	230
736000	47	1705	371	11796	0	86	36617	255
737000	35	1916	370	11641	5	52	35779	148
738000	72	1809	266	11846	9	38	36516	94
739000	57	1579	373	11976	11	25	36263	182
740000	42	1843	321	11789	9	30	35620	146
741000	31	1826	331	11786	12	29	35718	132
742000	58	1950	287	11708	26	17	34298	118
743000	55	1760	347	11812	51	8	36232	104
744000	62	1749	257	11943	65	22	35580	214
745000	56	1684	331	11847	61	9	34035	265
746000	44	1865	295	11795	36	8	34620	136
747000	48	1709	398	11768	16	46	35480	147
748000	50	1813	301	11833	0	45	35002	145
749000	65	1753	335	11852	0	49	35319	160
750000	49	1738	319	11811	6	100	36397	247
751000	50	1932	297	11651	0	96	34256	311
752000	56	1954	317	11616	2	103	34263	209
753000	49	1837	315	11686	12	137	34989	411
754000	37	1783	349	11719	36	116	34954	411
755000	49	1755	308	11781	18	135	35279	288
756000	75	1662	332	11728	27	183	36179	780
757000	67	1909	307	11559	35	156	34059	570
758000	58	1877	258	11620	46	199	34578	696
759000	40	1894	293	11576	16	218	33863	702
760000	41	1907	340	11507	39	206	34390	729
761000	42	1831	346	11610	12	169	35640	708
762000	51	1810	400	11524	9	202	35857	520
763000	58	1730	327	11699	1	192	34805	513
764000	59	1696	286	11844	4	147	36245	539
765000	47	1774	396	11563	75	107	34957	470
766000	49	1782	333	11715	66	135	35438	581
767000	48	1732	292	11763	78	148	34105	681
768000	48	1802	310	11772	32	129	35396	449
769000	58	1795	369	11646	68	101	35126	374
770000	63	1696	314	11766	57	129	35346	626
771000	85	1661	364	11659	20	175	34590	490
772000	47	1693	338	11753	74	137	35360	613
773000	36	1805	330	11642	48	187	35018	703
774000	57	1783	340	11613	54	174	35027	532
775000	53	1799	334	11625	72	138	34823	483
776000	52	1696	424	11579	78	177	34450	847
777000	50	1834	284	11590	89	227	33839	808
778000	42	1999	228	11611	43	178	34347	771
779000	52	2049	278	11474	35	175	33925	602
780000	64	1895	353	11438	39	222	34612	694
781000	60	1854	368	11481	58	218	34663	928
782000	30	1876	288	11527	24	297	34165	1000
783000	43	1835	229	11656	33	281	35347	951
784000	44	1873	281	11489	68	291	34620	1030
785000	58	2050	262	11342	59	299	34387	1050
786000	61	1850	318	11394	127	297	34579	1306
787000	56	1876	303	11408	104	322	35265	1363
788000	96	1534	386	11518	129	298	34589	1272
789000	81	1608	313	11618	154	293	34594	1487
790000	54	1783	377	11317	189	306	34956	1258
791000	38	1799	340	11315	176	348	34508	1554
792000	47	1722	332	11498	130	318	33705	1240
793000	43	1930	247	11397	125	350	33651	1402
794000	50	1838	356	11378	85	323	34511	1201
795000	28	1800	301	11431	139	352	34561	1483
796000	69	1719	364	11354	143	348	33357	1584
797000	50	1665	357	11376	211	379	32703	1453
798000	65	1680	337	11336	149	450	33618	1834
799000	54	1911	363	11209	167	348	33002	1401
800000	65	1732	295	11399	173	386	34310	1468
801000	57	1669	339	11551	116	307	34858	1208
802000	61	1688	282	11452	169	359	34425	1648
803000	69	1740	412	11212	220	322	33895	1772
804000	64	1745	302	11297	261	388	32896	1771
805000	59	1624	359	11342	224	413	33539	2012
806000	65	1710	349	11299	223	337	33600	1522
807000	79	1622	427	11222	167	456	34004	1866
808000	61	1831	315	11134	187	502	33288	1638
809000	59	1655	373	11272	138	520	34335	1771
810000	65	1948	320	11064	91	557	32785	1855
811000	85	1931	289	11063	97	548	32696	2053
812000	77	1849	297	11213	68	513	33536	1951
813000	79	1690	273	11434	54	491	34943	1355
814000	74	1768	333	11346	57	460	33023	1309
815000	51	1656	350	11390	72	489	33989	1631
816000	63	1586	311	11480	134	446	34765	1555
817000	56	1736	235	11553	90	374	34811	1261
818000	88	1787	356	11251	94	397	33177	1675
819000	58	1843	324	11265	158	394	34110	1441
820000	50	1926	262	11267	187	386	33353	1572
821000	83	1579	312	11381	188	476	33577	1999
822000	76	1539	333	11456	163	458	34064	1964
823000	58	1824	347	11074	218	511	32094	2527
824000	56	1630	375	11217	190	528	34751	1917
825000	66	1819	280	11156	165	577	31998	2172
826000	55	1785	332	11149	214	483	33967	2251
827000	52	1813	292	11113	200	587	33676	2245
828000	53	1868	293	11024	154	652	34601	2353
829000	49	1839	303	11120	154	562	33470	2190
830000	46	1724	354	11087	160	628	33311	2280
831000	69	1826	257	11116	179	616	33226	2313
832000	78	1873	365	10819	156	727	32379	2416
833000	70	1653	397	11013	179	675	33394	2617
834000	43	1684	283	11216	111	666	33710	2410
835000	32	1812	369	11107	39	658	33161	1761
836000	39	1779	321	11127	48	732	33407	2112
837000	42	1667	336	11360	64	571	34063	2187
838000	63	1940	337	11003	101	561	33922	1662
839000	32	1863	325	11298	63	493	32482	1455
840000	47	1939	251	11176	93	596	33105	2036
841000	77	2005	257	11066	107	584	31842	2423
842000	46	1955	261	11277	68	467	33298	1463
843000	56	1850	388	11067	108	488	33963	1503
844000	78	1581	339	11345	102	564	34436	2179
845000	59	1830	377	11121	128	500	33247	1944
846000	64	1913	284	11285	117	370	34316	1196
847000	43	1763	330	11427	110	347	33554	1157
848000	55	1751	327	11348	123	438	35227	1671
849000	82	1822	387	11244	118	348	33784	1194
850000	43	1857	269	11418	150	329	35167	1303
851000	82	1896	312	11319	68	349	33572	1057
852000	75	1847	318	11433	37	309	34211	924
853000	45	1902	270	11433	26	382	33302	1029
854000	41	1614	461	11511	17	330	34521	952
855000	31	1690	349	11627	41	329	34668	1267
856000	36	1758	345	11488	34	384	35605	1043
857000	38	1789	249	11705	32	272	35571	613
858000	59	1701	331	11692	24	186	35229	853
859000	51	1573	350	11860	31	188	35190	597
860000	46	1828	355	11507	85	189	34944	613
861000	55	1562	452	11530	46	340	34992	1096
862000	48	1628	328	11481	61	457	35414	1702
863000	52	1807	338	11248	51	517	33671	1545
864000	39	1795	302	11481	31	435	33568	1379
865000	61	1825	320	11430	30	371	33954	1166
866000	59	1938	285	11414	66	282	32690	996
867000	45	1993	309	11285	99	350	34422	1257
868000	74	1672	313	11443	131	351	32949	1350
869000	45	1851	349	11276	83	447	32861	1633
870000	46	1762	315	11369	22	516	31914	1491
871000	58	1922	316	11155	81	511	32834	1877
872000	42	1760	327	11180	67	677	33980	1785
873000	57	1868	336	11034	89	650	32671	2154
874000	35	1781	289	11217	83	633	33117	1701
875000	55	1727	327	11322	63	514	33365	1330
876000	56	1628	348	11444	104	460	35149	1678
877000	42	1838	382	11299	62	380	33290	1316
878000	50	1776	310	11487	72	369	34451	1344
879000	48	1711	260	11650	51	342	35673	1283
880000	58	1764	221	11600	79	368	34388	1465
881000	60	1733	335	11563	28	322	33314	1200
882000	55	1739	338	11695	4	193	35400	511
883000	48	1658	340	11771	1	233	36235	870
884000	40	2006	268	11534	2	234	34404	696
885000	60	1737	307	11660	4	258	34936	807
886000	39	1818	319	11582	7	247	35154	685
887000	40	1566	341	11745	75	264	34418	889
888000	54	1870	284	11531	63	228	34659	884
889000	52	1917	282	11544	66	204	34576	868
890000	52	1792	276	11686	65	187	35584	483
891000	34	1856	310	11483	55	309	35166	1153
892000	53	1832	267	11561	58	298	33692	1058
893000	55	1872	351	11280	101	367	31973	1613
894000	56	1852	276	11381	124	360	34334	1629
895000	68	1779	375	11244	124	419	33173	1559
896000	50	1809	272	11226	81	597	32811	1958
897000	71	1733	311	11143	118	659	33070	2401
898000	60	1770	287	11251	174	519	33902	2214
899000	62	1897	264	11227	130	470	32270	2134
900000	62	1812	259	11233	180	548	33132	2007
901000	103	1826	299	11127	184	488	35065	2026
902000	64	1886	328	11266	152	343	34430	1293
903000	57	1603	263	11532	202	437	33368	1909
904000	64	1834	253	11258	189	452	33515	2061
905000	53	1663	303	11392	179	462	34606	2216
906000	46	1559	391	11499	116	350	35544	1488
907000	66	1780	269	11510	91	358	35189	1230
908000	59	1845	246	11534	85	309	33631	895
909000	52	1740	274	11666	37	246	33168	757
910000	63	1897	334	11397	43	298	33775	1115
911000	34	1875	323	11508	31	281	34916	867
912000	52	1833	358	11600	10	177	33417	689
913000	71	1780	291	11713	3	186	34284	665
914000	46	1834	258	11751	15	198	34992	790
915000	54	1975	207	11631	8	251	34264	768
916000	30	1889	263	11682	6	215	33441	593
917000	54	1807	322	11728	2	147	34412	382
918000	77	1826	309	11706	2	108	35327	306
919000	44	1952	343	11590	6	117	35450	596
920000	46	1995	276	11669	0	101	33618	346
921000	37	1764	317	11849	2	79	35264	269
922000	64	1651	281	11979	0	80	36386	285
923000	52	1834	277	11859	5	56	35436	197
924000	31	1835	286	11867	0	68	35569	238
925000	45	1954	301	11651	2	70	33918	190
926000	37	1776	297	11849	18	70	35258	271
927000	40	1773	295	11822	20	100	34891	267
928000	57	1781	309	11758	8	110	35929	361
929000	51	1863	379	11625	7	89	33161	309
930000	77	1901	362	11555	32	91	35130	484
931000	41	1906	292	11710	35	67	35796	414
932000	40	1785	356	11713	33	84	34820	248
933000	62	2028	282	11451	27	174	34433	541
934000	52	1812	332	11545	31	292	33210	1010
935000	33	1683	323	11638	16	334	34593	1041
936000	48	1890	327	11520	15	259	33931	739
937000	58	1663	333	11733	29	189	35180	603
938000	58	1780	291	11632	9	262	33803	742
939000	35	1870	350	11500	3	263	35025	695
940000	49	1669	311	11725	17	237	35303	775
941000	51	1835	302	11526	20	305	33912	939
942000	96	1715	365	11597	2	238	33844	818
943000	44	1622	334	11905	11	120	35558	371
944000	81	1639	378	11753	8	117	35160	380
945000	38	1607	318	11997	32	67	34799	215
946000	52	1819	254	11803	13	113	34110	323
947000	54	1878	319	11705	11	77	34460	345
948000	63	1778	290	11800	19	96	34574	409
949000	33	1910	305	11669	23	101	34206	286
950000	46	1768	323	11766	28	126	35051	400
951000	52	1758	391	11661	45	95	32693	432
952000	60	1944	313	11539	55	110	35016	536
953000	37	1721	337	11809	27	110	37449	436
954000	44	2001	294	11478	52	181	35577	636
955000	25	1956	228	11705	48	148	35439	540
956000	48	1905	271	11634	28	165	35229	527
957000	56	1905	348	11536	26	166	33480	597
958000	67	1666	405	11737	15	137	34828	308
959000	38	1569	341	11944	4	131	35477	409
960000	34	1636	300	11951	25	86	36408	538
961000	55	1827	292	11811	13	74	35332	139
962000	59	1767	231	11926	59	39	34299	292
963000	33	1896	269	11778	48	54	35355	302
964000	49	1826	302	11761	20	61	34521	198
965000	42	1618	316	11960	25	81	35749	337
966000	70	1732	289	11918	14	43	36792	181
967000	58	1830	343	11720	28	52	34612	207
968000	48	1762	406	11799	22	5	36790	101
969000	42	1647	388	11897	22	14	35797	130
970000	71	1671	343	11930	0	10	36564	12
971000	52	1802	379	11678	82	2	36374	265
972000	52	1925	312	11661	76	18	34024	277
973000	63	1791	354	11754	57	37	35662	294
974000	39	1679	351	11889	15	28	34743	164
975000	32	1857	276	11883	15	2	36091	42
976000	67	1736	351	11872	3	0	36254	36
977000	61	1857	320	11715	77	4	36439	189
978000	60	1639	383	11900	12	18	36075	169
979000	29	1961	291	11709	38	30	35364	216
980000	58	1853	301	11788	15	16	34976	105
981000	46	1886	289	11804	29	34	34931	115
982000	39	1825	304	11789	1	86	36214	214
983000	48	1824	371	11777	1	19	35153	47
984000	48	1881	334	11802	0	5	34881	5
985000	26	1924	322	11781	0	3	33566	2
986000	53	1908	346	11589	102	2	36436	291
987000	66	1730	388	11688	118	46	34818	404
988000	48	1609	469	11669	99	126	36762	570
989000	47	1812	305	11638	89	171	33729	882
990000	55	2037	328	11324	83	202	33497	1126
991000	35	1851	295	11651	75	171	33447	793
992000	55	1789	303	11611	109	171	34814	961
993000	56	1746	384	11609	57	161	34808	632
994000	79	1634	360	11651	111	167	34632	671
995000	42	1498	387	11784	157	126	34332	805
996000	49	1809	283	11743	103	65	35990	689
997000	60	1768	367	11644	123	54	36095	465
998000	69	1801	402	11614	35	97	34563	394
999000	64	1808	357	11619	37	105	36093	357
