0	0	0	0	14400	0	0	0	0
1000	32	409	477	12971	59	24	22558	67
2000	43	345	1156	11950	52	1	22331	66
3000	50	385	1264	11780	58	2	21863	134
4000	56	392	1568	11327	13	21	22497	53
5000	78	477	1855	10756	31	0	20707	40
6000	82	374	2066	10471	14	0	21946	101
7000	80	346	2078	10424	88	3	20799	153
8000	68	400	1999	10516	50	23	21467	105
9000	86	367	2012	10425	83	63	20427	293
10000	76	390	1845	10536	34	291	21411	600
11000	72	426	1533	11088	3	236	22431	477
12000	55	369	1462	11320	17	199	21727	230
13000	79	430	1277	11448	5	236	22638	438
14000	37	462	1381	11354	61	161	20745	228
15000	42	429	1530	11261	20	78	21063	151
16000	53	414	1625	11225	0	19	21443	43
17000	54	453	1508	11327	0	22	22296	72
18000	39	425	1319	11596	105	6	21579	200
19000	39	414	1301	11692	50	23	21064	71
20000	36	432	1469	11359	35	60	21109	158
21000	48	418	1413	11520	31	50	21559	102
22000	81	391	1786	10869	4	50	21919	202
23000	59	386	1967	10610	0	113	21412	212
24000	93	463	2000	10442	1	66	21991	140
25000	73	374	2128	10425	0	23	21091	27
26000	88	399	1855	10765	0	11	21429	1
27000	58	361	1756	10984	0	0	21722	3
28000	59	354	1858	10756	79	72	21133	249
29000	97	474	1735	10760	62	114	21332	287
30000	48	370	1737	10979	10	98	21817	220
31000	38	402	1452	11245	24	270	22057	448
32000	68	333	1489	11272	44	183	22260	433
33000	43	379	1412	11398	21	179	21754	213
34000	65	417	1256	11677	40	81	21397	234
35000	49	450	1179	11821	7	96	21795	198
36000	67	390	1401	11505	0	67	21358	126
37000	60	429	1563	11197	4	80	22106	152
38000	31	381	1358	11649	7	35	22173	40
39000	44	405	1358	11615	0	44	21878	29
40000	50	425	1596	11262	0	24	21708	104
41000	63	396	1638	11241	6	23	21844	90
42000	35	311	1310	11792	47	2	23308	94
43000	62	400	1459	11405	55	36	22171	138
44000	58	462	1456	11319	22	76	21435	107
45000	29	476	1419	11403	29	62	21429	66
46000	39	426	1242	11845	32	3	20837	105
47000	68	325	1376	11609	27	10	21700	65
48000	35	394	1298	11786	0	0	23361	1
49000	46	352	1321	11639	77	30	22350	133
50000	48	418	1327	11556	24	143	21986	206
51000	35	401	1559	11290	0	82	21350	149
52000	41	346	1417	11591	0	55	22572	158
53000	55	408	1620	11108	117	1	22299	57
54000	43	433	1460	11442	25	23	21678	73
55000	36	416	1919	10775	15	0	21021	57
56000	48	375	1760	11079	0	13	21045	16
57000	51	380	1540	11382	23	10	21131	34
58000	61	402	1564	11219	0	36	22120	25
59000	91	407	1368	11429	116	17	21629	254
60000	56	427	1765	10831	52	112	22166	269
61000	53	372	1697	11055	1	55	21798	77
62000	27	396	1295	11777	0	26	21545	22
63000	55	385	1562	11282	0	33	22638	25
64000	31	371	1503	11354	0	24	21930	14
65000	47	347	1259	11861	6	17	22043	82
66000	34	370	1493	11397	117	16	22756	167
67000	36	392	1346	11508	101	112	21462	356
68000	63	406	1415	11423	27	99	20766	249
69000	45	393	1166	11850	0	123	22507	204
70000	38	430	1311	11597	0	68	21640	180
71000	43	361	1438	11453	0	87	22037	161
72000	45	355	1560	11294	58	73	22331	181
73000	48	447	1539	11106	23	168	21789	398
74000	57	368	1542	11205	106	126	21346	402
75000	58	390	1530	11263	57	58	21224	159
76000	72	401	1615	11189	52	45	21423	131
77000	56	445	1469	11361	25	18	20947	152
78000	56	378	1287	11730	15	54	21664	125
79000	36	422	1132	11953	31	35	21724	58
80000	33	414	1001	12187	14	49	22494	130
81000	41	391	1119	12046	25	21	22198	81
82000	36	410	1309	11736	12	36	22253	103
83000	53	354	1534	11477	0	6	21620	14
84000	80	393	1828	10830	86	5	21365	70
85000	69	347	1680	10999	85	45	22149	340
86000	93	427	1379	11416	43	43	21938	147
87000	39	323	1365	11628	39	73	22024	152
88000	57	418	1350	11612	0	30	23379	50
89000	46	377	1341	11655	0	67	22106	79
90000	46	457	1263	11754	0	21	22206	23
91000	45	442	1253	11718	37	78	23055	189
92000	36	435	1188	11882	5	2	22152	40
93000	62	427	1251	11753	35	0	22475	27
94000	48	377	1307	11748	18	0	22581	39
95000	26	391	1193	11876	0	9	22883	29
96000	47	388	1412	11558	0	0	21784	1
97000	38	495	1539	11230	81	2	22635	126
98000	58	366	1758	10887	72	56	22436	170
99000	42	428	1938	10679	16	68	21197	105
100000	68	381	1538	11138	90	86	20992	401
101000	54	410	1136	11789	115	122	21513	243
102000	53	399	1316	11528	67	109	21149	262
103000	47	376	1200	11666	92	143	21307	448
104000	54	414	1116	11881	14	157	22035	319
105000	28	431	1067	11939	38	164	22070	323
106000	45	460	984	11911	9	268	22798	601
107000	48	463	1223	11577	25	130	22350	238
108000	58	359	1490	11250	40	215	21053	443
109000	51	376	1205	11585	75	236	21548	560
110000	68	473	1303	11383	95	126	21895	323
111000	46	383	1384	11418	43	123	22486	281
112000	56	378	1496	11178	43	220	21840	326
113000	55	416	1361	11279	47	281	20797	399
114000	25	434	1651	11079	6	128	21415	293
115000	69	394	1522	11262	11	123	21762	120
116000	46	480	1128	11726	54	152	21746	305
117000	42	421	1104	11860	84	127	22449	380
118000	61	437	1293	11439	74	217	22739	425
119000	29	366	1028	11883	99	284	22004	420
120000	35	434	1077	11661	107	333	21631	667
121000	44	407	1161	11503	33	453	22520	619
122000	50	424	1222	11446	100	309	21711	717
123000	32	356	1182	11674	91	256	21753	661
124000	67	420	1242	11688	12	117	22482	216
125000	94	369	1566	11100	19	197	20511	337
126000	73	444	1941	10260	130	282	21052	887
127000	66	422	2146	9922	215	245	20008	592
128000	87	381	1819	10283	228	322	20757	989
129000	81	374	2006	10051	225	429	19416	1177
130000	88	356	1888	10072	327	365	19901	1133
131000	65	349	1603	10590	282	438	20864	1322
132000	98	396	1682	10345	221	528	19405	1493
133000	53	364	1500	10844	64	564	21147	1020
134000	55	296	1475	10829	105	639	20698	1220
135000	39	460	1317	10872	82	768	20013	1453
136000	37	440	1072	11062	71	942	20308	1818
137000	36	494	1103	11301	123	598	21011	1205
138000	26	409	805	11836	119	579	21698	1336
139000	27	396	837	11727	97	656	21576	1182
140000	30	438	972	11457	79	659	21873	1358
141000	49	437	964	11474	52	709	20636	1239
142000	43	414	1228	10885	102	905	20366	1886
143000	40	409	1260	10870	90	786	21783	1399
144000	55	367	1364	10780	196	683	19654	1846
145000	49	470	1174	10910	243	773	20127	1377
146000	36	337	1120	11118	143	860	21288	1845
147000	46	411	1296	10574	184	965	19677	1888
148000	47	320	1675	10082	309	857	19820	1990
149000	64	324	1644	9616	458	1164	19515	2837
150000	56	394	1639	9930	388	930	19467	2437
151000	73	336	1573	9858	397	1132	19185	2502
152000	91	354	1521	9840	367	1115	19660	2332
153000	53	426	1464	10323	214	962	19771	1954
154000	51	385	1500	10096	327	994	20321	2313
155000	63	413	1324	10330	273	1039	19327	2747
156000	55	386	1433	10292	327	955	19785	2313
157000	47	391	1260	10318	324	1182	20212	2626
158000	71	435	1088	10416	353	1222	20063	2664
159000	58	396	1288	9950	605	1245	19483	3299
160000	49	416	1080	9980	607	1474	18776	3654
161000	63	392	1265	9719	608	1460	18573	3332
162000	72	415	1581	9503	558	1221	18750	2747
163000	72	441	1307	9914	579	1124	19386	2698
164000	48	387	1390	10208	333	1099	21316	2093
165000	50	380	1435	9984	332	1286	19625	2793
166000	51	421	1381	9935	401	1215	18152	2896
167000	46	317	1211	10370	376	1251	20088	2875
168000	68	395	1348	9818	515	1350	19341	3281
169000	63	363	1343	9824	438	1441	19609	2921
170000	41	327	1455	10135	277	1126	19316	2410
171000	72	448	1479	9566	444	1400	17948	3122
172000	82	465	1439	9532	336	1503	19131	3403
173000	59	352	1537	10148	357	983	20030	2841
174000	82	395	1441	10259	298	913	19450	2312
175000	60	380	1231	10229	352	1266	19437	2564
176000	44	406	1157	10056	444	1426	18453	3270
177000	71	369	1061	10154	529	1409	19076	3175
178000	29	393	999	10645	547	1022	20422	2596
179000	81	313	1471	9881	508	1068	18953	2694
180000	49	364	1498	10165	460	886	19299	2205
181000	69	315	1561	9784	398	1190	19171	2628
182000	60	321	1634	9960	368	1014	20268	2046
183000	68	343	1675	9473	453	1251	18810	3206
184000	47	445	1583	9792	473	1036	19022	2239
185000	53	385	1603	9762	370	1188	19089	2616
186000	75	376	1325	9953	395	1323	19210	2801
187000	68	391	1402	10055	360	1187	19468	2545
188000	68	408	1281	9946	488	1334	18988	3271
189000	67	402	1334	9786	495	1371	18391	3637
190000	55	378	1545	9912	260	1259	18635	2342
191000	76	467	1243	10156	334	1220	19170	2519
192000	81	414	1603	9031	586	1557	17879	3861
193000	71	361	1737	8861	486	1661	18938	3915
194000	76	316	1790	8894	437	1698	17431	3547
195000	83	356	1459	8785	533	2235	17519	4579
196000	63	411	1389	8556	686	2325	17040	4804
197000	81	433	1641	8218	817	2129	17122	4595
198000	111	360	1576	7887	1022	2404	16210	5366
199000	108	377	1609	8477	643	2089	16891	4468
200000	81	419	1710	8581	659	1806	17362	3841
201000	53	410	1658	8711	542	1959	17060	4187
202000	87	381	1747	8498	692	1801	16860	4135
203000	90	365	1984	8358	712	1506	17826	3738
204000	118	377	1817	8447	711	1741	17222	4072
205000	96	372	1610	8116	1263	1846	16444	5163
206000	86	280	1824	8051	1205	1746	17724	5273
207000	94	292	1273	8218	1069	2568	16664	5913
208000	82	452	1255	7950	974	2777	16680	6327
209000	84	421	1444	7775	1080	2582	16727	5818
210000	59	362	1854	7432	866	2541	16627	5987
211000	69	370	1745	7888	823	2300	16419	5205
212000	98	381	1615	8120	924	2125	16242	4960
213000	79	353	1679	7809	1059	2251	16205	5632
214000	93	292	1858	7520	1103	2289	15674	5478
215000	103	293	1721	7647	1245	2182	16463	6162
216000	92	365	1638	7934	1060	2204	16586	5292
217000	95	313	1589	8135	996	2153	17334	5725
218000	99	334	1442	8275	1010	2241	16839	5169
219000	81	391	1592	8088	984	2155	16364	5304
220000	93	357	1795	7357	974	2579	15901	6128
221000	118	358	1710	7882	969	2218	15430	5659
222000	82	412	1807	8088	861	1983	17360	5118
223000	64	411	1609	8245	664	2290	15461	4945
224000	75	372	1218	8838	820	2174	17142	5049
225000	87	373	1270	8897	844	2028	17661	5102
226000	102	336	1441	8640	746	2186	16116	4433
227000	81	381	1481	8118	741	2522	16897	6145
228000	53	392	1487	8503	524	2459	16168	5675
229000	74	388	1457	7944	701	2869	16078	6175
230000	64	439	1395	8169	676	2686	15839	6054
231000	80	390	1439	8479	581	2361	17293	5105
232000	64	460	1578	8352	602	2310	16611	4615
233000	53	408	1789	8733	397	1842	18042	4094
234000	64	395	1464	9142	337	2017	17691	4051
235000	55	392	1382	9229	469	1944	17685	4847
236000	71	447	1142	9293	372	2219	18155	4243
237000	62	424	1178	9499	323	2101	18003	3909
238000	41	417	1080	9895	327	1868	19110	3556
239000	59	429	1256	9055	370	2319	17870	4293
240000	63	387	1464	9118	377	2003	17940	4106
241000	45	472	1360	9032	435	2093	17495	3981
242000	69	414	1162	10037	341	1559	18569	3228
243000	66	390	1392	9945	354	1245	20731	2753
244000	63	397	1509	9818	412	1210	18550	2868
245000	63	428	1530	9686	395	1291	18679	2834
246000	62	346	1514	9874	453	1201	18162	3127
247000	55	397	1346	9942	413	1333	18666	2927
248000	57	397	1482	10227	244	1027	19869	2163
249000	67	376	1458	10271	310	936	20059	2091
250000	74	379	1362	10485	396	829	19790	1741
251000	38	423	1338	10706	212	721	20280	1429
252000	51	355	1134	11233	239	616	21154	1411
253000	44	406	1258	10851	139	824	20374	1539
254000	54	346	1452	10471	157	953	20383	2150
255000	45	396	1246	10789	115	953	19886	1812
256000	32	408	1215	10793	133	984	21006	1998
257000	46	379	1259	10850	90	898	20323	1540
258000	50	447	1251	10649	86	1030	20829	1966
259000	34	479	1322	10560	54	1028	19299	1515
260000	49	395	1161	10779	157	1124	18951	2313
261000	52	390	1254	10511	260	1042	20564	2498
262000	55	408	1260	10278	384	1112	19372	2306
263000	78	393	1563	9755	259	1337	18894	2854
264000	60	398	1184	10171	398	1382	18988	2694
265000	81	415	1187	9976	519	1365	19702	2618
266000	68	347	1291	10225	451	1154	18948	2722
267000	39	403	1127	10352	352	1374	18610	3309
268000	57	468	1409	9634	379	1477	18795	2853
269000	65	456	1398	9878	333	1344	18875	2851
270000	81	379	1216	9718	634	1472	18242	3786
271000	83	357	1182	9580	729	1575	17801	3943
272000	69	355	1308	9749	577	1438	18808	3766
273000	52	373	1232	9643	546	1712	18634	4119
274000	56	389	1510	9275	487	1615	17620	3166
275000	42	424	1501	9726	307	1407	19210	2952
276000	98	388	1602	9678	436	1106	18037	2471
277000	59	393	1536	9586	347	1369	19024	2643
278000	84	387	1404	9780	525	1240	18822	2598
279000	67	431	1560	10024	496	734	18853	2316
280000	52	408	1426	10028	606	937	18878	2677
281000	40	439	1394	9652	551	1390	18081	3344
282000	55	367	1164	9658	563	1805	19455	3736
283000	71	459	1052	9653	532	1889	18093	4450
284000	70	348	1440	9369	671	1525	18709	3401
285000	66	410	1409	9156	651	1753	16363	4444
286000	50	394	1471	9015	642	1814	16733	4256
287000	85	392	1694	8828	601	1642	17661	3686
288000	127	378	2085	8144	441	1836	16827	4105
289000	65	302	1909	8657	456	1734	17961	3954
290000	85	382	1739	9444	348	1291	17671	3134
291000	72	430	1403	9649	376	1480	19140	2836
292000	51	352	1577	9965	298	1105	18739	2882
293000	63	443	1394	10210	122	1205	19480	2158
294000	62	402	1473	10436	183	878	19932	1822
295000	59	378	1650	10302	171	744	20929	1410
296000	47	387	1525	10614	144	616	20465	1198
297000	63	383	1259	10995	162	670	21224	1287
298000	52	460	1537	10599	85	643	21110	1419
299000	44	339	1533	10483	130	801	19632	2005
300000	56	372	1436	10574	267	735	20692	1539
301000	50	389	1353	10275	306	1094	19554	2299
302000	32	406	1400	10179	324	1074	19735	2010
303000	74	421	1275	9767	492	1479	19289	3118
304000	59	353	1242	10283	339	1248	18151	2626
305000	55	452	1331	10196	556	860	20061	2466
306000	43	379	1204	10546	416	930	20577	2170
307000	53	355	1290	10547	422	811	19884	1974
308000	49	409	1275	10859	214	694	20465	1755
309000	55	443	1366	10677	209	719	20674	1565
310000	76	377	1297	10918	259	576	20999	1364
311000	57	388	1124	10967	307	784	20111	1872
312000	47	371	1303	10813	237	730	20804	1678
313000	67	410	1044	11015	238	879	19889	1902
314000	47	428	1177	10814	266	760	20203	1583
315000	50	411	1001	10970	183	1082	20307	2271
316000	45	368	1221	10649	147	1116	19385	1985
317000	70	357	1360	10491	128	1003	19744	2061
318000	51	415	1239	10773	148	957	20050	1777
319000	60	355	1393	10343	229	1090	19606	2092
320000	74	448	1202	10640	252	925	19801	1960
321000	54	466	1230	10769	218	827	20961	1908
322000	80	387	1316	10715	224	778	19904	1795
323000	54	391	1473	10590	187	693	20462	1543
324000	60	387	1257	10661	338	800	21200	1751
325000	54	375	1295	10261	300	1254	18697	2420
326000	49	454	1192	10422	209	1216	19817	2204
327000	42	432	1203	10652	120	1069	19246	1933
328000	52	428	1020	10548	156	1453	18578	2784
329000	41	389	1145	10473	178	1373	19556	2808
330000	44	404	1176	10597	264	1124	20372	2367
331000	42	398	1255	10513	253	1100	19044	2642
332000	37	345	1181	10962	147	913	21449	1761
333000	28	415	991	11112	176	949	20401	1800
334000	61	407	1206	10872	127	901	19757	1945
335000	54	464	997	11031	209	898	20229	1850
336000	46	390	1009	10920	181	1101	19973	2141
337000	24	403	962	10845	212	1215	20065	2633
338000	61	482	1028	10758	147	1218	19442	2427
339000	55	370	1075	10927	171	1033	21125	1939
340000	70	361	1261	10857	141	850	21503	1831
341000	75	340	1568	10537	133	678	21113	1342
342000	31	410	1483	10659	77	695	22106	1483
343000	46	424	1276	10863	133	739	19905	1194
344000	45	402	1214	10909	101	871	21486	1355
345000	39	449	1157	10954	135	836	21094	1653
346000	63	387	1542	10219	120	983	20012	1791
347000	63	373	1854	9837	174	874	20623	1744
348000	62	408	2359	8941	209	868	20133	1716
349000	41	361	1951	9829	340	627	20668	1529
350000	96	434	1944	9913	235	465	20962	1296
351000	76	357	2007	9792	294	521	19887	1323
352000	111	416	1732	10013	326	583	20082	1803
353000	86	372	1455	10373	298	798	19623	1946
354000	84	399	1677	9647	453	1067	19717	2256
355000	89	351	1727	9469	355	1213	18695	2797
356000	98	355	1693	9481	315	1335	18995	2822
357000	49	439	1512	9514	262	1589	19726	3301
358000	46	394	1332	9865	292	1527	18855	3137
359000	41	465	1038	10109	387	1640	18499	3458
360000	33	376	1149	10238	429	1347	19243	3105
361000	49	401	1137	10447	227	1347	18834	2439
362000	56	328	1154	10520	267	1219	20451	2915
363000	42	414	872	10940	343	1139	19536	2612
364000	61	425	943	10559	294	1376	19895	2912
365000	31	436	862	10516	323	1572	19942	3196
366000	28	427	917	10167	348	1837	18838	3747
367000	39	380	970	10076	447	1744	18932	4349
368000	34	360	1211	9601	507	1875	19105	4334
369000	63	401	1106	9653	505	1876	18685	4025
370000	67	432	1185	9632	332	1873	17951	3684
371000	74	402	1556	9039	450	1805	17580	3646
372000	56	425	1350	9256	454	1882	18391	3782
373000	53	419	1126	9561	642	1810	18105	3882
374000	61	341	983	9477	553	2206	17783	5423
375000	51	361	1271	8811	438	2545	16381	4818
376000	69	344	1196	9113	609	2187	17152	4568
377000	62	380	1269	9336	535	1972	17510	4104
378000	61	403	1230	9386	690	1779	18135	4567
379000	66	374	1334	9038	639	2039	17417	4969
380000	63	312	1536	8230	858	2381	16647	5504
381000	92	352	1648	7319	1092	2733	14678	6320
382000	75	346	1404	7298	1043	3331	14752	7736
383000	79	381	1533	6881	1245	3243	13200	7647
384000	79	406	1762	6863	956	3163	14508	6356
385000	85	361	1529	6734	1243	3463	14351	7874
386000	116	371	1428	6576	1329	3580	13284	8162
387000	111	370	1636	6128	1186	3842	13212	7750
388000	74	357	1606	6748	1215	3334	13880	8036
389000	64	387	1345	7381	880	3442	15111	7094
390000	84	375	1182	7229	1305	3327	13283	7934
391000	77	355	1106	6995	1420	3560	13868	8263
392000	95	399	1310	6669	1436	3591	13072	8323
393000	80	396	1071	7077	1271	3682	13670	9103
394000	84	324	1012	7089	1173	3965	13926	9176
395000	54	435	1019	7137	978	4022	14149	9065
396000	73	395	1166	7036	1070	3837	13821	8380
397000	52	328	1185	7624	943	3450	14990	7576
398000	68	367	1222	7414	781	3661	14393	7649
399000	92	395	1372	7265	793	3524	14161	6842
400000	71	332	1559	7359	914	3166	14526	6592
401000	87	335	1505	7339	1011	3079	15194	7119
402000	62	439	1227	7726	950	3136	15486	7233
403000	77	425	1331	7936	812	2905	15054	6215
404000	41	345	1246	7954	862	3038	15981	6931
405000	65	377	1289	7861	1090	2808	15536	6414
406000	100	377	1542	7055	1342	2924	15944	7132
407000	123	342	1707	6611	1579	2800	14414	6793
408000	117	390	1472	7513	1285	2556	14349	6170
409000	99	363	1490	7765	1295	2371	14965	6049
410000	70	394	1446	7698	1136	2612	14917	6089
411000	88	353	1404	7831	1282	2434	14675	7067
412000	79	383	1498	7450	1213	2758	14393	6633
413000	115	338	1626	6931	1479	2805	14303	8192
414000	136	327	1694	6393	1717	2912	14428	8533
415000	124	305	1853	6051	1700	3094	13678	8795
416000	123	327	1809	6478	1366	3019	13674	7393
417000	107	354	1413	7235	1419	2894	13639	7520
418000	85	380	1300	6958	1808	2973	14127	8189
419000	146	340	1638	6467	1646	3052	13893	7703
420000	158	317	2180	5896	1579	2806	13923	7456
421000	175	390	2290	6113	1385	2474	13834	5982
422000	145	318	2033	5993	1632	2795	14489	7260
423000	129	365	1361	5919	2033	3618	12962	9126
424000	88	369	1429	5729	1807	3912	12266	9389
425000	141	342	1572	5442	1885	3875	12034	9345
426000	166	259	1919	5296	2135	3254	11400	8639
427000	146	329	1797	5264	1995	3652	12224	9707
428000	113	392	1479	5570	1745	4051	11928	9655
429000	99	307	1667	5713	1781	3665	12401	9568
430000	103	350	1729	5740	1950	3367	13133	8469
431000	114	364	1596	5782	1779	3651	12902	8490
432000	116	353	1520	5553	1839	4019	11499	9901
433000	122	333	1232	5500	2008	4341	11618	10263
434000	118	314	1158	5168	2307	4453	10533	11047
435000	111	309	1410	4455	2482	4627	10035	12017
436000	142	384	1371	4453	2214	4806	9606	12163
437000	126	281	1430	5019	1890	4610	10682	10690
438000	99	307	1197	5194	2035	4734	10297	11131
439000	141	376	1528	5220	1640	4364	11746	10059
440000	126	342	1427	5030	1803	4641	11336	11019
441000	114	357	1209	5326	2260	4243	10763	11361
442000	129	317	1314	4705	2257	4719	10327	11888
443000	118	387	1078	4874	2254	4839	9500	12284
444000	112	372	1055	4519	2627	4913	9723	12208
445000	125	269	1093	4458	2768	4899	9677	13405
446000	112	265	1456	3860	2915	4808	9401	13629
447000	159	298	1348	4323	2787	4532	9750	12767
448000	127	346	1178	4563	2836	4503	9091	12284
449000	159	289	1293	4684	2846	4100	10086	12254
450000	147	338	1195	4641	2710	4562	10472	12752
451000	128	364	1349	3905	2552	5111	8326	12929
452000	122	383	1470	3923	2671	4750	8850	12760
453000	138	354	1279	4060	2933	4720	7919	12663
454000	139	306	1335	3685	2781	5178	8068	13902
455000	115	291	1021	3501	3452	5180	7903	14718
456000	118	267	934	3393	3272	5713	7146	14987
457000	136	341	1133	3471	2929	5517	7699	13753
458000	147	325	998	3345	2818	5994	7456	14903
459000	154	298	880	3381	3346	5652	6930	15994
460000	128	261	1164	2817	3377	5783	6325	15787
461000	115	269	1186	2727	3669	5569	6014	15084
462000	121	294	1073	2284	3989	5823	5982	15693
463000	160	253	1032	2131	4392	5611	5173	16657
464000	168	290	978	2249	4872	5065	5765	17073
465000	189	246	1060	2236	4096	5741	5395	16430
466000	108	300	1056	2540	3968	5621	5892	15688
467000	175	289	1087	2421	4242	5383	6036	16295
468000	156	242	992	2082	3950	6232	5006	17083
469000	228	246	1299	2139	3444	5976	5559	16319
470000	186	320	1118	2293	3695	5929	6349	17305
471000	172	257	1140	2528	3636	5809	6212	16539
472000	215	263	996	2657	4327	5157	6488	15549
473000	161	258	1107	2591	4071	5378	6293	16528
474000	197	262	1119	2868	4084	5006	6216	15494
475000	163	215	1284	2943	4154	4669	7090	14815
476000	153	267	1036	3016	4392	4779	6659	15920
477000	158	283	1430	2870	4281	4379	7113	15371
478000	181	299	1557	3088	4016	4111	7145	14431
479000	172	271	1429	2905	3992	4550	7465	14073
480000	239	263	1515	2956	4366	3888	7990	13183
481000	196	204	1588	2389	4499	4338	6576	14400
482000	185	305	1342	2793	4727	3990	7121	13309
483000	223	238	1986	2908	3917	3691	7993	12322
484000	171	283	1582	3453	3958	3843	8632	13120
485000	156	249	1299	3652	4147	3922	8697	13968
486000	132	187	1588	3272	4245	3884	8730	13778
487000	201	312	1434	3317	4204	3863	8555	13508
488000	266	273	1815	3246	4069	3439	8872	11950
489000	231	255	1695	2970	4008	4017	7567	13927
490000	234	216	1611	2752	4506	3959	7123	14294
491000	246	206	1788	2683	4931	3255	7450	13863
492000	265	183	1838	2817	4442	3496	7650	13531
493000	186	269	2287	2844	3655	3614	8440	12753
494000	197	211	2016	2997	3970	3568	8470	12378
495000	168	193	2227	3488	3517	3241	9338	11832
496000	198	236	1759	3602	3654	3666	9275	12503
497000	203	266	1883	3489	4046	3204	9445	12541
498000	250	209	1818	2844	4211	3856	7800	13754
499000	197	191	1678	2826	4759	3632	7759	13644
500000	196	202	1340	2678	5127	3837	7118	14441
501000	176	218	1170	2795	5256	3873	6844	15281
502000	236	207	1487	2948	4898	3521	7604	14658
503000	254	240	1435	2270	5087	3947	5781	16512
504000	197	184	1340	2418	5217	4050	5875	15675
505000	225	267	1206	2417	5180	4199	6085	14641
506000	222	280	1307	2877	4559	4130	6713	14712
507000	208	250	1253	2380	4703	4599	5952	16362
508000	171	191	1211	2349	4873	4747	5714	16289
509000	179	224	1112	1957	4808	5179	5927	16954
510000	206	222	1058	2005	5295	4779	5248	17207
511000	223	216	1011	2064	5651	4402	5436	16947
512000	226	232	986	1987	5786	4349	5285	17788
513000	195	214	1204	1760	5518	4568	4917	17066
514000	208	231	1096	1785	5646	4592	5517	17724
515000	229	229	1020	1683	5826	4530	4906	17144
516000	210	203	1087	1627	5802	4554	4807	17305
517000	290	198	1322	1668	6212	3633	5280	16806
518000	258	196	1257	1748	6207	3724	5046	16067
519000	298	159	1187	1313	6521	3950	4220	17407
520000	277	183	1105	1436	6328	4164	4447	18596
521000	190	218	1150	1470	5946	4526	4210	17718
522000	245	198	1067	1521	6183	4337	4644	18412
523000	240	192	1189	1327	6328	4209	4368	17681
524000	225	200	1061	1375	6307	4338	4184	18090
525000	265	187	1168	1172	6773	3906	3856	18107
526000	289	193	951	1144	7189	3799	3557	18738
527000	240	122	1029	1204	7609	3304	3771	19467
528000	292	142	1311	941	7499	3201	3759	18191
529000	330	157	980	1192	7685	3190	3649	18628
530000	282	144	1361	1215	7383	2941	4669	18436
531000	332	106	1451	1064	7729	2554	3986	16874
532000	342	167	1746	982	7122	2721	4324	15696
533000	322	140	1700	1371	7039	2512	4639	16201
534000	274	145	1785	1146	6929	2783	5194	16926
535000	301	139	1546	1023	7655	2626	4069	17363
536000	288	131	1523	984	7664	2610	3954	16848
537000	344	122	1505	1000	7954	2329	4270	16993
538000	275	92	1597	872	8021	2315	4685	17713
539000	365	94	1271	1049	7761	2828	4550	17985
540000	309	131	1331	959	8020	2629	3495	18162
541000	314	140	1519	720	7825	2697	3726	17803
542000	332	105	1387	831	7871	2701	4194	17804
543000	277	134	1340	705	8417	2479	3044	18330
544000	348	127	1362	583	8509	2386	3399	19228
545000	372	94	1239	486	8724	2507	3188	19480
546000	348	77	1540	388	9249	1615	3096	19006
547000	308	50	1380	295	9939	1359	3099	19568
548000	351	64	1095	322	10400	1179	2464	18995
549000	353	80	1060	446	10000	1474	2241	19110
550000	367	88	1011	538	9693	1756	2907	19552
551000	348	76	1286	492	9418	1743	3267	18762
552000	347	76	1441	384	9253	1740	3423	18230
553000	432	51	1674	278	8899	1628	3506	17933
554000	294	122	1324	429	9212	1999	3104	18848
555000	353	77	1222	379	9274	2041	2265	19341
556000	353	94	1515	498	8746	1961	3521	18849
557000	369	61	1815	597	8130	1980	4118	17761
558000	375	69	1398	582	8943	1894	3491	17500
559000	376	106	1134	471	9141	2194	2782	19737
560000	338	101	1198	614	8973	2150	3037	17706
561000	352	98	975	542	9162	2417	2144	19718
562000	360	107	1027	387	8904	2659	2518	19314
563000	279	134	1127	284	8992	2682	2263	19938
564000	366	109	1381	394	8201	2772	2944	18223
565000	386	126	1482	490	8520	2161	3531	18481
566000	362	98	1314	544	8723	2248	3288	18902
567000	363	98	1211	355	8933	2384	2605	20157
568000	358	122	1053	384	8948	2576	2161	19440
569000	312	83	1129	276	9522	2137	2239	19962
570000	326	71	1334	509	9398	1701	2663	18061
571000	418	71	1207	469	9422	1708	3068	18732
572000	324	60	1402	411	9393	1633	3098	18882
573000	383	74	1386	366	9454	1549	2631	19047
574000	434	53	1245	508	9840	1197	3054	17861
575000	435	25	1101	347	10409	1092	2285	19559
576000	385	32	1337	234	10599	734	2796	19362
577000	323	52	1401	329	10277	899	3104	18850
578000	474	44	1316	184	10350	867	2681	18949
579000	409	36	1529	266	9959	953	2876	17880
580000	395	53	1406	275	10128	1015	2648	19449
581000	416	73	1213	255	10227	1123	2008	20122
582000	359	40	1307	245	10221	1208	2447	20007
583000	359	47	1479	161	9834	1351	2863	19313
584000	379	62	1456	374	9774	1157	2700	18917
585000	386	49	1118	220	10381	1310	2648	19311
586000	352	56	1098	143	10517	1262	2270	20515
587000	375	67	901	126	10782	1294	1733	19826
588000	319	42	951	93	10986	1169	1939	21228
589000	364	62	942	148	10508	1442	1770	20310
590000	395	42	1097	192	10633	1090	1920	19173
591000	392	52	1102	72	10487	1308	2013	20236
592000	469	47	963	53	10748	1130	1543	19969
593000	350	27	1189	82	10936	892	2044	20479
594000	397	41	1090	149	10687	1029	2091	21259
595000	410	55	1110	149	10648	1012	2118	18743
596000	353	25	1376	144	10156	1253	2458	20086
597000	343	57	1339	140	10001	1439	2623	18929
598000	347	40	1331	192	10108	1285	2852	19056
599000	336	53	1289	252	10186	1275	2716	19422
600000	423	66	1475	221	9918	1178	3072	18305
601000	377	55	1121	188	10320	1359	1863	19569
602000	380	74	1063	366	10280	1302	2092	19581
603000	401	61	1247	246	10240	1134	2488	19035
604000	406	51	1262	198	10286	1135	2304	19736
605000	367	24	1361	227	10195	1096	3288	19092
606000	389	59	1566	440	9433	1207	3931	17900
607000	321	64	1765	395	9120	1399	3616	17608
608000	438	59	1400	347	9492	1481	2798	19659
609000	332	68	1258	445	9564	1635	3018	18891
610000	389	54	1133	355	9959	1481	2623	19407
611000	361	66	983	357	10088	1633	1977	19285
612000	376	84	1300	205	9603	1729	2513	19421
613000	364	57	1417	183	9306	1936	2754	18109
614000	332	53	1445	270	9267	1905	2612	19657
615000	479	82	1599	289	9116	1511	3064	18769
616000	341	68	1039	372	9873	1819	2493	19297
617000	341	80	995	317	10166	1626	2273	19242
618000	361	51	1042	418	10101	1497	2397	20092
619000	355	61	1082	348	10143	1490	2166	20460
620000	407	72	1067	305	10154	1416	2298	18831
621000	368	45	1125	295	10374	1224	2138	20202
622000	389	29	1245	347	10059	1246	3059	19755
623000	386	46	1464	283	9759	1265	2893	19615
624000	292	81	1379	346	9830	1361	2898	18952
625000	427	54	1518	265	9420	1437	2781	18417
626000	332	39	1182	307	10209	1327	2469	18620
627000	381	65	992	385	10298	1329	2210	19646
628000	353	78	1042	480	9972	1564	2615	20191
629000	421	57	1269	309	9571	1663	2501	18429
630000	331	70	1328	406	9739	1482	3326	19196
631000	322	67	1448	339	9644	1460	2972	19604
632000	373	56	1503	419	9438	1364	2749	17278
633000	460	91	1462	444	9568	1133	3789	18185
634000	380	53	1323	434	9875	1244	2647	18660
635000	366	54	1647	382	9321	1277	3061	19319
636000	381	76	1588	420	9596	1082	3534	17884
637000	385	47	1508	350	10056	771	3112	19431
638000	394	62	1363	376	10054	1040	2608	19067
639000	424	56	1385	480	10119	708	2998	18719
640000	390	39	1430	221	10219	898	2785	18416
641000	365	49	1570	117	10212	819	3097	18638
642000	339	48	1466	177	10037	1140	2685	19404
643000	431	43	1436	154	9839	1234	2966	18251
644000	437	74	1196	334	9871	1366	2986	18948
645000	323	95	722	243	10203	2028	1633	21037
646000	311	67	1039	438	9755	1942	2518	20827
647000	353	82	939	412	9698	1987	2123	20650
648000	300	102	910	392	9838	2009	2527	19282
649000	338	83	1217	336	9757	1721	2678	19070
650000	407	89	1262	433	9461	1698	2931	18440
651000	366	58	1025	447	9701	1887	2597	20242
652000	318	91	1244	490	9252	1999	2767	19595
653000	346	108	904	610	9424	2138	2606	18959
654000	303	75	1313	477	9243	1991	3448	18272
655000	349	77	1569	490	8847	1810	3025	17378
656000	328	84	1462	414	9368	1582	3277	17620
657000	385	94	1142	396	9572	1843	3053	19469
658000	441	67	1207	462	9652	1477	2558	19198
659000	408	80	1296	608	9308	1567	3389	18624
660000	335	85	1104	409	9800	1713	3015	19215
661000	343	45	942	266	10076	1831	2182	19799
662000	341	57	1089	246	10276	1457	1943	20092
663000	364	58	928	236	10394	1547	1950	19940
664000	382	48	1101	231	10133	1506	2163	19757
665000	381	52	1125	168	10273	1448	2168	20516
666000	348	50	1028	164	10682	1211	2054	19159
667000	383	46	1231	82	10571	1024	2245	19751
668000	404	23	1141	16	10884	929	1920	19419
669000	406	36	1087	52	10846	1001	1928	21658
670000	378	35	1164	138	10730	946	2152	20163
671000	453	33	1092	60	10582	1162	2112	19302
672000	417	67	944	122	10786	1224	1660	20331
673000	446	39	734	96	11158	1125	1487	20436
674000	411	39	917	107	10796	1215	1928	20213
675000	408	76	1055	100	10484	1320	2159	20041
676000	400	53	1315	164	10269	1085	2507	18388
677000	373	41	1276	53	10744	820	2379	20253
678000	407	31	1182	60	10986	739	2337	19891
679000	478	19	1026	4	11381	464	1645	19274
680000	508	10	948	33	11503	503	1505	19664
681000	376	19	1107	96	11247	477	1963	19960
682000	417	12	1303	44	10988	523	2126	18950
683000	440	13	1190	166	11243	318	2420	19151
684000	415	4	1000	72	11805	118	1817	20628
685000	394	7	1240	7	11545	130	2113	20591
686000	491	5	1068	1	11595	221	1924	19421
687000	390	9	997	0	11836	219	1806	21051
688000	425	12	1009	2	11789	225	1519	19871
689000	401	5	1352	5	11241	208	2327	19087
690000	388	5	1411	10	11306	184	2370	19463
691000	433	6	1289	47	11315	221	2169	17999
692000	423	2	1391	38	11245	158	2431	19278
693000	424	9	1784	3	10552	221	2974	18437
694000	422	9	1542	50	10782	240	2549	19140
695000	415	23	1528	104	10886	187	2535	19143
696000	422	15	1174	156	11197	393	2238	20051
697000	471	14	1285	40	11052	409	2478	18696
698000	411	27	1366	106	10964	390	2478	19046
699000	400	10	1291	29	11218	346	2213	19365
700000	394	14	1165	1	11412	444	2091	18974
701000	408	10	990	17	11425	593	1925	20972
702000	440	21	1101	42	11064	645	2116	19931
703000	399	36	1302	99	10797	704	2385	19003
704000	426	34	1178	61	10810	874	2152	20605
705000	377	19	1165	264	10939	630	2805	19151
706000	449	38	1462	210	10394	581	2469	18252
707000	467	23	1370	206	10589	522	2471	19655
708000	426	44	1410	268	10572	469	2951	18071
709000	425	14	1319	189	10799	510	2881	18448
710000	417	19	1161	330	10859	592	2590	19423
711000	391	20	1085	140	11013	761	2242	19942
712000	362	31	1141	219	10847	846	2193	19220
713000	457	62	1280	156	10259	1089	2227	18498
714000	456	51	1303	181	10182	1082	2610	19612
715000	405	41	1337	159	10395	946	2705	19273
716000	381	36	1324	217	10395	959	2753	19529
717000	419	27	1748	153	9716	908	3382	18825
718000	524	38	1406	107	10477	613	2361	18434
719000	386	17	1439	60	10579	699	2430	18992
720000	415	39	1345	147	10661	673	2351	20077
721000	404	23	1308	107	10795	629	2425	19682
722000	469	42	1182	224	10775	596	2569	18789
723000	403	21	1212	231	10882	592	2379	18595
724000	462	34	1093	390	10871	482	2778	19858
725000	374	41	1581	281	10045	784	3315	18157
726000	355	17	1689	175	10427	434	3904	17966
727000	402	37	1515	133	10417	681	2777	18934
728000	375	24	1474	87	10653	566	2438	18971
729000	371	21	1206	120	11087	601	2224	19512
730000	408	16	996	81	11341	630	1848	20123
731000	375	10	1434	90	10825	530	2365	18807
732000	369	9	1414	35	10796	683	2375	19801
733000	368	22	1276	42	10977	696	2308	20641
734000	404	14	1721	99	10317	447	3583	18757
735000	437	26	1301	82	10971	481	2589	18869
736000	402	13	1490	81	10661	533	2542	18889
737000	487	52	1595	160	10103	663	3099	18198
738000	407	68	1584	282	9970	821	2968	18455
739000	403	28	1163	130	10700	930	2068	20682
740000	433	30	1027	104	10951	891	1937	19611
741000	363	34	1134	76	11131	709	2116	19324
742000	437	54	1418	131	10564	610	2558	18837
743000	465	35	1408	137	10265	886	2465	19074
744000	460	29	1536	108	10484	507	2535	18133
745000	422	9	1357	57	11029	398	2355	19428
746000	414	13	953	43	11782	318	1605	19284
747000	402	15	971	51	11870	153	1575	19302
748000	379	20	1115	42	11525	392	2098	19249
749000	409	15	971	99	11675	367	1519	20397
750000	411	15	999	80	11515	407	2181	20111
751000	400	15	1197	115	11296	362	2362	19331
752000	383	21	1163	5	11466	366	1954	19835
753000	422	12	1106	10	11449	394	2000	20762
754000	416	20	945	38	11616	495	1574	20087
755000	479	7	1040	5	11421	485	2017	20711
756000	446	30	996	10	11575	370	1662	19843
757000	353	20	1126	42	11513	336	2339	19469
758000	423	7	1227	6	11236	408	2555	19651
759000	436	7	1140	55	11364	390	1878	18521
760000	413	10	969	4	11561	481	1647	21060
761000	455	8	882	75	11646	414	1754	20571
762000	387	6	1079	15	11737	256	2044	20942
763000	439	16	1141	107	11439	217	1980	20504
764000	424	3	942	54	11867	175	1988	21677
765000	412	2	1030	52	11764	184	1954	20142
766000	347	6	1188	37	11647	167	2228	20195
767000	393	14	1008	1	11989	107	1927	21261
768000	403	4	1122	7	11650	260	1680	21184
769000	405	0	1414	1	11399	1	2480	18970
770000	437	0	1412	0	11365	0	2461	19455
771000	436	0	1593	0	11000	0	2806	19325
772000	460	0	1737	0	10769	0	3441	17983
773000	468	0	1543	0	11151	0	2650	18629
774000	444	0	1579	0	11043	0	2891	18405
775000	463	0	1394	0	11346	0	2192	19601
776000	387	0	1071	0	12024	0	1833	20380
777000	377	0	1213	0	11773	0	1898	20474
778000	431	0	1193	0	11719	0	1998	17868
779000	420	0	1143	0	11820	0	2068	19980
780000	401	0	1258	0	11651	0	2263	19930
781000	379	0	1278	0	11696	0	2044	18698
782000	352	0	1249	0	11767	0	2086	19824
783000	375	0	1640	0	11112	0	2507	18712
784000	418	0	1644	0	10997	0	3041	19638
785000	392	0	1663	0	10980	0	2712	19945
786000	447	0	1905	0	10552	0	3200	17870
787000	455	0	1568	0	11072	0	2833	18348
788000	387	0	1756	0	10875	0	2790	18958
789000	443	0	1613	0	11033	0	2619	17588
790000	391	0	1625	0	11142	0	2630	18705
791000	378	0	1631	0	11151	0	2903	19338
792000	423	0	1645	0	11045	0	2913	18774
793000	374	0	1517	0	11267	0	2490	19282
794000	374	0	1646	0	11044	0	2535	19756
795000	466	0	1480	0	11206	0	2535	18237
796000	406	0	1608	0	11109	0	2659	19662
797000	399	0	1385	0	11425	0	2320	19048
798000	383	0	1630	0	11090	0	2381	19012
799000	399	0	1093	0	11971	0	2003	19464
800000	450	0	1026	0	11902	0	1672	20937
801000	380	0	1187	0	11827	0	1943	20499
802000	430	0	1182	0	11750	0	2029	20378
803000	458	0	1318	0	11520	0	2078	20128
804000	408	0	1238	0	11618	0	1887	20345
805000	363	0	1013	0	12084	0	1825	20765
806000	443	0	929	0	12123	0	1915	21089
807000	432	0	1380	0	11391	0	2215	18770
808000	405	0	990	0	12071	0	1506	21215
809000	483	0	1088	0	11793	0	1727	19288
810000	403	0	1011	0	12042	0	1827	18982
811000	458	0	1206	0	11629	0	1787	20975
812000	446	0	1076	0	11847	0	1791	19832
813000	409	0	895	0	12249	0	1794	20937
814000	443	0	1402	0	11445	0	2581	19963
815000	452	0	1321	0	11424	0	1841	20223
816000	370	0	1189	0	11886	0	2149	20794
817000	392	0	1396	0	11445	0	2321	19716
818000	431	0	1131	0	11837	0	2110	19620
819000	439	0	1619	0	11024	0	2811	19231
820000	424	0	1392	0	11354	0	2426	20140
821000	494	0	1435	0	11205	0	2442	18737
822000	493	0	1385	0	11309	0	2112	19787
823000	519	0	1290	0	11444	0	1867	19645
824000	505	0	1229	0	11512	0	1712	19144
825000	469	0	1114	0	11762	0	1732	21567
826000	377	0	1119	0	11879	0	1881	20705
827000	373	0	1523	0	11251	0	2670	19786
828000	487	0	1140	0	11772	0	2034	18203
829000	458	0	1684	0	10917	0	2449	19114
830000	325	0	1930	0	10722	0	3484	17863
831000	423	0	2000	0	10414	0	3442	17735
832000	436	0	1656	0	10958	0	2786	18300
833000	467	0	1937	0	10530	0	2974	17310
834000	415	0	1610	0	11091	0	2890	18744
835000	389	0	1491	0	11331	0	2256	18959
836000	442	0	1089	0	11829	0	1977	21330
837000	406	0	1035	0	12005	0	1916	20630
838000	516	0	1212	0	11594	0	2105	19475
839000	477	0	1129	0	11807	0	2157	20492
840000	388	0	1280	0	11661	0	2318	20484
841000	411	0	1294	0	11572	0	2186	19114
842000	421	0	1198	0	11727	0	1968	19917
843000	379	0	1036	0	12075	0	1632	20427
844000	455	0	1018	0	11951	0	1628	19713
845000	458	0	1110	0	11838	0	1837	20350
846000	391	0	1483	0	11354	0	2734	19241
847000	380	0	1821	0	10691	0	3239	17958
848000	454	0	1480	0	11213	0	2830	19512
849000	421	0	1143	0	11826	0	1650	19712
850000	512	0	1069	0	11800	0	1512	20506
851000	424	0	944	0	12090	0	1539	20874
852000	447	0	874	0	12226	0	1294	20716
853000	405	0	1300	0	11643	0	2317	19866
854000	422	0	1274	0	11582	0	1940	18980
855000	452	0	1455	0	11268	0	2673	18221
856000	481	0	1163	0	11703	0	2070	19885
857000	387	0	868	0	12335	0	1692	20921
858000	539	0	844	0	12118	0	1505	19941
859000	417	0	885	0	12233	0	1391	20049
860000	414	0	741	0	12433	0	1457	21443
861000	400	0	921	0	12219	0	1741	21381
862000	428	0	1136	0	11876	0	1943	20519
863000	416	0	1339	0	11496	0	2282	19442
864000	443	0	942	0	12088	0	1684	20961
865000	378	0	1155	0	11826	0	2215	20108
866000	375	0	1236	0	11762	0	2050	18997
867000	405	0	1287	0	11579	0	2075	19687
868000	402	0	1611	0	11122	0	2903	18842
869000	437	0	1296	0	11505	0	2126	19466
870000	412	0	1313	0	11571	0	2286	19199
871000	371	0	1695	0	11032	0	2742	18772
872000	402	0	1705	0	10950	0	2953	18160
873000	463	0	1450	0	11323	0	2427	19405
874000	417	0	1312	0	11492	0	2217	19014
875000	438	0	1183	0	11775	0	2260	18944
876000	483	0	990	0	11945	0	1710	19607
877000	401	0	1225	0	11695	0	1631	19817
878000	479	0	905	0	12078	0	1591	20186
879000	418	0	1024	0	12011	0	1677	20740
880000	456	0	1170	0	11758	0	2277	19836
881000	383	0	968	0	12181	0	1579	20039
882000	377	0	921	0	12225	0	1654	20894
883000	428	0	1054	0	11953	0	1730	20826
884000	401	0	1293	0	11634	0	2088	20444
885000	454	0	1364	0	11372	0	2435	18546
886000	433	0	1430	0	11350	0	2414	20476
887000	394	0	1293	0	11654	0	1927	18941
888000	471	0	1403	0	11317	0	2524	19126
889000	459	0	1886	0	10533	0	3183	18351
890000	422	0	1857	0	10683	0	3253	17853
891000	496	0	1328	0	11376	0	2273	19683
892000	460	0	1586	0	11061	0	2665	18099
893000	394	0	1725	0	10905	0	2752	18297
894000	432	0	1643	0	11000	0	2591	18622
895000	420	0	1649	0	10979	0	2627	18549
896000	436	0	1466	0	11293	0	2563	19116
897000	434	0	1382	0	11400	0	2230	19227
898000	396	0	921	0	12211	0	1588	20330
899000	388	0	1040	0	11996	0	1884	21700
900000	393	0	1099	0	11928	0	1679	19678
901000	431	0	1668	0	10970	0	2974	19100
902000	477	0	1373	0	11291	0	2538	19280
903000	398	0	1143	0	11868	0	2067	20446
904000	504	0	916	0	12072	0	1709	20810
905000	500	0	1042	0	11784	0	1491	20480
906000	409	0	1233	0	11718	0	2046	19425
907000	440	0	1201	0	11687	0	1804	19303
908000	427	0	1276	0	11585	0	2292	18990
909000	392	0	1046	0	12032	0	2029	20341
910000	431	0	984	0	12094	0	1460	19910
911000	381	0	1024	0	12036	0	1936	19939
912000	428	0	945	0	12124	0	1378	21140
913000	449	0	995	0	12002	0	1546	20677
914000	362	0	1105	0	11983	0	2106	19407
915000	478	0	1149	0	11682	0	1924	19543
916000	421	0	1100	0	11887	0	1820	19890
917000	406	0	1204	0	11781	0	2472	19964
918000	409	0	1556	0	11218	0	2506	18360
919000	415	0	1704	0	10964	0	2996	18459
920000	421	0	1611	0	11068	0	3065	18596
921000	469	0	1519	0	11183	0	2590	18942
922000	441	0	1744	0	10843	0	2823	18776
923000	542	0	1852	0	10465	0	2974	18240
924000	378	0	1514	0	11203	0	2506	20146
925000	501	0	1532	0	11031	0	2456	18929
926000	440	0	1483	0	11255	0	2583	19257
927000	447	0	1598	0	11053	0	2628	18740
928000	422	0	1327	0	11534	0	2400	19318
929000	454	0	1217	0	11625	0	2155	19149
930000	420	0	1207	0	11671	0	1819	19237
931000	400	0	1061	0	11980	0	1815	20077
932000	452	0	1385	0	11374	0	2418	18923
933000	373	0	1590	0	11130	0	2526	18898
934000	476	0	1397	0	11283	0	2603	19613
935000	457	0	1466	0	11198	0	2447	18230
936000	459	0	1374	0	11465	0	2538	19007
937000	478	0	1483	0	11157	0	2706	18522
938000	452	0	1625	0	10971	0	2905	19039
939000	431	0	1652	0	10974	0	2562	19168
940000	413	0	1358	0	11476	0	2303	18516
941000	476	0	1375	0	11358	0	2724	18820
942000	360	0	1380	0	11546	0	2356	19527
943000	443	0	1384	0	11342	0	2262	19307
944000	487	0	1228	0	11556	0	2379	20144
945000	474	0	1026	0	11877	0	1702	20592
946000	398	0	1223	0	11701	0	2344	19062
947000	424	0	1157	0	11776	0	2238	18892
948000	431	0	1143	0	11775	0	2046	20553
949000	431	0	635	0	12582	0	1110	21301
950000	424	0	625	0	12621	0	1157	21829
951000	377	0	829	0	12330	0	1110	20882
952000	427	0	997	0	12011	0	1592	21435
953000	392	0	1467	0	11337	0	2065	18856
954000	435	0	1196	0	11689	0	1821	19556
955000	464	0	928	0	12089	0	1649	20812
956000	446	0	911	0	12162	0	1622	21339
957000	425	0	1173	0	11801	0	2253	19521
958000	388	0	1410	0	11480	0	2343	20380
959000	473	0	1210	0	11578	0	1958	19395
960000	431	0	1098	0	11879	0	1730	19788
961000	369	0	1368	0	11599	0	1998	19885
962000	410	0	1278	0	11638	0	2259	19683
963000	434	0	1103	0	11876	0	2007	20286
964000	442	0	1139	0	11830	0	2011	19925
965000	429	0	1248	0	11569	0	2521	19489
966000	440	0	1182	0	11768	0	1616	19663
967000	442	0	1430	0	11293	0	2649	19858
968000	369	0	1549	0	11255	0	2826	18660
969000	389	0	1338	0	11539	0	2264	18440
970000	438	0	1054	0	11938	0	1873	19634
971000	470	0	836	0	12274	0	1393	19983
972000	439	0	850	0	12269	0	1321	20715
973000	416	0	1155	0	11724	0	1925	20142
974000	439	0	1330	0	11459	0	2306	19675
975000	463	0	1303	0	11543	0	1934	19384
976000	424	0	1226	0	11642	0	2078	19928
977000	430	0	1396	0	11422	0	2496	18907
978000	509	0	1461	0	11218	0	2437	19309
979000	435	0	971	0	12063	0	1730	19842
980000	371	0	1247	0	11750	0	2015	20451
981000	401	0	1064	0	11993	0	2044	19919
982000	402	0	1045	0	11979	0	1551	19963
983000	400	0	1059	0	11969	0	2064	19231
984000	454	0	1008	0	11968	0	1743	19405
985000	428	0	1032	0	11983	0	1975	20631
986000	385	0	1179	0	11818	0	1821	21059
987000	419	0	1180	0	11709	0	2011	20240
988000	423	0	993	0	12093	0	1585	19059
989000	415	0	1019	0	12071	0	1797	20699
990000	476	0	1104	0	11782	0	2030	20315
991000	411	0	1236	0	11682	0	1823	19411
992000	428	0	1397	0	11480	0	2360	18983
993000	415	0	1598	0	11055	0	2684	18643
994000	485	0	1290	0	11499	0	2058	19381
995000	373	0	1511	0	11279	0	2704	19859
996000	437	0	1727	0	10871	0	3131	17874
997000	464	0	1438	0	11339	0	2468	18282
998000	502	0	1619	0	10921	0	2445	17604
999000	524	0	1765	0	10637	0	2721	17550
