0	0	0	0	14400	0	0	0	0
1000	11	329	224	13386	118	19	36615	361
2000	16	369	285	13319	71	12	37764	245
3000	9	317	361	13279	17	44	38284	160
4000	9	334	377	13225	19	77	39015	325
5000	6	363	325	13204	50	103	39035	280
6000	6	331	317	13216	22	149	38239	453
7000	5	358	330	13239	8	116	38618	272
8000	6	320	362	13222	7	97	39140	396
9000	10	296	326	13325	1	98	37830	243
10000	11	340	406	13194	1	102	37235	396
11000	8	316	366	13348	0	48	37217	57
12000	7	330	324	13284	0	56	38610	149
13000	8	311	347	13359	0	11	38053	49
14000	8	305	441	13187	96	0	38137	184
15000	16	337	487	13027	67	52	37490	385
16000	8	330	415	13098	65	101	38687	670
17000	12	357	331	13145	80	126	38429	612
18000	9	349	405	13047	136	93	37554	629
19000	8	338	346	13122	131	98	37387	619
20000	9	294	372	13142	109	130	37437	542
21000	8	326	396	13086	49	154	36998	662
22000	13	338	281	13217	53	163	37978	583
23000	16	343	328	13223	20	132	37018	331
24000	7	306	303	13276	30	156	37558	499
25000	10	294	384	13143	65	133	39417	600
26000	7	343	493	12887	45	184	36690	415
27000	9	328	417	12981	46	208	38371	665
28000	13	313	323	13235	28	149	37211	526
29000	9	322	312	13254	56	113	37364	469
30000	19	303	341	13227	34	125	37127	396
31000	10	299	377	13179	9	154	37802	234
32000	10	306	375	13196	2	131	36374	453
33000	14	321	400	13131	0	133	37076	405
34000	6	351	339	13160	2	180	36742	374
35000	8	311	403	13165	23	126	36678	332
36000	13	320	480	12971	15	197	36185	701
37000	6	352	410	12959	9	281	37114	940
38000	16	326	452	12802	28	377	37522	1270
39000	8	337	437	12811	46	407	36292	1315
40000	21	324	404	12713	58	486	36574	1545
41000	7	332	364	12847	63	402	37138	1459
42000	6	360	297	12930	55	422	35620	1324
43000	11	341	342	13020	58	300	37831	1010
44000	4	366	306	12949	30	398	37436	1111
45000	4	333	279	13032	66	348	36957	1259
46000	5	325	293	13060	103	256	37235	903
47000	7	344	351	13064	131	157	36993	770
48000	17	366	353	12996	115	170	35869	823
49000	8	315	343	13165	48	190	37890	876
50000	24	342	362	13103	30	153	37074	682
51000	13	336	319	13230	35	126	37902	483
52000	9	308	337	13149	15	208	37958	600
53000	14	360	359	13100	0	220	35763	808
54000	8	311	288	13255	6	225	37388	769
55000	6	299	386	13100	3	203	36941	505
56000	5	327	314	13192	9	224	37407	679
57000	13	285	294	13186	27	246	37605	748
58000	4	305	349	13215	24	171	36936	648
59000	9	291	359	13149	30	211	37577	784
60000	16	379	365	13014	51	224	37159	688
61000	17	342	340	13195	18	154	36992	604
62000	8	342	333	13216	44	113	37576	398
63000	7	301	364	13256	30	116	38652	459
64000	9	330	306	13284	7	116	37719	309
65000	11	310	420	13213	6	65	37278	183
66000	10	311	344	13357	0	43	38609	89
67000	8	340	307	13370	0	25	38713	31
68000	14	321	329	13336	0	10	37601	30
69000	11	260	392	13240	101	0	38372	27
70000	6	352	406	13133	106	11	37817	513
71000	16	348	377	13076	144	35	38066	388
72000	10	307	357	13144	156	65	37540	830
73000	5	301	302	13174	129	147	37909	920
74000	19	318	367	13052	150	99	38065	685
75000	7	342	320	13100	145	118	37174	582
76000	15	306	413	13017	151	125	36646	890
77000	9	266	309	13302	86	95	38097	586
78000	11	359	320	13134	83	158	37811	541
79000	19	334	497	12806	128	166	37492	1022
80000	14	321	396	13023	46	220	36308	749
81000	23	356	412	12991	70	129	37195	696
82000	10	317	349	13166	47	153	37133	509
83000	8	329	367	13112	55	120	37448	375
84000	4	313	335	13201	69	137	37975	414
85000	8	338	279	13259	74	119	37637	615
86000	6	349	356	13131	43	163	38581	592
87000	11	332	403	13089	42	166	39000	414
88000	8	330	324	13110	31	237	37966	741
89000	9	346	329	13141	36	194	35836	768
90000	11	380	313	13197	3	159	36869	594
91000	13	367	398	13183	0	82	37668	291
92000	11	300	353	13295	1	64	37632	204
93000	8	276	309	13435	10	29	38149	154
94000	9	300	358	13307	4	76	38849	246
95000	4	350	473	13159	2	36	37910	97
96000	14	348	387	13243	3	9	36700	13
97000	12	320	338	13370	0	6	38237	23
98000	7	319	370	13314	0	9	38697	29
99000	7	287	377	13335	1	14	37609	79
100000	12	360	396	13244	0	27	36865	82
101000	14	319	410	13250	19	23	37740	134
102000	8	346	305	13400	0	2	38865	10
103000	5	349	249	13472	0	6	38247	0
104000	12	327	297	13432	0	27	37521	106
105000	9	331	358	13267	0	55	36861	188
106000	4	283	313	13435	1	47	37911	114
107000	10	327	284	13395	0	56	39379	88
108000	6	306	284	13418	0	59	38510	183
109000	9	338	396	13217	2	73	38022	194
110000	11	358	438	13160	2	40	36779	164
111000	8	328	326	13324	6	39	37812	144
112000	6	299	409	13298	0	10	38196	33
113000	10	322	414	13219	0	3	38630	34
114000	10	335	418	13104	130	2	37244	351
115000	9	278	312	13353	82	28	37707	319
116000	9	333	374	13106	89	86	37344	408
117000	9	322	310	13212	102	90	36507	459
118000	14	315	335	13153	98	125	37321	654
119000	15	279	460	13003	176	50	36411	552
120000	15	335	428	13050	153	51	36786	562
121000	9	326	316	13110	141	134	37538	827
122000	10	311	398	12863	126	301	34942	1113
123000	9	353	330	12863	148	347	35297	1158
124000	16	344	250	12903	228	348	36226	1654
125000	10	307	306	12922	149	320	35828	1363
126000	12	355	376	12840	213	253	36593	1301
127000	15	335	409	12783	138	322	35836	1241
128000	11	303	319	12960	126	346	36920	1419
129000	18	313	460	12772	124	267	35298	1356
130000	15	317	319	13074	97	235	36527	1026
131000	12	277	337	13095	51	262	36978	652
132000	1	354	323	13091	26	259	37170	963
133000	13	355	380	13114	5	164	35742	518
134000	2	319	308	13306	6	122	37706	369
135000	12	312	290	13380	0	78	37888	248
136000	3	317	292	13408	12	36	38049	178
137000	21	362	347	13283	0	26	38859	64
138000	4	297	266	13483	0	38	37790	71
139000	8	314	315	13394	16	45	38738	33
140000	9	385	317	13286	6	68	38401	123
141000	12	335	420	13134	1	121	36351	300
142000	10	344	417	13147	2	102	37705	266
143000	9	330	411	13160	3	98	37791	312
144000	8	340	376	13269	1	59	38266	163
145000	13	347	363	13285	0	57	36144	184
146000	7	300	363	13344	4	62	39799	166
147000	7	296	298	13443	0	53	39752	200
148000	7	349	286	13368	0	60	37443	117
149000	8	308	301	13346	0	90	38714	232
150000	21	313	431	13120	1	86	36729	259
151000	9	322	339	13291	16	38	38379	128
152000	9	330	453	13152	10	62	38375	282
153000	14	317	365	13209	18	104	37563	430
154000	6	332	414	13161	3	98	37497	236
155000	9	307	293	13358	0	104	38063	322
156000	4	282	320	13352	5	96	38222	299
157000	9	338	266	13368	2	102	37387	209
158000	10	315	330	13191	1	161	38544	327
159000	6	339	395	13075	8	165	37983	519
160000	16	329	385	13158	2	135	36089	252
161000	12	343	375	13235	0	84	37484	182
162000	7	321	320	13382	0	51	38493	142
163000	7	315	358	13373	1	10	39871	12
164000	10	339	387	13241	0	8	37706	26
165000	7	326	207	13565	0	2	38287	1
166000	7	346	323	13205	100	11	36957	264
167000	9	365	325	13274	77	20	36976	259
168000	8	359	384	13164	68	22	36754	313
169000	5	301	289	13341	95	22	38793	278
170000	11	345	302	13299	48	41	38326	300
171000	3	301	364	13372	0	47	36583	203
172000	11	340	450	13142	0	65	37645	236
173000	19	337	367	13275	1	34	37964	100
174000	17	320	394	13268	0	24	36948	102
175000	7	350	368	13262	0	16	36871	50
176000	6	315	423	13292	0	2	38005	0
177000	7	338	389	13269	0	7	38384	32
178000	9	302	440	13150	111	5	38125	423
179000	20	342	396	13155	50	67	39206	400
180000	4	346	346	13290	31	37	37775	288
181000	10	302	327	13364	6	27	38318	112
182000	5	311	323	13402	16	0	37880	5
183000	10	283	305	13379	115	4	37782	374
184000	10	339	329	13242	132	7	38084	310
185000	5	326	309	13336	84	11	38474	208
186000	11	308	447	13173	55	31	37158	279
187000	15	363	407	13123	50	53	38201	269
188000	12	330	432	13130	36	38	37516	255
189000	8	297	491	13126	36	14	36940	138
190000	14	299	396	13287	9	4	37878	79
191000	15	309	393	13208	24	61	37435	178
192000	9	283	382	13304	5	23	37631	48
193000	11	357	364	13280	0	3	37947	6
194000	8	312	337	13368	0	0	38622	4
195000	17	339	341	13231	106	1	35648	258
196000	13	361	408	13068	90	47	38130	253
197000	9	308	316	13352	27	50	37904	300
198000	14	363	340	13287	14	38	36824	139
199000	12	329	396	13258	3	14	38597	45
200000	4	332	352	13375	0	1	39177	1
201000	21	335	437	13089	98	12	37095	273
202000	10	293	462	13125	69	41	39344	294
203000	5	332	351	13206	122	19	38556	364
204000	11	334	388	13190	92	21	37254	263
205000	7	345	306	13280	112	46	37844	313
206000	5	375	354	13056	94	166	37075	601
207000	9	364	357	13062	120	130	37078	620
208000	25	315	330	13087	145	131	37832	754
209000	10	384	427	12847	146	181	36482	793
210000	13	333	348	12902	110	309	37094	1190
211000	14	322	402	12725	161	380	36649	1453
212000	8	362	278	12751	220	455	37214	1784
213000	7	293	353	12626	299	469	36132	2032
214000	17	351	380	12603	232	414	35960	1723
215000	9	325	349	12728	187	445	36497	1724
216000	14	315	341	12736	227	457	36041	2150
217000	16	322	344	12567	292	497	36218	2051
218000	16	318	466	12347	263	590	35055	2520
219000	29	328	428	12219	355	588	34721	2714
220000	22	308	437	12393	291	540	35356	2542
221000	15	324	362	12470	226	661	35466	2665
222000	11	319	406	12395	161	712	36285	2389
223000	17	329	414	12396	187	674	36367	2114
224000	16	341	407	12413	229	600	34267	2381
225000	10	339	338	12446	285	635	37344	2807
226000	15	317	410	12261	159	846	36038	2711
227000	25	294	306	12456	220	764	35864	2672
228000	17	316	289	12363	224	846	35116	3047
229000	15	341	386	12129	273	841	35312	3161
230000	17	333	372	12099	230	945	33869	3121
231000	13	301	362	12078	282	1023	34043	3349
232000	12	300	355	11956	280	1164	35680	3578
233000	15	359	358	11697	316	1290	33662	4284
234000	29	315	417	11541	290	1400	32925	4793
235000	17	328	346	11592	398	1376	33782	4740
236000	25	326	368	11677	391	1248	33749	5007
237000	19	285	428	11367	524	1368	33281	5462
238000	20	301	305	11467	406	1562	32852	5478
239000	17	330	351	11329	474	1511	32252	5900
240000	12	280	366	11246	442	1721	32892	6032
241000	16	331	300	11151	419	1874	31699	6364
242000	22	288	336	11043	499	1839	31942	6151
243000	23	320	377	10789	625	1918	31762	6628
244000	28	327	321	10737	703	1915	31208	7038
245000	22	317	379	10694	779	1806	30399	6839
246000	28	376	351	10518	753	2019	29143	8245
247000	29	268	417	10393	887	2046	31714	6916
248000	31	271	365	10422	693	2207	31463	8198
249000	11	332	427	10350	538	2336	30161	8281
250000	22	281	300	10478	497	2495	29060	8406
251000	24	319	367	10279	376	2639	30243	8264
252000	26	343	301	10281	562	2564	29210	8480
253000	22	308	372	10301	673	2390	28984	9002
254000	12	292	318	10263	666	2556	30884	8977
255000	26	311	405	9922	756	2588	29256	9516
256000	42	305	434	9995	711	2510	28941	8789
257000	32	316	398	9858	954	2484	27711	9560
258000	38	297	379	9767	901	2640	28318	9285
259000	39	344	402	10127	726	2361	28379	8247
260000	21	292	371	10253	745	2354	28550	8744
261000	38	295	314	10162	911	2303	30037	9617
262000	20	339	337	10483	830	2054	29510	8186
263000	24	351	255	10539	738	2154	28551	8369
264000	19	330	299	10600	733	2090	29919	7731
265000	19	295	415	10494	781	2030	29687	8396
266000	35	312	430	10477	748	1938	30113	7594
267000	33	358	344	10458	891	1968	31186	7544
268000	35	339	376	10661	786	1814	31592	7223
269000	30	344	356	10427	882	1986	29633	7894
270000	36	329	380	10495	940	1837	30555	7057
271000	24	329	386	10414	1001	1882	29770	8654
272000	29	351	437	10373	789	2030	30508	8313
273000	26	294	408	10346	815	2080	30119	8354
274000	20	310	296	10412	792	2202	30602	8367
275000	43	327	378	10131	819	2299	29811	9063
276000	25	305	379	10067	760	2459	28047	8856
277000	30	310	261	9973	854	2622	28370	9467
278000	31	289	339	10042	854	2486	28464	10294
279000	24	313	343	10248	731	2366	30540	9348
280000	26	265	397	10413	648	2309	29936	7939
281000	16	305	277	10439	520	2517	30318	8423
282000	14	337	301	10448	452	2500	29674	8169
283000	29	329	333	10553	483	2323	29283	7517
284000	23	345	325	10458	451	2475	29722	8284
285000	30	336	435	10158	527	2520	29108	9021
286000	18	316	373	10209	482	2633	29465	8744
287000	15	355	319	10557	506	2310	29995	7172
288000	15	314	398	10654	522	2084	30300	7276
289000	14	283	394	10857	482	1987	30258	7308
290000	22	322	560	10657	483	1888	31596	6667
291000	19	344	386	11058	497	1708	32590	6498
292000	18	297	374	11102	464	1782	31496	6476
293000	16	308	347	11133	392	1852	32850	5844
294000	23	324	360	11276	383	1674	32820	6146
295000	13	333	372	11354	396	1579	32029	4944
296000	25	337	326	11365	265	1723	32922	5835
297000	6	331	296	11295	255	1904	31813	6246
298000	21	324	315	11386	270	1781	31292	5821
299000	24	317	268	11218	316	1934	31360	5784
300000	12	339	425	10849	348	2025	31246	6944
301000	11	297	354	11154	393	1836	32170	6631
302000	20	292	349	11230	424	1689	32439	5726
303000	25	325	433	11049	420	1714	31089	5376
304000	25	341	379	10813	530	1920	30976	7178
305000	21	367	354	11062	440	1811	31719	6233
306000	10	301	255	11401	444	1675	34055	6134
307000	23	316	276	11445	417	1611	31469	5629
308000	13	345	324	11500	493	1383	32868	4836
309000	19	289	405	11359	466	1436	32494	5327
310000	19	385	345	11630	425	1270	32957	5145
311000	10	286	324	11860	339	1238	33302	3785
312000	13	309	346	11849	310	1226	34972	3969
313000	7	316	439	11713	217	1291	33299	4561
314000	16	306	353	11745	258	1329	33739	4416
315000	18	322	326	11746	249	1408	34800	4894
316000	14	350	316	11647	339	1387	33282	4766
317000	14	313	358	11598	443	1342	34542	5142
318000	16	331	301	11556	467	1374	32302	5284
319000	21	310	356	11457	473	1434	33419	4970
320000	21	352	383	11492	535	1225	33324	4869
321000	27	322	413	11612	509	1127	32658	4421
322000	18	325	305	11836	492	1101	33400	4407
323000	33	326	380	11541	512	1237	34284	4893
324000	19	319	395	11707	546	1045	34070	4421
325000	24	295	284	11813	529	1134	34685	4490
326000	19	368	363	11690	288	1270	32736	4382
327000	14	293	415	11526	425	1348	33423	4652
328000	27	347	412	11386	491	1333	34239	5431
329000	16	317	389	11597	488	1201	33576	5389
330000	34	316	362	11483	536	1307	33352	4873
331000	19	319	299	11467	526	1442	32668	5857
332000	22	367	392	11307	504	1388	32043	5375
333000	20	319	324	11789	285	1325	32623	4512
334000	24	344	328	11672	258	1416	33017	4880
335000	11	334	352	11786	239	1331	33215	4261
336000	15	350	305	11762	270	1365	33042	4681
337000	21	352	358	11551	254	1484	32459	4721
338000	14	324	307	11596	292	1504	32721	4873
339000	14	347	358	11546	417	1343	33684	4578
340000	14	301	355	11772	332	1282	33359	4537
341000	23	331	342	11876	380	1067	35161	3955
342000	21	288	329	11779	503	1140	33532	4626
343000	14	295	357	11673	476	1201	33857	4682
344000	23	308	413	11562	445	1228	32473	4674
345000	27	320	418	11420	482	1304	33044	4886
346000	20	342	400	11451	433	1359	34411	5101
347000	27	376	360	11469	402	1395	33161	5012
348000	13	297	289	11667	319	1507	32894	5280
349000	23	322	408	11305	310	1659	33776	5261
350000	18	348	357	11274	309	1727	32586	5106
351000	19	354	395	11335	319	1598	32149	5160
352000	21	311	320	11501	357	1557	32958	5068
353000	16	337	352	11225	398	1703	34743	5442
354000	24	308	387	11198	520	1598	32170	5629
355000	25	349	380	11120	530	1580	31960	6046
356000	20	327	309	11429	472	1492	32382	5409
357000	15	351	389	11516	426	1349	32199	4886
358000	17	340	372	11604	558	1151	33363	4336
359000	22	314	304	11615	458	1348	32760	4666
360000	14	350	371	11675	407	1201	33806	4707
361000	16	342	308	11685	356	1323	32232	4145
362000	21	309	424	11348	458	1432	32586	5278
363000	26	318	390	11614	402	1265	33925	4710
364000	19	332	321	11742	326	1309	33615	4300
365000	16	327	318	11772	353	1248	33666	4403
366000	22	370	357	11588	374	1302	34319	4065
367000	9	326	418	11577	451	1240	32431	5135
368000	10	349	299	11903	365	1195	33661	4313
369000	11	292	360	11648	356	1361	32403	5163
370000	10	302	412	11339	415	1498	33684	5109
371000	21	327	328	11266	539	1569	32256	6493
372000	17	355	376	11077	488	1689	31456	5955
373000	22	287	352	10960	570	1837	32402	6244
374000	24	303	377	10885	640	1823	31107	6492
375000	22	320	423	10863	555	1788	32446	6415
376000	20	305	496	10561	611	1972	30747	7327
377000	23	302	446	10692	493	2044	30632	7651
378000	22	301	288	10792	643	2010	30836	7186
379000	14	328	345	10827	529	1991	31252	6576
380000	22	304	374	11160	547	1661	31851	6044
381000	23	343	429	10982	417	1774	32153	5919
382000	24	271	496	11047	447	1676	32318	5418
383000	17	311	410	10996	430	1830	31376	6662
384000	25	326	376	11039	419	1825	31402	6632
385000	12	295	263	11337	399	1762	33760	6326
386000	13	337	291	11418	396	1605	31378	5900
387000	18	274	306	11551	332	1605	33231	5305
388000	9	305	308	11370	271	1806	32655	5441
389000	17	271	333	11506	199	1703	32325	6028
390000	9	331	224	11708	197	1626	33845	4918
391000	26	332	286	11662	153	1629	32989	5414
392000	12	348	260	11669	236	1556	32442	4357
393000	10	337	301	11619	251	1551	33071	4939
394000	21	362	358	11289	287	1733	31592	5013
395000	19	300	406	11239	436	1593	31905	5560
396000	15	328	327	11637	339	1448	33663	4692
397000	20	316	311	11624	269	1560	34389	5234
398000	14	323	233	11702	293	1542	32188	4913
399000	21	299	361	11423	398	1502	33625	6009
400000	18	337	446	11516	345	1338	32984	4609
401000	8	326	370	11841	214	1309	34289	4211
402000	10	356	350	11818	212	1328	32247	4238
403000	14	307	374	11842	192	1291	33940	4119
404000	7	319	279	11952	240	1287	34390	3735
405000	18	359	337	11921	233	1188	33635	3844
406000	11	330	444	11705	364	1177	33459	4243
407000	12	284	282	11703	397	1390	33887	4600
408000	11	316	249	11807	382	1301	34886	4428
409000	19	266	279	11885	414	1213	33039	4210
410000	13	278	288	11759	447	1305	33813	4885
411000	17	324	377	11445	555	1313	32858	5193
412000	25	346	349	11518	466	1373	31818	4618
413000	29	363	357	11368	532	1362	33004	5895
414000	16	336	398	11418	457	1371	32120	4798
415000	30	289	407	11492	470	1328	33445	5183
416000	19	321	399	11644	396	1229	32562	4903
417000	11	308	359	11827	386	1163	33516	3985
418000	15	314	334	12166	319	899	34716	2967
419000	19	353	325	12135	283	922	34193	3197
420000	23	342	343	12049	196	1054	34934	3098
421000	10	314	358	12274	192	887	34818	3064
422000	13	360	422	12247	195	791	35496	2569
423000	16	308	346	12489	199	676	35409	2567
424000	19	290	380	12368	163	821	35868	2590
425000	6	328	368	12306	171	851	34622	3151
426000	11	316	329	12361	174	880	35702	2614
427000	8	332	346	12558	110	706	35253	2126
428000	8	310	291	12713	136	620	34550	2103
429000	14	339	426	12497	124	578	35668	2417
430000	10	315	298	12807	122	519	36234	1761
431000	12	346	367	12673	149	496	37556	1938
432000	10	318	390	12521	187	613	36424	2135
433000	10	327	332	12663	214	526	35486	1949
434000	15	330	294	12708	225	485	35816	2137
435000	12	331	345	12759	182	432	36541	1729
436000	12	341	445	12580	163	449	36122	1839
437000	16	359	468	12411	215	493	36711	1646
438000	14	292	418	12699	199	404	35932	1785
439000	10	382	353	12617	181	495	34641	1485
440000	22	327	429	12549	214	457	36212	1999
441000	15	358	422	12591	161	467	35398	1778
442000	19	320	409	12566	164	526	35527	1749
443000	16	341	477	12482	79	550	36244	1945
444000	9	337	472	12668	64	448	36031	1611
445000	13	298	350	12986	55	342	35980	1041
446000	7	348	309	13111	43	250	38381	807
447000	7	382	377	12979	28	239	35517	718
448000	15	308	380	13069	19	247	36495	775
449000	7	297	393	13030	10	263	35501	1063
450000	11	358	329	13075	17	267	38041	843
451000	6	335	341	13149	20	225	36801	773
452000	6	331	382	13012	44	223	37108	811
453000	13	319	395	12944	54	283	38342	887
454000	20	311	359	12847	142	336	36132	1215
455000	16	330	268	13009	97	351	37743	1224
456000	13	327	360	12869	107	356	36604	1314
457000	16	305	373	12973	69	291	36499	1209
458000	8	361	324	13023	46	294	37598	831
459000	11	297	256	13197	30	289	37890	1002
460000	17	300	349	13053	74	280	37091	874
461000	13	372	352	12920	67	281	36581	840
462000	12	333	357	12942	71	310	38115	1018
463000	4	320	316	12982	67	375	37311	1206
464000	21	342	476	12651	129	358	36937	1106
465000	26	301	413	12784	194	288	36142	1595
466000	13	272	404	12829	243	259	36708	1254
467000	8	356	306	12889	196	310	37188	1389
468000	6	349	282	12889	198	359	37299	1611
469000	13	340	302	12723	181	524	35979	1634
470000	12	329	314	12598	159	633	35477	1929
471000	24	321	351	12607	151	610	36400	2306
472000	7	366	326	12665	153	528	36971	1675
473000	14	321	346	12921	67	363	38406	1149
474000	16	329	345	12904	39	407	36411	1220
475000	12	336	408	12740	97	418	38023	1523
476000	10	300	391	12807	60	461	35600	1289
477000	15	354	353	12690	44	594	36314	1769
478000	6	359	328	12752	61	566	37270	1790
479000	16	300	343	12628	77	687	35665	2449
480000	11	335	323	12587	74	727	35223	2065
481000	9	347	351	12620	137	578	36863	1931
482000	15	332	344	12601	113	650	35317	2184
483000	13	338	314	12710	114	564	35069	1685
484000	14	329	334	12816	141	430	36687	1396
485000	11	348	335	12711	160	474	35596	1739
486000	22	369	413	12489	204	512	33801	1913
487000	11	325	478	12404	292	456	35890	1905
488000	9	329	303	12647	193	567	36321	1690
489000	17	331	329	12574	212	583	34380	2397
490000	5	330	351	12633	138	546	35473	1901
491000	18	343	404	12496	152	600	35001	1937
492000	16	310	365	12460	158	700	35690	2534
493000	8	345	321	12492	232	657	36122	2555
494000	17	381	338	12474	255	570	35312	2023
495000	13	326	403	12412	229	622	34642	2458
496000	11	349	369	12418	211	669	35694	2299
497000	12	301	319	12626	211	606	36041	2410
498000	13	327	385	12387	252	681	34151	2753
499000	10	316	415	12350	186	722	35767	2571
500000	4	346	290	12635	120	682	34975	2343
501000	3	329	293	12656	87	698	36116	2045
502000	5	320	296	12571	104	809	34735	2473
503000	21	354	291	12496	196	712	36425	2518
504000	10	287	421	12471	172	652	36009	2469
505000	11	336	320	12331	198	844	34855	3305
506000	11	306	238	12531	160	857	35875	2697
507000	18	300	394	12270	180	830	33745	3255
508000	14	308	374	12322	165	832	35278	2819
509000	13	329	363	12424	146	762	35860	2588
510000	7	350	327	12547	180	627	34836	2047
511000	17	328	383	12617	110	546	36412	1950
512000	11	346	315	12671	134	553	36108	1626
513000	13	361	288	12659	121	598	35945	2092
514000	4	316	342	12809	106	480	35888	1760
515000	8	315	431	12672	87	490	35994	1647
516000	13	315	386	12815	29	458	36099	1137
517000	11	348	367	12811	36	458	36515	1193
518000	14	347	332	12789	49	521	36870	1489
519000	10	334	368	12696	49	567	37359	1765
520000	16	342	394	12532	62	632	35675	2143
521000	12	308	400	12577	98	645	35064	2145
522000	14	296	539	12228	96	726	35116	2080
523000	4	299	439	12449	110	707	36495	2455
524000	11	308	356	12376	88	902	37631	2499
525000	13	314	292	12413	139	901	34277	3332
526000	12	268	334	12424	200	822	35520	3050
527000	14	356	379	12171	181	890	34533	2497
528000	8	320	387	12314	190	829	33910	2906
529000	14	303	366	12392	190	762	35275	3193
530000	20	291	384	12406	177	744	34006	2532
531000	7	374	380	12297	170	804	34328	2796
532000	18	319	375	12366	154	803	35095	2888
533000	16	319	330	12537	118	723	35061	2295
534000	8	305	351	12598	81	705	36512	2057
535000	13	341	437	12412	112	689	34922	1630
536000	11	320	354	12375	149	841	34508	2706
537000	12	351	286	12614	111	697	35223	2219
538000	8	362	331	12631	109	624	36760	1953
539000	15	368	377	12468	150	660	36515	2118
540000	16	331	423	12452	118	668	34199	1998
541000	13	310	338	12376	124	867	37651	2424
542000	11	313	295	12671	70	710	35604	2116
543000	10	327	347	12640	103	602	36323	1728
544000	9	323	354	12685	166	543	35966	1745
545000	6	349	262	12640	130	706	35240	2488
546000	11	343	334	12517	151	678	34305	2448
547000	5	312	393	12490	222	581	36241	2418
548000	17	364	468	12250	156	719	35321	2371
549000	17	340	402	12344	200	719	36641	2478
550000	12	322	422	12413	153	690	35034	2617
551000	6	329	282	12601	167	697	37081	2604
552000	15	309	377	12400	156	781	36214	2331
553000	15	279	432	12390	151	704	35933	2333
554000	15	351	393	12464	85	719	34900	2172
555000	10	354	358	12534	163	629	35538	2120
556000	19	356	512	12394	160	511	35156	1978
557000	11	322	378	12698	137	467	35666	1639
558000	12	325	377	12881	123	320	37269	1345
559000	10	297	279	12941	174	352	38477	1428
560000	4	353	270	12991	135	360	35746	1377
561000	13	350	355	12746	110	432	37411	1597
562000	17	332	373	12635	204	481	36199	1806
563000	10	356	275	12679	243	516	35260	2304
564000	14	299	362	12575	187	573	35857	2100
565000	29	320	446	12280	172	758	35614	2501
566000	16	336	385	12366	234	699	36037	2336
567000	15	350	390	12378	273	639	34518	2554
568000	24	288	404	12491	234	585	37105	2209
569000	11	333	354	12343	234	748	35205	2931
570000	8	357	371	12390	160	726	35428	2177
571000	6	315	365	12400	190	764	36015	2615
572000	19	302	371	12447	182	674	35893	2270
573000	33	272	371	12593	171	576	36457	2348
574000	3	374	383	12616	135	548	35186	1719
575000	7	340	326	12862	74	450	37420	1254
576000	6	334	381	12801	136	386	36790	1548
577000	12	343	343	12949	106	270	37793	934
578000	19	316	383	13044	86	233	37324	916
579000	14	299	359	13091	89	219	36566	1022
580000	8	334	394	13073	38	167	38287	711
581000	10	308	412	13064	72	143	37830	677
582000	10	291	358	13174	25	194	36717	710
583000	10	347	322	13120	37	234	39245	648
584000	6	347	363	13165	12	163	37854	366
585000	8	341	363	13125	8	174	38140	532
586000	13	346	401	13161	17	73	37427	348
587000	11	317	334	13301	12	71	38729	151
588000	20	374	336	13251	6	46	36766	180
589000	7	346	311	13399	3	27	37434	120
590000	10	305	413	13289	0	6	38203	32
591000	12	327	288	13446	0	5	38555	5
592000	6	324	361	13301	80	11	38767	347
593000	8	302	352	13329	60	20	36990	168
594000	7	385	395	13161	49	20	37873	188
595000	12	326	290	13384	5	40	38314	122
596000	12	332	452	13134	10	53	37682	187
597000	7	332	376	13258	28	39	39432	187
598000	5	345	311	13327	21	50	37734	223
599000	7	325	260	13451	25	48	38005	213
600000	8	331	420	13136	48	44	37679	180
601000	6	329	420	13145	39	86	37013	234
602000	12	334	392	13193	41	54	39346	414
603000	9	307	307	13362	49	42	37319	255
604000	8	345	325	13307	11	47	38084	284
605000	4	295	355	13314	24	54	37493	224
606000	6	309	325	13408	11	29	38232	112
607000	15	289	355	13273	18	27	38285	183
608000	11	347	365	13288	5	6	37343	51
609000	6	347	338	13345	0	10	37949	19
610000	8	306	310	13400	0	4	37002	28
611000	18	356	237	13392	83	4	37668	255
612000	11	319	316	13261	114	17	37206	277
613000	5	333	430	13060	117	49	37614	555
614000	5	355	370	13102	91	66	39346	332
615000	12	348	327	13192	113	32	36918	408
616000	15	339	392	13102	116	49	37253	593
617000	13	337	349	13166	89	74	37693	545
618000	12	333	304	13268	70	67	38084	399
619000	10	353	409	13158	41	34	38322	245
620000	10	329	424	13194	3	44	37390	160
621000	5	351	424	13184	10	24	36461	130
622000	11	325	409	13165	14	33	38323	90
623000	13	354	289	13312	26	86	39218	305
624000	8	348	346	13223	26	98	36248	398
625000	6	389	379	13146	19	89	36287	307
626000	11	297	339	13262	18	138	38045	324
627000	12	341	328	13122	51	185	36713	871
628000	7	332	374	13082	36	208	37253	819
629000	13	338	352	13097	56	179	37636	833
630000	11	361	319	13204	73	80	38574	278
631000	15	342	493	12925	89	93	37959	422
632000	7	340	441	12991	77	96	37901	502
633000	12	313	409	13141	46	83	37517	569
634000	7	333	482	13017	6	123	37863	433
635000	13	331	335	13201	33	151	38224	360
636000	11	338	386	13164	4	125	37351	398
637000	3	328	271	13377	13	111	37962	375
638000	10	314	362	13226	10	101	38689	357
639000	5	375	345	13159	34	140	37334	509
640000	12	367	386	13057	47	149	36757	407
641000	14	359	336	13162	12	206	37286	401
642000	16	320	386	13079	51	145	37982	619
643000	11	308	440	12938	54	212	37895	764
644000	11	359	480	12894	73	162	35817	672
645000	14	290	388	13129	70	130	38353	585
646000	10	294	371	13221	50	101	37560	401
647000	8	324	402	13164	54	77	38868	234
648000	14	313	424	13158	47	72	38493	301
649000	15	327	445	13090	44	49	38215	260
650000	7	356	437	13131	31	46	37208	240
651000	8	357	353	13260	35	43	36990	276
652000	12	308	361	13253	19	101	38428	249
653000	15	359	363	13179	34	107	37950	560
654000	14	318	404	13127	17	150	36721	399
655000	8	326	327	13270	19	107	38651	345
656000	6	329	343	13115	48	202	36529	763
657000	19	328	334	13158	36	152	37591	615
658000	8	365	401	13070	21	199	37435	665
659000	11	323	329	13166	61	198	37237	761
660000	4	307	308	13277	15	150	37867	473
661000	0	379	286	13286	2	149	38105	518
662000	8	353	341	13139	18	193	37088	539
663000	11	344	421	13085	29	139	37500	640
664000	17	327	370	13129	14	164	38041	503
665000	5	319	260	13401	10	92	37700	253
666000	15	371	351	13166	40	104	37152	314
667000	16	314	531	12985	49	56	38215	291
668000	14	312	432	13060	48	120	37709	414
669000	8	314	386	13149	34	152	37786	714
670000	15	388	377	13024	62	149	37017	673
671000	10	395	385	13016	35	176	37319	441
672000	6	321	381	13025	43	211	38611	809
673000	13	329	396	13025	75	166	37821	582
674000	8	320	343	13085	17	273	38542	1031
675000	12	342	377	12965	63	244	37190	867
676000	17	287	329	13030	25	349	36915	1071
677000	9	324	259	13142	12	331	37668	933
678000	12	317	264	13192	14	277	36551	906
679000	8	323	312	13150	24	218	36368	725
680000	6	332	360	13130	32	203	36579	669
681000	10	336	372	13089	30	217	37255	793
682000	13	299	377	13028	55	253	37387	976
683000	15	301	377	12963	99	268	37017	1042
684000	9	333	352	13028	146	199	35950	853
685000	16	327	407	12906	158	207	37337	1165
686000	17	313	365	12797	293	286	35651	1263
687000	18	356	360	12681	195	433	36004	1573
688000	13	341	262	12891	182	405	35753	1651
689000	12	332	328	12786	186	381	37331	1328
690000	15	299	345	12850	133	405	36557	1316
691000	8	328	398	12682	147	432	37358	1515
692000	15	302	383	12827	133	388	37790	1574
693000	10	309	352	12742	139	480	34855	1592
694000	13	318	292	12833	170	443	37998	1899
695000	8	372	301	12911	131	359	36615	1696
696000	3	343	336	12872	131	381	36647	1517
697000	12	364	335	12923	102	257	36727	1079
698000	7	283	316	13003	126	306	38623	1271
699000	23	278	411	12911	152	261	37363	1376
700000	7	279	367	12851	122	403	36157	1711
701000	11	363	436	12677	156	350	37806	1324
702000	19	351	411	12724	189	281	35215	1140
703000	15	335	409	12712	189	325	35850	1579
704000	14	311	381	12889	120	347	37078	1191
705000	17	351	427	12830	76	334	36920	1052
706000	13	305	393	12880	126	317	37153	1305
707000	18	379	398	12750	37	378	36695	1130
708000	12	302	388	12883	82	375	37480	993
709000	24	344	269	12823	146	452	36064	1863
710000	12	332	391	12739	142	426	37118	1763
711000	18	343	500	12459	153	504	35232	1948
712000	21	291	502	12563	179	429	36181	1989
713000	13	305	393	12815	86	399	35080	1541
714000	14	331	414	12878	63	347	37377	1135
715000	13	330	346	12843	46	459	37677	1269
716000	8	308	288	12966	58	428	36810	1311
717000	11	299	371	12815	85	438	36388	1471
718000	9	323	416	12847	83	351	36867	1191
719000	8	347	331	12957	34	347	35759	1214
720000	10	320	395	12920	45	319	37623	874
721000	7	319	337	12991	35	380	38382	980
722000	10	344	414	12772	35	442	35298	1383
723000	5	306	371	12952	29	376	36557	1081
724000	6	330	313	13240	22	162	37690	568
725000	3	305	304	13192	28	217	37049	572
726000	9	348	286	13213	41	159	37438	495
727000	5	326	397	13071	19	192	36927	367
728000	5	334	385	13154	8	150	37251	496
729000	7	327	349	13116	14	224	36812	655
730000	17	351	330	13068	28	246	37683	981
731000	3	360	334	13158	30	182	36840	585
732000	10	289	361	13079	91	201	37040	947
733000	10	309	356	13125	70	147	37154	649
734000	13	326	453	12969	103	127	38609	629
735000	10	322	384	13077	36	153	37383	434
736000	4	309	444	13015	27	198	38347	694
737000	6	287	437	13124	16	159	37025	629
738000	16	352	473	12970	16	169	34962	587
739000	9	310	386	13235	35	46	37391	329
740000	9	327	435	13185	4	29	37649	135
741000	13	360	407	13119	0	119	37389	398
742000	6	336	422	13103	0	155	38338	367
743000	9	329	398	13204	0	79	37190	312
744000	10	350	335	13312	1	19	36468	78
745000	15	301	453	13247	0	5	37388	25
746000	10	335	392	13277	3	14	37763	32
747000	6	256	336	13447	0	36	36942	67
748000	6	380	370	13253	1	45	38109	199
749000	13	392	275	13371	0	15	37581	32
750000	6	301	323	13382	0	4	37136	4
751000	11	310	358	13351	0	0	38790	1
752000	12	328	251	13392	92	17	37553	273
753000	15	275	425	13123	89	55	36592	354
754000	18	292	409	13162	92	48	39332	371
755000	4	348	294	13327	81	53	37047	393
756000	11	316	346	13235	45	51	37856	326
757000	14	309	320	13345	48	36	40248	223
758000	6	318	369	13314	4	39	37942	130
759000	12	307	377	13280	7	46	39156	29
760000	5	349	307	13345	6	40	37621	117
761000	11	322	358	13315	0	34	39039	36
762000	6	347	376	13276	0	30	38890	65
763000	4	347	387	13276	3	1	37213	14
764000	8	314	377	13223	116	2	38619	229
765000	5	313	314	13342	92	7	37041	308
766000	14	290	395	13210	83	40	37446	236
767000	11	318	322	13336	47	32	37975	98
768000	12	331	290	13351	34	28	38531	131
769000	8	344	346	13281	13	29	37440	119
770000	9	314	281	13441	3	40	37910	31
771000	9	307	336	13394	9	18	39264	99
772000	12	295	303	13420	23	13	39840	127
773000	15	318	388	13279	19	14	37774	156
774000	9	293	324	13391	21	10	37014	37
775000	12	341	349	13253	50	20	38534	207
776000	7	357	298	13350	13	55	37194	83
777000	2	355	281	13337	16	88	37842	282
778000	9	317	431	13198	6	58	37603	259
779000	10	376	337	13248	10	25	38134	78
780000	12	325	323	13375	6	13	38060	94
781000	5	324	336	13339	15	13	38519	36
782000	7	329	332	13353	17	14	38133	79
783000	13	332	411	13229	14	34	38617	175
784000	14	384	365	13193	9	33	37791	116
785000	17	321	473	13143	0	38	36787	91
786000	18	356	316	13296	3	42	37662	123
787000	16	315	360	13262	35	27	37786	166
788000	19	346	300	13351	15	27	38043	181
789000	4	314	343	13375	16	18	37761	133
790000	12	382	393	13224	1	34	37073	121
791000	7	333	314	13385	0	40	38602	126
792000	8	298	333	13402	0	10	38283	97
793000	16	344	358	13234	92	3	37014	235
794000	18	369	408	13169	47	17	35926	123
795000	5	373	342	13268	27	24	37904	142
796000	16	345	437	13106	18	72	36828	107
797000	9	328	356	13264	2	87	37692	179
798000	10	342	376	13223	0	107	37344	148
799000	14	367	438	12976	7	217	37015	575
800000	7	370	356	13137	6	161	37370	460
801000	10	313	359	13236	6	127	38710	411
802000	6	335	318	13298	24	88	38862	379
803000	9	323	323	13275	21	122	38985	333
804000	9	318	414	13121	16	136	36464	454
805000	14	359	394	13085	18	139	37603	383
806000	10	320	364	13188	1	150	38251	265
807000	10	322	369	13157	11	156	37478	409
808000	1	348	339	13171	13	165	37462	529
809000	12	317	397	13119	9	164	37637	228
810000	13	329	380	13174	20	117	39469	497
811000	11	336	404	13168	28	72	37843	281
812000	14	320	516	12952	50	105	36827	307
813000	11	332	361	13204	20	136	36921	575
814000	7	371	360	13139	0	149	38155	366
815000	16	352	368	13174	6	95	37804	268
816000	9	356	313	13305	2	79	37236	115
817000	13	374	392	13212	2	32	36847	134
818000	10	346	439	13180	0	44	36572	146
819000	7	339	400	13270	0	11	37136	16
820000	13	352	439	13177	0	20	36771	34
821000	8	291	367	13326	0	30	39842	164
822000	8	334	365	13275	0	39	37465	163
823000	10	340	329	13348	0	27	36425	88
824000	10	325	350	13341	0	5	37663	0
825000	7	334	312	13384	1	23	38618	53
826000	7	320	343	13364	0	25	37932	72
827000	10	324	300	13435	0	1	38720	20
828000	9	343	373	13198	96	21	37888	429
829000	12	300	280	13296	133	46	36782	500
830000	8	336	383	13076	137	77	36331	709
831000	12	339	332	13152	61	167	37969	677
832000	8	330	295	13197	10	226	36940	672
833000	13	298	258	13294	17	232	35838	836
834000	12	286	329	13256	26	161	37663	638
835000	14	303	393	13081	16	226	37598	770
836000	8	321	450	12978	15	199	35637	755
837000	7	271	417	13091	4	192	37189	421
838000	10	341	445	13033	11	165	37653	566
839000	9	330	343	13188	58	143	36423	660
840000	11	327	428	12995	81	159	37333	717
841000	18	319	314	13209	83	150	38573	503
842000	11	362	393	13063	74	118	36634	539
843000	12	331	369	13095	60	156	38059	595
844000	11	305	335	13121	53	199	37222	858
845000	14	348	365	12909	101	263	37058	884
846000	10	309	374	12946	144	246	38436	1296
847000	10	321	397	12952	102	198	35934	767
848000	12	293	392	13064	77	191	36268	869
849000	15	308	442	12895	70	250	37144	779
850000	3	340	297	13228	66	145	38041	721
851000	18	390	318	13139	57	115	37207	473
852000	9	329	295	13279	59	123	36234	568
853000	12	359	333	13057	35	237	36572	727
854000	10	326	367	13071	25	244	37710	645
855000	7	297	388	13049	18	258	38409	815
856000	10	337	369	13104	17	187	37646	672
857000	14	332	397	13010	36	232	36285	631
858000	7	324	241	13147	43	333	37547	1037
859000	7	344	389	12937	58	291	37182	1131
860000	9	302	274	13166	64	273	37333	973
861000	11	284	295	13101	72	307	36761	1102
862000	13	310	365	12933	102	344	36967	1285
863000	11	383	333	12892	109	337	36675	1204
864000	15	373	374	12769	149	332	36681	1382
865000	15	295	368	12913	202	250	37241	1273
866000	10	339	368	12792	118	367	36198	1062
867000	7	327	305	12974	162	312	37114	1567
868000	10	313	344	12893	167	345	37139	1259
869000	8	300	413	12878	159	247	36126	1508
870000	22	326	394	12749	176	332	36149	1128
871000	5	338	361	12811	166	334	37099	1610
872000	18	352	450	12578	108	515	36170	2105
873000	12	313	385	12698	96	518	37384	1790
874000	2	361	375	12663	72	550	35647	2054
875000	9	351	336	12716	80	574	34516	1805
876000	9	363	295	12647	87	651	35320	1872
877000	7	324	386	12456	108	729	35187	2038
878000	21	320	364	12561	79	718	37005	2296
879000	7	296	378	12585	134	652	36657	1959
880000	16	393	412	12423	131	627	34467	1824
881000	14	319	428	12510	141	596	37556	2323
882000	22	290	524	12474	141	494	35235	1567
883000	12	374	469	12513	160	442	36387	1526
884000	19	315	329	12677	228	467	36005	2247
885000	11	328	350	12712	191	440	35888	1648
886000	22	305	397	12731	141	419	36067	1398
887000	16	337	362	12870	96	335	36615	1192
888000	20	319	422	12727	57	430	37302	1184
889000	22	336	364	12890	50	374	36833	1221
890000	8	303	376	12997	50	298	37350	1058
891000	10	331	297	12992	99	369	36456	1313
892000	8	315	329	12881	101	434	37335	1483
893000	9	355	371	12761	110	442	35541	1596
894000	9	290	319	12874	99	426	35726	1269
895000	9	333	321	12861	126	409	37599	1575
896000	18	312	496	12695	139	260	37357	1384
897000	19	336	441	12866	127	222	36994	1313
898000	6	342	313	13036	66	317	36983	1197
899000	16	384	277	13005	89	330	37042	1150
900000	10	323	344	12916	99	363	35574	1336
901000	10	317	360	13008	102	256	36436	1173
902000	7	356	381	12959	90	204	35539	784
903000	22	356	336	13045	76	200	36341	669
904000	3	353	344	13035	41	263	37122	578
905000	12	315	380	13041	60	218	37104	536
906000	9	333	333	13129	79	166	37043	652
907000	8	300	382	13070	57	225	36909	578
908000	5	331	441	13060	27	162	36513	575
909000	17	301	401	13071	25	171	37313	587
910000	7	334	403	13002	48	222	37822	640
911000	17	306	415	13002	71	210	36830	681
912000	12	350	355	13082	81	178	36103	710
913000	9	290	376	13194	50	118	37628	558
914000	14	370	391	12999	109	134	37188	989
915000	17	322	340	13197	81	104	37594	519
916000	15	305	372	13266	10	82	37476	251
917000	9	361	433	13122	4	77	37201	376
918000	5	333	323	13330	2	79	38133	188
919000	7	325	309	13265	9	138	37913	485
920000	9	304	309	13381	1	76	36685	204
921000	4	346	378	13235	1	72	36991	279
922000	14	294	373	13214	15	120	38729	250
923000	7	327	481	12985	20	129	36325	420
924000	14	320	403	13104	20	155	37754	457
925000	9	340	312	13250	8	126	39303	258
926000	9	337	394	13239	11	38	37318	122
927000	12	335	374	13269	0	31	38128	113
928000	15	337	319	13390	0	0	37565	2
929000	11	306	361	13243	130	12	37508	434
930000	8	317	324	13230	105	45	38236	401
931000	14	272	389	13133	121	114	37223	530
932000	5	348	365	13089	110	112	35633	652
933000	16	363	308	13124	85	148	36976	601
934000	8	330	381	13159	65	81	38183	378
935000	11	337	330	13233	52	103	37601	472
936000	12	290	436	13091	21	129	38614	593
937000	14	347	367	13104	6	183	37837	378
938000	5	326	348	13164	10	186	39658	666
939000	8	326	353	13155	18	178	38124	497
940000	13	349	369	13165	2	129	37949	348
941000	7	348	324	13224	0	156	37342	340
942000	8	305	429	13124	1	126	37483	410
943000	7	358	359	13104	7	192	36848	425
944000	14	308	453	13106	9	111	38126	268
945000	14	340	388	13160	8	81	38317	248
946000	12	370	342	13321	5	27	36834	176
947000	6	328	376	13291	14	44	38573	105
948000	7	334	456	13191	0	8	37219	56
949000	12	315	340	13330	0	36	37676	41
950000	3	339	407	13253	0	3	37383	17
951000	16	342	323	13237	132	6	37340	307
952000	14	304	381	13139	128	52	37050	479
953000	14	308	384	13157	88	87	37041	539
954000	16	307	406	12973	120	194	37215	923
955000	16	336	315	12973	143	257	36608	1427
956000	8	339	386	12868	134	277	36529	1142
957000	11	338	409	12878	114	261	36527	916
958000	14	348	377	12899	57	299	36068	1170
959000	16	324	327	13083	17	276	37533	826
960000	13	341	390	12955	32	284	37867	833
961000	4	332	361	13059	19	283	36646	835
962000	11	305	355	12939	40	407	35674	1156
963000	13	314	340	13046	48	295	37760	1220
964000	10	278	375	13146	14	228	37954	727
965000	7	302	315	13200	19	231	36993	775
966000	6	312	316	13117	14	278	37977	862
967000	11	340	334	12940	56	384	38320	1160
968000	6	336	406	12892	87	292	35879	1100
969000	10	341	300	12992	64	363	36765	1369
970000	13	359	361	12910	52	356	37363	1122
971000	7	355	331	13013	62	300	37072	1040
972000	11	304	417	12963	59	231	37042	1149
973000	8	338	400	12966	72	241	36698	698
974000	9	312	384	12958	102	290	35654	1168
975000	14	320	439	12822	73	308	37039	1271
976000	10	318	440	12925	16	299	37086	1091
977000	12	346	390	12862	27	397	36200	940
978000	13	333	255	13058	19	423	36884	1246
979000	7	305	401	12863	28	444	37457	1393
980000	7	336	273	12863	64	528	35505	1740
981000	7	304	362	12712	123	575	36833	1961
982000	13	349	411	12604	146	481	35888	1562
983000	26	331	368	12573	158	580	35694	1973
984000	17	339	451	12510	169	511	34598	1579
985000	9	313	313	12658	158	606	36135	2115
986000	20	355	365	12509	132	660	34362	2278
987000	14	327	334	12637	71	664	35957	1982
988000	11	269	299	12700	100	666	38119	1974
989000	19	324	385	12589	86	594	35699	2195
990000	14	288	363	12666	97	611	36642	2094
991000	17	352	400	12501	202	578	36876	2436
992000	16	305	415	12381	241	660	36458	2268
993000	17	298	473	12363	268	549	36296	2958
994000	23	309	438	12086	341	799	34664	3074
995000	12	318	455	12005	346	864	35581	3610
996000	19	306	381	12132	293	890	35553	3468
997000	9	343	367	12031	263	1010	33780	3663
998000	28	306	354	11957	307	1049	33895	3696
999000	15	341	335	12101	273	1008	34434	3162
