0	0	0	0	14400	0	0	0	0
1000	48	1720	304	11871	82	4	37209	256
2000	53	1729	374	11776	64	22	36014	358
3000	51	1734	332	11878	30	6	34960	107
4000	55	1703	287	11952	34	12	35451	160
5000	60	1791	354	11689	39	91	34760	331
6000	52	1629	330	11872	25	84	36195	322
7000	46	1839	261	11824	6	107	33649	444
8000	49	1834	377	11609	8	122	34332	301
9000	62	1861	315	11650	35	133	34757	424
10000	48	1770	295	11702	62	146	35714	589
11000	64	1945	341	11427	115	130	35224	622
12000	61	1872	243	11626	165	118	34987	741
13000	44	1820	278	11585	143	202	34132	928
14000	48	1796	371	11444	81	290	35485	1264
15000	83	1696	251	11705	105	233	35615	1070
16000	52	1921	300	11315	142	321	33244	1239
17000	49	1899	340	11322	75	342	34406	1439
18000	71	1734	297	11485	90	376	35499	1415
19000	55	1836	221	11485	96	339	36121	1558
20000	30	1909	255	11334	114	438	34058	1674
21000	38	1698	312	11489	80	461	34250	1666
22000	55	1819	287	11461	32	386	33921	1437
23000	22	1886	288	11492	24	375	34459	1093
24000	53	1887	252	11550	17	313	34730	977
25000	45	1879	354	11369	47	326	34701	1109
26000	58	1807	272	11683	8	253	34801	887
27000	76	1766	339	11672	15	120	35401	408
28000	46	1715	261	11765	3	262	34285	581
29000	35	2089	293	11406	3	242	33867	640
30000	58	1829	303	11622	22	215	34610	821
31000	29	1717	365	11580	36	301	34499	1035
32000	77	1844	317	11458	49	301	34210	1125
33000	56	1690	278	11738	97	203	34428	801
34000	66	1679	293	11746	95	195	35173	624
35000	90	1678	402	11594	107	166	35532	710
36000	65	1760	263	11702	56	209	34440	912
37000	56	1809	382	11590	36	151	34959	599
38000	59	1820	323	11701	22	99	34088	365
39000	86	1805	371	11673	0	84	34983	198
40000	48	1829	292	11844	23	47	36467	98
41000	47	1819	313	11805	0	57	35774	174
42000	26	1904	332	11758	6	18	34268	80
43000	56	1854	364	11772	0	0	35413	44
44000	98	1715	336	11783	72	3	35320	162
45000	93	1656	410	11698	82	12	35578	279
46000	63	1715	371	11710	51	50	36085	249
47000	45	1945	265	11697	75	55	34295	403
48000	70	1755	386	11655	98	63	34303	385
49000	43	1869	338	11610	66	108	34858	444
50000	74	1696	405	11601	74	71	35863	544
51000	35	1886	293	11700	75	70	36079	345
52000	51	1750	312	11734	94	73	35574	505
53000	56	1828	236	11834	54	79	34763	390
54000	48	1553	323	11963	61	72	36284	613
55000	29	1758	267	11778	139	109	35343	616
56000	78	1741	404	11550	147	93	34893	767
57000	59	1616	362	11748	105	116	34431	699
58000	75	1854	320	11532	133	134	33779	814
59000	49	1848	259	11666	119	147	36162	759
60000	43	1963	228	11501	143	229	34557	1081
61000	60	1683	329	11560	159	273	35016	1104
62000	77	1737	317	11474	156	266	34936	1295
63000	51	1687	307	11557	185	252	34411	859
64000	70	1711	319	11412	194	317	34280	1327
65000	57	1791	341	11317	253	239	33894	1143
66000	73	1716	373	11277	220	347	34081	1527
67000	71	1628	444	11381	164	249	34529	1327
68000	74	1682	371	11380	251	230	34419	1144
69000	46	1670	317	11436	250	322	34950	1451
70000	59	1714	325	11184	335	384	34537	2039
71000	60	1809	337	11102	326	399	33400	1805
72000	90	1697	315	11262	360	315	34069	1930
73000	60	1803	244	11358	295	314	35085	1962
74000	42	1720	346	11311	239	392	33264	2179
75000	72	1794	361	11111	251	431	33979	2005
76000	78	1728	315	11227	251	436	33352	1650
77000	59	1582	367	11176	334	482	33968	2130
78000	62	1691	256	11148	304	571	32792	2399
79000	68	1891	303	11044	292	463	33255	2281
80000	77	1898	367	10904	335	452	32340	2346
81000	63	1789	341	10942	315	541	32593	2614
82000	102	1695	349	10964	412	459	33478	2483
83000	97	1706	264	11076	414	515	32591	2671
84000	88	1581	401	11166	303	436	34769	1736
85000	47	1750	311	11301	208	442	33361	2276
86000	72	1787	286	11312	122	469	35362	1897
87000	48	1754	368	11285	92	494	34551	1701
88000	56	1778	392	11191	120	488	33686	2137
89000	71	1687	311	11425	152	395	34228	1805
90000	74	1755	331	11334	169	374	33745	1406
91000	46	1771	298	11266	124	557	33509	2137
92000	64	1754	351	10999	96	737	33874	2138
93000	63	1683	350	11093	123	674	33808	2336
94000	81	1867	313	11084	101	612	32917	2176
95000	38	1826	344	11117	118	614	32008	2060
96000	49	1803	402	11050	139	563	33729	2000
97000	71	1779	325	11059	168	632	32684	2728
98000	63	1577	485	11110	194	528	34835	2359
99000	102	1698	406	10967	278	500	33377	2436
100000	63	1610	349	11321	182	472	34301	1847
101000	76	1734	249	11289	211	530	33402	2306
102000	59	1686	260	11357	173	532	34396	2003
103000	72	1583	358	11473	129	392	34099	1342
104000	54	1662	351	11428	51	473	33639	1521
105000	61	1878	294	11271	62	488	34188	1784
106000	62	1807	260	11362	56	511	33354	1604
107000	54	1799	307	11364	50	478	32582	1719
108000	63	1868	287	11295	53	471	33596	1627
109000	47	1843	283	11304	102	471	33781	1862
110000	48	1856	318	11263	151	369	33958	1340
111000	74	1952	402	11041	172	383	33616	1698
112000	58	1743	362	11304	186	340	34648	1590
113000	67	1789	396	11249	212	282	33807	1651
114000	78	1823	318	11170	246	360	33172	1521
115000	68	1853	320	11232	177	355	33865	1711
116000	48	1631	353	11442	144	433	34437	1773
117000	95	1617	265	11553	76	430	32868	1485
118000	60	1727	361	11430	90	348	34466	1632
119000	49	1825	294	11453	86	336	34460	1277
120000	75	1796	297	11454	66	364	34172	1319
121000	55	1766	333	11371	110	405	33960	1403
122000	61	1639	420	11430	37	373	34791	1054
123000	64	1904	330	11311	42	371	33262	1070
124000	84	1934	292	11348	56	328	33982	1309
125000	35	1866	297	11387	81	378	33653	1146
126000	63	1947	340	11290	39	347	34183	1237
127000	39	1875	287	11509	40	274	36406	1062
128000	45	1659	279	11756	48	268	34877	1004
129000	51	1866	243	11569	30	307	35037	888
130000	35	1985	316	11342	39	327	34392	895
131000	26	1918	293	11402	30	377	34713	1146
132000	62	1759	319	11483	37	350	35211	1140
133000	63	1825	288	11544	12	313	35487	974
134000	42	1772	306	11612	22	282	34705	914
135000	49	1764	252	11649	38	320	35984	1116
136000	49	1835	374	11390	13	343	33370	1308
137000	31	1711	376	11476	23	446	33576	1269
138000	46	1736	289	11550	39	403	34261	1511
139000	44	1916	270	11472	53	298	33289	1000
140000	43	1778	289	11439	77	400	33922	1502
141000	77	1730	369	11362	90	375	33486	1319
142000	56	1614	435	11449	92	337	34193	1242
143000	37	1782	293	11529	116	280	34637	971
144000	44	1948	261	11429	142	260	33587	1131
145000	58	1990	264	11375	121	264	33327	1273
146000	71	1837	335	11412	44	351	34900	1238
147000	68	1680	390	11504	39	318	34360	1062
148000	41	1885	272	11531	69	236	34198	807
149000	40	1771	292	11555	104	312	34576	1086
150000	50	1828	309	11567	75	235	34393	1194
151000	52	1548	406	11512	153	278	34881	958
152000	70	1807	314	11382	91	363	34891	1153
153000	53	1812	289	11356	63	488	34439	1583
154000	42	1707	316	11485	69	425	34044	1408
155000	60	1877	303	11460	67	311	32624	1061
156000	74	1792	269	11623	48	266	34675	964
157000	29	1906	314	11472	20	267	35176	1076
158000	43	1902	239	11637	20	282	36163	768
159000	33	1947	247	11574	32	247	34873	795
160000	62	1786	347	11612	19	192	34795	492
161000	46	1914	287	11578	43	198	34725	610
162000	69	1628	334	11677	33	293	35381	718
163000	45	1926	267	11557	45	234	34670	694
164000	52	1741	266	11649	94	271	34388	1023
165000	72	1748	271	11609	68	290	35002	1156
166000	30	1838	343	11471	112	283	33530	1213
167000	52	1718	317	11592	80	279	35069	1262
168000	55	1714	274	11565	157	320	35538	1298
169000	82	1713	351	11406	113	337	35345	1540
170000	71	1812	365	11379	93	328	34398	1195
171000	50	1763	294	11483	140	334	32864	1342
172000	45	1827	317	11499	67	290	33808	953
173000	33	1883	239	11636	40	232	35330	961
174000	56	1739	301	11639	45	262	35409	755
175000	50	1747	300	11724	28	200	34631	709
176000	52	1888	263	11564	35	258	35370	998
177000	46	1933	288	11459	32	288	34633	832
178000	53	1889	325	11439	20	284	35175	888
179000	52	1657	356	11550	27	360	35513	1385
180000	65	1815	338	11316	9	462	34390	1229
181000	80	1786	358	11282	23	456	35012	1130
182000	59	1696	411	11429	13	376	34345	1465
183000	62	1912	316	11312	18	394	33462	1473
184000	49	1767	332	11457	17	398	34856	1366
185000	65	1725	394	11335	38	407	33703	1134
186000	49	1730	266	11528	49	459	35509	1443
187000	33	1788	289	11524	24	395	34062	1186
188000	40	1803	269	11497	31	430	34557	1074
189000	40	1928	245	11461	14	428	34639	1124
190000	77	1880	255	11376	38	426	33159	1561
191000	64	2015	226	11357	34	407	33908	1205
192000	38	1843	234	11511	47	445	33920	1323
193000	40	1837	281	11418	88	397	34892	1213
194000	56	1847	316	11410	71	333	34294	1473
195000	75	1727	368	11493	81	263	35286	1007
196000	55	1799	320	11492	47	316	35341	1047
197000	39	1680	335	11614	94	265	34664	1112
198000	47	1800	300	11490	111	287	33215	1117
199000	34	1777	303	11462	155	343	34455	1726
200000	55	1883	294	11448	85	290	33324	1300
201000	56	1882	297	11541	51	237	34624	818
202000	18	1686	291	11804	26	245	35687	784
203000	37	1872	290	11465	12	363	33988	864
204000	41	1886	330	11336	8	446	33487	1387
205000	46	1889	299	11409	30	385	33721	1224
206000	62	1830	278	11532	44	335	33884	1277
207000	49	1841	345	11339	52	384	34351	1217
208000	38	1790	246	11547	25	456	34083	1311
209000	65	1823	316	11335	50	457	32623	1529
210000	63	1815	350	11280	46	461	33731	1537
211000	37	1927	251	11259	54	553	33270	1664
212000	48	1948	264	11248	56	493	33745	1739
213000	39	1883	373	11212	26	501	33444	1386
214000	87	1729	343	11352	52	462	35033	1545
215000	49	1952	249	11377	30	404	32661	1450
216000	42	1762	309	11418	45	440	33417	1288
217000	53	1811	339	11298	27	506	33822	1620
218000	43	1724	318	11427	67	454	32898	1452
219000	24	1515	425	11627	56	341	35917	1139
220000	49	1706	326	11499	73	371	35387	1305
221000	29	1831	279	11502	33	394	34173	1149
222000	42	1803	374	11393	52	369	34122	1078
223000	43	1796	346	11486	34	332	34976	1146
224000	65	1712	372	11428	4	448	33835	1058
225000	23	1987	316	11287	7	429	33490	903
226000	46	1933	302	11317	19	419	31892	1224
227000	19	1827	266	11551	44	392	34520	1183
228000	58	1838	281	11365	22	490	33846	1640
229000	30	1910	305	11205	13	567	33996	1822
230000	34	2023	293	11114	58	536	32584	1606
231000	33	1970	286	11107	114	523	32649	1927
232000	90	1924	287	11082	114	547	31886	2131
233000	32	1579	329	11424	87	573	35006	1673
234000	53	1710	433	10994	116	676	32790	2495
235000	72	1659	331	11212	185	554	33059	2523
236000	51	1767	360	11352	81	371	34346	1517
237000	49	1745	340	11187	127	584	34426	2059
238000	38	1724	301	11329	124	531	33191	2308
239000	58	1904	236	11289	124	427	33235	1946
240000	44	1785	375	11232	155	434	33845	1456
241000	77	1844	353	11090	167	481	34507	1960
242000	57	1573	369	11456	113	453	34527	1365
243000	68	1807	343	11371	129	329	33739	1509
244000	57	1849	324	11376	119	318	33472	1182
245000	101	1606	394	11472	97	297	34620	1165
246000	54	1750	292	11502	83	335	35273	1263
247000	56	1686	341	11555	82	319	35342	1227
248000	62	1777	304	11487	71	339	35534	1005
249000	54	1772	315	11499	80	293	33717	1172
250000	52	1794	281	11515	79	310	35358	1098
251000	31	1749	324	11694	57	197	36068	809
252000	61	1727	363	11507	65	266	34564	1028
253000	57	1550	418	11612	82	269	35639	896
254000	62	1698	350	11567	99	230	35283	906
255000	32	1840	364	11466	48	259	33156	1250
256000	50	1884	341	11419	51	264	34192	703
257000	57	1676	272	11752	53	259	35201	1049
258000	69	1989	284	11448	67	208	32904	643
259000	24	2000	269	11575	40	170	34216	727
260000	52	1768	302	11712	100	129	34874	667
261000	46	1657	329	11717	124	124	37335	589
262000	37	1667	294	11762	93	198	36441	808
263000	58	1839	335	11601	64	146	34681	973
264000	44	1765	321	11705	52	178	34347	594
265000	60	1744	287	11769	40	155	34963	644
266000	65	1957	253	11648	25	100	35317	446
267000	53	1834	306	11746	0	110	35190	447
268000	41	1837	347	11692	0	141	35875	320
269000	51	1794	316	11746	11	114	35906	322
270000	37	1885	280	11741	5	98	35058	349
271000	36	1785	264	11889	0	99	35423	227
272000	43	2029	266	11651	0	100	34214	240
273000	53	1770	411	11644	5	97	35506	377
274000	35	1673	363	11796	3	137	35132	309
275000	38	1795	328	11724	12	174	36184	501
276000	34	1797	370	11630	12	164	34836	697
277000	46	1737	364	11718	31	123	34732	443
278000	54	1780	291	11757	23	142	35073	402
279000	27	1662	393	11793	7	128	35567	410
280000	53	1851	351	11685	26	90	34590	396
281000	54	1719	421	11687	43	89	36655	347
282000	48	1836	334	11673	70	72	34287	338
283000	58	1726	339	11780	63	48	36444	316
284000	74	1831	312	11621	42	142	34720	533
285000	48	1978	314	11584	28	99	35094	342
286000	37	1706	369	11802	4	118	34413	368
287000	58	1675	338	11831	22	102	35223	278
288000	65	1555	395	11807	39	103	36159	285
289000	77	1721	383	11697	37	108	35754	388
290000	64	1564	395	11839	26	116	35195	435
291000	61	1664	289	11912	60	75	35261	343
292000	44	1836	283	11741	70	51	34982	293
293000	24	1832	275	11800	73	46	36613	315
294000	50	1725	359	11830	39	34	34960	158
295000	39	1677	319	11996	32	8	36642	140
296000	52	1911	281	11779	39	16	35753	215
297000	36	1869	224	11871	74	26	36161	245
298000	50	1882	285	11731	62	29	35330	371
299000	58	1742	385	11704	70	40	35077	365
300000	51	1764	401	11710	69	35	34896	290
301000	69	1597	400	11879	35	23	36258	210
302000	55	1646	259	12016	15	41	35199	167
303000	42	1726	363	11783	27	83	34305	337
304000	43	2061	306	11537	16	87	33279	244
305000	32	1944	219	11862	0	49	33947	74
306000	39	1896	319	11739	0	53	34705	187
307000	55	1820	326	11788	0	19	35283	11
308000	42	1852	398	11699	2	6	36469	46
309000	49	1956	263	11778	0	4	35468	21
310000	59	1872	313	11801	0	4	35073	30
311000	35	1847	317	11714	100	14	34614	321
312000	68	1873	339	11692	31	39	34345	214
313000	74	1782	244	11876	52	43	34096	412
314000	49	1719	371	11785	5	67	35579	219
315000	38	1814	307	11803	22	75	34962	303
316000	48	1897	343	11637	6	87	36339	348
317000	63	1708	334	11820	0	108	35110	306
318000	58	1755	323	11777	4	111	35692	375
319000	50	1906	235	11778	9	91	33106	321
320000	58	1828	306	11763	21	72	35117	123
321000	46	1759	332	11797	43	62	35509	276
322000	47	1709	389	11739	18	113	34752	472
323000	55	1735	295	11844	51	84	34445	519
324000	65	1735	364	11690	43	83	35863	305
325000	42	1973	279	11597	43	119	36189	610
326000	42	1768	313	11778	37	100	35516	277
327000	44	1869	297	11650	48	146	34690	710
328000	72	1792	361	11468	54	234	35212	757
329000	43	1808	322	11632	32	200	34466	556
330000	69	1798	393	11541	57	150	35691	649
331000	58	1818	269	11675	53	182	34336	555
332000	40	1902	254	11581	57	247	34505	875
333000	35	1940	246	11530	50	273	34810	1107
334000	52	1905	293	11394	47	352	34763	1103
335000	51	1707	372	11441	64	384	34547	1291
336000	66	1838	240	11457	59	410	33236	1254
337000	37	1849	271	11392	30	479	34827	1612
338000	55	1819	310	11296	15	557	34082	1587
339000	41	1725	364	11365	25	534	33646	1479
340000	63	1612	394	11374	40	519	33875	1761
341000	48	1683	417	11344	76	451	33181	1754
342000	69	1634	433	11356	49	423	33858	1326
343000	39	1942	330	11217	80	420	33460	1556
344000	73	1949	249	11367	69	391	34367	1334
345000	67	1766	343	11411	24	406	34019	1039
346000	57	1730	345	11342	51	463	33193	1605
347000	54	1730	303	11383	55	519	33777	1538
348000	46	1851	346	11269	25	528	35281	1383
349000	89	1799	351	11200	121	391	35244	1552
350000	52	1774	308	11421	76	397	35296	1375
351000	41	1855	262	11448	50	443	33584	1127
352000	58	1821	326	11205	88	538	33407	1930
353000	59	1734	260	11357	81	585	35040	1652
354000	58	1813	362	11233	81	459	33765	1472
355000	41	1680	431	11196	167	490	33767	2071
356000	51	1762	255	11383	154	448	34348	1583
357000	25	1790	271	11437	103	447	34154	1850
358000	63	1681	377	11337	88	445	35986	1487
359000	52	1611	325	11456	107	472	34399	1809
360000	60	1734	350	11342	89	473	34325	1656
361000	46	1847	288	11343	65	498	33650	1688
362000	32	1946	294	11158	69	579	32537	1691
363000	37	1908	289	11112	68	630	33327	2055
364000	82	1856	268	11263	59	529	34490	1626
365000	41	1881	260	11308	61	543	32500	2183
366000	36	1849	279	11223	109	573	34410	1788
367000	61	1773	357	11077	128	624	32046	2114
368000	63	1815	343	11136	139	524	33800	2114
369000	48	2013	313	10975	209	492	32507	2207
370000	67	1798	301	11078	240	573	33600	2326
371000	69	1811	285	11031	219	620	33833	2539
372000	64	1637	352	11133	267	593	33248	2550
373000	66	1815	309	10865	215	797	32280	3069
374000	75	1844	282	10827	256	774	32528	3135
375000	56	1649	323	10888	226	883	33803	3044
376000	73	1822	338	10810	175	823	30432	3178
377000	68	1692	297	10970	181	831	32705	2862
378000	72	1776	326	10947	208	686	32704	2541
379000	72	1812	364	10864	188	685	33074	2269
380000	88	1900	381	10672	167	754	32162	2873
381000	70	1807	301	10782	200	908	31670	3171
382000	74	1734	338	10681	268	940	33614	3731
383000	58	1601	403	10742	209	979	32170	3226
384000	66	1655	397	10795	201	893	31778	3634
385000	68	1697	405	10743	126	955	33328	3193
386000	63	1578	318	11045	83	989	31359	3059
387000	51	1787	279	11042	65	828	33261	2671
388000	26	1939	243	11153	23	698	32366	1930
389000	41	1729	292	11196	35	734	34206	1782
390000	48	1984	302	10892	26	800	32072	2217
391000	48	1819	309	11003	31	841	33486	2259
392000	30	1861	255	11231	36	683	32210	2015
393000	75	1924	236	11172	79	594	32534	1810
394000	59	1862	290	11220	121	502	34267	1646
395000	74	1657	317	11315	124	536	34427	2015
396000	58	1700	357	11358	118	454	34266	1658
397000	72	1690	349	11415	62	435	33541	1295
398000	64	1820	345	11194	98	496	33505	1831
399000	64	1837	287	11155	133	566	34243	1862
400000	69	1729	313	11260	117	535	32789	2084
401000	60	1923	388	11050	145	428	33181	1650
402000	69	1813	336	11324	96	382	32741	1645
403000	70	1773	328	11384	94	347	35182	1417
404000	103	1571	392	11500	116	277	34558	1011
405000	61	1730	333	11364	158	375	34754	1614
406000	59	1764	286	11375	131	430	33415	1308
407000	84	1725	313	11274	147	486	33279	2109
408000	58	1758	242	11354	163	498	33298	1970
409000	63	1910	287	11212	112	438	32285	1686
410000	67	1813	280	11271	182	456	33559	1714
411000	75	1821	271	11259	124	495	34084	1863
412000	45	1823	270	11372	155	445	33289	1736
413000	74	1724	382	11106	275	461	33046	2003
414000	93	1588	367	11163	264	517	32995	1994
415000	63	1736	376	10959	278	597	33944	2958
416000	78	1613	436	10980	272	599	32997	2454
417000	85	1579	453	10873	219	714	32785	2700
418000	56	1711	237	11221	261	601	33704	2362
419000	60	1838	241	11095	257	580	33874	2103
420000	64	1686	318	11232	254	530	32886	2387
421000	91	1598	418	11274	181	452	33799	1889
422000	48	1787	337	11039	172	632	33135	2152
423000	43	1481	520	11158	141	585	34220	1831
424000	62	1800	321	11086	132	677	32727	2245
425000	74	1685	310	11116	144	703	34217	2461
426000	52	1742	259	11122	164	714	33590	2934
427000	58	1853	261	10980	208	707	32547	2752
428000	68	1797	355	10833	180	749	31785	3020
429000	56	1827	291	10821	225	798	32922	3075
430000	73	1812	248	10811	292	837	31291	3224
431000	77	1696	283	10903	272	788	33354	2954
432000	51	2064	238	10735	213	779	30739	3064
433000	83	1816	342	10686	179	904	30673	3503
434000	95	1941	284	10807	160	779	32818	3065
435000	79	1826	349	10843	218	726	32309	2827
436000	80	1752	236	11150	150	685	33586	2359
437000	57	1910	273	11056	112	673	33444	2632
438000	63	1815	405	11062	63	596	33379	2002
439000	77	1679	415	11143	99	609	33178	2467
440000	60	1676	371	11136	124	644	35042	2423
441000	52	1702	390	11035	156	635	34403	2762
442000	56	1780	374	10920	282	620	32729	2549
443000	88	1754	314	10935	253	678	33451	2613
444000	76	1808	327	10697	232	875	32504	2973
445000	79	1738	316	10730	223	943	31246	3315
446000	40	1816	287	10604	205	1099	31674	4018
447000	79	1730	349	10559	234	1032	33191	3535
448000	52	1870	284	10324	269	1260	30647	4482
449000	79	1733	302	10294	250	1367	30837	4413
450000	75	1748	308	10374	260	1255	30053	4077
451000	55	1668	336	10519	262	1214	30924	4240
452000	86	1819	206	10550	367	1060	32231	4066
453000	94	1789	296	10486	296	1056	31660	3934
454000	54	1906	300	10404	215	1184	32547	3880
455000	55	1794	337	10529	199	1111	31785	4127
456000	72	1770	242	10583	259	1168	31257	4233
457000	56	1761	320	10629	264	1004	31890	3539
458000	78	1671	294	10666	274	1054	31401	3847
459000	84	1709	407	10441	236	1092	32311	3499
460000	73	1640	366	10623	229	1086	31648	4055
461000	59	1817	266	10677	194	1037	30076	3707
462000	68	1818	265	10810	148	962	32448	3438
463000	74	1816	296	10768	230	889	32607	2918
464000	54	1854	256	10889	170	866	31505	3236
465000	38	1842	294	10910	112	861	32960	2370
466000	58	1795	386	10951	102	723	33193	2381
467000	62	1763	331	10989	222	690	31999	2357
468000	44	1750	299	10872	229	874	32531	3063
469000	61	1788	350	10747	275	805	31723	3200
470000	91	1548	418	10822	321	755	31815	3089
471000	61	1721	286	10970	306	689	33330	3282
472000	69	1886	223	10738	471	700	32100	3158
473000	79	1883	310	10833	241	698	32039	2893
474000	88	1735	379	10860	250	691	32150	2774
475000	84	1520	425	10931	240	743	32996	2651
476000	55	1731	370	11027	210	623	33166	2745
477000	56	1672	323	11089	283	614	32724	2546
478000	76	1575	427	11013	209	666	32435	2981
479000	80	1801	308	11061	171	632	32855	1950
480000	54	1704	362	11125	139	634	33138	2227
481000	71	1740	320	11196	202	491	33538	2003
482000	48	1618	357	11376	142	492	33417	2064
483000	64	1851	352	11125	47	574	33197	1874
484000	49	1766	331	11284	93	528	33322	2008
485000	44	1983	291	11102	71	576	32451	1631
486000	56	1719	392	11250	83	485	32388	1744
487000	68	1753	305	11401	48	469	34870	1392
488000	51	1655	253	11621	59	434	33212	1438
489000	54	1829	306	11348	54	466	33923	1647
490000	62	1763	340	11378	79	383	33752	1231
491000	81	1701	339	11386	79	428	35056	1591
492000	52	1675	396	11424	63	393	34727	1322
493000	43	1855	306	11428	39	410	33921	1339
494000	82	1869	235	11486	71	323	34311	1196
495000	37	1872	291	11509	41	303	34387	1221
496000	44	1897	287	11466	30	348	35474	1299
497000	39	1898	345	11402	26	298	34019	911
498000	55	1755	315	11542	79	289	34997	1125
499000	73	1716	418	11435	20	295	35238	805
500000	74	1671	369	11519	55	374	34142	1130
501000	73	1615	430	11361	108	374	33995	1294
502000	67	1643	333	11490	91	408	34003	1352
503000	54	1747	340	11486	34	338	33958	1198
504000	45	1969	262	11550	11	230	34421	845
505000	60	1733	337	11599	33	235	35427	790
506000	60	1706	371	11554	43	268	33528	827
507000	58	1925	273	11483	45	262	34661	832
508000	75	2137	273	11266	47	256	32783	1170
509000	79	1783	379	11426	45	286	33792	966
510000	56	1624	314	11650	77	279	35890	1187
511000	41	1848	297	11589	66	222	34869	797
512000	39	1752	272	11708	68	231	35460	966
513000	64	1766	383	11449	70	287	33424	1179
514000	69	1845	288	11518	26	298	34011	858
515000	51	1876	264	11655	20	198	34901	667
516000	37	1897	388	11428	42	203	34322	705
517000	61	1851	320	11640	50	161	34153	659
518000	40	1767	335	11747	24	147	35707	569
519000	72	1746	443	11433	42	228	36005	741
520000	59	1731	362	11573	33	256	33786	881
521000	37	1787	337	11551	30	291	33756	789
522000	51	1905	370	11286	58	365	33480	1172
523000	67	1727	364	11457	55	329	34327	1098
524000	67	1778	342	11479	28	304	34619	972
525000	48	1692	274	11813	20	212	35057	662
526000	35	1859	299	11652	38	188	36987	675
527000	48	1822	325	11657	3	191	34631	591
528000	49	1786	346	11615	7	236	34850	557
529000	41	1839	325	11490	57	258	34406	870
530000	69	1841	284	11599	55	204	34829	810
531000	69	1753	357	11501	141	205	34804	1003
532000	72	1779	368	11367	141	271	33782	1374
533000	48	1646	380	11635	72	249	35855	1108
534000	61	1680	402	11533	65	286	34479	1217
535000	39	1834	288	11632	43	213	35871	717
536000	56	1771	223	11766	51	219	34188	696
537000	46	1772	313	11636	80	194	33535	917
538000	38	1971	283	11426	52	277	32997	794
539000	69	1718	308	11576	71	309	34370	1144
540000	84	1683	342	11593	76	257	34199	870
541000	64	1852	334	11390	36	346	35198	1050
542000	41	1797	284	11642	5	283	35033	639
543000	40	1689	372	11616	10	284	35692	727
544000	49	1635	377	11566	17	337	35475	966
545000	42	1769	330	11527	28	355	33253	1251
546000	41	1649	345	11693	7	295	35489	868
547000	47	1604	333	11799	3	271	34647	903
548000	48	1763	307	11582	44	267	33315	948
549000	50	1796	306	11452	81	341	34403	1187
550000	49	1990	322	11332	64	291	33447	1174
551000	44	1842	341	11450	68	296	35371	1137
552000	26	1918	257	11539	38	317	33777	1131
553000	63	1724	325	11564	62	293	34918	1030
554000	75	1800	365	11523	51	215	34038	956
555000	80	1941	306	11528	17	193	35205	548
556000	47	1681	345	11763	12	168	33659	534
557000	56	1934	316	11640	8	115	34101	333
558000	65	1746	337	11756	1	119	34079	313
559000	44	1813	250	11833	2	107	35099	365
560000	29	1892	348	11621	0	128	34927	343
561000	59	1951	278	11701	0	100	34676	245
562000	65	1834	353	11640	2	100	35015	354
563000	50	1724	449	11680	2	73	34702	234
564000	27	1740	407	11760	0	87	33987	188
565000	47	1835	363	11686	4	94	35293	326
566000	58	1749	319	11861	3	52	36049	117
567000	25	2020	285	11652	2	73	35419	230
568000	46	1920	223	11912	0	28	34705	148
569000	39	1780	348	11849	3	22	34992	42
570000	35	1875	287	11885	0	10	35059	15
571000	65	1912	252	11758	90	17	35827	309
572000	77	1719	322	11813	80	39	34877	295
573000	51	1700	290	11794	127	81	34656	599
574000	43	1845	311	11679	37	118	34369	499
575000	47	1616	300	11953	16	118	35819	356
576000	48	1821	324	11640	12	137	35700	401
577000	35	1916	341	11543	2	215	34887	604
578000	55	1839	282	11740	1	154	34771	526
579000	71	1750	333	11718	3	169	35246	553
580000	60	1829	315	11642	5	177	34764	532
581000	61	1867	308	11653	12	134	34450	423
582000	42	1843	306	11778	11	79	35811	234
583000	45	1636	390	11742	5	138	34298	356
584000	24	1695	390	11693	13	182	35273	428
585000	53	1870	293	11640	1	214	35207	598
586000	41	1798	303	11686	4	191	35090	459
587000	56	1837	274	11676	7	197	35337	590
588000	60	1851	335	11544	10	197	34733	621
589000	39	1868	265	11571	40	287	34417	813
590000	49	1835	281	11627	84	214	34297	1018
591000	41	1721	298	11737	52	216	34408	800
592000	42	1837	347	11554	31	239	36533	561
593000	37	1684	252	11865	9	240	33791	622
594000	43	1890	273	11657	12	195	34373	637
595000	52	1886	236	11655	1	223	35105	642
596000	51	1687	343	11701	10	246	35231	783
597000	59	1809	360	11603	27	199	35015	639
598000	49	1753	332	11743	3	137	35080	325
599000	30	1778	288	11707	1	241	35716	746
600000	45	1858	251	11709	19	213	34572	698
601000	38	1973	264	11574	16	214	33821	595
602000	59	1625	422	11642	27	188	35486	614
603000	35	1690	384	11723	30	167	36253	630
604000	43	1816	273	11747	37	163	34935	691
605000	45	1878	256	11711	21	192	35679	494
606000	48	1777	296	11740	13	178	35756	479
607000	40	1921	264	11689	20	168	35292	445
608000	40	1993	289	11620	26	101	34182	330
609000	27	1967	252	11795	0	54	34784	107
610000	73	1905	259	11752	2	59	34660	176
611000	42	1816	312	11738	19	104	35266	413
612000	29	2040	328	11547	22	85	34713	371
613000	47	1920	290	11697	22	87	34610	374
614000	42	1790	295	11767	37	108	34609	291
615000	32	1800	273	11880	30	70	35211	304
616000	79	1782	383	11624	30	99	34422	448
617000	75	1699	338	11756	25	112	35283	501
618000	44	1714	394	11699	20	121	35337	268
619000	54	1862	300	11627	16	185	34565	482
620000	34	1853	287	11686	1	184	34785	452
621000	48	1846	251	11766	1	164	33411	505
622000	37	1820	282	11876	0	61	34466	254
623000	31	1805	246	11965	0	24	35217	48
624000	62	1961	223	11782	0	29	35315	55
625000	62	1825	402	11713	0	10	34308	24
626000	59	1729	322	11891	0	10	36150	70
627000	57	1782	302	11907	0	17	35864	87
628000	46	1969	278	11706	0	41	35073	131
629000	52	1845	326	11749	1	36	34762	161
630000	30	1819	239	11977	0	8	35695	1
631000	38	1862	235	11865	84	0	36126	123
632000	71	1820	311	11728	76	18	34545	262
633000	56	1926	313	11700	77	9	34682	259
634000	37	1884	292	11752	35	34	36651	257
635000	69	1731	311	11865	32	57	35325	227
636000	49	1840	273	11774	16	82	34514	282
637000	52	1555	434	11851	12	75	35816	357
638000	50	1686	343	11825	7	104	33887	194
639000	61	1741	378	11641	0	186	34045	688
640000	50	1793	314	11752	5	146	35337	410
641000	48	1884	355	11579	30	122	34056	524
642000	33	1992	303	11538	64	111	35860	633
643000	68	1800	355	11682	60	75	34149	246
644000	49	1575	402	11846	28	103	35480	210
645000	44	1846	267	11839	21	59	35480	234
646000	48	1862	312	11746	6	85	35142	190
647000	50	1744	314	11927	0	33	35296	130
648000	51	1770	276	11963	2	12	37016	26
649000	40	1809	277	11938	0	1	35195	0
650000	70	1815	274	11831	24	21	36109	160
651000	50	2019	322	11573	9	51	33997	130
652000	65	1875	407	11590	5	57	34809	155
653000	41	1750	354	11828	0	63	35024	102
654000	50	1767	312	11799	1	109	35636	196
655000	41	1794	317	11835	2	72	35009	257
656000	49	1896	381	11599	2	79	35643	327
657000	38	1806	322	11849	0	52	33606	127
658000	24	2064	269	11686	0	40	35273	186
659000	54	2156	260	11532	0	53	34186	221
660000	65	1782	374	11757	1	45	36242	301
661000	43	1926	281	11764	1	32	34350	55
662000	66	1807	300	11838	7	41	36478	38
663000	56	1779	327	11800	6	43	35318	89
664000	46	1821	274	11892	1	50	35151	128
665000	58	1695	365	11880	7	34	36034	12
666000	47	1761	312	11948	6	5	35331	60
667000	67	1831	335	11707	37	26	34714	170
668000	70	1893	339	11611	51	49	35533	241
669000	82	1847	318	11674	45	46	32856	269
670000	49	1920	318	11630	30	69	34575	294
671000	28	1930	289	11792	1	49	35088	104
672000	41	1779	366	11713	3	103	35545	242
673000	69	1882	376	11641	1	57	34031	160
674000	45	1935	238	11818	1	70	35486	151
675000	35	1821	348	11729	3	91	33698	253
676000	50	1836	373	11710	2	51	35805	245
677000	34	1683	358	11860	13	66	35019	199
678000	48	1845	261	11846	10	43	35908	116
679000	28	1851	297	11818	22	24	34138	68
680000	44	1731	404	11724	39	56	34727	252
681000	47	1781	319	11787	23	48	35265	305
682000	48	1658	334	11864	54	71	35555	388
683000	54	1686	323	11897	57	29	35395	275
684000	49	1772	303	11841	54	64	35794	237
685000	56	1919	291	11664	99	47	34304	325
686000	62	1940	312	11565	57	97	33480	351
687000	66	1758	294	11707	98	154	35205	389
688000	41	1870	259	11599	52	239	33137	607
689000	37	1822	337	11607	50	179	33995	669
690000	49	1974	250	11617	28	156	34067	493
691000	66	1800	318	11767	13	78	35837	159
692000	51	1745	374	11738	25	81	34915	180
693000	58	1724	335	11882	0	63	34034	269
694000	40	1607	294	12104	11	24	37167	122
695000	40	1877	303	11785	0	58	34940	171
696000	63	1836	258	11839	4	57	35232	241
697000	38	1845	292	11839	0	53	36078	91
698000	32	1825	242	11968	0	47	35646	121
699000	50	1884	326	11702	0	51	33746	66
700000	26	1696	285	11997	0	58	36085	95
701000	55	1865	274	11764	8	86	34518	379
702000	40	1692	355	11906	8	59	34620	277
703000	36	1747	317	11832	19	74	35894	154
704000	39	1751	267	11937	22	95	34912	260
705000	67	1817	325	11660	16	126	34344	366
706000	41	1789	298	11831	4	112	34575	411
707000	66	1820	378	11661	15	44	35495	222
708000	44	1751	347	11859	13	17	35886	39
709000	45	1892	325	11788	7	7	34495	38
710000	49	1943	261	11723	107	1	35240	332
711000	43	2023	276	11633	93	19	34816	270
712000	46	1748	352	11802	24	71	34788	257
713000	45	1853	350	11690	1	95	34329	387
714000	41	1665	424	11764	9	100	34995	334
715000	58	1699	351	11794	13	136	34711	346
716000	41	1767	299	11762	5	166	34854	525
717000	47	1912	292	11645	1	169	34772	482
718000	43	1826	258	11809	13	117	35711	387
719000	42	1680	288	11879	26	157	35614	544
720000	52	1752	326	11750	30	130	35234	423
721000	52	1754	368	11704	23	78	36186	266
722000	35	1658	343	11852	15	118	35239	460
723000	36	1798	247	11890	7	110	35182	319
724000	44	1774	303	11763	28	114	34606	374
725000	49	1651	332	11899	23	114	34909	406
726000	49	1751	328	11791	24	105	34749	345
727000	34	1844	391	11607	11	112	34486	432
728000	51	1835	364	11641	1	107	34896	451
729000	42	1921	292	11655	8	128	35345	318
730000	57	1800	363	11636	23	118	36768	566
731000	66	1766	354	11646	59	126	34238	508
732000	53	2010	358	11421	7	204	33442	652
733000	50	2005	358	11364	14	238	34621	800
734000	57	1796	352	11510	33	263	33202	876
735000	38	1659	344	11711	36	245	35692	792
736000	48	1800	344	11595	34	179	35262	693
737000	42	1717	324	11699	2	242	34524	675
738000	71	1611	313	11811	3	224	34501	722
739000	38	1765	310	11632	21	254	36829	899
740000	49	1751	336	11619	42	237	35056	809
741000	51	1699	410	11582	10	243	35009	745
742000	43	1767	293	11599	78	284	34138	973
743000	65	1741	334	11484	93	312	34731	1028
744000	33	1778	360	11443	158	262	34004	1113
745000	40	1559	324	11705	107	340	33761	1146
746000	59	1623	322	11635	105	287	35388	1192
747000	45	1967	277	11386	98	284	34985	1106
748000	51	1782	368	11451	108	266	34369	1021
749000	57	1713	401	11546	110	171	34656	950
750000	58	1675	391	11560	75	234	33915	859
751000	49	1747	344	11705	24	159	34670	726
752000	58	1725	288	11832	42	78	36393	414
753000	57	1738	306	11825	15	117	37299	435
754000	48	1801	412	11596	3	148	35350	359
755000	55	1670	332	11853	37	102	37086	485
756000	82	1800	389	11451	52	184	35754	584
757000	65	1883	292	11551	80	155	33969	768
758000	67	1955	302	11469	83	178	34828	854
759000	59	1702	391	11624	17	197	34571	687
760000	52	1720	319	11732	26	215	33584	738
761000	44	1706	414	11502	24	307	35424	943
762000	19	1808	279	11727	20	267	35452	1072
763000	54	1764	380	11549	27	282	35608	1095
764000	49	1787	314	11608	66	195	33802	890
765000	39	1811	287	11655	55	221	34779	939
766000	52	1678	349	11716	59	203	34315	925
767000	55	1750	352	11625	99	150	34951	676
768000	59	1733	305	11642	110	189	34589	677
769000	47	1764	324	11560	88	264	33986	1090
770000	52	1974	300	11407	94	242	34126	857
771000	46	1710	280	11717	95	228	34386	974
772000	51	1627	365	11597	102	266	34488	1191
773000	61	1766	293	11550	129	243	34047	1205
774000	48	1777	326	11507	168	205	35377	1136
775000	61	1765	385	11385	168	238	33666	1005
776000	61	1963	316	11335	121	240	33685	952
777000	59	1626	454	11281	119	386	34579	1240
778000	85	1540	436	11371	132	393	34263	1743
779000	63	1677	359	11511	100	315	33827	1320
780000	64	1652	369	11365	79	461	34279	1499
781000	50	1830	299	11358	42	473	34267	1408
782000	29	1696	376	11428	27	453	34083	1243
783000	69	1816	370	11292	33	392	34338	1087
784000	52	1704	314	11612	31	319	33926	856
785000	51	1742	341	11594	40	256	36321	1001
786000	49	1667	352	11668	8	282	33949	938
787000	20	1774	256	11809	16	192	34834	764
788000	53	1899	321	11573	16	191	35605	631
789000	35	1850	242	11727	28	184	36711	584
790000	39	1883	332	11573	29	183	33690	554
791000	42	1737	299	11706	33	218	34321	649
792000	46	1663	310	11828	20	182	35632	552
793000	47	1781	359	11660	19	182	34895	481
794000	40	1903	335	11518	30	224	35267	583
795000	55	1787	277	11704	10	227	35600	631
796000	44	1893	292	11642	13	185	33764	548
797000	71	1580	375	11773	27	175	34436	554
798000	57	1740	293	11760	18	196	34833	525
799000	39	1874	333	11672	9	125	34324	723
800000	55	1726	380	11721	5	128	35541	323
801000	37	1611	376	11906	4	71	34897	178
802000	32	1706	376	11831	4	84	35425	273
803000	68	1919	262	11734	10	71	35240	254
804000	49	1683	352	11862	20	70	34658	218
805000	41	1610	419	11851	1	88	35881	307
806000	62	1739	360	11787	2	41	35152	169
807000	60	1826	357	11726	2	57	35230	85
808000	44	1824	340	11715	2	119	35458	234
809000	33	1872	239	11825	7	117	33704	430
810000	58	1839	292	11752	5	127	34754	514
811000	64	1836	285	11724	21	151	33523	340
812000	43	1865	301	11594	33	201	34677	556
813000	68	1880	326	11496	30	207	34803	689
814000	51	1761	405	11506	44	218	34817	924
815000	53	1847	263	11579	63	226	33445	953
816000	59	1980	264	11469	39	251	34053	664
817000	32	1757	345	11613	13	261	34323	748
818000	30	1665	387	11698	6	205	35363	473
819000	65	1700	366	11659	8	205	33619	805
820000	47	1717	327	11693	3	241	35113	714
821000	53	1692	285	11818	2	201	34700	579
822000	34	1745	314	11836	10	88	36062	262
823000	33	1779	352	11779	3	59	35252	160
824000	43	1650	401	11786	10	78	36225	180
825000	40	1703	329	11812	12	132	34656	308
826000	56	1866	301	11695	4	104	34992	219
827000	48	1826	276	11829	4	75	35303	184
828000	61	1867	309	11703	2	83	33508	337
829000	48	2016	258	11604	0	145	34048	345
830000	37	1767	293	11879	0	106	34897	277
831000	40	1868	297	11776	0	98	35331	274
832000	42	1704	352	11825	5	58	35391	161
833000	34	1785	292	11872	0	50	36297	138
834000	73	1740	300	11874	7	66	36142	218
835000	35	1873	259	11834	11	75	35056	263
836000	39	2027	311	11593	10	57	34482	247
837000	48	1778	336	11824	3	19	35362	65
838000	55	1922	285	11780	0	7	35552	38
839000	61	1760	309	11880	0	11	35949	49
840000	54	1814	373	11744	0	31	34765	60
841000	38	1772	375	11797	0	9	35014	35
842000	56	1658	320	11991	0	14	35955	47
843000	38	1865	305	11774	1	58	35825	151
844000	40	1900	279	11832	3	32	35258	206
845000	41	1759	303	11927	0	20	35476	67
846000	57	1776	420	11696	0	30	34223	103
847000	76	1775	348	11743	3	67	33855	108
848000	41	1713	353	11825	10	113	34098	392
849000	45	1775	331	11751	15	148	34691	499
850000	49	1779	362	11615	17	189	35635	639
851000	28	1726	391	11592	44	220	34910	905
852000	42	1849	285	11677	28	187	34360	543
853000	62	1739	265	11748	44	210	35574	917
854000	41	1975	294	11530	55	177	34033	744
855000	54	1850	274	11704	24	211	34928	539
856000	47	1818	266	11671	2	293	34786	672
857000	56	1600	306	11784	15	291	34398	1126
858000	53	1687	476	11500	5	234	34573	920
859000	58	1555	401	11813	5	170	35708	367
860000	52	1647	336	11773	27	158	35595	713
861000	56	1865	367	11562	18	121	34124	327
862000	61	1857	390	11505	48	143	34970	668
863000	50	1925	319	11583	32	130	34636	592
864000	52	1797	313	11686	32	166	34377	465
865000	64	1752	310	11683	49	179	36640	774
866000	53	1716	322	11818	37	91	35982	416
867000	34	1847	290	11709	61	136	34343	601
868000	63	1950	236	11625	60	131	33821	811
869000	60	1693	307	11804	53	133	36013	485
870000	47	1714	399	11644	26	137	35641	516
871000	45	1979	241	11686	35	110	34439	340
872000	29	1998	318	11547	1	169	34899	541
873000	58	2058	317	11399	7	176	33685	542
874000	74	2029	334	11286	38	246	34353	937
875000	44	1756	360	11509	30	324	34686	1196
876000	43	1868	257	11483	74	324	35120	1238
877000	79	1822	351	11299	79	406	32931	1512
878000	63	1591	371	11443	35	490	34329	1741
879000	70	1782	387	11258	66	442	32974	1477
880000	70	1821	247	11568	64	301	34322	1461
881000	45	1739	314	11574	74	291	34302	1305
882000	40	1659	290	11755	59	235	36347	985
883000	40	1566	389	11698	76	240	35682	991
884000	62	1878	332	11499	34	215	32432	692
885000	22	1794	316	11601	14	311	33598	634
886000	58	1867	305	11454	6	374	35418	934
887000	83	1853	297	11425	14	374	34454	1095
888000	53	1739	300	11422	57	495	33824	1570
889000	43	1813	287	11306	75	536	32978	2148
890000	42	1874	272	11275	83	524	34238	1699
891000	45	1914	289	11161	85	540	33104	1864
892000	58	1803	360	11001	70	723	33776	2481
893000	44	1771	337	11047	82	772	33996	2077
894000	69	1798	268	11185	96	645	33743	1849
895000	63	1811	264	11146	77	694	33465	2325
896000	65	1699	415	10876	102	791	31289	2569
897000	38	1798	407	10932	108	698	33593	2178
898000	88	1615	294	11272	159	632	32044	2626
899000	51	1722	319	11246	124	596	34277	2349
900000	87	1766	316	11090	123	631	34381	2454
901000	51	1634	278	11358	213	522	33591	2168
902000	60	1666	337	11099	248	608	31912	2700
903000	37	1670	271	11333	217	516	33908	1714
904000	75	1832	304	11015	247	557	33188	2313
905000	73	1780	364	10913	219	643	32664	2475
906000	67	1669	291	11157	226	623	32782	2516
907000	79	1858	323	10939	150	675	32142	2562
908000	59	1888	288	11100	130	602	33232	2807
909000	69	1871	349	11087	132	506	32434	2081
910000	62	1805	361	11250	60	476	33528	1523
911000	59	1801	349	11326	112	384	34916	1169
912000	53	1741	290	11283	160	518	33256	2049
913000	72	1773	268	11253	183	519	32220	1844
914000	63	1788	331	11226	144	450	32365	1847
915000	50	1863	320	11181	140	506	33889	1711
916000	63	1702	330	11299	64	559	33168	1966
917000	51	1905	299	11247	84	434	33754	1509
918000	85	1841	306	11250	109	442	33096	1529
919000	47	1757	340	11313	97	466	32667	1547
920000	49	2021	241	11254	76	460	33452	1388
921000	43	1778	340	11358	14	501	33715	1666
922000	35	1685	379	11327	43	570	34469	2215
923000	50	1814	324	11254	47	553	33814	1632
924000	41	1788	342	11342	58	470	33916	1607
925000	60	1827	260	11382	66	435	33506	1456
926000	55	1896	244	11323	72	471	33384	1575
927000	62	1684	274	11380	121	537	34617	1909
928000	41	1741	330	11267	165	508	34108	1705
929000	56	1653	389	11236	138	544	33305	1965
930000	82	1751	371	11118	135	555	33729	2217
931000	68	1753	345	11055	184	598	33646	1933
932000	40	1659	341	11270	242	472	33097	2519
933000	75	1699	302	11099	260	607	33006	2329
934000	62	1900	353	10877	204	612	32500	2444
935000	53	1794	371	11111	151	536	34545	1787
936000	76	2009	252	11096	134	532	33385	1938
937000	66	1593	393	11222	93	632	34095	1907
938000	60	1673	296	11269	117	639	33935	2362
939000	66	1900	323	10885	140	692	32223	2235
940000	50	1751	351	11141	154	637	32885	2374
941000	60	1926	274	11025	164	630	31307	2385
942000	63	1977	302	11043	115	567	33340	1811
943000	64	1804	332	11176	137	490	34165	1750
944000	36	1708	268	11339	152	570	33147	2248
945000	56	1790	309	11160	156	573	33195	2662
946000	52	1872	225	11352	112	461	34644	1797
947000	50	1670	315	11414	133	471	33635	1772
948000	50	1739	328	11269	112	510	33599	1518
949000	61	1716	388	11338	58	431	32714	1458
950000	46	1730	292	11364	84	518	33643	1589
951000	60	1871	240	11271	124	524	33216	2099
952000	54	1801	284	11273	127	494	33336	2040
953000	80	1575	344	11312	176	521	34587	1804
954000	34	1778	308	11080	183	678	32858	2286
955000	59	1627	368	11091	186	696	33585	3059
956000	57	1846	292	10954	183	735	33022	2962
957000	43	1845	212	11052	176	772	32731	2704
958000	73	1864	300	10959	149	700	32389	2320
959000	47	1782	303	10988	135	777	33016	2674
960000	76	1864	332	10852	103	796	32773	2402
961000	56	1704	339	11197	117	668	32909	2265
962000	49	1793	344	11013	78	698	32666	1976
963000	53	1757	291	11170	97	693	35339	2192
964000	47	1897	280	11139	133	562	34151	1889
965000	54	2048	277	10935	108	639	32893	2037
966000	46	1945	222	11050	87	719	33883	2335
967000	62	1634	379	11084	98	737	34899	2628
968000	82	1675	337	11053	155	703	32716	2360
969000	65	1798	401	10970	166	562	32885	2254
970000	69	1536	433	11317	68	565	34175	1859
971000	65	1608	340	11249	139	624	33834	2264
972000	68	1616	341	11267	99	612	33570	2267
973000	91	1790	362	10996	190	552	33730	1868
974000	53	1791	371	10922	145	720	33536	2395
975000	37	1651	339	11094	181	744	33572	2454
976000	73	1868	392	10731	254	696	31867	2437
977000	63	1791	428	10710	184	827	32663	2960
978000	68	1628	445	10884	140	805	33272	2241
979000	48	1863	313	10966	127	749	32320	2476
980000	39	1895	277	11082	110	628	32428	2073
981000	45	1865	248	11184	86	645	34429	2111
982000	35	1859	327	11028	108	702	33614	2454
983000	42	1760	301	11238	122	582	33519	1920
984000	42	1928	353	10995	105	612	33847	2213
985000	50	1754	398	11123	56	596	33105	1991
986000	53	1829	322	11212	62	588	32693	2008
987000	53	1717	360	11176	83	630	34115	1778
988000	71	1564	304	11329	160	591	34215	2095
989000	65	1742	273	11195	147	639	32893	2121
990000	54	1750	331	11098	151	619	32524	2261
991000	68	1783	300	11201	136	569	32871	1848
992000	56	1770	285	11292	190	450	34315	1465
993000	73	1702	250	11330	233	485	33527	2135
994000	74	1687	342	11131	274	488	32537	2285
995000	62	1978	293	10810	245	630	33327	2690
996000	88	1778	344	11026	230	559	32531	2662
997000	66	1863	349	10966	244	550	33172	2397
998000	99	1733	318	11056	242	565	33200	1987
999000	83	1729	337	11077	235	544	33306	2573
