0	0	0	0	14400	0	0	0	0
1000	62	1470	469	11847	102	23	36196	269
2000	126	1295	979	11130	81	37	34450	288
3000	149	1000	1188	10951	120	66	34327	351
4000	155	887	1844	9959	83	111	35890	588
5000	190	675	2079	9873	136	31	33452	476
6000	202	550	2636	9087	12	74	35537	275
7000	178	551	3037	8558	0	0	33606	2
8000	200	581	2968	8592	56	1	33745	171
9000	246	564	2620	9073	0	48	33353	186
10000	190	608	2993	8573	0	27	33760	146
11000	250	472	2962	8595	0	0	33489	2
12000	260	519	3168	8098	35	6	33559	118
13000	190	456	3836	7037	176	1	32505	406
14000	212	521	3785	7163	91	0	30689	287
15000	260	483	3789	7245	12	0	32343	31
16000	325	397	4264	6181	0	0	29385	14
17000	307	379	4485	5771	14	0	29630	59
18000	314	419	4336	5954	98	5	29342	259
19000	260	373	4447	5969	42	0	29219	75
20000	273	449	4382	6056	6	0	29854	123
21000	317	252	4715	5321	18	0	29955	144
22000	274	280	4920	5089	37	0	28570	107
23000	315	314	4580	5810	2	0	29586	21
24000	398	343	4621	5265	201	0	29747	181
25000	274	445	4692	4986	213	0	26541	766
26000	298	344	5067	4558	199	0	28251	804
27000	357	369	5318	4059	0	0	25807	1
28000	280	355	5393	4077	41	0	26672	121
29000	316	285	5229	4218	101	0	28498	376
30000	313	354	4440	5649	193	39	29260	606
31000	240	339	4733	5562	0	4	30064	85
32000	357	315	4714	5165	153	2	28685	314
33000	438	397	4590	5502	0	0	28275	14
34000	290	425	5077	4368	0	0	28136	1
35000	284	231	4816	5131	0	6	28819	10
36000	393	411	4693	5160	50	0	29023	98
37000	385	396	4843	5027	24	0	27093	37
38000	388	355	4607	5470	7	0	28646	49
39000	325	274	4533	5778	0	0	30798	1
40000	237	228	4343	6367	0	0	30308	49
41000	272	420	4471	5833	25	0	31190	112
42000	198	441	4483	6028	31	0	30839	119
43000	355	327	3942	6588	185	20	30189	371
44000	291	379	3885	6844	135	70	31424	375
45000	258	415	3595	7325	137	128	31743	921
46000	276	391	3257	7840	150	142	31282	811
47000	189	567	3165	8175	62	128	32934	565
48000	159	410	3379	7972	44	158	33552	329
49000	205	540	3250	7802	46	264	33439	686
50000	201	452	3043	8439	14	107	32752	548
51000	202	639	2668	8826	55	76	33581	595
52000	150	617	2900	8780	32	57	32898	345
53000	165	618	2979	8566	1	59	33927	148
54000	259	621	2900	8495	0	25	33407	106
55000	197	622	2751	8935	13	0	32924	84
56000	218	593	2868	8791	0	0	33478	2
57000	160	538	3254	8180	26	20	33766	158
58000	193	652	3231	8191	0	3	34556	68
59000	273	343	3966	6878	58	0	31555	99
60000	182	539	3548	7534	82	0	31813	115
61000	297	572	3254	7885	40	0	33103	57
62000	234	370	4097	6749	16	0	32128	37
63000	279	291	4420	6149	37	0	29731	206
64000	329	337	4151	6306	0	0	30019	5
65000	272	459	4622	5549	35	0	30347	117
66000	309	531	4408	5802	0	0	30598	9
67000	176	467	4187	6398	0	0	31114	8
68000	314	520	3839	6850	50	1	31581	90
69000	331	486	4310	6114	0	34	30231	85
70000	159	487	3842	7149	23	6	31919	153
71000	295	467	3744	7132	0	0	31570	1
72000	200	420	3908	7172	18	1	31362	141
73000	296	439	3710	7129	46	4	32259	162
74000	266	418	3734	7177	44	3	32329	158
75000	213	407	3944	6869	117	1	30787	357
76000	274	362	4216	6331	99	32	32027	284
77000	262	429	3997	6792	20	2	31166	61
78000	256	499	3722	7217	77	0	32079	0
79000	235	451	3648	7563	18	0	32299	129
80000	240	470	3868	7112	87	15	31615	312
81000	203	525	3932	6964	0	36	32542	79
82000	358	463	4119	6299	1	0	32098	23
83000	292	427	4181	6458	0	1	30934	35
84000	255	301	4128	6734	44	2	29568	125
85000	346	336	4128	6469	65	0	30820	142
86000	236	506	3687	7332	0	0	30503	2
87000	251	382	3800	7352	24	5	32665	276
88000	258	492	4115	6449	52	0	31716	166
89000	288	303	4614	5681	16	8	29224	42
90000	412	319	5070	4397	78	0	27692	248
91000	380	294	5156	4298	0	0	28392	8
92000	233	271	5425	4056	0	30	28739	9
93000	278	375	5009	4507	65	12	28407	194
94000	295	274	4762	5491	17	0	29744	40
95000	351	240	5002	4827	126	0	29616	374
96000	351	345	4947	4593	134	35	26779	570
97000	285	330	5325	4106	100	0	28502	426
98000	223	283	5515	3673	34	87	26432	582
99000	360	241	5441	3605	127	37	25950	309
100000	275	340	4980	4743	45	5	28964	182
101000	250	158	5324	4266	141	0	28598	459
102000	277	238	5266	4165	207	0	26647	886
103000	332	243	5390	3755	252	0	27363	569
104000	353	237	5060	4306	374	21	27497	1194
105000	367	325	5392	3372	299	118	26059	959
106000	304	166	5191	4175	200	0	27058	474
107000	469	313	4998	4362	125	0	26794	384
108000	454	211	5160	4026	100	0	26543	413
109000	426	340	4905	4561	134	0	28279	237
110000	318	409	4851	4851	23	30	27442	221
111000	367	274	4995	4618	17	0	27973	44
112000	317	250	5529	3524	180	0	25573	359
113000	571	219	5205	3641	2	0	26050	47
114000	325	240	5322	4301	0	0	27327	2
115000	420	204	5543	3251	22	2	26113	112
116000	405	198	5282	4109	102	20	25837	172
117000	354	392	4992	4381	266	21	26587	752
118000	384	328	5116	4290	86	0	27648	274
119000	344	283	4996	4546	56	4	27795	147
120000	304	331	5449	3877	24	0	27155	87
121000	300	364	5417	3859	39	15	27105	71
122000	367	244	5145	4071	91	0	27277	275
123000	350	307	5105	4483	20	57	27689	290
124000	320	280	5406	3503	93	198	25916	719
125000	224	271	5297	3675	195	403	26708	1366
126000	445	294	5086	3974	142	472	25117	1941
127000	385	294	5136	3973	107	329	26189	1241
128000	377	241	5340	3222	136	343	24657	1394
129000	459	239	5396	3224	61	396	24110	1095
130000	293	395	5234	3811	36	420	27443	1014
131000	374	288	5391	3505	18	322	24126	793
132000	297	223	5380	3379	9	696	25710	1695
133000	410	187	5182	3137	363	632	24366	3306
134000	351	192	5288	3469	398	177	25873	2049
135000	415	194	5092	3808	216	378	25527	1481
136000	513	304	4910	4046	103	418	25501	1319
137000	242	442	4962	4436	198	314	26238	1440
138000	445	289	5045	4114	121	310	27204	1403
139000	311	254	4941	4662	36	365	27330	990
140000	354	340	5072	4169	36	376	25959	1209
141000	364	388	4875	4437	131	298	26331	1560
142000	416	352	4971	4280	0	202	26834	670
143000	445	348	5030	3919	125	340	25809	1338
144000	251	267	5390	3561	141	299	25969	1122
145000	377	363	5246	3761	55	156	26173	521
146000	351	235	5223	3646	322	83	26057	1241
147000	511	262	5291	3326	176	0	25686	658
148000	417	451	5240	3790	40	0	26441	146
149000	533	249	5547	2822	81	0	24514	183
150000	307	238	5592	3518	0	0	26521	1
151000	335	329	5593	3513	0	0	26687	3
152000	378	147	5600	3442	0	0	26428	3
153000	465	163	5453	3278	21	2	25572	157
154000	392	145	5538	3497	53	0	26117	99
155000	315	227	5486	3709	0	0	26919	11
156000	298	294	5132	4322	100	0	28214	249
157000	459	278	5185	3916	9	0	27932	19
158000	327	360	5095	4264	183	0	26725	541
159000	294	321	4959	4858	232	0	29163	464
160000	230	301	4983	4861	127	4	28292	299
161000	325	329	4562	5634	154	1	30301	355
162000	349	292	4766	4947	187	16	29008	711
163000	330	277	4670	5176	273	0	27820	682
164000	312	306	4158	6313	199	67	28935	850
165000	277	477	4037	6393	304	21	30479	946
166000	303	459	3341	7486	230	175	32435	1108
167000	195	528	3544	7341	156	179	30812	837
168000	207	605	3300	7689	97	229	32178	1129
169000	237	576	3167	7668	211	247	32033	942
170000	155	545	3542	7526	86	207	31914	807
171000	264	443	4079	6575	0	116	30430	317
172000	298	317	4504	5667	50	177	29374	498
173000	256	247	5124	4556	124	60	28137	662
174000	353	313	5224	3946	88	69	28007	691
175000	327	186	5767	2522	0	205	25524	683
176000	470	208	5758	2283	151	80	23518	828
177000	543	206	5614	2379	217	184	22454	931
178000	388	282	5843	2186	349	125	23590	1260
179000	388	143	5934	1832	279	59	22017	1024
180000	363	168	5900	2166	229	212	23533	1176
181000	303	273	5400	3213	517	113	24866	1875
182000	310	200	5237	4040	141	205	26574	1025
183000	350	237	4969	4148	169	622	27301	2315
184000	318	214	5418	3180	416	315	25088	1994
185000	270	180	5535	3270	335	154	25242	1576
186000	449	218	5390	3499	294	28	26031	679
187000	297	276	5324	3584	270	206	25860	977
188000	298	220	4868	4502	450	140	26345	1760
189000	339	305	4864	4503	324	97	26719	1455
190000	363	345	5152	3548	608	38	25888	1669
191000	394	292	5061	3578	709	105	26214	2255
192000	385	226	5234	3801	491	84	25428	2033
193000	374	229	5420	3169	317	220	25262	1707
194000	259	233	4878	4137	773	317	26523	2852
195000	380	221	5427	2617	709	397	23312	3393
196000	507	101	5539	2474	587	109	24668	2002
197000	482	159	5519	2390	731	45	23278	2156
198000	661	58	5709	1183	382	181	20617	1726
199000	595	139	5868	972	487	253	19872	2029
200000	554	68	5749	1135	844	83	20784	3028
201000	598	96	5417	1884	1584	6	20814	4351
202000	553	74	5278	1682	2005	1	20411	4917
203000	489	133	5016	1752	2717	157	19907	8509
204000	458	185	4850	1815	2861	208	19047	8487
205000	577	124	5057	2085	1956	215	20699	7373
206000	448	127	5335	1548	1939	271	20279	6981
207000	653	136	4806	1438	2938	377	19160	9424
208000	681	65	4455	1929	3459	100	16900	9097
209000	476	144	4885	1475	3130	72	18410	9928
210000	500	187	4564	1649	3634	217	18895	10949
211000	687	87	4395	1566	3706	260	18278	11878
212000	704	186	3990	1164	4200	820	15383	14059
213000	477	161	4256	1081	3769	1134	16178	14103
214000	434	86	4681	834	3502	1136	15890	12818
215000	434	178	4477	1001	3538	1238	16715	13225
216000	499	174	4321	1285	3250	1321	16502	13501
217000	539	157	3916	962	4446	1338	14479	16857
218000	745	94	4032	943	4318	789	14712	15296
219000	570	158	3781	1234	4931	648	13585	16434
220000	487	140	3477	1588	5454	626	15074	17036
221000	615	113	3649	1517	4790	943	14445	17209
222000	685	184	3108	1346	5945	639	12764	19000
223000	699	116	3264	775	6278	697	11598	19745
224000	720	36	3355	706	6353	509	12198	20864
225000	704	118	2791	1186	6695	710	12268	21527
226000	698	107	3108	722	6518	836	10954	22118
227000	488	199	3003	470	6692	1384	10726	24157
228000	590	170	2701	797	6486	1494	10768	22107
229000	613	142	2544	748	6896	1422	10012	23155
230000	645	194	2520	906	6850	1215	9383	21938
231000	569	150	2549	1373	6356	1347	10754	24668
232000	682	155	2387	1404	6472	1330	11129	22440
233000	456	142	3106	1233	5591	1485	12460	21620
234000	507	291	3289	1288	4950	1607	12217	19316
235000	485	113	3555	1565	4880	1042	15095	18168
236000	555	202	3717	1334	4773	867	14096	16365
237000	605	206	3919	1374	4395	791	15214	15263
238000	553	159	4355	1229	3880	873	16764	13377
239000	789	96	4782	1024	2612	771	17681	10031
240000	458	157	4670	1471	2764	1092	17182	11898
241000	508	162	4727	1563	2178	1421	17526	10372
242000	585	151	4162	1841	2713	1523	18479	11976
243000	521	203	4110	1422	3759	1149	16439	13510
244000	567	78	4103	1115	4287	978	14764	14806
245000	491	172	4204	1437	3528	1283	15951	14047
246000	472	141	4563	877	3938	920	15466	13820
247000	475	131	4591	730	3982	777	15969	14432
248000	452	65	5226	325	3228	787	15501	10644
249000	842	52	4411	94	4250	885	13979	14683
250000	589	51	4143	345	5192	709	12784	16627
251000	608	67	4594	458	4361	562	13891	15024
252000	562	44	5310	487	3025	474	16943	10970
253000	604	11	5343	560	2615	145	17208	8196
254000	483	72	5723	548	2017	64	18595	6031
255000	724	55	5361	715	2134	0	18277	5973
256000	606	82	5227	511	3179	77	15541	8941
257000	557	52	4919	894	3813	50	17229	9748
258000	403	95	5138	1060	3397	61	17550	10596
259000	515	82	4870	849	3822	140	16430	11809
260000	672	80	4781	666	3871	209	15444	11774
261000	560	79	4696	668	4365	167	15266	12361
262000	601	44	4252	374	5217	372	14688	15200
263000	498	33	4329	396	5252	336	14526	16110
264000	584	66	3960	544	5594	335	13987	16988
265000	619	86	4222	997	4897	121	14707	14129
266000	721	19	4403	874	4567	121	15678	13895
267000	527	45	4530	413	4824	212	14680	15893
268000	524	59	4990	409	3868	397	14985	12030
269000	531	44	5301	374	2964	331	15613	10666
270000	546	23	5217	683	2854	373	16147	10432
271000	605	138	5045	929	2585	781	18511	9130
272000	480	41	5622	688	1564	914	18639	7047
273000	409	165	5578	1200	1267	652	20596	5545
274000	568	174	5813	636	714	862	17843	4250
275000	488	150	5392	825	1570	1249	17771	7534
276000	550	127	5384	864	1664	999	18007	7594
277000	543	91	5346	878	2322	575	18133	8304
278000	454	153	5232	1115	2699	610	17708	9412
279000	488	38	5367	539	2436	836	17783	9979
280000	549	50	5550	434	2140	583	18534	8075
281000	510	90	5452	541	2022	691	17955	8586
282000	609	100	5023	1382	2484	592	17732	9056
283000	377	150	5326	1551	1814	773	18845	7627
284000	477	204	4988	1952	1420	1096	20968	7852
285000	454	146	5136	2251	1237	868	19494	6612
286000	432	289	5017	2420	868	1238	21685	6632
287000	417	235	5325	1538	917	1345	20674	6497
288000	388	209	5228	1492	1823	1049	19880	8547
289000	564	128	5250	2081	1244	500	20846	5169
290000	478	211	5374	2134	1364	210	21657	4149
291000	516	209	5246	2295	1164	414	21750	4108
292000	665	245	4946	2959	813	448	22053	3909
293000	481	297	5016	3147	832	248	25734	3066
294000	336	268	4925	3903	715	323	25385	3483
295000	360	344	4714	4582	508	279	26268	2522
296000	322	245	4463	5050	519	420	27564	2669
297000	263	579	3827	6144	396	448	29811	2333
298000	283	452	4346	5536	190	348	28522	1700
299000	268	425	4143	5704	230	486	29240	1954
300000	297	388	4099	5987	368	248	30077	1686
301000	261	439	4057	6230	361	116	29315	1452
302000	366	448	4372	5715	35	194	29540	730
303000	210	400	4350	6012	0	175	30086	682
304000	292	445	4306	5754	4	269	30081	573
305000	267	283	4518	5886	16	185	30309	642
306000	366	432	4119	5932	104	156	30719	730
307000	443	263	4507	5083	263	195	27472	1619
308000	331	388	4265	5639	224	374	28060	1263
309000	261	490	4055	6281	95	243	30369	1139
310000	281	529	3956	6552	138	94	30546	534
311000	248	544	3909	6880	127	0	29914	376
312000	268	338	4655	5397	82	20	29455	423
313000	193	352	4317	6128	141	11	30109	416
314000	338	437	4137	6248	19	9	30439	69
315000	246	419	4349	6290	25	0	30303	77
316000	283	475	4152	6439	47	1	29866	113
317000	239	397	4232	6480	0	0	30775	9
318000	396	350	4636	5380	28	0	29887	160
319000	352	253	5017	4789	54	0	28609	94
320000	258	256	5124	4498	24	0	29004	120
321000	379	311	5255	4030	95	6	26428	216
322000	341	234	4923	4621	209	1	28651	596
323000	244	406	4556	5729	21	7	29232	177
324000	269	439	3872	6842	76	0	31856	258
325000	230	489	3496	7615	67	13	32454	302
326000	154	397	4100	6814	0	0	32925	7
327000	427	393	3886	6633	80	10	32181	292
328000	250	409	3949	6754	184	0	32437	533
329000	240	480	3777	6659	300	39	31065	1083
330000	190	268	4634	5745	159	51	28912	857
331000	313	321	4393	5912	97	57	30186	671
332000	264	370	4493	5829	31	49	30095	217
333000	276	348	4653	5467	66	0	28926	169
334000	273	452	4524	5635	40	0	29572	61
335000	262	387	4003	6826	75	0	30824	173
336000	274	359	3955	6779	211	15	31910	687
337000	193	532	4088	6677	97	0	31378	287
338000	196	418	3982	6790	102	9	30276	381
339000	231	446	3551	7604	67	4	32888	284
340000	203	601	3158	8173	129	12	32410	437
341000	288	498	3532	7463	87	28	31245	595
342000	279	545	3081	8100	117	67	32304	492
343000	188	649	3724	7123	121	61	31295	525
344000	234	465	3506	7385	300	45	31504	1211
345000	220	381	4109	6686	153	9	31286	512
346000	315	407	3516	7437	75	68	31345	357
347000	204	537	3467	7737	0	31	32107	140
348000	245	539	3149	8203	27	47	34143	256
349000	207	606	3054	8371	52	88	32707	215
350000	196	498	3268	8076	0	0	33678	1
351000	225	586	3381	7760	18	10	32408	209
352000	319	455	3618	7285	95	2	31934	163
353000	224	647	3633	7235	110	0	31225	123
354000	284	421	3767	7195	41	0	32500	196
355000	291	520	4240	6217	0	0	31080	1
356000	195	450	3595	7579	0	0	32405	7
357000	232	449	4246	6191	123	2	31199	505
358000	246	533	3955	6686	154	13	30435	445
359000	260	634	4201	6187	61	1	29924	171
360000	301	441	3918	6669	68	0	31381	123
361000	195	499	3911	6975	60	0	30794	142
362000	262	524	3823	6768	211	21	30479	395
363000	242	530	3212	7829	249	61	31379	1030
364000	250	580	3339	7840	74	0	32734	415
365000	179	437	3883	7185	15	0	31887	39
366000	293	433	3771	7097	33	0	32161	61
367000	307	334	4558	5716	13	0	31606	107
368000	330	333	4680	5387	40	0	30329	109
369000	411	343	4539	5301	71	0	28877	325
370000	401	422	4709	4973	88	0	28335	305
371000	275	306	4759	5228	7	0	28763	6
372000	262	353	4583	5766	13	2	30072	62
373000	395	346	4597	5325	13	0	29616	0
374000	315	539	4211	6213	0	0	30692	6
375000	269	241	4724	5505	38	20	29433	115
376000	379	388	4743	5058	14	14	29612	112
377000	263	296	4775	5245	54	0	28923	29
378000	352	324	4665	5436	41	0	28565	25
379000	237	502	4461	5807	76	0	30234	231
380000	367	326	4571	5376	209	1	29606	575
381000	290	418	4356	5833	122	3	28838	510
382000	353	311	4785	5185	13	0	29985	47
383000	210	374	4667	5774	21	0	29177	47
384000	302	313	4075	6706	0	0	30960	1
385000	236	464	3946	6782	20	0	32609	76
386000	291	403	4123	6673	50	0	30319	100
387000	313	407	3959	6686	110	4	31251	292
388000	229	467	3725	7085	234	37	32078	535
389000	317	486	3780	6969	22	126	30661	458
390000	286	639	3128	7960	3	122	33225	270
391000	284	747	3409	7571	0	0	31761	13
392000	254	650	2956	8472	74	9	33212	251
393000	261	558	3049	8320	0	87	33158	331
394000	214	443	3025	8495	0	104	32475	209
395000	172	680	2980	8392	0	55	32836	249
396000	294	491	3448	7540	0	90	31263	310
397000	258	425	3724	7105	28	174	32364	655
398000	206	498	3638	7067	0	310	31483	1093
399000	287	425	3901	6712	31	190	31286	560
400000	299	445	3947	6588	73	176	30062	624
401000	157	384	4186	6490	45	169	30197	599
402000	286	345	4417	5778	12	263	28534	959
403000	295	396	4272	6017	105	147	29931	1204
404000	267	502	3504	7497	82	41	32018	243
405000	266	585	3184	8034	54	31	33255	223
406000	191	486	3671	7271	223	2	32544	643
407000	220	473	3915	6686	271	4	30051	1042
408000	344	259	4212	5819	415	94	30241	1653
409000	352	334	4591	5154	282	139	27895	1320
410000	259	252	5131	4077	450	156	27224	1914
411000	441	328	5295	3368	281	168	23701	1240
412000	419	198	5515	3452	65	31	25109	282
413000	359	288	5635	3106	61	19	25887	393
414000	502	285	5438	3293	17	0	25006	62
415000	392	227	5289	3781	102	0	24924	341
416000	369	163	5086	3956	334	0	26766	1009
417000	373	287	5047	4338	202	5	27753	560
418000	375	248	5059	3863	522	196	25789	1999
419000	310	254	5052	3911	271	460	26774	2113
420000	369	350	4758	4158	528	558	25427	3029
421000	390	227	4738	4495	502	245	27280	2336
422000	286	194	5253	4121	134	109	28158	697
423000	277	189	5585	3715	26	61	26538	499
424000	334	265	5612	3138	0	99	25272	291
425000	520	201	5079	3610	149	240	25824	896
426000	449	363	4918	4017	195	401	24584	1834
427000	284	436	4503	5295	170	296	29065	1371
428000	223	314	4730	5207	116	235	29403	1044
429000	337	275	5024	4449	165	157	27140	1219
430000	378	230	4661	4719	456	282	28422	1647
431000	400	469	3897	5572	685	508	27930	3633
432000	319	491	3580	5744	621	1016	27682	4784
433000	298	377	3876	5208	733	967	26665	5034
434000	298	434	3435	5813	858	1119	26910	5307
435000	284	457	3357	5463	939	1479	27518	6638
436000	309	325	3566	5089	1195	1385	25612	6828
437000	339	329	3523	4906	1441	1271	25110	7179
438000	237	374	3841	4897	1427	942	24660	7061
439000	368	303	3797	5429	1190	588	27012	5343
440000	242	337	3385	5768	1775	507	25772	6025
441000	369	331	3814	4980	1533	485	26233	5893
442000	325	286	4035	4895	1660	281	27366	5447
443000	518	250	3932	4607	1811	217	24746	7072
444000	418	224	4226	4357	1833	160	24919	5391
445000	366	281	4066	4692	1856	182	25201	6418
446000	378	262	4092	4488	1841	159	25078	5441
447000	404	314	4147	4612	1539	172	24815	4673
448000	502	281	4086	4024	2311	82	23473	7153
449000	461	232	4746	2944	1818	358	22407	6644
450000	450	152	4955	2537	1896	470	20447	8076
451000	492	364	4429	2751	2560	300	21053	7946
452000	730	262	4007	3084	2524	414	21147	8200
453000	438	270	4370	3238	2298	409	22038	7230
454000	548	128	4747	2232	2613	261	18800	9105
455000	463	133	4909	1885	2928	275	19330	9052
456000	466	169	4798	1656	3119	318	18509	10242
457000	446	176	4543	1658	3198	793	17416	11776
458000	596	94	4638	1238	3213	650	17490	10708
459000	417	240	4101	1646	4285	569	16315	13445
460000	741	149	3906	1457	4043	872	15478	14030
461000	548	175	3910	1713	4353	635	15754	14856
462000	500	134	3802	1994	4102	799	17222	14661
463000	562	197	4025	1933	4044	521	16778	13313
464000	538	161	4252	1509	3964	619	17594	12610
465000	559	109	4317	1846	3784	437	18085	13104
466000	583	120	4549	2211	3033	213	19403	9403
467000	416	148	5210	1872	2469	108	20122	7076
468000	620	145	4614	2302	2662	301	19893	8034
469000	630	204	4140	2295	3596	229	19621	10383
470000	564	189	4026	2487	3277	540	18852	10561
471000	318	158	5017	2225	2174	551	21482	8985
472000	437	134	5325	1512	2363	339	19781	7861
473000	509	152	4670	2231	2848	163	19119	8949
474000	472	214	5208	2408	1456	218	22535	5094
475000	488	214	5022	2643	1480	385	22115	5212
476000	367	188	5102	2788	810	876	23351	4396
477000	364	292	5410	2413	624	654	22629	3921
478000	467	175	5116	2968	624	668	23944	4073
479000	345	225	5083	3490	404	774	24502	3139
480000	366	394	4999	3709	140	806	24169	2880
481000	300	299	4486	4558	148	1293	25470	4320
482000	384	286	4462	4414	150	1302	25497	4630
483000	335	524	3961	4826	583	1156	26493	5262
484000	318	316	4251	5237	372	597	27680	2890
485000	293	414	4004	5894	381	681	26934	2860
486000	257	540	3647	6483	212	538	30349	2189
487000	286	352	4102	6022	209	430	29074	1915
488000	436	302	4861	3867	294	644	27118	2544
489000	334	391	4743	4366	374	634	26732	2656
490000	398	339	4813	4061	211	699	24869	2590
491000	464	275	5265	3580	343	41	25472	1232
492000	391	401	5068	3991	276	130	26977	1131
493000	394	190	4832	4281	501	198	27412	2297
494000	238	289	4271	5575	601	272	28098	2643
495000	318	389	4281	5203	535	314	27890	2368
496000	344	305	4411	5419	432	135	27716	1648
497000	206	274	5134	4218	392	136	26055	1389
498000	300	298	5018	4332	385	21	28866	1238
499000	385	272	4756	4269	824	0	26578	2071
500000	245	375	4621	4854	818	6	26992	2102
501000	400	280	4965	4160	633	7	28254	1812
502000	338	246	5224	3697	610	45	25717	2053
503000	232	336	5261	3783	528	0	25482	1218
504000	308	206	5261	3772	635	3	25217	2135
505000	388	282	4947	4305	561	6	26546	1597
506000	348	310	4512	5151	646	7	27350	2107
507000	234	302	4568	5295	180	348	28948	1593
508000	270	260	4636	5452	130	338	29047	1284
509000	242	382	4811	4783	133	471	26299	1658
510000	347	470	4633	4580	287	471	26195	2298
511000	447	308	4761	4290	420	301	26133	2187
512000	487	216	4952	4032	316	154	26632	1644
513000	456	275	4926	4165	336	273	26598	1957
514000	193	474	4520	4953	601	318	27078	2544
515000	434	481	4389	4565	536	458	26734	2714
516000	301	296	4579	4710	663	224	28078	2142
517000	302	282	4763	4641	462	357	26443	2915
518000	293	356	5075	3929	335	379	25606	1963
519000	452	316	4742	4246	506	367	25566	2476
520000	373	157	5287	2622	1012	520	24343	3376
521000	316	175	5239	2279	1499	717	22868	5660
522000	546	244	5053	1851	1996	232	19757	6086
523000	460	129	5625	1377	1824	158	19555	5770
524000	601	173	5095	2250	1775	236	20381	5633
525000	442	112	5419	1750	1816	173	21029	5792
526000	498	158	5425	1212	2151	47	19912	6607
527000	495	86	4994	1156	3220	148	17269	9112
528000	543	91	5049	772	3282	367	16657	11743
529000	585	115	4332	646	4596	662	14943	14977
530000	527	66	4406	768	4223	902	14337	15530
531000	651	136	3966	617	4842	1024	13594	15986
532000	593	137	4025	667	4688	1058	13937	17304
533000	461	70	4070	959	4641	999	14355	16187
534000	525	97	3850	815	5359	783	13536	17472
535000	692	113	4265	911	4392	519	14857	14082
536000	573	64	4372	990	3923	765	15840	13984
537000	539	84	4345	1050	3814	992	15734	13132
538000	694	97	4571	555	3616	927	15694	12783
539000	402	112	4917	611	3737	726	15935	13378
540000	511	78	4545	528	4501	655	14420	14432
541000	570	40	4176	533	4725	920	13519	17302
542000	561	31	4550	390	4612	593	14581	16043
543000	706	105	4439	566	4184	798	14304	14276
544000	550	142	4143	537	4668	1019	14581	16355
545000	638	108	3863	396	5406	897	13219	17729
546000	596	76	4496	588	4133	639	16035	14982
547000	556	90	4872	305	3674	701	15720	12961
548000	604	45	4779	167	4008	751	13895	13824
549000	500	82	4225	254	5641	425	13293	17057
550000	770	55	3922	527	5630	257	12174	16492
551000	752	50	3947	699	5262	244	13940	17162
552000	555	123	4221	1049	4764	174	15155	13723
553000	615	91	4097	1307	4622	360	15533	14166
554000	486	66	4288	1181	4697	399	15914	14166
555000	554	126	3912	1482	4590	636	15450	15788
556000	452	105	4347	1584	3985	599	16550	12835
557000	376	133	4053	1492	4507	866	15918	15254
558000	565	167	4079	1472	4237	659	15619	13864
559000	361	141	3745	1754	4765	852	16087	15736
560000	575	158	3897	1778	3835	992	15747	14731
561000	500	114	4249	1528	4008	476	16526	12956
562000	510	180	4196	1116	4215	863	15951	14030
563000	478	168	3876	1306	4556	1058	14606	16536
564000	426	247	3451	1476	4956	1310	14144	18461
565000	526	217	3645	1602	4555	970	15621	15812
566000	453	156	3809	1642	4637	892	17049	15203
567000	536	120	3584	1618	4614	1298	14568	16646
568000	451	159	3728	918	4962	1315	13435	16981
569000	447	152	4187	903	4431	1042	14319	16893
570000	521	80	4040	1016	5000	725	14405	16432
571000	570	43	4375	563	4915	496	15029	16046
572000	651	128	4383	495	4117	788	14053	14645
573000	577	66	4345	351	4749	644	14707	16222
574000	667	78	3914	298	5305	906	12555	19280
575000	558	124	4083	357	4851	1107	13238	16430
576000	532	142	3688	924	5134	1191	12636	19091
577000	539	57	3977	505	5069	1272	13421	18332
578000	656	117	3963	551	4363	1556	12920	17762
579000	529	85	4252	505	4387	1223	15594	16818
580000	618	110	3827	883	4500	1428	13966	17045
581000	502	132	3711	860	5415	1080	13551	18609
582000	499	175	4373	751	4216	905	14650	14635
583000	540	96	4021	378	4775	1360	12561	18247
584000	609	162	3621	634	5346	1130	12165	18045
585000	431	98	3317	657	6222	1171	12199	20248
586000	579	70	3367	502	6441	846	10512	21413
587000	547	100	3473	284	6623	800	10709	21266
588000	695	62	3104	746	6544	685	10682	21650
589000	570	124	3079	731	6719	808	11170	20810
590000	597	152	2720	1075	6632	1043	10404	21865
591000	548	172	2948	1528	6125	822	12627	21736
592000	543	127	3639	897	5136	1273	13533	18457
593000	595	138	3749	1124	4750	1068	13787	16914
594000	594	136	3248	1207	5593	1164	12513	19487
595000	728	156	3191	1403	5431	857	12631	17646
596000	550	60	4212	808	4678	641	14295	14986
597000	532	69	3910	1298	4806	760	16027	15483
598000	544	193	4163	1183	3995	850	15726	14285
599000	572	282	4162	1341	3544	1139	15677	13642
600000	256	135	4397	1029	3863	1477	15453	14640
601000	547	205	3948	1207	3967	1337	14940	15003
602000	498	140	4734	1010	3118	985	16101	12025
603000	414	203	4226	855	3637	1621	14721	16071
604000	647	196	3857	307	4635	1573	12197	18127
605000	805	263	4024	605	4150	1276	13384	16369
606000	530	157	3906	766	4245	1747	13121	16039
607000	451	60	4178	446	4474	1421	13761	16354
608000	481	37	4146	779	4634	1065	14051	17407
609000	388	124	3870	1027	4778	1373	14503	17467
610000	636	177	3445	1365	4524	1412	14048	15899
611000	617	202	3466	1412	4356	1587	14363	17228
612000	568	149	3714	2173	3800	1133	17649	14955
613000	444	154	4010	1786	3560	1316	17169	13981
614000	355	206	3881	2106	3791	1216	16721	16049
615000	494	203	3661	2811	3632	884	19704	12764
616000	494	201	3532	2717	3775	1111	17659	14389
617000	541	231	4168	1750	3607	772	17165	12007
618000	624	208	3910	1534	3961	1023	16426	14578
619000	726	169	3979	1858	3346	906	17358	13255
620000	372	147	4532	1949	2920	937	18103	12261
621000	560	265	4195	1996	2701	1420	18908	11994
622000	545	157	4179	1333	3662	1156	16689	13838
623000	530	103	4899	812	3188	823	15379	12788
624000	542	86	4758	862	3912	330	16811	10979
625000	555	121	4585	710	4215	346	16172	12664
626000	508	168	3915	1378	4691	594	15161	14883
627000	544	90	4174	1610	4028	628	16275	13708
628000	555	196	4505	1505	3696	264	15968	12002
629000	499	79	4665	1161	3810	423	17570	12106
630000	604	38	4689	373	4159	425	14880	12599
631000	603	32	4263	400	5041	561	15094	15888
632000	617	48	4258	379	5153	304	13922	17174
633000	449	55	4374	225	5422	355	13634	17294
634000	639	35	3980	98	5987	471	13062	18475
635000	610	26	3918	305	6017	334	12404	18914
636000	551	10	4146	421	5858	160	13564	17898
637000	528	13	4434	525	5087	145	14119	16473
638000	623	52	4530	388	4955	100	14173	15122
639000	471	43	4392	420	5280	171	14323	15960
640000	690	16	4299	156	5431	142	13352	16336
641000	542	25	4968	203	4366	50	14865	12937
642000	786	0	4415	51	5078	65	12774	14801
643000	662	14	4060	0	6281	122	11265	18082
644000	539	0	4255	0	6184	0	12906	19136
645000	766	0	4141	0	6033	0	11856	16535
646000	757	0	3936	0	6389	0	11423	19194
647000	605	0	4568	0	5484	0	13018	16484
648000	687	0	4463	0	5359	0	12836	15957
649000	584	0	4242	0	6006	0	12906	17775
650000	677	0	4398	0	5679	0	12088	16928
651000	511	0	4984	0	4620	0	14138	12461
652000	522	0	5070	0	4482	0	14607	14060
653000	693	0	4554	0	5251	0	13134	14531
654000	567	0	4598	0	5341	0	13537	15717
655000	488	0	4487	0	5910	0	11965	17775
656000	745	0	4301	0	5772	0	12260	16757
657000	704	0	4571	0	5262	0	12767	16285
658000	619	0	4443	0	5634	0	12650	16020
659000	600	0	4759	0	4900	0	13519	14797
660000	633	0	4413	0	5612	0	12109	16445
661000	760	0	4325	0	5647	0	12311	16599
662000	674	0	4609	0	5284	0	13804	16259
663000	741	0	4572	0	5108	0	13540	14970
664000	587	0	4761	0	4872	0	13725	14500
665000	699	0	4936	0	4374	0	14302	12685
666000	705	0	4805	0	4716	0	14178	14183
667000	565	0	4811	0	4738	0	15241	12554
668000	525	0	5354	0	3764	0	14464	11003
669000	654	0	4834	0	4858	0	13635	13177
670000	614	0	4753	0	4904	0	13815	14777
671000	564	0	4840	0	5012	0	14217	14319
672000	658	0	4830	0	4694	0	14206	13968
673000	546	0	4762	0	5002	0	15099	14222
674000	580	0	5054	0	4370	0	15977	12730
675000	571	0	5307	0	3903	0	15889	11650
676000	578	0	5136	0	3979	0	15843	11727
677000	682	0	5174	0	3945	0	15374	11520
678000	622	0	5046	0	4167	0	14176	12448
679000	605	0	4607	0	5428	0	13689	16068
680000	604	0	4410	0	5718	0	12992	16913
681000	574	0	4801	0	4976	0	14171	14992
682000	604	0	4492	0	5538	0	13521	14200
683000	541	0	4899	0	4911	0	14062	14392
684000	671	0	4640	0	5145	0	13283	15016
685000	613	0	4485	0	5737	0	13582	16315
686000	663	0	4359	0	5863	0	12456	17256
687000	614	0	4433	0	5762	0	12443	16023
688000	718	0	4163	0	5807	0	12044	17095
689000	822	0	3861	0	6421	0	11619	18980
690000	715	0	3683	0	6820	0	10343	19065
691000	820	0	3581	0	6973	0	10137	20475
692000	690	0	3813	0	6688	0	10803	19169
693000	685	0	4288	0	5852	0	12595	17183
694000	656	0	4633	0	5289	0	14380	14343
695000	638	0	4618	0	5113	0	13036	14622
696000	642	0	4147	0	6288	0	11518	18246
697000	651	0	4151	0	6218	0	12498	17867
698000	628	0	4116	0	6255	0	11814	18538
699000	825	0	3920	0	6433	0	11534	18742
700000	769	0	4464	0	5421	0	12516	15374
701000	554	0	4753	0	5110	0	13408	14904
702000	655	0	4646	0	5248	0	13581	15197
703000	780	0	4699	0	4875	0	13708	14868
704000	700	0	4638	0	5245	0	13381	14181
705000	737	0	4154	0	6005	0	12611	16907
706000	586	0	4733	0	5040	0	13582	14602
707000	587	0	4299	0	5832	0	12558	16686
708000	516	0	4665	0	5349	0	13360	16334
709000	668	0	4465	0	5350	0	14211	15931
710000	668	0	4263	0	5877	0	11914	17240
711000	676	0	4023	0	6348	0	11785	18689
712000	602	0	4047	0	6493	0	12648	17313
713000	698	0	4025	0	6294	0	11385	18247
714000	586	0	3817	0	6929	0	11072	19829
715000	754	0	3935	0	6437	0	11327	18784
716000	744	0	3795	0	6754	0	10954	18807
717000	619	0	3687	0	7095	0	11388	20039
718000	642	0	3564	0	7192	0	9967	21512
719000	662	0	3330	0	7712	0	9313	23066
720000	655	0	3203	0	7842	0	9874	22669
721000	745	0	2676	0	8748	0	8068	24953
722000	733	0	2662	0	8725	0	7347	24767
723000	698	0	2893	0	8466	0	8454	25693
724000	680	0	2932	0	8429	0	8017	24816
725000	775	0	3432	0	7373	0	9888	20899
726000	783	0	3321	0	7526	0	9170	23537
727000	716	0	3477	0	7406	0	9551	21525
728000	742	0	3379	0	7610	0	9550	22447
729000	675	0	2914	0	8501	0	7572	23366
730000	757	0	2742	0	8596	0	7189	26610
731000	741	0	2872	0	8385	0	8367	23973
732000	634	0	3036	0	8259	0	8784	25635
733000	717	0	3317	0	7598	0	9371	23113
734000	670	0	3410	0	7384	0	9644	22969
735000	603	0	3888	0	6726	0	11260	19836
736000	568	0	3799	0	7061	0	11618	18896
737000	612	0	3939	0	6695	0	12055	18363
738000	504	0	4346	0	6117	0	12155	18673
739000	707	0	4589	0	5286	0	12731	15694
740000	539	0	4798	0	5022	0	13881	14689
741000	649	0	4902	0	4666	0	14622	12927
742000	760	0	5016	0	3976	0	14812	12429
743000	688	0	4455	0	5290	0	13592	15065
744000	603	0	4455	0	5683	0	13227	17201
745000	727	0	4678	0	4899	0	14257	14083
746000	413	0	5061	0	4676	0	14644	13530
747000	597	0	4896	0	4610	0	14371	14500
748000	709	0	4964	0	4238	0	14218	13065
749000	477	0	5079	0	4507	0	14855	12767
750000	1012	0	4874	0	3902	0	14374	10792
751000	683	0	5400	0	3401	0	15364	10675
752000	432	0	5725	0	3014	0	16261	9601
753000	526	0	5524	0	3353	0	15939	9205
754000	540	0	5048	0	4560	0	15501	12891
755000	555	0	5417	0	3475	0	15472	11473
756000	675	0	4817	0	4649	0	14660	13645
757000	607	0	4938	0	4567	0	14276	14285
758000	594	0	5167	0	4179	0	15819	12077
759000	557	0	5248	0	4058	0	14922	11270
760000	524	0	5154	0	4168	0	15433	12026
761000	697	0	4993	0	4247	0	14527	11716
762000	717	0	5293	0	3476	0	14944	10277
763000	645	0	5308	0	3640	0	15379	10008
764000	628	0	5250	0	3662	0	14344	11076
765000	746	0	5455	0	2903	0	16329	8284
766000	711	0	5499	0	2853	0	15596	8115
767000	738	0	5314	0	3362	0	15127	9750
768000	671	0	5004	0	4152	0	14717	11697
769000	477	0	5432	0	3563	0	16024	11585
770000	389	0	5711	0	3078	0	15346	10189
771000	895	0	5077	0	3423	0	14647	9966
772000	667	0	5144	0	3892	0	15935	11963
773000	637	0	5364	0	3360	0	15382	9346
774000	512	0	5694	0	2808	0	16855	8753
775000	672	0	5388	0	3520	0	14663	9229
776000	685	0	5337	0	3425	0	15433	10888
777000	650	0	5517	0	3033	0	14941	9151
778000	738	0	5464	0	3148	0	16305	8947
779000	601	0	5634	0	2797	0	16294	8658
780000	668	0	5563	0	2692	0	16094	8011
781000	540	0	5639	0	2150	0	16301	6418
782000	548	0	5683	0	2436	0	16455	6003
783000	577	0	5835	0	1852	0	16734	4916
784000	687	0	5765	0	2071	0	16806	5854
785000	707	0	5774	0	1239	0	16690	3795
786000	516	0	6051	0	1211	0	16727	3170
787000	597	0	6013	0	674	0	17653	1941
788000	558	0	5950	0	620	0	17832	1381
789000	629	0	5941	0	451	0	17018	1252
790000	556	0	5786	0	177	0	17119	641
791000	773	0	5784	0	94	0	16475	218
792000	697	0	5621	0	486	0	17587	720
793000	694	0	5706	0	227	0	15286	513
794000	646	0	5884	0	613	0	17973	1325
795000	716	0	5708	0	1368	0	15995	4117
796000	523	0	5932	0	605	0	17091	2421
797000	717	0	5799	0	392	0	16736	1184
798000	767	0	5701	0	369	0	17435	916
799000	571	0	5951	0	880	0	17133	2446
800000	663	0	5836	0	983	0	17032	2311
801000	742	0	5795	0	1107	0	16829	3129
802000	431	0	6013	0	1213	0	18200	3371
803000	444	0	6097	0	634	0	16597	1845
804000	778	0	5567	0	240	0	16468	832
805000	603	0	5876	0	153	0	16238	511
806000	501	0	5897	0	54	0	15900	102
807000	701	0	5592	0	18	0	15554	125
808000	590	0	5923	0	60	0	17543	193
809000	580	0	5743	0	0	0	17083	1
810000	810	0	5554	0	0	0	15503	0
811000	454	0	6017	0	0	0	17217	0
812000	476	0	5928	0	0	0	16976	0
813000	604	0	5933	0	0	0	16464	0
814000	665	0	5609	0	0	0	16523	0
815000	569	0	5796	0	0	0	16670	0
816000	648	0	5567	0	0	0	16992	0
817000	557	0	5789	0	0	0	17060	0
818000	617	0	5813	0	0	0	17138	0
819000	767	0	5762	0	0	0	16568	0
820000	817	0	5610	0	0	0	16727	0
821000	678	0	5596	0	0	0	16891	0
822000	652	0	5520	0	0	0	15814	0
823000	477	0	5911	0	0	0	17098	0
824000	691	0	5654	0	0	0	16863	0
825000	383	0	5769	0	0	0	17515	0
826000	836	0	5521	0	0	0	16352	0
827000	667	0	5722	0	0	0	17022	0
828000	563	0	5878	0	0	0	16841	0
829000	430	0	5842	0	0	0	16452	0
830000	399	0	5871	0	0	0	16998	0
831000	537	0	5864	0	0	0	16123	0
832000	670	0	5623	0	0	0	15997	0
833000	510	0	5976	0	0	0	17809	0
834000	761	0	5571	0	0	0	16283	0
835000	700	0	5571	0	0	0	17045	0
836000	578	0	5841	0	0	0	16925	0
837000	506	0	5800	0	0	0	16694	0
838000	533	0	5627	0	0	0	17265	0
839000	892	0	5572	0	0	0	17718	0
840000	473	0	5935	0	0	0	17550	0
841000	526	0	5829	0	0	0	16076	0
842000	629	0	5694	0	0	0	16298	0
843000	724	0	5777	0	0	0	16002	0
844000	489	0	5774	0	0	0	16972	0
845000	691	0	5618	0	0	0	16620	0
846000	538	0	5825	0	0	0	16799	0
847000	624	0	5591	0	0	0	16493	0
848000	605	0	5708	0	0	0	16369	0
849000	671	0	5597	0	0	0	15938	0
850000	628	0	5652	0	0	0	17387	0
851000	640	0	5731	0	0	0	16696	0
852000	841	0	5483	0	0	0	16213	0
853000	762	0	5531	0	0	0	16919	0
854000	390	0	5720	0	0	0	17444	0
855000	505	0	5790	0	0	0	16999	0
856000	524	0	5900	0	0	0	17370	0
857000	529	0	5787	0	0	0	16836	0
858000	675	0	5504	0	0	0	16934	0
859000	493	0	5965	0	0	0	17692	0
860000	664	0	5877	0	0	0	16732	0
861000	1016	0	5344	0	0	0	16590	0
862000	637	0	5761	0	0	0	15416	0
863000	929	0	5426	0	0	0	16053	0
864000	701	0	5677	0	0	0	17167	0
865000	853	0	5453	0	0	0	15887	0
866000	485	0	5883	0	0	0	16781	0
867000	733	0	5671	0	0	0	16385	0
868000	834	0	5341	0	0	0	16296	0
869000	747	0	5573	0	0	0	16776	0
870000	707	0	5643	0	0	0	16256	0
871000	429	0	5948	0	0	0	16225	0
872000	532	0	5892	0	0	0	15686	0
873000	411	0	5954	0	0	0	16448	0
874000	675	0	5875	0	0	0	16437	0
875000	626	0	5867	0	0	0	16138	0
876000	741	0	5693	0	0	0	15514	0
877000	821	0	5512	0	0	0	15724	0
878000	768	0	5505	0	0	0	15495	0
879000	547	0	5863	0	0	0	16632	0
880000	718	0	5834	0	0	0	16837	0
881000	529	0	5859	0	0	0	16710	0
882000	400	0	6011	0	0	0	17107	0
883000	461	0	5892	0	0	0	18169	0
884000	727	0	5688	0	0	0	17337	0
885000	619	0	5792	0	0	0	16197	0
886000	542	0	5711	0	0	0	17143	0
887000	485	0	5878	0	0	0	16340	0
888000	842	0	5439	0	0	0	16075	0
889000	323	0	6109	0	0	0	16980	0
890000	681	0	5661	0	0	0	16151	0
891000	458	0	5939	0	0	0	17806	0
892000	612	0	5784	0	0	0	16792	0
893000	723	0	5687	0	0	0	17489	0
894000	682	0	5767	0	0	0	15614	0
895000	825	0	5352	0	0	0	16456	0
896000	684	0	5604	0	0	0	15868	0
897000	344	0	5956	0	0	0	18222	0
898000	471	0	5965	0	0	0	16762	0
899000	451	0	5992	0	0	0	17254	0
900000	648	0	5797	0	0	0	16853	0
901000	412	0	5989	0	0	0	16828	0
902000	670	0	5779	0	0	0	16626	0
903000	648	0	5733	0	0	0	16326	0
904000	455	0	6062	0	0	0	17063	0
905000	619	0	5630	0	0	0	16563	0
906000	509	0	5745	0	0	0	16527	0
907000	534	0	5680	0	0	0	16382	0
908000	569	0	5777	0	0	0	16818	0
909000	785	0	5572	0	0	0	15224	0
910000	785	0	5440	0	0	0	16754	0
911000	677	0	5522	0	0	0	16136	0
912000	646	0	5771	0	0	0	16862	0
913000	984	0	5497	0	0	0	15799	0
914000	421	0	5974	0	0	0	17536	0
915000	436	0	5962	0	0	0	16823	0
916000	684	0	5622	0	0	0	16400	0
917000	520	0	5842	0	0	0	16734	0
918000	984	0	5248	0	0	0	16877	0
919000	630	0	5636	0	0	0	16144	0
920000	448	0	5986	0	0	0	16848	0
921000	432	0	6014	0	0	0	17590	0
922000	491	0	5721	0	0	0	17189	0
923000	561	0	5601	0	0	0	17598	0
924000	562	0	5684	0	0	0	16940	0
925000	625	0	5690	0	0	0	16499	0
926000	534	0	5729	0	0	0	16869	0
927000	581	0	5702	0	0	0	16392	0
928000	560	0	5600	0	0	0	16713	0
929000	769	0	5615	0	0	0	16052	0
930000	634	0	5665	0	0	0	16552	0
931000	502	0	5881	0	0	0	16555	0
932000	473	0	5997	0	0	0	16887	0
933000	511	0	5725	0	0	0	17053	0
934000	553	0	5752	0	0	0	17388	0
935000	744	0	5705	0	0	0	15939	0
936000	513	0	5840	0	0	0	17332	0
937000	557	0	5859	0	0	0	16262	0
938000	628	0	5777	0	0	0	16107	0
939000	779	0	5470	0	0	0	17021	0
940000	488	0	5907	0	0	0	16051	0
941000	601	0	5685	0	0	0	16498	0
942000	794	0	5736	0	0	0	16172	0
943000	388	0	5846	0	0	0	17831	0
944000	571	0	5689	0	0	0	17118	0
945000	683	0	5666	0	0	0	15997	0
946000	790	0	5347	0	0	0	16494	0
947000	637	0	5748	0	0	0	17299	0
948000	508	0	5865	0	0	0	16177	0
949000	524	0	5755	0	0	0	16092	0
950000	412	0	5745	0	0	0	17693	0
951000	622	0	5771	0	0	0	16721	0
952000	518	0	5804	0	0	0	17199	0
953000	712	0	5612	0	0	0	16814	0
954000	427	0	5846	0	0	0	16839	0
955000	645	0	5745	0	0	0	16275	0
956000	556	0	5853	0	0	0	17199	0
957000	460	0	5958	0	0	0	16889	0
958000	713	0	5682	0	0	0	17316	0
959000	933	0	5275	0	0	0	15476	0
960000	739	0	5673	0	0	0	15752	0
961000	548	0	5826	0	0	0	16052	0
962000	566	0	5623	0	0	0	16998	0
963000	723	0	5552	0	0	0	17325	0
964000	743	0	5628	0	0	0	16593	0
965000	457	0	5928	0	0	0	17027	0
966000	631	0	5648	0	0	0	17453	0
967000	692	0	5749	0	0	0	16609	0
968000	438	0	5933	0	0	0	16857	0
969000	643	0	5664	0	0	0	16827	0
970000	542	0	5847	0	0	0	17000	0
971000	565	0	5663	0	0	0	16111	0
972000	777	0	5758	0	0	0	15608	0
973000	646	0	5787	0	0	0	16693	0
974000	626	0	5699	0	0	0	16034	0
975000	632	0	5619	0	0	0	16764	0
976000	588	0	5828	0	0	0	17281	0
977000	437	0	5893	0	0	0	16468	0
978000	746	0	5853	0	0	0	14889	0
979000	371	0	6010	0	0	0	17055	0
980000	613	0	5762	0	0	0	15989	0
981000	431	0	5952	0	0	0	17066	0
982000	628	0	5625	0	0	0	17602	0
983000	746	0	5636	0	0	0	16478	0
984000	435	0	5949	0	0	0	17603	0
985000	666	0	5524	0	0	0	16577	0
986000	353	0	5897	0	0	0	17290	0
987000	635	0	5654	0	0	0	17733	0
988000	571	0	5832	0	0	0	17142	0
989000	490	0	5901	0	0	0	17647	0
990000	583	0	5713	0	0	0	17862	0
991000	874	0	5399	0	0	0	16650	0
992000	708	0	5440	0	0	0	15912	0
993000	602	0	5744	0	0	0	16198	0
994000	411	0	5936	0	0	0	17555	0
995000	428	0	5825	0	0	0	17513	0
996000	538	0	5742	0	0	0	16088	0
997000	934	0	5509	0	0	0	15943	0
998000	531	0	5827	0	0	0	16203	0
999000	360	0	5826	0	0	0	17127	0
