0	0	0	0	14400	0	0	0	0
1000	11	306	255	13408	98	19	38028	329
2000	13	332	345	13172	101	70	36551	445
3000	9	316	361	13197	69	78	37487	484
4000	10	308	242	13402	51	65	36812	339
5000	7	312	303	13291	62	75	38318	410
6000	9	356	352	13251	36	41	37832	276
7000	7	318	332	13284	49	75	38153	390
8000	15	348	449	13076	54	58	36578	515
9000	13	333	401	13186	31	64	37904	229
10000	4	277	378	13273	28	61	39294	383
11000	10	347	380	13228	6	39	37115	84
12000	4	307	383	13301	0	12	37744	55
13000	5	294	372	13306	94	1	37015	228
14000	8	350	443	13113	55	12	36422	178
15000	5	336	403	13228	40	5	37580	111
16000	8	319	341	13280	74	14	38518	314
17000	8	370	278	13409	33	1	37970	120
18000	10	318	316	13412	18	1	37282	80
19000	8	314	386	13281	25	0	37255	88
20000	10	291	375	13321	13	12	38109	148
21000	9	288	337	13414	0	15	37626	50
22000	3	316	399	13279	0	33	38243	28
23000	12	367	314	13259	101	0	37724	363
24000	11	273	407	13204	85	25	38008	251
25000	11	329	309	13322	46	62	36980	254
26000	9	361	370	13178	1	128	37217	354
27000	10	292	375	13232	0	110	38437	339
28000	7	301	404	13221	0	84	37325	270
29000	5	317	354	13317	12	53	37173	122
30000	11	373	385	13218	9	26	38757	96
31000	9	330	398	13265	10	58	38219	164
32000	8	341	437	13135	1	70	38451	222
33000	1	311	382	13288	0	40	39753	87
34000	7	317	280	13420	0	32	37698	171
35000	9	304	338	13414	0	4	37615	19
36000	17	284	395	13328	0	2	38013	3
37000	8	299	329	13368	0	19	39100	47
38000	13	339	391	13266	0	1	38730	3
39000	6	353	351	13222	115	0	37064	310
40000	15	307	305	13327	124	21	37466	413
41000	8	320	379	13209	111	22	37672	348
42000	7	329	357	13272	63	32	38338	202
43000	15	308	290	13388	24	26	37359	127
44000	8	342	430	13218	0	18	39748	32
45000	6	348	328	13411	0	2	37774	1
46000	10	308	345	13374	1	11	38368	44
47000	10	320	366	13218	111	1	37605	224
48000	5	330	395	13215	86	9	36176	217
49000	12	317	337	13349	48	1	39580	129
50000	18	354	381	13194	55	41	37975	242
51000	10	342	288	13359	27	48	38100	234
52000	13	367	348	13250	20	50	37111	186
53000	20	303	340	13368	23	12	38351	148
54000	10	378	323	13330	24	3	37971	22
55000	10	293	431	13267	12	11	37576	54
56000	7	319	400	13254	16	3	38064	9
57000	13	324	463	13131	27	0	37344	82
58000	5	330	511	13113	37	1	38017	67
59000	9	353	408	13237	16	15	37246	44
60000	1	306	352	13351	11	1	38918	21
61000	3	358	363	13310	4	2	37953	4
62000	12	353	323	13371	0	0	39092	1
63000	7	270	334	13317	81	45	37137	347
64000	11	333	309	13242	37	114	37590	457
65000	18	337	363	13132	24	148	37895	500
66000	10	394	326	13227	32	94	36584	367
67000	13	329	364	13236	27	77	37643	230
68000	16	251	362	13345	2	66	37555	122
69000	6	340	425	13077	27	71	36935	309
70000	11	331	336	13240	44	86	37641	405
71000	9	373	347	13162	39	94	37806	305
72000	12	340	308	13305	41	60	38348	247
73000	5	307	334	13336	15	69	38173	467
74000	15	343	300	13306	0	75	37486	92
75000	5	371	288	13328	0	59	37030	123
76000	9	316	353	13312	0	18	38088	44
77000	9	329	328	13404	0	5	38154	32
78000	12	345	308	13325	0	43	38011	154
79000	6	315	308	13411	3	21	38751	10
80000	15	289	342	13338	0	50	37945	151
81000	7	369	344	13189	0	103	38028	384
82000	5	330	317	13389	2	34	37476	108
83000	7	339	394	13238	0	40	38325	93
84000	9	348	376	13242	14	34	39346	54
85000	9	282	421	13257	22	26	39370	230
86000	5	328	413	13272	0	0	38506	10
87000	15	333	422	13090	106	32	38449	347
88000	20	348	463	13033	57	57	37957	259
89000	17	347	485	13041	43	65	37857	375
90000	6	315	340	13263	36	65	37126	253
91000	5	351	215	13385	49	98	37880	309
92000	14	275	313	13287	28	151	38256	666
93000	12	292	355	13253	35	111	39325	425
94000	6	344	346	13197	33	90	36709	563
95000	17	330	415	13120	19	120	37518	451
96000	10	340	296	13179	62	165	38127	752
97000	9	315	333	13153	38	178	37914	681
98000	20	334	450	12979	45	162	36656	462
99000	7	309	370	13154	58	174	38583	630
100000	10	344	381	12961	31	309	37317	933
101000	17	304	292	13146	92	214	37990	755
102000	7	323	368	13029	84	214	37236	811
103000	20	309	344	12965	85	334	37097	1209
104000	6	366	420	12845	55	310	36405	1295
105000	10	339	294	13047	33	361	37519	1325
106000	1	336	288	12927	25	514	36470	1230
107000	7	327	323	12828	27	561	35196	1548
108000	19	297	301	12930	83	455	36467	1206
109000	23	310	458	12517	176	474	35538	1942
110000	6	358	427	12662	122	430	35289	1581
111000	21	329	362	12748	131	455	37395	1666
112000	7	310	290	12947	109	396	36997	1597
113000	11	330	372	12874	123	339	36409	1283
114000	15	307	318	12833	136	406	37579	1634
115000	8	310	335	12757	131	522	36050	1750
116000	11	320	284	12728	154	577	35530	1914
117000	16	324	295	12742	167	495	36672	1915
118000	19	288	416	12670	160	484	37000	1421
119000	6	311	373	12776	235	346	36433	1685
120000	15	333	401	12641	247	363	36233	1639
121000	12	308	255	12901	200	408	35980	1902
122000	12	329	269	12953	144	379	36627	1442
123000	8	313	429	12676	115	461	36124	1670
124000	3	313	250	12871	125	514	36323	1878
125000	17	333	309	12834	176	377	35711	1471
126000	20	319	383	12693	143	449	36461	1838
127000	5	392	352	12775	76	468	37293	1449
128000	11	305	357	12777	97	474	36115	1532
129000	6	360	381	12775	67	457	36404	1442
130000	15	315	283	12855	65	476	37613	1354
131000	23	314	384	12679	79	511	36525	1470
132000	8	330	348	12717	85	529	35565	1788
133000	8	314	387	12706	95	512	34978	1452
134000	6	360	380	12796	61	430	36800	1024
135000	6	342	351	12951	63	373	36748	1246
136000	19	325	444	12733	80	380	36577	1034
137000	11	317	391	12787	44	471	38165	1150
138000	8	322	381	12847	22	440	38239	1614
139000	11	314	323	12997	7	379	37171	1260
140000	16	305	409	12898	50	303	37876	879
141000	6	349	298	13135	35	260	37726	1010
142000	6	320	318	13157	31	249	36718	713
143000	11	333	311	13208	40	197	38076	626
144000	11	333	354	13126	39	166	37061	442
145000	5	349	309	13196	28	194	36754	724
146000	9	346	325	13090	32	255	36678	769
147000	11	332	307	13088	32	290	38130	709
148000	11	311	332	13041	78	281	36001	837
149000	9	282	440	13018	53	193	38219	872
150000	12	340	487	12936	29	169	36216	461
151000	7	313	428	13122	13	108	38428	375
152000	4	313	400	13103	2	181	37170	468
153000	13	336	330	13188	0	186	35875	504
154000	4	357	401	13100	37	119	37906	433
155000	9	325	365	13188	30	122	38151	508
156000	5	375	327	13197	11	97	37376	255
157000	6	327	321	13254	0	133	36835	297
158000	5	384	359	13112	5	134	38551	449
159000	12	345	424	13088	12	120	37673	387
160000	10	294	449	13163	6	105	37483	335
161000	19	351	453	12997	8	160	36430	644
162000	9	333	353	13216	11	125	38055	331
163000	14	326	360	13187	23	101	37951	258
164000	17	268	412	13221	26	58	37076	263
165000	14	347	369	13217	7	76	37786	333
166000	14	294	298	13394	13	44	38432	125
167000	9	336	384	13257	29	26	38460	92
168000	4	372	373	13259	16	14	37404	115
169000	11	323	424	13214	17	11	37180	50
170000	6	328	409	13264	4	10	38465	50
171000	8	361	331	13344	0	15	36329	57
172000	8	336	324	13411	0	29	38497	60
173000	16	358	353	13333	0	1	38779	2
174000	20	320	392	13169	90	3	36636	214
175000	4	348	308	13341	56	17	38659	191
176000	6	348	340	13269	32	53	37813	170
177000	12	307	410	13212	27	53	37289	159
178000	9	364	315	13307	2	69	38741	158
179000	12	342	420	13173	0	76	38285	216
180000	10	317	364	13245	8	69	37747	201
181000	10	351	479	13107	1	37	36440	206
182000	7	343	372	13281	4	18	37369	160
183000	14	299	360	13320	0	34	37542	56
184000	5	343	375	13269	0	46	37998	113
185000	6	309	338	13341	0	61	38221	132
186000	12	356	354	13265	19	66	37022	295
187000	8	328	350	13237	27	94	36700	326
188000	19	333	408	13110	42	97	37176	288
189000	11	347	457	13020	38	131	37058	384
190000	6	324	361	13212	33	100	38154	401
191000	10	339	332	13249	16	97	38235	256
192000	9	329	286	13334	0	121	36980	342
193000	13	321	387	13132	20	89	38530	174
194000	4	396	305	13280	0	112	38175	331
195000	13	339	410	13093	62	66	36977	387
196000	13	336	409	13247	23	16	37062	199
197000	10	327	410	13237	0	0	37206	2
198000	7	285	356	13292	74	13	37650	202
199000	12	337	366	13258	34	27	37460	284
200000	6	353	341	13308	16	43	39253	154
201000	12	319	408	13208	17	59	38310	214
202000	9	352	395	13101	22	113	37180	388
203000	6	374	397	13150	50	62	37237	345
204000	13	303	360	13214	33	102	36369	400
205000	3	375	326	13144	50	168	37081	623
206000	21	306	387	13064	28	183	37763	564
207000	12	339	377	13124	81	62	38693	348
208000	12	346	319	13234	83	73	38039	285
209000	7	276	362	13205	62	123	36326	547
210000	9	345	234	13374	26	112	37803	422
211000	17	322	400	13156	24	93	38081	262
212000	8	361	299	13098	67	188	36176	575
213000	11	340	390	13069	59	186	37032	834
214000	9	324	434	12956	80	211	36424	798
215000	10	333	353	13010	59	246	37167	849
216000	10	362	423	12920	76	218	36278	984
217000	16	298	349	13087	51	236	36954	751
218000	6	325	404	12982	86	201	35951	708
219000	16	342	375	13013	113	173	37960	880
220000	15	346	317	13101	122	187	37266	826
221000	8	314	347	13087	135	161	36937	646
222000	14	363	287	13109	132	174	36643	979
223000	12	312	388	12892	202	237	36752	1301
224000	14	360	339	12892	157	270	37097	1148
225000	12	315	416	12843	76	321	36791	883
226000	14	355	342	12885	93	312	36584	1094
227000	10	310	385	12863	87	354	36949	1168
228000	16	384	348	12981	47	279	37663	913
229000	9	318	357	12943	29	347	37207	1209
230000	8	303	395	12933	32	347	37295	896
231000	11	338	421	12726	70	422	36199	1205
232000	15	335	320	12796	150	430	36270	1515
233000	11	341	413	12767	120	360	36917	1181
234000	10	338	434	12865	75	266	36453	1262
235000	7	314	489	12840	102	209	38621	1102
236000	10	324	328	13056	85	253	37831	880
237000	8	319	306	13120	20	298	37193	653
238000	8	319	261	13182	14	273	38336	775
239000	6	277	353	13159	10	225	37184	765
240000	9	318	392	13156	4	139	37943	597
241000	9	331	376	13159	2	167	36385	397
242000	12	313	371	13152	2	151	37239	506
243000	11	287	322	13222	16	223	36842	677
244000	9	330	366	13068	7	280	36914	876
245000	13	324	343	13105	6	259	38631	609
246000	9	287	274	13176	31	300	37664	867
247000	12	294	300	13113	97	272	35616	960
248000	4	362	288	13052	81	299	36484	953
249000	8	286	311	13114	90	264	36721	875
250000	13	286	305	13019	62	386	35601	1200
251000	15	327	355	12931	117	289	36109	1309
252000	18	346	537	12574	138	305	35901	1178
253000	7	332	412	12798	121	316	37703	1061
254000	25	334	435	12713	182	275	35657	1174
255000	10	323	369	12870	195	262	36642	1630
256000	6	381	348	12866	185	276	36175	1156
257000	9	343	367	12840	181	271	36587	1148
258000	13	324	429	12531	173	514	36100	2182
259000	14	315	414	12453	159	660	36161	2209
260000	11	355	350	12534	141	642	35519	2261
261000	15	322	394	12393	171	731	35147	2461
262000	18	297	397	12404	115	782	35180	2617
263000	5	355	365	12374	78	843	35679	2545
264000	8	330	281	12618	76	768	36727	1916
265000	6	297	301	12517	107	851	36841	2664
266000	13	331	325	12544	103	746	35979	2256
267000	9	354	361	12613	127	582	35698	1699
268000	9	315	272	12770	101	640	36088	2018
269000	10	314	321	12598	82	719	34433	2444
270000	12	343	401	12222	142	905	36397	2609
271000	17	324	404	12232	132	896	35455	2495
272000	4	354	375	12113	150	1035	34646	3389
273000	19	333	314	11872	215	1264	35899	3945
274000	20	345	339	12026	197	1138	33792	4220
275000	21	357	321	11976	241	1144	33444	3590
276000	10	282	444	11965	192	1116	34708	3606
277000	12	302	443	11864	192	1170	33620	3380
278000	13	320	322	12095	172	1120	33708	3535
279000	11	326	430	11961	173	1091	34905	4112
280000	12	311	337	12287	202	914	35164	2740
281000	9	346	408	12265	144	847	35421	3206
282000	10	312	335	12527	163	737	36568	2294
283000	11	357	375	12418	163	666	34953	2153
284000	8	359	312	12498	102	794	35422	2459
285000	12	289	312	12502	152	791	35202	2574
286000	18	344	396	12424	134	702	35288	2304
287000	16	327	376	12342	133	809	36869	2821
288000	4	316	376	12252	134	957	36072	3407
289000	9	298	356	12366	162	854	34158	3231
290000	9	354	411	12201	182	838	34539	2525
291000	11	356	366	12295	180	788	34625	2562
292000	28	336	297	12621	185	595	36372	2071
293000	10	343	358	12568	262	503	34225	1872
294000	12	318	357	12444	287	618	36923	2622
295000	15	363	348	12394	266	640	35208	2782
296000	19	340	404	12238	283	736	34426	2725
297000	4	356	344	12545	134	680	36191	2773
298000	9	324	289	12690	98	691	36496	2219
299000	13	349	399	12472	110	655	35602	2006
300000	10	293	409	12565	78	668	35840	2290
301000	6	327	348	12616	46	726	36009	1972
302000	10	316	414	12478	52	713	35450	2321
303000	23	391	405	12333	127	721	35797	2421
304000	4	327	351	12592	62	711	35224	1970
305000	16	364	349	12592	154	571	36247	2156
306000	13	341	390	12442	175	639	35759	2076
307000	12	341	401	12634	82	541	37344	1847
308000	9	320	356	12704	82	554	36592	1933
309000	10	338	400	12605	84	549	36653	1926
310000	7	344	386	12569	137	598	36002	1977
311000	5	345	332	12587	131	642	36308	1929
312000	12	348	310	12701	153	534	35824	1882
313000	8	327	309	12726	163	540	36966	1734
314000	4	336	263	12868	104	500	35743	1539
315000	10	288	296	12799	81	590	37467	1659
316000	14	308	402	12485	134	670	34759	2616
317000	16	311	316	12415	212	812	35237	2754
318000	12	360	434	12082	255	902	34531	2928
319000	20	321	429	12184	265	769	35765	2884
320000	24	354	408	11887	380	943	34314	3700
321000	20	313	384	12043	311	942	33630	2929
322000	32	334	368	12173	340	810	33977	3634
323000	15	340	430	11827	354	1029	34235	4232
324000	13	352	350	11822	335	1172	33561	4016
325000	4	329	440	11647	340	1257	34287	4694
326000	23	319	426	11660	266	1284	34457	4245
327000	12	299	375	11749	301	1322	33120	4526
328000	16	341	301	11935	364	1123	32709	4612
329000	22	338	328	11818	401	1132	33227	4225
330000	14	347	369	11537	471	1273	34042	4666
331000	12	301	398	11521	402	1382	33245	4951
332000	23	310	337	11724	390	1247	33606	4558
333000	15	333	377	11699	434	1198	32989	4506
334000	17	334	360	11723	375	1248	33357	4568
335000	21	340	434	11550	303	1361	34674	4922
336000	15	293	445	11536	401	1322	34095	4412
337000	25	337	344	11729	441	1171	34354	4658
338000	24	327	368	11497	611	1173	32054	4396
339000	21	348	328	11540	489	1319	32917	5133
340000	21	335	315	11860	359	1165	33169	4201
341000	13	286	341	11766	398	1220	34115	3818
342000	12	296	364	11947	282	1150	33511	4371
343000	27	340	383	12095	294	870	33442	3672
344000	15	341	447	12007	192	952	34107	2946
345000	8	332	433	12049	238	941	34210	3342
346000	18	328	367	12182	272	864	34368	2990
347000	17	327	302	12285	243	843	34566	3093
348000	14	302	437	12142	306	781	35826	2809
349000	15	347	459	12194	234	728	34142	2793
350000	20	324	337	12169	359	815	34093	3361
351000	14	307	374	12089	382	836	33670	3691
352000	8	318	298	12377	254	815	34688	3150
353000	17	300	451	12188	237	789	33706	3369
354000	10	298	425	12227	204	816	34884	2908
355000	16	331	309	12269	266	879	34623	3248
356000	11	350	394	12081	358	810	34676	2987
357000	9	308	357	12185	396	778	33590	3663
358000	26	293	351	12201	370	797	33778	2750
359000	17	312	444	11876	442	919	33314	3612
360000	13	353	377	11866	479	943	33483	3769
361000	13	328	364	11763	456	1086	33290	4265
362000	21	350	358	11731	410	1157	33063	4393
363000	21	316	345	11814	414	1127	33694	4032
364000	15	308	366	11692	504	1120	34739	4215
365000	17	325	358	11748	405	1174	33598	4354
366000	8	313	402	11703	454	1173	34045	4292
367000	18	298	344	11634	568	1172	34047	4564
368000	11	332	295	11706	371	1349	33843	4862
369000	20	324	381	11490	408	1413	32711	5089
370000	14	315	322	11619	429	1373	31903	5335
371000	10	334	329	11619	370	1421	33486	4776
372000	18	301	329	11702	418	1267	35325	4757
373000	13	333	362	11540	450	1353	32638	4680
374000	14	350	346	11580	438	1332	32787	4808
375000	16	305	485	11537	426	1191	31863	4756
376000	18	337	331	11852	437	1076	33795	3958
377000	24	321	354	11871	320	1140	33979	4394
378000	20	341	387	11638	309	1331	33562	4474
379000	10	326	244	11828	364	1315	33902	4197
380000	19	330	382	11592	276	1452	31449	5085
381000	23	321	336	11717	217	1426	32112	4867
382000	12	337	389	11598	340	1371	33969	5014
383000	7	287	472	11359	366	1450	32618	4936
384000	6	330	266	11426	355	1732	31465	5844
385000	29	331	414	11151	320	1773	33151	5621
386000	14	324	340	11093	430	1868	31602	6234
387000	13	267	333	11281	413	1748	33399	5745
388000	18	314	321	11119	498	1751	31342	5827
389000	12	340	374	10970	525	1798	31755	6629
390000	20	338	388	11019	575	1684	32246	6165
391000	32	321	375	11175	564	1578	31428	5934
392000	14	347	381	10989	563	1742	31485	6363
393000	17	288	346	10970	565	1870	31017	6855
394000	15	354	340	10822	522	1995	31084	7254
395000	23	301	287	10833	551	2079	30825	7118
396000	22	328	354	10420	826	2063	31097	7774
397000	23	298	345	10724	705	1933	31045	7737
398000	28	304	370	10762	634	1916	31177	7420
399000	28	325	452	10700	494	1999	30318	6920
400000	23	295	378	10777	602	1953	30898	6777
401000	19	325	458	10693	693	1795	31440	7708
402000	31	301	347	10968	585	1792	31425	6393
403000	23	303	328	10911	585	1923	30988	6704
404000	19	293	394	10888	629	1796	31716	6808
405000	17	344	373	10639	715	1927	31276	7455
406000	22	283	327	10738	649	1996	30537	7316
407000	20	339	319	10595	797	2006	30046	8713
408000	24	280	322	10822	828	1791	30776	6766
409000	28	313	445	10544	746	1923	31663	7664
410000	38	291	427	10606	691	1936	30947	7047
411000	30	305	421	10698	650	1898	31342	7024
412000	26	333	390	10570	692	2011	29701	7620
413000	30	316	374	10539	893	1843	29648	7852
414000	30	323	437	10340	776	2087	30107	7649
415000	20	333	396	10596	631	2048	31017	8406
416000	15	322	382	10953	577	1768	32141	6772
417000	21	351	413	10979	431	1821	31761	6468
418000	24	296	336	11022	636	1745	30710	6761
419000	18	306	336	11017	607	1782	30975	6974
420000	26	355	333	10987	450	1904	31942	6932
421000	16	288	306	11095	503	1873	31933	6791
422000	26	317	359	11034	562	1740	32154	6397
423000	17	341	355	11051	329	1964	31099	6627
424000	22	342	325	11060	462	1854	30760	6616
425000	15	337	355	10998	510	1805	32722	6337
426000	10	320	385	10861	338	2099	32715	6816
427000	24	317	349	10989	413	1961	31633	6776
428000	18	340	377	10888	330	2088	30809	6767
429000	16	313	410	10965	337	1940	30806	7240
430000	25	288	369	11002	256	2095	31913	6368
431000	26	363	379	10756	340	2150	30471	7023
432000	16	309	427	10882	354	2003	31484	7017
433000	20	297	398	10674	470	2171	30761	6604
434000	20	272	449	10521	468	2222	30568	7297
435000	21	300	416	10065	526	2628	29776	8226
436000	29	315	362	10462	532	2337	29157	8461
437000	19	303	356	10536	583	2262	30441	7180
438000	24	312	341	10652	555	2184	30514	7276
439000	26	297	431	10549	503	2163	30320	7879
440000	22	306	335	10564	553	2235	30341	7507
441000	22	336	430	10316	575	2237	30422	7380
442000	25	347	376	10223	691	2380	29848	8910
443000	34	311	337	10065	912	2379	28695	8613
444000	30	304	313	10371	1010	2025	29400	8995
445000	31	340	323	9908	1131	2319	28037	9430
446000	42	276	396	9702	1181	2404	28037	10449
447000	26	294	341	9487	1130	2774	27460	10367
448000	48	303	433	9221	1207	2776	26262	11727
449000	43	300	369	9505	1126	2684	27906	10642
450000	38	303	365	9781	1087	2435	28580	9124
451000	35	303	269	9851	1177	2414	28907	10316
452000	26	295	405	9731	1163	2338	28820	10025
453000	39	261	364	9567	1160	2646	27626	11012
454000	23	302	285	9389	1178	2882	27735	11079
455000	41	319	366	9401	1114	2799	26944	10796
456000	30	306	410	9521	1245	2498	27826	10349
457000	23	344	406	9426	1024	2798	25943	10386
458000	29	291	341	9222	1223	2924	25959	11215
459000	52	313	467	9263	1271	2604	26100	11595
460000	31	300	492	9304	1007	2836	25524	11199
461000	30	324	531	8993	1034	3037	25805	10596
462000	32	313	364	9156	1010	3183	26121	11072
463000	14	329	338	9223	913	3171	26150	10946
464000	33	333	310	9420	958	2961	27296	10666
465000	27	307	389	9408	903	2991	26816	12035
466000	30	283	317	9108	899	3429	25873	11696
467000	29	282	390	9168	905	3243	27004	11228
468000	22	283	414	9173	1033	3063	27481	11538
469000	47	255	420	8959	1127	3155	25589	11812
470000	47	286	375	8701	1390	3226	25535	13259
471000	43	313	468	8767	1367	2954	25565	12319
472000	56	265	411	8655	1703	2887	25636	13087
473000	57	248	359	8656	1541	3147	24712	12682
474000	44	322	407	8681	1457	3106	25500	12884
475000	54	291	433	8381	1676	3140	25623	12862
476000	36	328	364	8514	1658	3119	24329	12914
477000	38	242	459	8263	1562	3419	24141	13823
478000	46	287	346	8250	1422	3687	24218	14967
479000	50	327	297	8455	1405	3532	24363	13668
480000	38	282	326	8317	1315	3776	24789	14102
481000	37	319	248	8365	1252	3840	24332	14278
482000	45	290	284	8267	1487	3703	22525	14333
483000	39	308	393	8129	1201	3912	24730	14366
484000	27	281	393	8155	1332	3796	24117	14715
485000	43	299	334	8024	1404	3924	23182	14579
486000	35	279	345	8166	1462	3699	24284	14106
487000	32	278	389	8059	1374	3870	23898	14632
488000	34	288	338	8195	1412	3773	24491	15450
489000	48	283	337	8036	1282	4040	23967	15296
490000	31	302	384	8287	1264	3745	23664	14480
491000	41	279	375	8120	1229	3947	23705	13848
492000	29	291	323	8449	1239	3704	24363	14678
493000	47	304	344	8571	1577	3188	24549	13646
494000	30	260	332	8431	1472	3516	24963	13173
495000	39	269	280	8343	1460	3673	23686	13828
496000	47	301	364	8126	1542	3616	23388	14211
497000	38	308	343	8277	1415	3621	24374	14407
498000	42	300	412	8323	1251	3665	23526	13286
499000	27	290	371	8255	1199	3879	23975	13589
500000	43	349	341	8099	1330	3845	22921	14529
501000	38	306	422	8110	1394	3715	23261	14613
502000	34	355	324	8355	1155	3816	22856	14370
503000	32	314	344	8544	1009	3801	23630	13363
504000	35	293	382	8789	1280	3237	25916	12698
505000	38	283	320	8824	943	3641	25322	11307
506000	39	312	428	8839	828	3544	25134	11822
507000	26	293	347	8817	901	3637	25774	12437
508000	19	314	340	9122	727	3514	25892	12377
509000	19	305	297	9513	676	3259	27893	11423
510000	22	279	339	9375	736	3302	27121	11080
511000	12	294	295	9744	786	2932	28185	11640
512000	30	337	264	9648	756	3023	27525	10737
513000	33	317	424	9253	882	3066	28639	11228
514000	47	340	323	9304	795	3211	26124	11110
515000	30	287	334	9203	994	3180	25585	11188
516000	18	285	361	9329	978	3074	26182	11652
517000	31	305	357	9264	970	3061	26573	11119
518000	34	326	330	9826	968	2577	27813	10059
519000	32	351	266	9922	844	2689	28041	9445
520000	32	304	328	9622	878	2885	27262	9711
521000	25	287	407	9743	868	2661	29430	10588
522000	25	257	275	10117	734	2657	28643	9587
523000	18	325	405	10114	651	2483	29122	8951
524000	23	307	420	9983	642	2653	28628	9342
525000	17	311	284	10125	616	2689	28838	8840
526000	21	284	450	9963	645	2625	29123	8808
527000	32	332	444	10132	674	2369	30208	9125
528000	25	279	362	10320	775	2308	29248	8228
529000	32	283	392	10087	1031	2165	29017	9062
530000	21	324	405	10331	787	2115	30178	9304
531000	33	348	409	10084	777	2331	28991	9243
532000	22	298	314	10534	707	2167	29424	8011
533000	23	285	333	10341	681	2355	29810	8705
534000	18	333	298	10249	665	2522	30572	9065
535000	31	311	365	10068	824	2427	28965	8563
536000	24	278	541	10076	610	2398	28976	9018
537000	27	268	447	10212	762	2287	29165	7736
538000	23	325	367	10029	826	2448	27875	9184
539000	31	309	369	9898	860	2540	27945	9288
540000	10	288	308	9879	843	2719	28156	9703
541000	34	335	341	10077	796	2467	28555	9111
542000	24	312	383	10007	857	2454	29145	9799
543000	26	327	328	9966	753	2627	29378	8821
544000	27	327	289	9911	815	2701	28215	10491
545000	27	329	293	9831	792	2779	27273	10334
546000	14	312	310	10065	751	2614	29267	8883
547000	28	331	330	10126	703	2528	28804	9345
548000	23	333	314	10033	675	2692	27787	9285
549000	31	340	287	9873	797	2725	27990	9831
550000	32	298	294	9854	888	2672	28626	9183
551000	29	287	385	9789	914	2628	28205	9659
552000	34	335	295	10087	726	2547	28205	9353
553000	30	294	369	10099	805	2485	28599	9170
554000	31	330	420	9871	699	2644	27504	9461
555000	35	299	464	9928	860	2359	29827	9000
556000	18	346	374	10165	802	2281	30096	8469
557000	30	346	428	10147	859	2163	29138	8117
558000	39	279	410	9909	978	2370	29003	8958
559000	16	326	314	9975	805	2606	29026	9307
560000	24	306	336	10035	801	2569	27834	9548
561000	29	249	361	9783	997	2632	28915	9466
562000	25	304	316	10031	961	2405	28746	10093
563000	29	322	378	9884	994	2443	28923	8958
564000	27	310	345	9780	887	2670	28747	9593
565000	25	327	371	9445	1097	2733	27195	10710
566000	46	282	394	9460	1216	2567	27693	9978
567000	47	306	351	9379	1154	2759	28083	10958
568000	30	314	248	9184	1162	3143	26599	12020
569000	27	314	318	8933	1327	3152	25425	12049
570000	37	316	353	8853	1500	2979	24245	12755
571000	33	306	389	8636	1336	3325	23348	13432
572000	41	301	382	8417	1255	3592	23430	12696
573000	48	307	398	8426	1262	3569	23897	13465
574000	46	299	411	8372	1342	3515	24934	12075
575000	31	290	364	8277	1279	3800	24388	13936
576000	36	355	303	8497	1091	3772	24429	13541
577000	39	270	280	8408	1272	3784	24257	13476
578000	35	287	362	8464	1355	3522	24309	13143
579000	37	296	371	8278	1436	3627	24733	14166
580000	40	309	338	8375	1344	3629	24469	14294
581000	34	279	324	8088	1431	3908	24603	14935
582000	36	258	407	7980	1388	3928	23923	14524
583000	31	305	259	8260	1292	3930	23476	13837
584000	29	334	369	8123	1076	4084	24224	14861
585000	39	282	404	8054	1259	3929	22949	14669
586000	52	283	378	7630	1480	4199	22771	15963
587000	36	280	344	7601	1544	4268	22281	16877
588000	29	296	382	7664	1574	4081	21121	16434
589000	42	281	342	7553	1800	4028	22225	16182
590000	43	281	372	7572	1663	4099	22098	15939
591000	37	291	286	7784	1473	4174	21435	15356
592000	28	310	314	7626	1486	4269	22120	15714
593000	29	276	373	7872	1180	4271	22677	15420
594000	38	303	327	7597	1340	4459	22019	15322
595000	25	295	265	7602	1300	4574	22795	16185
596000	30	253	324	7864	1393	4145	23041	15734
597000	39	262	316	7912	1473	4053	22701	16081
598000	33	330	396	7893	1409	3965	22646	15288
599000	31	293	325	8126	1450	3820	24501	14029
600000	25	331	253	8152	1169	4132	23920	14240
601000	33	257	340	7927	1125	4370	24161	15218
602000	35	294	349	7651	1184	4523	22191	15499
603000	34	314	322	8103	996	4256	23509	15173
604000	40	274	295	7994	1198	4283	23766	15726
605000	34	330	268	8304	1135	4000	23972	14907
606000	21	276	269	8583	1288	3635	23628	14255
607000	32	299	335	8467	1246	3680	24615	12981
608000	36	318	362	8434	1290	3592	24262	13545
609000	35	318	292	8421	1328	3680	24372	13829
610000	51	301	438	8420	1354	3413	24779	13493
611000	39	297	369	8442	1426	3470	23821	14428
612000	46	279	269	8669	1311	3494	26044	13676
613000	24	290	343	8886	1294	3211	25235	12920
614000	45	281	394	8914	1197	3159	26703	12071
615000	33	328	352	8958	1266	3089	25799	12233
616000	29	292	377	8801	1202	3325	25413	13059
617000	41	261	446	8790	1200	3248	26857	11933
618000	37	311	403	8683	1233	3367	25483	12453
619000	51	260	398	8558	1500	3235	25291	13255
620000	28	342	403	8445	1447	3335	25613	12191
621000	51	330	352	8544	1453	3295	24327	12713
622000	27	277	427	8587	1419	3287	24763	12732
623000	40	320	292	8480	1461	3488	24176	13628
624000	58	278	321	8366	1530	3466	24515	13945
625000	44	282	412	8125	1643	3471	23609	14719
626000	34	317	464	8215	1614	3326	24752	13946
627000	44	311	380	8351	1646	3280	24589	13303
628000	45	290	409	8638	1523	3060	24543	11955
629000	59	337	339	8627	1564	3085	25131	13160
630000	55	284	437	8698	1670	2849	25294	14076
631000	49	287	383	8743	1574	2974	23892	13009
632000	44	309	453	8510	1709	2945	24759	13877
633000	37	317	370	8533	1323	3468	25071	13726
634000	24	315	310	8743	1120	3521	24944	13455
635000	18	302	256	9116	916	3447	25591	12353
636000	32	327	336	9228	815	3281	25706	11070
637000	20	321	380	9107	946	3242	27394	12140
638000	24	307	321	8966	1033	3404	26233	11906
639000	17	305	313	8954	923	3524	26321	12796
640000	33	284	279	9217	937	3330	27201	12776
641000	42	376	346	9155	900	3217	26433	10773
642000	30	334	424	9076	843	3279	25791	11189
643000	20	298	372	9417	830	3087	27453	10370
644000	26	281	429	9452	694	3090	28380	11092
645000	27	286	463	9115	728	3381	26835	11510
646000	30	299	375	8886	995	3441	24762	12693
647000	45	271	345	9114	1013	3254	27520	11066
648000	41	331	414	8821	1041	3306	24227	12534
649000	39	309	397	8852	1044	3360	27527	11830
650000	39	313	375	8848	1062	3387	24344	13107
651000	27	317	466	8927	945	3309	25688	11696
652000	24	313	413	9038	820	3378	26760	11487
653000	26	315	304	9393	844	3177	26272	10843
654000	42	348	309	9469	898	3008	26714	11033
655000	30	322	333	9064	858	3424	25971	11277
656000	23	310	353	9195	822	3314	25777	12174
657000	34	286	284	9222	987	3253	25438	12457
658000	12	272	314	9617	855	2970	27498	10154
659000	17	322	295	9660	779	2983	28938	11256
660000	30	253	353	9520	775	3118	27879	11337
661000	29	276	386	9230	938	3165	26929	10687
662000	32	313	361	9472	732	3120	27980	10550
663000	10	336	385	9432	554	3313	28183	11148
664000	19	320	374	9055	659	3572	27392	12334
665000	38	355	337	9180	851	3249	26318	11230
666000	33	314	368	9319	791	3172	26911	10737
667000	28	314	465	9314	924	2956	26400	10927
668000	28	320	475	9396	792	2976	27670	10603
669000	30	359	353	9325	807	3163	27421	10901
670000	17	336	329	9194	858	3325	25977	11371
671000	22	285	323	8981	818	3620	27116	12238
672000	36	300	327	9188	876	3311	26560	11904
673000	29	298	316	8915	947	3546	25565	12234
674000	27	301	340	8953	856	3566	25932	12693
675000	34	324	310	8984	912	3486	24945	12583
676000	32	302	336	9002	1015	3373	26483	11836
677000	41	307	359	8719	1071	3537	25685	11821
678000	43	241	343	8755	1252	3413	25864	13255
679000	30	332	335	9122	1004	3232	26581	12678
680000	30	299	327	9155	998	3232	27874	10968
681000	34	325	331	9397	929	3040	27162	10584
682000	36	285	337	9489	1084	2802	26688	10739
683000	36	306	327	9448	1025	2888	26828	10615
684000	34	304	280	9613	1263	2567	26335	10183
685000	55	287	360	9377	1514	2436	27177	11511
686000	44	291	278	9494	1435	2519	27318	10895
687000	53	268	363	9418	1417	2520	26951	11027
688000	50	319	454	9286	1147	2699	26421	10363
689000	25	297	378	9514	1113	2689	26941	10527
690000	44	293	350	9430	1334	2597	26195	10487
691000	31	258	389	9577	1310	2456	28004	10060
692000	33	330	305	9664	1284	2428	26304	10005
693000	34	286	353	9705	992	2618	28636	10155
694000	29	310	388	9489	1218	2577	28404	9743
695000	34	343	416	9251	1140	2838	26286	10560
696000	19	346	343	9278	1077	3011	26095	11679
697000	33	305	327	9358	1035	2985	27726	12179
698000	17	319	412	9346	929	2970	26435	11396
699000	39	311	356	9555	912	2859	27133	10770
700000	37	344	335	9560	950	2783	27618	10652
701000	39	307	331	9557	886	2887	28441	9934
702000	28	332	385	9529	911	2813	28213	9695
703000	25	306	373	9531	752	3030	28306	10898
704000	14	297	468	9655	739	2797	29019	9905
705000	31	286	374	9928	807	2627	29795	9328
706000	22	319	396	10010	848	2425	29293	9684
707000	33	287	377	10144	817	2374	30589	7834
708000	25	301	274	10166	731	2586	29166	8975
709000	12	320	294	10262	792	2406	28186	8741
710000	27	337	300	10138	812	2452	28210	9092
711000	25	292	343	10209	954	2177	27744	9002
712000	35	300	369	10143	1085	2086	28829	8421
713000	33	333	333	10105	1109	2139	29486	9268
714000	20	315	294	10224	1107	2127	29477	9181
715000	27	306	341	10128	951	2282	28756	8257
716000	23	293	382	10123	956	2261	28292	9601
717000	38	304	360	10172	825	2302	29784	8579
718000	28	370	456	9890	828	2387	30059	9055
719000	21	303	403	9884	901	2490	29256	9090
720000	25	295	290	10018	962	2493	28490	9564
721000	25	281	303	9939	924	2613	28949	10253
722000	51	325	330	9464	1157	2702	25999	10684
723000	26	296	348	9612	1147	2598	29605	10535
724000	25	337	244	9756	1151	2567	26966	10405
725000	22	290	371	9620	1267	2467	28285	10788
726000	50	303	402	9379	1286	2553	27598	10637
727000	32	311	343	9335	1383	2640	26851	10409
728000	49	297	395	9437	1378	2429	27184	10883
729000	29	265	398	9481	1421	2405	27844	10539
730000	56	345	393	8972	1576	2640	26749	11856
731000	46	313	377	8907	1455	2938	25488	11628
732000	30	272	327	8803	1446	3165	26238	12116
733000	34	299	378	8762	1652	2848	26280	12277
734000	33	273	343	8382	1842	3164	24313	13591
735000	39	262	420	8283	1804	3151	23300	14109
736000	53	254	299	8102	1863	3482	24030	14349
737000	73	268	355	7924	1864	3533	23921	14516
738000	34	266	353	7775	1677	3935	23883	14895
739000	38	290	322	7384	1619	4398	21310	16397
740000	46	283	350	7421	1641	4309	21323	15775
741000	46	266	282	7241	1896	4308	20319	17319
742000	61	257	382	6894	2098	4308	20000	17485
743000	59	305	361	6677	2230	4370	19849	19094
744000	50	293	330	7041	1939	4413	19502	17959
745000	64	259	389	6793	2117	4337	20483	17549
746000	51	241	290	7320	1982	4162	20842	18843
747000	59	323	437	7069	2085	4029	19710	16562
748000	47	269	333	7366	2075	3950	21568	16755
749000	44	262	312	7536	2226	3665	21169	17617
750000	79	309	396	7454	2353	3406	21296	16205
751000	55	258	362	7573	2433	3311	22504	16531
752000	73	253	369	7451	2477	3394	20622	16417
753000	70	249	354	7271	2567	3493	23151	16274
754000	60	282	395	7153	2480	3630	21484	16889
755000	60	298	375	6989	2589	3679	19686	17275
756000	63	288	495	6815	2669	3632	18380	17950
757000	86	192	427	6626	3023	3611	19929	18907
758000	90	292	395	6426	2888	3876	19381	18225
759000	67	240	410	6838	2653	3773	19709	17924
760000	88	284	419	7010	2784	3347	19933	16965
761000	70	299	415	6887	2513	3793	20486	18091
762000	81	268	410	6573	2675	3955	18991	18324
763000	63	270	407	6405	2494	4296	18372	19625
764000	79	270	444	6060	2697	4421	19200	19742
765000	54	233	341	6058	2757	4577	18654	20960
766000	84	241	392	5996	2918	4352	17430	19573
767000	68	245	385	5962	2928	4408	16109	21086
768000	63	268	362	6061	2887	4377	17732	19973
769000	61	241	323	6053	2779	4594	16467	20085
770000	74	235	286	5658	2754	5043	17276	21919
771000	83	231	337	5955	2557	4834	16648	20552
772000	78	274	361	5643	2622	5041	16906	21743
773000	89	235	413	5379	2993	4863	16426	20129
774000	75	268	335	5359	3115	4905	15608	21687
775000	75	273	364	5286	2747	5245	15808	22694
776000	60	255	358	5533	2629	5173	16967	22223
777000	69	284	318	5449	2694	5237	15977	21284
778000	67	249	303	5596	2745	5082	16082	22024
779000	67	251	414	5944	2570	4719	17890	21010
780000	52	267	322	6001	2505	4881	18237	20532
781000	65	261	366	6049	2766	4533	17513	19889
782000	53	277	271	5957	2823	4702	16931	20358
783000	52	261	362	5720	2673	4978	17491	20172
784000	52	291	329	5761	2745	4867	16695	21144
785000	62	261	360	5749	2768	4796	17163	21902
786000	64	198	295	6165	2813	4508	18458	19890
787000	69	230	344	6104	2812	4459	18016	19906
788000	72	267	386	6169	2797	4281	18096	19658
789000	74	290	452	6238	2638	4259	18476	18886
790000	62	261	336	6074	2635	4639	17693	20337
791000	61	286	456	6080	2612	4471	17727	20032
792000	66	263	402	6246	2626	4364	17902	19641
793000	54	281	357	6176	2557	4582	17614	19585
794000	56	216	330	6144	2687	4591	18067	20390
795000	57	267	436	5714	2745	4755	17754	20200
796000	67	262	382	6022	3005	4249	17251	19747
797000	55	252	338	6155	2718	4478	17928	20328
798000	55	273	362	6036	2728	4563	18462	20829
799000	58	257	415	6356	2431	4485	18976	18041
800000	64	267	374	6191	2571	4570	17709	19719
801000	75	270	393	6237	2327	4687	18009	19362
802000	40	253	348	6466	2249	4679	18906	17947
803000	60	262	355	6349	2287	4753	18628	18738
804000	53	281	305	6431	2203	4758	18909	20342
805000	59	300	467	6514	1988	4613	20314	18213
806000	61	282	320	6810	2032	4525	19943	17957
807000	55	343	405	6687	2034	4466	19772	17746
808000	61	322	448	6875	1680	4550	19342	17835
809000	47	264	439	7010	1641	4571	20950	16803
810000	51	278	329	7500	1750	4151	20902	16162
811000	53	276	391	7757	1562	3959	22850	15365
812000	50	318	310	7860	1444	4029	22148	16753
813000	54	301	305	7633	1574	4197	22079	14715
814000	59	271	379	7463	1805	4024	22037	15643
815000	55	272	390	7294	1788	4205	21650	16866
816000	43	260	396	7046	2079	4142	21344	18594
817000	55	277	340	6674	2209	4470	20231	17429
818000	80	288	406	6580	2354	4304	18967	18196
819000	75	243	457	6245	2627	4316	19001	19069
820000	47	280	416	6629	2365	4245	19812	18652
821000	69	292	398	6860	2330	4101	20220	18813
822000	79	266	409	6874	2219	4145	20606	18127
823000	69	284	412	6496	2512	4172	19071	18446
824000	57	270	431	6768	2272	4177	21348	17874
825000	63	259	463	6644	2400	4121	19919	18132
826000	71	297	355	6935	2410	3938	20827	17278
827000	63	270	405	6959	2266	4028	20714	17898
828000	79	281	398	6866	2446	3913	20630	18095
829000	54	287	470	6776	2159	4222	19182	18032
830000	53	281	406	7058	2048	4137	19719	17286
831000	39	262	410	7363	2083	3828	20706	17057
832000	35	257	328	7319	2032	4109	21701	16897
833000	58	297	380	7351	2018	3892	21456	16019
834000	62	292	348	7477	2111	3742	21352	16382
835000	70	269	369	7383	2435	3488	22580	15853
836000	67	261	404	7319	2386	3552	21707	15394
837000	57	254	432	7272	2284	3659	20699	16750
838000	46	311	403	7499	2020	3731	21604	16362
839000	41	256	387	7737	1649	3927	23009	15194
840000	43	269	382	7770	1620	3957	21832	15973
841000	47	261	324	7863	1693	3841	23293	15231
842000	39	317	398	7796	1645	3801	23104	16006
843000	34	316	343	8068	1722	3565	22931	13527
844000	29	318	359	7606	1685	3978	22558	15588
845000	33	272	380	7849	1608	3889	23927	15232
846000	49	289	338	8049	1439	3869	23499	14842
847000	54	305	293	7983	1382	4045	22059	15636
848000	41	301	243	8160	1381	3960	22488	14689
849000	48	287	399	8125	1280	3827	23711	14325
850000	34	247	382	7939	1434	3991	22743	15503
851000	55	275	421	7712	1551	3957	22713	15736
852000	42	245	328	7690	1483	4219	23132	17406
853000	58	301	394	7627	1570	4013	22343	15876
854000	42	301	362	7668	1588	4049	23067	14870
855000	46	325	354	7888	1559	3854	22612	14205
856000	46	269	309	7908	1630	3873	22631	15285
857000	47	311	285	7804	1584	4028	23009	15940
858000	56	296	369	7561	1465	4239	22700	16591
859000	34	322	421	7532	1506	4173	20878	15113
860000	48	333	319	7727	1728	3890	21767	15511
861000	40	298	367	7932	1584	3781	23649	15291
862000	40	300	321	7849	1612	3903	23015	15235
863000	39	291	347	8140	1541	3653	23097	13609
864000	57	284	392	8035	1515	3740	23740	13859
865000	70	300	435	7768	1694	3707	22185	14784
866000	43	297	395	7927	1705	3641	23166	15155
867000	35	276	418	7896	1650	3692	22468	15666
868000	56	326	365	7672	1601	3981	22095	15764
869000	51	320	273	7566	1516	4298	21667	15915
870000	34	343	277	7530	1648	4239	20437	16570
871000	45	291	381	7574	1671	4034	23103	15400
872000	56	290	451	7188	1836	4159	21009	16271
873000	59	258	332	7541	1900	3899	21246	15349
874000	52	266	305	7481	1937	3995	21044	15619
875000	53	252	341	7607	1945	3809	21361	15792
876000	50	265	336	7431	1993	3951	21756	16489
877000	44	259	348	7205	2136	4021	21319	17771
878000	39	237	302	7212	2079	4171	20453	16710
879000	62	251	322	7306	2161	3912	20235	16412
880000	72	273	508	7611	2149	3311	22491	15332
881000	58	286	340	7912	2144	3289	22579	15038
882000	47	287	365	7665	2219	3444	23112	14883
883000	58	271	422	8107	2058	3093	23265	13574
884000	43	278	432	7701	2116	3446	22785	15168
885000	66	262	405	7795	1809	3648	22412	14503
886000	55	297	356	7817	1740	3755	23115	15015
887000	64	266	322	7836	1918	3613	22719	15579
888000	59	292	364	7843	1957	3484	23218	15152
889000	43	241	322	7959	1883	3586	22978	15313
890000	51	309	297	7991	1811	3611	22964	15090
891000	51	293	323	8186	1851	3328	23863	14640
892000	52	313	358	8007	1832	3437	22550	14164
893000	45	260	283	8026	1942	3498	23944	15173
894000	45	288	308	8032	2092	3301	23137	15193
895000	51	306	405	7803	2019	3400	22743	14619
896000	32	299	270	7810	1916	3748	22235	16729
897000	60	302	371	7717	1924	3641	22835	16049
898000	47	258	306	7688	1997	3761	23224	15846
899000	66	240	383	7511	2069	3730	21907	14938
900000	60	291	308	7702	1908	3769	21445	15533
901000	76	278	390	7420	1918	3877	22432	15725
902000	55	310	342	7316	1847	4121	20919	17433
903000	24	240	272	7369	1943	4253	22007	17273
904000	61	278	301	7185	2076	4100	21113	17021
905000	59	303	333	7284	2024	4032	21088	17071
906000	61	268	321	7164	2059	4138	20666	17017
907000	55	313	310	7288	2097	3976	21792	15448
908000	35	257	245	7353	2126	4075	21744	15995
909000	52	305	305	7268	2069	4024	20873	17606
910000	49	286	337	7287	1904	4164	21731	16718
911000	39	293	293	7579	1570	4278	21750	16058
912000	27	305	414	7502	1476	4318	22865	15820
913000	46	336	326	7812	1453	4117	21174	14817
914000	51	283	377	7851	1481	3956	23192	14744
915000	46	308	514	7716	1583	3816	22749	15523
916000	47	288	357	7430	1724	4191	21909	17042
917000	51	299	367	7681	1854	3741	22218	15954
918000	35	261	319	7668	1943	3825	23178	16650
919000	49	343	399	7728	1647	3818	22352	16207
920000	55	293	375	7624	1781	3856	23256	15932
921000	53	297	361	7782	1726	3803	21856	15091
922000	65	287	415	7577	1788	3847	22549	15405
923000	50	269	377	7548	2050	3677	20847	16001
924000	65	302	341	7563	1918	3819	22614	14611
925000	72	306	419	7601	1725	3842	22162	14742
926000	39	275	409	7718	1686	3842	22882	15743
927000	59	280	433	7579	1613	4005	22222	16247
928000	57	263	377	7475	1641	4174	21291	16479
929000	54	282	383	7220	1492	4574	21298	17189
930000	49	302	227	7300	1608	4580	20794	17217
931000	36	322	291	7577	1440	4385	21986	15320
932000	37	255	243	7839	1642	4057	22327	16484
933000	39	305	354	8056	1534	3744	24066	15341
934000	32	278	364	8276	1640	3439	24153	14009
935000	36	327	454	8163	1368	3631	23898	14260
936000	49	322	322	8069	1378	3886	23363	14578
937000	26	282	344	8199	1480	3688	23850	14474
938000	40	337	366	8230	1223	3765	23609	14227
939000	30	339	288	8360	1173	3888	25661	13354
940000	24	307	266	8237	1135	4128	24177	14620
941000	42	308	316	8274	1353	3743	24161	13986
942000	37	282	330	8413	1108	3874	23569	14278
943000	25	309	324	8828	990	3565	25499	13102
944000	29	333	352	8632	1062	3592	25003	13271
945000	34	256	341	8435	1290	3669	24273	13601
946000	50	269	479	7961	1550	3624	24492	14959
947000	43	293	375	8200	1557	3561	23993	13556
948000	35	259	453	7781	1628	3807	23808	15375
949000	42	323	350	7690	1777	3840	21756	14789
950000	36	285	308	7775	1740	3924	23002	16204
951000	67	322	413	7396	1703	4096	21882	15233
952000	45	230	413	7392	1993	3945	21867	17116
953000	44	289	356	7759	1912	3664	22635	14458
954000	39	305	361	7845	1801	3675	22213	15180
955000	45	249	447	7915	1941	3358	22700	14761
956000	41	281	436	8049	1782	3363	23471	14567
957000	49	287	344	8164	1666	3526	24171	14563
958000	46	318	330	8007	1762	3587	23712	15251
959000	42	288	372	8000	1735	3559	23683	15262
960000	47	255	417	7771	1538	3923	23756	15551
961000	42	275	342	7876	1643	3875	23238	15275
962000	48	301	382	7907	1750	3620	21437	14566
963000	35	286	438	7686	1810	3746	22387	15558
964000	40	338	439	7653	1676	3865	21927	14776
965000	75	239	321	7985	1644	3768	23052	15653
966000	46	281	417	7446	1768	4034	21791	16018
967000	50	278	409	7470	1749	4062	21921	16335
968000	52	293	360	7671	1646	4020	23285	15809
969000	48	273	470	7715	1512	3970	22085	15283
970000	52	283	392	7866	1570	3844	22336	14452
971000	31	323	350	8077	1385	3893	24517	14075
972000	24	296	249	8306	1264	3937	23226	13845
973000	32	288	362	8364	1125	3848	23672	13556
974000	26	303	349	8503	947	3862	25963	13580
975000	17	322	322	8607	839	3981	24461	12835
976000	27	278	323	8297	953	4144	23848	13703
977000	37	327	304	8441	991	3993	24465	13412
978000	32	292	257	8666	1163	3657	24469	12991
979000	26	283	246	8446	1354	3773	24531	14761
980000	34	289	384	8461	1287	3563	23922	13881
981000	32	285	323	8496	1237	3650	24271	13861
982000	40	298	385	8622	1216	3490	23945	13028
983000	26	281	314	8957	1271	3237	26448	12286
984000	42	292	406	8950	1237	3087	25478	12188
985000	19	289	341	9101	1097	3214	25469	12359
986000	35	303	341	9062	1039	3244	25187	12075
987000	33	293	479	8881	1107	3157	25598	11652
988000	20	361	360	8909	1077	3288	26923	12369
989000	30	304	306	9190	1090	3143	26714	11776
990000	25	306	319	9218	1095	3092	27527	11615
991000	26	299	338	9220	1224	2914	26256	11659
992000	42	331	406	9061	986	3120	27151	11113
993000	22	264	413	9195	853	3277	27672	11680
994000	32	317	339	9163	932	3219	26910	11976
995000	20	295	335	9274	1005	3129	27214	12447
996000	34	309	380	9215	1034	3034	26704	11101
997000	44	315	377	9399	917	2981	26624	10934
998000	36	268	441	9391	1010	2806	27151	10484
999000	29	268	364	9697	1044	2646	27619	9689
