0	0	0	0	14400	0	0	0	0
1000	21	378	823	12452	42	50	23144	157
2000	52	346	1468	11274	30	266	21044	454
3000	46	371	1995	10169	149	386	21114	642
4000	49	403	2141	9951	51	389	21537	600
5000	78	415	2243	9756	36	389	19907	583
6000	83	315	2533	9187	105	477	19889	950
7000	121	328	2682	8995	131	327	20233	903
8000	115	353	2802	8782	185	341	18980	936
9000	133	313	3375	7746	142	487	18681	990
10000	190	308	3746	7184	148	161	18825	585
11000	152	356	3929	6918	198	110	18797	425
12000	193	317	3966	7064	0	14	18215	9
13000	109	261	4124	6983	47	3	18946	121
14000	217	210	4352	6425	66	0	18024	91
15000	210	284	4733	5437	100	2	18060	216
16000	185	217	4964	5204	20	0	16682	15
17000	270	183	5447	3949	80	2	16563	222
18000	276	244	5055	4613	38	0	17118	62
19000	250	245	4754	5436	44	4	17522	58
20000	248	278	4873	5206	74	3	16707	136
21000	260	206	5182	4692	4	6	16977	36
22000	206	155	4990	5216	0	0	16880	8
23000	243	196	5048	5071	56	0	16421	68
24000	301	215	5255	4329	26	0	16045	73
25000	344	196	5708	3223	0	0	15103	2
26000	248	202	5666	3513	20	0	15585	11
27000	242	190	5718	3163	46	0	15620	54
28000	259	231	5475	3750	19	0	15380	18
29000	329	230	5460	3383	221	0	14232	283
30000	252	276	5747	3088	20	26	14290	128
31000	241	185	5958	2619	58	44	14973	140
32000	444	88	5860	2088	0	0	13739	3
33000	349	102	5974	2124	0	0	13905	11
34000	334	127	5890	2296	187	0	13280	276
35000	415	125	5918	2238	119	4	14093	274
36000	435	63	6043	1862	107	0	13083	90
37000	365	63	6181	1470	98	28	13541	187
38000	406	44	6088	1242	308	0	12224	572
39000	415	89	6086	1480	19	6	12963	65
40000	414	108	6074	1839	166	0	13382	167
41000	256	91	6020	2162	525	4	13000	970
42000	351	145	5721	2179	760	254	12848	1484
43000	293	109	5529	2196	1137	229	12926	2309
44000	473	128	5618	1802	1200	89	11714	2351
45000	429	74	5566	1644	1255	302	12942	2323
46000	408	134	5895	926	1291	157	12034	2538
47000	338	157	5641	1263	1707	290	11827	3136
48000	403	98	5742	1347	1173	221	11961	1978
49000	489	98	5843	1084	887	51	11871	1651
50000	356	45	5782	1607	852	26	12342	1234
51000	457	71	5840	1341	435	8	12608	884
52000	387	84	5851	1405	734	110	11644	1334
53000	364	30	6009	919	827	0	11269	1608
54000	453	67	5959	1270	188	0	11899	365
55000	392	75	5999	1382	20	0	12912	41
56000	414	50	6028	1541	62	0	12827	84
57000	380	61	6030	1890	19	0	14025	30
58000	294	67	6160	1492	23	0	13941	58
59000	432	31	6240	645	13	0	11753	11
60000	372	23	6054	685	49	0	12313	33
61000	424	79	6096	559	19	0	11607	29
62000	457	54	6151	895	0	0	11412	3
63000	401	62	6179	583	81	0	10894	124
64000	549	73	5976	806	90	0	12335	98
65000	407	81	6070	1051	12	0	12286	22
66000	229	120	6270	1918	120	1	13472	198
67000	428	172	5899	2245	39	0	13932	28
68000	391	120	5851	2751	11	0	14253	75
69000	528	108	5957	1771	14	0	13253	66
70000	475	42	6073	1484	190	0	13379	323
71000	295	129	6139	1722	61	0	12414	78
72000	364	97	6085	1292	23	0	12287	18
73000	320	72	6261	605	21	0	12291	30
74000	484	110	5928	532	38	0	11745	60
75000	349	104	6070	727	2	0	12054	0
76000	538	80	5944	669	31	0	11642	12
77000	357	24	6065	620	27	0	11806	52
78000	415	55	6196	519	0	0	11739	5
79000	705	1	5639	131	0	0	9889	1
80000	522	0	5805	0	0	0	10308	0
81000	506	0	5808	0	0	0	9088	0
82000	626	0	5786	0	0	0	9974	0
83000	503	0	5805	0	0	0	9393	0
84000	449	0	5950	0	0	0	10061	0
85000	671	0	5794	0	0	0	9747	0
86000	431	0	5913	0	0	0	10886	0
87000	528	0	5759	0	0	0	9458	0
88000	468	0	5900	0	0	0	9831	0
89000	329	0	5855	0	0	0	10314	0
90000	543	0	5657	0	0	0	9401	0
91000	502	0	5805	0	0	0	11038	0
92000	589	0	5702	0	0	0	9261	0
93000	411	0	5982	0	0	0	10458	0
94000	382	0	6090	0	0	0	10363	0
95000	489	0	5772	0	0	0	9612	0
96000	465	0	5993	0	0	0	10376	0
97000	583	0	5967	0	0	0	10284	0
98000	772	0	5724	0	0	0	9112	0
99000	540	0	5883	0	0	0	10120	0
100000	461	0	5960	0	0	0	9917	0
101000	507	0	5778	0	0	0	9638	0
102000	520	0	5698	0	0	0	9923	0
103000	747	0	5676	0	0	0	9270	0
104000	374	0	5999	0	0	0	10295	0
105000	479	0	5876	0	0	0	10266	0
106000	551	0	5866	0	0	0	10266	0
107000	411	0	5816	0	0	0	9655	0
108000	437	0	6209	0	0	0	10324	0
109000	419	0	5893	0	0	0	10521	0
110000	579	0	5804	0	0	0	9889	0
111000	544	0	5950	0	0	0	9765	0
112000	441	0	5915	0	0	0	10930	0
113000	567	0	5795	0	0	0	9430	0
114000	407	0	5937	0	0	0	11110	0
115000	558	0	5772	0	0	0	10157	0
116000	505	0	5926	0	0	0	9780	0
117000	574	0	5864	0	0	0	10207	0
118000	337	0	5878	0	0	0	10435	0
119000	508	0	5819	0	0	0	9964	0
120000	520	0	5963	0	0	0	9555	0
121000	536	0	5552	0	0	0	9461	0
122000	335	0	6108	0	0	0	10315	0
123000	628	0	5748	0	0	0	9458	0
124000	477	0	5953	0	0	0	9774	0
125000	400	0	6142	0	0	0	9763	0
126000	500	0	5943	0	0	0	10292	0
127000	563	0	5669	0	0	0	9205	0
128000	639	0	5640	0	0	0	9094	0
129000	453	0	5974	0	0	0	9374	0
130000	599	0	5730	0	0	0	9683	0
131000	531	0	5726	0	0	0	9934	0
132000	480	0	5993	0	0	0	10585	0
133000	448	0	5992	0	0	0	10167	0
134000	559	0	5857	0	0	0	10356	0
135000	209	0	6070	0	0	0	10967	0
136000	457	0	6067	0	0	0	9578	0
137000	638	0	5619	0	0	0	9237	0
138000	461	0	5800	0	0	0	10398	0
139000	661	0	5612	0	0	0	9677	0
140000	556	0	5711	0	0	0	9361	0
141000	410	0	5920	0	0	0	10059	0
142000	640	0	5638	0	0	0	9968	0
143000	565	0	5797	0	0	0	9855	0
144000	570	0	5769	0	0	0	10337	0
145000	471	0	5855	0	0	0	9835	0
146000	566	0	5974	0	0	0	10822	0
147000	687	0	5619	0	0	0	9764	0
148000	358	0	5987	0	0	0	9961	0
149000	495	0	5782	0	0	0	9811	0
150000	713	0	5838	0	0	0	9855	0
151000	791	0	5504	0	0	0	9840	0
152000	610	0	6000	0	0	0	10326	0
153000	787	0	5741	0	0	0	9632	0
154000	529	0	5880	0	0	0	9716	0
155000	469	0	5799	0	0	0	10445	0
156000	653	0	5599	0	0	0	9607	0
157000	415	0	5880	0	0	0	10346	0
158000	423	0	5964	0	0	0	9305	0
159000	838	0	5560	0	0	0	9235	0
160000	848	0	5260	0	0	0	9328	0
161000	497	0	5898	0	0	0	9658	0
162000	428	0	5873	0	0	0	10158	0
163000	775	0	5697	0	0	0	9543	0
164000	458	0	5951	0	0	0	10080	0
165000	563	0	5849	0	0	0	9254	0
166000	603	0	5683	0	0	0	10069	0
167000	379	0	5970	0	0	0	9325	0
168000	703	0	5672	0	0	0	9725	0
169000	379	0	6017	0	0	0	10128	0
170000	466	0	5898	0	0	0	10127	0
171000	594	0	5793	0	0	0	9561	0
172000	374	0	6015	0	0	0	10275	0
173000	485	0	5798	0	0	0	10139	0
174000	574	0	5879	0	0	0	10309	0
175000	313	0	6046	0	0	0	10116	0
176000	609	0	5716	0	0	0	10532	0
177000	391	0	5966	0	0	0	9437	0
178000	724	0	5651	0	0	0	9611	0
179000	691	0	5668	0	0	0	9848	0
180000	426	0	5943	0	0	0	9669	0
181000	509	0	6023	0	0	0	9920	0
182000	548	0	5810	0	0	0	10408	0
183000	694	0	5780	0	0	0	9826	0
184000	610	0	5888	0	0	0	9917	0
185000	529	0	5869	0	0	0	9700	0
186000	719	0	5598	0	0	0	9765	0
187000	581	0	5847	0	0	0	9557	0
188000	392	0	5919	0	0	0	9727	0
189000	543	0	5760	0	0	0	9261	0
190000	552	0	5897	0	0	0	10467	0
191000	634	0	5543	0	0	0	9172	0
192000	492	0	5850	0	0	0	9888	0
193000	589	0	5693	0	0	0	9207	0
194000	625	0	5722	0	0	0	8921	0
195000	320	0	5825	0	0	0	10727	0
196000	370	0	5924	0	0	0	10549	0
197000	422	0	5830	0	0	0	10710	0
198000	397	0	6115	0	0	0	10767	0
199000	427	0	5810	0	0	0	9655	0
200000	592	0	5779	0	0	0	9674	0
201000	606	0	5834	0	0	0	9502	0
202000	601	0	5752	0	0	0	10121	0
203000	497	0	5885	0	0	0	9526	0
204000	564	0	5674	0	0	0	9659	0
205000	693	0	5659	0	0	0	9503	0
206000	511	0	5808	0	0	0	9968	0
207000	743	0	5570	0	0	0	8980	0
208000	454	0	5904	0	0	0	10188	0
209000	481	0	5824	0	0	0	9418	0
210000	651	0	5717	0	0	0	9707	0
211000	484	0	5709	0	0	0	9733	0
212000	544	0	6035	0	0	0	9470	0
213000	391	0	5853	0	0	0	10590	0
214000	318	0	6114	0	0	0	10332	0
215000	450	0	6136	0	0	0	10336	0
216000	456	0	5875	0	0	0	10244	0
217000	682	0	5668	0	0	0	8816	0
218000	382	0	5978	0	0	0	9901	0
219000	508	0	5620	0	0	0	9364	0
220000	529	0	5775	0	0	0	9790	0
221000	637	0	5672	0	0	0	9443	0
222000	415	0	5969	0	0	0	10428	0
223000	496	0	5883	0	0	0	9936	0
224000	608	0	5756	0	0	0	10028	0
225000	510	0	5796	0	0	0	10100	0
226000	515	0	5792	0	0	0	9803	0
227000	422	0	5991	0	0	0	10879	0
228000	579	0	5821	0	0	0	9919	0
229000	398	0	6076	0	0	0	10159	0
230000	387	0	5802	0	0	0	9385	0
231000	376	0	5874	0	0	0	10865	0
232000	519	0	5846	0	0	0	9605	0
233000	659	0	5645	0	0	0	9971	0
234000	556	0	5768	0	0	0	9341	0
235000	373	0	5973	0	0	0	10613	0
236000	539	0	5729	0	0	0	9777	0
237000	420	0	5928	0	0	0	10089	0
238000	622	0	5752	0	0	0	9626	0
239000	522	0	5810	0	0	0	9467	0
240000	739	0	5568	0	0	0	9008	0
241000	608	0	5742	0	0	0	8667	0
242000	406	0	6067	0	0	0	10428	0
243000	453	0	5901	0	0	0	9845	0
244000	566	0	5820	0	0	0	9756	0
245000	445	0	5980	0	0	0	10401	0
246000	512	0	5886	0	0	0	11221	0
247000	465	0	5939	0	0	0	9558	0
248000	607	0	5782	0	0	0	10145	0
249000	653	0	5704	0	0	0	9103	0
250000	499	0	5795	0	0	0	9461	0
251000	601	0	5665	0	0	0	9572	0
252000	360	0	5848	0	0	0	9134	0
253000	741	0	5675	0	0	0	9644	0
254000	440	0	5908	0	0	0	10121	0
255000	668	0	5726	0	0	0	9663	0
256000	331	0	5883	0	0	0	10110	0
257000	342	0	6068	0	0	0	10016	0
258000	362	0	5830	0	0	0	10278	0
259000	491	0	5936	0	0	0	10242	0
260000	629	0	5746	0	0	0	9504	0
261000	738	0	5526	0	0	0	9704	0
262000	666	0	5715	0	0	0	9286	0
263000	550	0	5783	0	0	0	10461	0
264000	488	0	5797	0	0	0	9455	0
265000	383	0	6166	0	0	0	9798	0
266000	371	0	5875	0	0	0	9953	0
267000	557	0	5739	0	0	0	9911	0
268000	404	0	5984	0	0	0	10645	0
269000	490	0	6076	0	0	0	9688	0
270000	472	0	6111	0	0	0	9921	0
271000	466	0	5920	0	0	0	10020	0
272000	675	0	5741	0	0	0	10195	0
273000	391	0	5906	0	0	0	10734	0
274000	606	0	5753	0	0	0	9732	0
275000	517	0	5894	0	0	0	10339	0
276000	481	0	5849	0	0	0	9097	0
277000	647	0	5827	0	0	0	9603	0
278000	679	0	5466	0	0	0	9811	0
279000	447	0	5861	0	0	0	9578	0
280000	466	0	5958	0	0	0	10094	0
281000	453	0	5805	0	0	0	10742	0
282000	710	0	5561	0	0	0	10183	0
283000	500	0	5851	0	0	0	10074	0
284000	374	0	5937	0	0	0	10248	0
285000	624	0	5664	0	0	0	9319	0
286000	641	0	5736	0	0	0	10020	0
287000	640	0	5718	0	0	0	9140	0
288000	664	0	5721	0	0	0	9882	0
289000	560	0	5886	0	0	0	10326	0
290000	426	0	5854	0	0	0	9471	0
291000	444	0	5890	0	0	0	10292	0
292000	494	0	5950	0	0	0	10442	0
293000	727	0	5625	0	0	0	9124	0
294000	699	0	5657	0	0	0	9313	0
295000	434	0	5975	0	0	0	9756	0
296000	697	0	5733	0	0	0	9972	0
297000	506	0	5716	0	0	0	9527	0
298000	533	0	5786	0	0	0	9747	0
299000	523	0	5825	0	0	0	10323	0
300000	565	0	5640	0	0	0	9773	0
301000	462	0	5843	0	0	0	10159	0
302000	525	0	5778	0	0	0	9411	0
303000	493	0	5922	0	0	0	9947	0
304000	506	0	5894	0	0	0	9616	0
305000	373	0	5846	0	0	0	9434	0
306000	543	0	6019	0	0	0	9567	0
307000	542	0	5827	0	0	0	9632	0
308000	593	0	5721	0	0	0	10221	0
309000	508	0	5785	0	0	0	9211	0
310000	526	0	5831	0	0	0	9973	0
311000	706	0	5628	0	0	0	10053	0
312000	515	0	5807	0	0	0	10148	0
313000	472	0	5834	0	0	0	9835	0
314000	572	0	5767	0	0	0	9015	0
315000	616	0	5766	0	0	0	9138	0
316000	443	0	6030	0	0	0	10082	0
317000	514	0	5890	0	0	0	10452	0
318000	561	0	5911	0	0	0	9534	0
319000	539	0	5828	0	0	0	9372	0
320000	378	0	6007	0	0	0	9980	0
321000	817	0	5510	0	0	0	9138	0
322000	582	0	5920	0	0	0	9908	0
323000	360	0	5959	0	0	0	9989	0
324000	585	0	5739	0	0	0	9865	0
325000	536	0	5827	0	0	0	9638	0
326000	498	0	5935	0	0	0	10912	0
327000	399	0	5925	0	0	0	10435	0
328000	661	0	5876	0	0	0	9402	0
329000	386	0	5939	0	0	0	9966	0
330000	456	0	5941	0	0	0	9899	0
331000	422	0	5885	0	0	0	9915	0
332000	642	0	5876	0	0	0	9141	0
333000	515	0	5901	0	0	0	9637	0
334000	600	0	5736	0	0	0	10262	0
335000	666	0	5755	0	0	0	9736	0
336000	436	0	6015	0	0	0	10139	0
337000	494	0	5801	0	0	0	10124	0
338000	683	0	5617	0	0	0	9659	0
339000	707	0	5699	0	0	0	9157	0
340000	642	0	5588	0	0	0	9845	0
341000	443	0	5804	0	0	0	9672	0
342000	510	0	5901	0	0	0	9469	0
343000	578	0	5622	0	0	0	9895	0
344000	482	0	5822	0	0	0	9694	0
345000	569	0	5693	0	0	0	9649	0
346000	712	0	5456	0	0	0	9471	0
347000	636	0	5772	0	0	0	9849	0
348000	563	0	5722	0	0	0	9795	0
349000	386	0	6037	0	0	0	10276	0
350000	652	0	5680	0	0	0	9697	0
351000	406	0	5891	0	0	0	10196	0
352000	512	0	5787	0	0	0	9707	0
353000	548	0	5696	0	0	0	10149	0
354000	503	0	5862	0	0	0	10349	0
355000	526	0	5697	0	0	0	9959	0
356000	478	0	5796	0	0	0	9743	0
357000	675	0	5725	0	0	0	9606	0
358000	658	0	5843	0	0	0	9471	0
359000	542	0	5862	0	0	0	9275	0
360000	599	0	5746	0	0	0	9847	0
361000	757	0	5718	0	0	0	9831	0
362000	382	0	5976	0	0	0	9515	0
363000	474	0	5885	0	0	0	9402	0
364000	628	0	5679	0	0	0	9612	0
365000	507	0	5832	0	0	0	9785	0
366000	396	0	5970	0	0	0	9885	0
367000	527	0	5838	0	0	0	9377	0
368000	693	0	5665	0	0	0	9472	0
369000	296	0	6146	0	0	0	9976	0
370000	551	0	5855	0	0	0	10023	0
371000	521	0	5885	0	0	0	10082	0
372000	618	0	5732	0	0	0	9621	0
373000	584	0	5680	0	0	0	9352	0
374000	602	0	5869	0	0	0	9097	0
375000	635	0	5688	0	0	0	10240	0
376000	553	0	5585	0	0	0	9806	0
377000	540	0	5888	0	0	0	10102	0
378000	432	0	5820	0	0	0	9846	0
379000	417	0	5958	0	0	0	10789	0
380000	438	0	5859	0	0	0	10017	0
381000	440	0	5851	0	0	0	9986	0
382000	659	0	5609	0	0	0	9487	0
383000	401	0	5907	0	0	0	9888	0
384000	291	0	6221	0	0	0	10030	0
385000	659	0	5731	0	0	0	9752	0
386000	539	0	5714	0	0	0	9528	0
387000	547	0	5881	0	0	0	9587	0
388000	478	0	5929	0	0	0	10308	0
389000	446	0	5879	0	0	0	10227	0
390000	516	0	5811	0	0	0	10277	0
391000	657	0	5784	0	0	0	9532	0
392000	546	0	5734	0	0	0	9503	0
393000	511	0	5847	0	0	0	9789	0
394000	493	0	5851	0	0	0	10898	0
395000	593	0	5780	0	0	0	10239	0
396000	552	0	6011	0	0	0	9788	0
397000	500	0	5824	0	0	0	10197	0
398000	572	0	5857	0	0	0	9637	0
399000	570	0	5756	0	0	0	10709	0
400000	491	0	5965	0	0	0	9971	0
401000	731	0	5597	0	0	0	9460	0
402000	633	0	5695	0	0	0	9951	0
403000	628	0	5663	0	0	0	9070	0
404000	859	0	5471	0	0	0	9362	0
405000	484	0	5942	0	0	0	9765	0
406000	409	0	5987	0	0	0	10215	0
407000	440	0	5914	0	0	0	9551	0
408000	676	0	5738	0	0	0	10077	0
409000	520	0	5735	0	0	0	9456	0
410000	397	0	6051	0	0	0	10639	0
411000	332	0	6004	0	0	0	10886	0
412000	582	0	5588	0	0	0	9814	0
413000	435	0	5975	0	0	0	10158	0
414000	467	0	5868	0	0	0	10593	0
415000	420	0	5882	0	0	0	10011	0
416000	635	0	5800	0	0	0	9242	0
417000	499	0	5848	0	0	0	9980	0
418000	787	0	5654	0	0	0	9982	0
419000	786	0	5409	0	0	0	10051	0
420000	308	0	6111	0	0	0	10271	0
421000	445	0	5880	0	0	0	10213	0
422000	616	0	5722	0	0	0	9497	0
423000	478	0	5840	0	0	0	10279	0
424000	662	0	5599	0	0	0	9907	0
425000	581	0	5828	0	0	0	10239	0
426000	607	0	5642	0	0	0	9474	0
427000	495	0	5766	0	0	0	9781	0
428000	530	0	5837	0	0	0	9572	0
429000	567	0	5846	0	0	0	10192	0
430000	407	0	5882	0	0	0	9877	0
431000	505	0	5704	0	0	0	10195	0
432000	523	0	5767	0	0	0	9466	0
433000	532	0	5826	0	0	0	9704	0
434000	795	0	5500	0	0	0	9650	0
435000	500	0	6053	0	0	0	10106	0
436000	764	0	5498	0	0	0	9608	0
437000	605	0	5901	0	0	0	9924	0
438000	438	0	6005	0	0	0	10346	0
439000	411	0	5955	0	0	0	10403	0
440000	613	0	5688	0	0	0	8967	0
441000	505	0	5953	0	0	0	9569	0
442000	397	0	5968	0	0	0	9833	0
443000	533	0	5898	0	0	0	9676	0
444000	617	0	5738	0	0	0	9650	0
445000	589	0	5765	0	0	0	9578	0
446000	512	0	5821	0	0	0	10337	0
447000	341	0	5957	0	0	0	9856	0
448000	388	0	5921	0	0	0	9735	0
449000	593	0	5780	0	0	0	9041	0
450000	618	0	5770	0	0	0	9334	0
451000	567	0	5734	0	0	0	9710	0
452000	492	0	5840	0	0	0	9983	0
453000	434	0	5811	0	0	0	10249	0
454000	457	0	5837	0	0	0	9297	0
455000	567	0	5778	0	0	0	10734	0
456000	371	0	5968	0	0	0	9828	0
457000	578	0	5734	0	0	0	9350	0
458000	549	0	5768	0	0	0	9632	0
459000	522	0	5875	0	0	0	9873	0
460000	511	0	5958	0	0	0	9718	0
461000	384	0	5957	0	0	0	9242	0
462000	586	0	5769	0	0	0	9203	0
463000	587	0	5760	0	0	0	9359	0
464000	523	0	5743	0	0	0	9083	0
465000	612	0	5825	0	0	0	9729	0
466000	412	0	5871	0	0	0	10237	0
467000	597	0	5736	0	0	0	10047	0
468000	576	0	5775	0	0	0	9720	0
469000	404	0	6025	0	0	0	10374	0
470000	616	0	5806	0	0	0	8633	0
471000	471	0	5870	0	0	0	9827	0
472000	495	0	6015	0	0	0	9976	0
473000	703	0	5621	0	0	0	8896	0
474000	492	0	6030	0	0	0	9862	0
475000	647	0	5776	0	0	0	8741	0
476000	707	0	5765	0	0	0	9857	0
477000	407	0	5837	0	0	0	9941	0
478000	451	0	5946	0	0	0	9980	0
479000	483	0	5877	0	0	0	10348	0
480000	521	0	5866	0	0	0	9845	0
481000	691	0	5678	0	0	0	9752	0
482000	616	0	5732	0	0	0	9499	0
483000	654	0	5791	0	0	0	9126	0
484000	565	0	5836	0	0	0	9379	0
485000	786	0	5534	0	0	0	9689	0
486000	487	0	5973	0	0	0	9952	0
487000	529	0	5805	0	0	0	9857	0
488000	744	0	5600	0	0	0	9543	0
489000	568	0	5687	0	0	0	9745	0
490000	597	0	5816	0	0	0	9909	0
491000	444	0	5951	0	0	0	9545	0
492000	775	0	5503	0	0	0	9535	0
493000	406	0	5851	0	0	0	9023	0
494000	472	0	5839	0	0	0	9838	0
495000	635	0	5755	0	0	0	9930	0
496000	607	0	5794	0	0	0	9704	0
497000	515	0	5837	0	0	0	10176	0
498000	584	0	5672	0	0	0	10763	0
499000	542	0	5707	0	0	0	10044	0
500000	504	0	5869	0	0	0	10555	0
501000	697	0	5508	0	0	0	9649	0
502000	492	0	5889	0	0	0	9766	0
503000	515	0	5800	0	0	0	9769	0
504000	496	0	5796	0	0	0	9513	0
505000	737	0	5716	0	0	0	9576	0
506000	536	0	5934	0	0	0	10192	0
507000	577	0	5739	0	0	0	9349	0
508000	631	0	5971	0	0	0	9410	0
509000	454	0	5841	0	0	0	9842	0
510000	567	0	5630	0	0	0	9030	0
511000	626	0	5758	0	0	0	9791	0
512000	598	0	5746	0	0	0	10034	0
513000	401	0	5817	0	0	0	10309	0
514000	381	0	6069	0	0	0	9979	0
515000	641	0	5678	0	0	0	8939	0
516000	606	0	5835	0	0	0	9768	0
517000	471	0	5887	0	0	0	10417	0
518000	595	0	5694	0	0	0	9921	0
519000	642	0	5697	0	0	0	10150	0
520000	593	0	5725	0	0	0	10480	0
521000	574	0	5655	0	0	0	9521	0
522000	760	0	5508	0	0	0	8623	0
523000	547	0	5844	0	0	0	10018	0
524000	573	0	5765	0	0	0	9626	0
525000	291	0	6024	0	0	0	10983	0
526000	354	0	6119	0	0	0	10287	0
527000	538	0	5751	0	0	0	9662	0
528000	568	0	5901	0	0	0	9512	0
529000	575	0	5805	0	0	0	9704	0
530000	447	0	5945	0	0	0	10035	0
531000	554	0	5852	0	0	0	9466	0
532000	548	0	5866	0	0	0	9268	0
533000	450	0	5820	0	0	0	9797	0
534000	536	0	5889	0	0	0	9854	0
535000	347	0	5868	0	0	0	10656	0
536000	631	0	5599	0	0	0	9389	0
537000	441	0	5992	0	0	0	9929	0
538000	587	0	5873	0	0	0	9700	0
539000	477	0	5961	0	0	0	9745	0
540000	480	0	5965	0	0	0	10186	0
541000	643	0	5729	0	0	0	10029	0
542000	645	0	5795	0	0	0	10032	0
543000	525	0	5917	0	0	0	10010	0
544000	472	0	5933	0	0	0	8913	0
545000	498	0	5945	0	0	0	9911	0
546000	484	0	5718	0	0	0	9391	0
547000	433	0	5859	0	0	0	9799	0
548000	423	0	5942	0	0	0	10032	0
549000	658	0	5663	0	0	0	10108	0
550000	687	0	5520	0	0	0	9628	0
551000	309	0	5990	0	0	0	10291	0
552000	638	0	5705	0	0	0	10054	0
553000	619	0	5657	0	0	0	9760	0
554000	622	0	5708	0	0	0	8815	0
555000	670	0	5631	0	0	0	9331	0
556000	688	0	5715	0	0	0	9419	0
557000	577	0	5711	0	0	0	9823	0
558000	389	0	6178	0	0	0	10345	0
559000	692	0	5841	0	0	0	9353	0
560000	440	0	5863	0	0	0	10309	0
561000	736	0	5699	0	0	0	9565	0
562000	488	0	5835	0	0	0	10521	0
563000	684	0	5671	0	0	0	9885	0
564000	531	0	5883	0	0	0	9729	0
565000	415	0	6026	0	0	0	9736	0
566000	449	0	5879	0	0	0	9695	0
567000	758	0	5647	0	0	0	9835	0
568000	656	0	5714	0	0	0	9715	0
569000	477	0	5807	0	0	0	9947	0
570000	659	0	5657	0	0	0	9493	0
571000	440	0	5958	0	0	0	10108	0
572000	634	0	5683	0	0	0	10366	0
573000	498	0	5896	0	0	0	9411	0
574000	565	0	5764	0	0	0	9953	0
575000	539	0	5879	0	0	0	9995	0
576000	468	0	5776	0	0	0	9752	0
577000	505	0	6036	0	0	0	9460	0
578000	608	0	5761	0	0	0	10008	0
579000	833	0	5542	0	0	0	8863	0
580000	545	0	5582	0	0	0	9128	0
581000	532	0	5850	0	0	0	10470	0
582000	446	0	6011	0	0	0	10508	0
583000	394	0	6050	0	0	0	9850	0
584000	612	0	5709	0	0	0	9809	0
585000	557	0	5641	0	0	0	10123	0
586000	412	0	5947	0	0	0	9894	0
587000	412	0	5961	0	0	0	9978	0
588000	524	0	5789	0	0	0	10145	0
589000	494	0	5767	0	0	0	9794	0
590000	455	0	5923	0	0	0	10263	0
591000	426	0	5841	0	0	0	10323	0
592000	520	0	5900	0	0	0	10237	0
593000	525	0	5700	0	0	0	10003	0
594000	484	0	5936	0	0	0	10162	0
595000	492	0	5879	0	0	0	9111	0
596000	625	0	5655	0	0	0	9727	0
597000	590	0	5728	0	0	0	8609	0
598000	667	0	5677	0	0	0	8911	0
599000	514	0	5835	0	0	0	9429	0
600000	462	0	5852	0	0	0	10036	0
601000	646	0	5635	0	0	0	9708	0
602000	628	0	5608	0	0	0	9652	0
603000	712	0	5526	0	0	0	9926	0
604000	680	0	5626	0	0	0	9552	0
605000	485	0	5761	0	0	0	10065	0
606000	536	0	5870	0	0	0	9798	0
607000	477	0	5918	0	0	0	10039	0
608000	503	0	5958	0	0	0	10285	0
609000	504	0	5941	0	0	0	10214	0
610000	535	0	5750	0	0	0	9641	0
611000	636	0	5709	0	0	0	10476	0
612000	344	0	5999	0	0	0	10773	0
613000	560	0	5820	0	0	0	10049	0
614000	611	0	5751	0	0	0	9827	0
615000	706	0	5679	0	0	0	10045	0
616000	368	0	6119	0	0	0	10558	0
617000	486	0	5799	0	0	0	9709	0
618000	567	0	5616	0	0	0	9411	0
619000	320	0	6080	0	0	0	10004	0
620000	531	0	5811	0	0	0	10032	0
621000	453	0	5949	0	0	0	10799	0
622000	407	0	5922	0	0	0	10435	0
623000	526	0	5805	0	0	0	9752	0
624000	475	0	5836	0	0	0	9386	0
625000	499	0	6043	0	0	0	9792	0
626000	797	0	5686	0	0	0	9354	0
627000	420	0	5836	0	0	0	9785	0
628000	456	0	5831	0	0	0	9201	0
629000	642	0	5771	0	0	0	8844	0
630000	623	0	5720	0	0	0	9546	0
631000	402	0	6047	0	0	0	10878	0
632000	509	0	5888	0	0	0	10133	0
633000	448	0	5815	0	0	0	10058	0
634000	362	0	5961	0	0	0	10266	0
635000	383	0	5926	0	0	0	10028	0
636000	556	0	5788	0	0	0	10443	0
637000	619	0	5725	0	0	0	10062	0
638000	538	0	5965	0	0	0	9781	0
639000	570	0	5908	0	0	0	8754	0
640000	495	0	5915	0	0	0	9868	0
641000	443	0	5852	0	0	0	9553	0
642000	488	0	5859	0	0	0	9892	0
643000	773	0	5549	0	0	0	9431	0
644000	478	0	5873	0	0	0	10238	0
645000	361	0	6033	0	0	0	9848	0
646000	477	0	5775	0	0	0	9305	0
647000	613	0	5775	0	0	0	9798	0
648000	610	0	5968	0	0	0	10307	0
649000	552	0	5789	0	0	0	10356	0
650000	553	0	5697	0	0	0	9874	0
651000	472	0	5847	0	0	0	9168	0
652000	508	0	5988	0	0	0	10040	0
653000	456	0	5753	0	0	0	9717	0
654000	633	0	5802	0	0	0	9756	0
655000	543	0	5952	0	0	0	9140	0
656000	545	0	5789	0	0	0	9710	0
657000	282	0	5963	0	0	0	10074	0
658000	566	0	5772	0	0	0	9672	0
659000	518	0	5991	0	0	0	9971	0
660000	748	0	5565	0	0	0	9697	0
661000	600	0	5721	0	0	0	10006	0
662000	302	0	5835	0	0	0	10444	0
663000	548	0	5758	0	0	0	9717	0
664000	409	0	5924	0	0	0	10344	0
665000	636	0	5691	0	0	0	10770	0
666000	526	0	5842	0	0	0	9890	0
667000	574	0	5820	0	0	0	9984	0
668000	390	0	5898	0	0	0	10687	0
669000	489	0	6150	0	0	0	10638	0
670000	566	0	5800	0	0	0	9017	0
671000	557	0	5964	0	0	0	9522	0
672000	444	0	5808	0	0	0	9584	0
673000	574	0	5822	0	0	0	9760	0
674000	493	0	6012	0	0	0	9511	0
675000	756	0	5592	0	0	0	9982	0
676000	423	0	5969	0	0	0	9499	0
677000	425	0	5887	0	0	0	10606	0
678000	473	0	5724	0	0	0	9847	0
679000	461	0	5928	0	0	0	10134	0
680000	618	0	5895	0	0	0	10083	0
681000	471	0	5732	0	0	0	10422	0
682000	498	0	5907	0	0	0	9921	0
683000	499	0	5794	0	0	0	10336	0
684000	709	0	5596	0	0	0	9260	0
685000	331	0	5883	0	0	0	9964	0
686000	599	0	5682	0	0	0	9152	0
687000	675	0	5644	0	0	0	9520	0
688000	367	0	5830	0	0	0	9835	0
689000	612	0	5822	0	0	0	9577	0
690000	490	0	5812	0	0	0	10253	0
691000	472	0	6020	0	0	0	10313	0
692000	582	0	5723	0	0	0	9303	0
693000	396	0	5759	0	0	0	10229	0
694000	524	0	5813	0	0	0	9893	0
695000	514	0	5740	0	0	0	10188	0
696000	558	0	5868	0	0	0	9513	0
697000	567	0	5833	0	0	0	9687	0
698000	619	0	5885	0	0	0	9856	0
699000	731	0	5704	0	0	0	9324	0
700000	552	0	5677	0	0	0	9310	0
701000	478	0	5761	0	0	0	9347	0
702000	643	0	5747	0	0	0	9633	0
703000	647	0	5646	0	0	0	9931	0
704000	509	0	5914	0	0	0	9224	0
705000	453	0	5944	0	0	0	10039	0
706000	579	0	5734	0	0	0	9755	0
707000	573	0	5574	0	0	0	9006	0
708000	416	0	5925	0	0	0	10400	0
709000	737	0	5634	0	0	0	9675	0
710000	434	0	5800	0	0	0	9771	0
711000	678	0	5703	0	0	0	9202	0
712000	578	0	5837	0	0	0	9583	0
713000	390	0	5973	0	0	0	10484	0
714000	485	0	5765	0	0	0	9298	0
715000	384	0	6027	0	0	0	9991	0
716000	519	0	5818	0	0	0	9354	0
717000	488	0	5720	0	0	0	9413	0
718000	530	0	5729	0	0	0	9246	0
719000	337	0	5901	0	0	0	10022	0
720000	445	0	5790	0	0	0	10290	0
721000	476	0	5952	0	0	0	10172	0
722000	509	0	5831	0	0	0	10396	0
723000	339	0	5985	0	0	0	10525	0
724000	327	0	5892	0	0	0	9761	0
725000	551	0	5949	0	0	0	9777	0
726000	425	0	5922	0	0	0	9864	0
727000	470	0	5761	0	0	0	10013	0
728000	409	0	5958	0	0	0	9207	0
729000	380	0	5826	0	0	0	10139	0
730000	348	0	6161	0	0	0	9821	0
731000	526	0	5783	0	0	0	9767	0
732000	576	0	5785	0	0	0	9813	0
733000	663	0	5705	0	0	0	8889	0
734000	418	0	5960	0	0	0	10707	0
735000	512	0	5868	0	0	0	10563	0
736000	403	0	5951	0	0	0	10247	0
737000	586	0	5730	0	0	0	9376	0
738000	616	0	5614	0	0	0	9718	0
739000	540	0	5838	0	0	0	9703	0
740000	471	0	5865	0	0	0	10425	0
741000	622	0	5762	0	0	0	9108	0
742000	383	0	6121	0	0	0	9876	0
743000	451	0	5882	0	0	0	9814	0
744000	558	0	5782	0	0	0	9983	0
745000	556	0	5733	0	0	0	10038	0
746000	503	0	5884	0	0	0	11109	0
747000	570	0	5851	0	0	0	9440	0
748000	392	0	5766	0	0	0	10755	0
749000	446	0	5737	0	0	0	9793	0
750000	587	0	5717	0	0	0	9829	0
751000	520	0	5842	0	0	0	9595	0
752000	522	0	5625	0	0	0	10084	0
753000	518	0	5804	0	0	0	9759	0
754000	431	0	6120	0	0	0	9741	0
755000	574	0	5835	0	0	0	9716	0
756000	664	0	5749	0	0	0	9480	0
757000	459	0	5929	0	0	0	9761	0
758000	602	0	5895	0	0	0	9657	0
759000	491	0	5789	0	0	0	9924	0
760000	516	0	5851	0	0	0	9201	0
761000	453	0	6007	0	0	0	9829	0
762000	389	0	6069	0	0	0	10178	0
763000	528	0	5763	0	0	0	9560	0
764000	463	0	5865	0	0	0	10037	0
765000	524	0	5897	0	0	0	10113	0
766000	456	0	5899	0	0	0	10993	0
767000	477	0	5890	0	0	0	9752	0
768000	743	0	5576	0	0	0	9348	0
769000	445	0	5893	0	0	0	10127	0
770000	600	0	5563	0	0	0	10298	0
771000	454	0	5877	0	0	0	10280	0
772000	462	0	5915	0	0	0	11076	0
773000	455	0	5783	0	0	0	10562	0
774000	498	0	5923	0	0	0	10485	0
775000	298	0	6045	0	0	0	10365	0
776000	509	0	5886	0	0	0	9683	0
777000	567	0	5754	0	0	0	9671	0
778000	532	0	5680	0	0	0	9855	0
779000	721	0	5684	0	0	0	9409	0
780000	563	0	5857	0	0	0	9678	0
781000	447	0	5894	0	0	0	9799	0
782000	513	0	5789	0	0	0	9424	0
783000	413	0	5864	0	0	0	9855	0
784000	447	0	5809	0	0	0	9078	0
785000	375	0	5927	0	0	0	10431	0
786000	633	0	5730	0	0	0	9366	0
787000	598	0	5833	0	0	0	9263	0
788000	782	0	5676	0	0	0	9642	0
789000	632	0	5743	0	0	0	9582	0
790000	610	0	5647	0	0	0	9618	0
791000	429	0	5731	0	0	0	9919	0
792000	409	0	5903	0	0	0	10148	0
793000	510	0	5861	0	0	0	10041	0
794000	675	0	5676	0	0	0	9181	0
795000	572	0	5732	0	0	0	9800	0
796000	399	0	5969	0	0	0	9844	0
797000	357	0	5795	0	0	0	9742	0
798000	542	0	5750	0	0	0	9750	0
799000	357	0	5935	0	0	0	10415	0
800000	610	0	5634	0	0	0	9664	0
801000	508	0	5868	0	0	0	9091	0
802000	444	0	5871	0	0	0	9202	0
803000	500	0	5861	0	0	0	9991	0
804000	436	0	5957	0	0	0	9995	0
805000	377	0	6028	0	0	0	10311	0
806000	681	0	5717	0	0	0	9503	0
807000	501	0	5876	0	0	0	9625	0
808000	405	0	6005	0	0	0	10533	0
809000	485	0	5694	0	0	0	9439	0
810000	412	0	5835	0	0	0	10169	0
811000	730	0	5709	0	0	0	9530	0
812000	521	0	5620	0	0	0	9533	0
813000	363	0	5990	0	0	0	9941	0
814000	529	0	5937	0	0	0	9883	0
815000	561	0	5927	0	0	0	9333	0
816000	593	0	5686	0	0	0	9541	0
817000	538	0	5885	0	0	0	10597	0
818000	429	0	6054	0	0	0	8956	0
819000	710	0	5721	0	0	0	9777	0
820000	379	0	5969	0	0	0	9491	0
821000	534	0	5865	0	0	0	10006	0
822000	440	0	5946	0	0	0	8993	0
823000	445	0	5863	0	0	0	9894	0
824000	329	0	5960	0	0	0	9900	0
825000	461	0	5766	0	0	0	9837	0
826000	781	0	5476	0	0	0	8437	0
827000	410	0	5740	0	0	0	9649	0
828000	381	0	6002	0	0	0	9969	0
829000	415	0	5810	0	0	0	10400	0
830000	443	0	5923	0	0	0	9454	0
831000	578	0	5776	0	0	0	8796	0
832000	381	0	5796	0	0	0	10230	0
833000	655	0	5741	0	0	0	9537	0
834000	398	0	5824	0	0	0	9908	0
835000	496	0	5827	0	0	0	9928	0
836000	630	0	5636	0	0	0	9724	0
837000	406	0	5959	0	0	0	10009	0
838000	580	0	5750	0	0	0	9934	0
839000	609	0	5711	0	0	0	10101	0
840000	495	0	5698	0	0	0	9687	0
841000	542	0	5659	0	0	0	9964	0
842000	495	0	5914	0	0	0	10081	0
843000	597	0	5755	0	0	0	10401	0
844000	596	0	5779	0	0	0	9459	0
845000	435	0	5963	0	0	0	9937	0
846000	625	0	5587	0	0	0	9225	0
847000	617	0	5785	0	0	0	9567	0
848000	567	0	5858	0	0	0	9664	0
849000	456	0	5884	0	0	0	9950	0
850000	698	0	5700	0	0	0	9831	0
851000	328	0	6002	0	0	0	11445	0
852000	309	0	5957	0	0	0	10226	0
853000	500	0	5940	0	0	0	9963	0
854000	647	0	5573	0	0	0	9924	0
855000	666	0	5692	0	0	0	9846	0
856000	314	0	5912	0	0	0	10675	0
857000	625	0	5884	0	0	0	9639	0
858000	357	0	5960	0	0	0	10056	0
859000	481	0	5761	0	0	0	9516	0
860000	484	0	5887	0	0	0	10102	0
861000	668	0	5789	0	0	0	9705	0
862000	594	0	5815	0	0	0	10675	0
863000	569	0	5855	0	0	0	9504	0
864000	437	0	5886	0	0	0	9780	0
865000	434	0	6000	0	0	0	10679	0
866000	451	0	5856	0	0	0	9782	0
867000	520	0	5999	0	0	0	9616	0
868000	537	0	5831	0	0	0	10146	0
869000	617	0	5756	0	0	0	9287	0
870000	421	0	5795	0	0	0	10478	0
871000	676	0	5784	0	0	0	9938	0
872000	740	0	5823	0	0	0	9153	0
873000	574	0	5820	0	0	0	10373	0
874000	473	0	5780	0	0	0	9490	0
875000	795	0	5629	0	0	0	9124	0
876000	582	0	5661	0	0	0	9712	0
877000	744	0	5646	0	0	0	9050	0
878000	473	0	5791	0	0	0	9755	0
879000	618	0	5784	0	0	0	8806	0
880000	361	0	6163	0	0	0	10026	0
881000	440	0	5829	0	0	0	10083	0
882000	465	0	5834	0	0	0	10625	0
883000	547	0	5742	0	0	0	9566	0
884000	541	0	5873	0	0	0	9792	0
885000	284	0	6013	0	0	0	9782	0
886000	598	0	5779	0	0	0	9853	0
887000	579	0	5639	0	0	0	9956	0
888000	515	0	5815	0	0	0	9389	0
889000	709	0	5711	0	0	0	9506	0
890000	686	0	5570	0	0	0	9865	0
891000	575	0	5789	0	0	0	9662	0
892000	485	0	5773	0	0	0	9796	0
893000	555	0	5852	0	0	0	9844	0
894000	728	0	5725	0	0	0	10506	0
895000	643	0	5599	0	0	0	9103	0
896000	597	0	5754	0	0	0	8942	0
897000	480	0	5855	0	0	0	9828	0
898000	557	0	5828	0	0	0	10199	0
899000	604	0	5616	0	0	0	9518	0
900000	497	0	5657	0	0	0	9240	0
901000	469	0	5930	0	0	0	10320	0
902000	500	0	5950	0	0	0	9921	0
903000	536	0	5623	0	0	0	10018	0
904000	534	0	5745	0	0	0	9377	0
905000	565	0	5743	0	0	0	9565	0
906000	423	0	5894	0	0	0	9647	0
907000	640	0	5860	0	0	0	9309	0
908000	498	0	5920	0	0	0	10367	0
909000	843	0	5426	0	0	0	8781	0
910000	781	0	5524	0	0	0	9365	0
911000	553	0	5762	0	0	0	9943	0
912000	597	0	5793	0	0	0	9789	0
913000	537	0	5749	0	0	0	9398	0
914000	377	0	5907	0	0	0	10152	0
915000	411	0	5990	0	0	0	10097	0
916000	524	0	5823	0	0	0	9629	0
917000	536	0	5934	0	0	0	9668	0
918000	743	0	5455	0	0	0	9042	0
919000	681	0	5749	0	0	0	8983	0
920000	444	0	5886	0	0	0	10315	0
921000	385	0	5936	0	0	0	10108	0
922000	539	0	5768	0	0	0	9032	0
923000	354	0	5921	0	0	0	9983	0
924000	408	0	5836	0	0	0	9919	0
925000	826	0	5628	0	0	0	9134	0
926000	445	0	5804	0	0	0	9554	0
927000	512	0	5829	0	0	0	10432	0
928000	503	0	5900	0	0	0	10086	0
929000	512	0	5807	0	0	0	10119	0
930000	326	0	6061	0	0	0	11322	0
931000	610	0	5695	0	0	0	9451	0
932000	500	0	6019	0	0	0	10142	0
933000	558	0	5842	0	0	0	9685	0
934000	565	0	5847	0	0	0	9834	0
935000	628	0	5748	0	0	0	9844	0
936000	424	0	5895	0	0	0	10224	0
937000	631	0	5577	0	0	0	8666	0
938000	455	0	6131	0	0	0	10209	0
939000	578	0	5685	0	0	0	9332	0
940000	580	0	5737	0	0	0	9680	0
941000	453	0	5900	0	0	0	9974	0
942000	531	0	5671	0	0	0	9126	0
943000	580	0	5767	0	0	0	9689	0
944000	398	0	5806	0	0	0	9946	0
945000	459	0	5812	0	0	0	9728	0
946000	400	0	5955	0	0	0	10086	0
947000	448	0	5859	0	0	0	9991	0
948000	415	0	6047	0	0	0	9345	0
949000	827	0	5573	0	0	0	9462	0
950000	546	0	5701	0	0	0	9633	0
951000	451	0	6017	0	0	0	9899	0
952000	393	0	5856	0	0	0	9394	0
953000	719	0	5759	0	0	0	9743	0
954000	586	0	5690	0	0	0	9284	0
955000	444	0	5822	0	0	0	9089	0
956000	406	0	5887	0	0	0	9675	0
957000	504	0	5931	0	0	0	9309	0
958000	553	0	5780	0	0	0	10150	0
959000	497	0	5776	0	0	0	9484	0
960000	475	0	5846	0	0	0	10558	0
961000	429	0	5979	0	0	0	9935	0
962000	556	0	5814	0	0	0	9625	0
963000	667	0	5597	0	0	0	10688	0
964000	690	0	5755	0	0	0	8744	0
965000	576	0	5918	0	0	0	10359	0
966000	462	0	5832	0	0	0	10379	0
967000	603	0	5837	0	0	0	9463	0
968000	439	0	5839	0	0	0	10957	0
969000	493	0	5827	0	0	0	10720	0
970000	433	0	5919	0	0	0	10396	0
971000	628	0	5768	0	0	0	9565	0
972000	490	0	5890	0	0	0	9517	0
973000	598	0	5660	0	0	0	9768	0
974000	517	0	5794	0	0	0	9327	0
975000	340	0	5907	0	0	0	10810	0
976000	539	0	5886	0	0	0	9655	0
977000	481	0	6000	0	0	0	9448	0
978000	555	0	5650	0	0	0	9755	0
979000	640	0	5778	0	0	0	9620	0
980000	511	0	5863	0	0	0	10015	0
981000	328	0	6163	0	0	0	9659	0
982000	511	0	5750	0	0	0	9360	0
983000	412	0	5855	0	0	0	9825	0
984000	514	0	5766	0	0	0	9940	0
985000	607	0	5685	0	0	0	9986	0
986000	452	0	5763	0	0	0	10066	0
987000	653	0	5649	0	0	0	9412	0
988000	486	0	5753	0	0	0	9936	0
989000	483	0	5802	0	0	0	10022	0
990000	567	0	5779	0	0	0	9207	0
991000	641	0	5617	0	0	0	9594	0
992000	510	0	5867	0	0	0	9729	0
993000	507	0	5832	0	0	0	9734	0
994000	447	0	5798	0	0	0	9552	0
995000	639	0	5611	0	0	0	9749	0
996000	503	0	5843	0	0	0	10053	0
997000	601	0	5705	0	0	0	9750	0
998000	599	0	5608	0	0	0	9941	0
999000	481	0	6018	0	0	0	9271	0
