0	0	0	0	14400	0	0	0	0
1000	5	325	348	13269	90	40	37045	470
2000	15	300	349	13181	108	92	36910	518
3000	9	356	385	13153	53	70	37458	397
4000	5	316	367	13256	63	49	38145	264
5000	14	327	496	12975	68	85	36117	395
6000	7	324	318	13292	44	76	36683	210
7000	16	386	455	13071	24	66	37180	247
8000	19	352	393	13211	13	49	39054	222
9000	11	340	412	13228	9	2	37029	34
10000	16	271	338	13409	15	4	38918	84
11000	12	330	270	13428	11	1	38455	42
12000	8	347	316	13366	9	0	39348	23
13000	7	340	389	13267	4	0	37332	23
14000	8	336	374	13291	0	11	35845	11
15000	17	343	433	13157	0	33	38303	19
16000	3	317	382	13319	0	4	39065	22
17000	10	327	276	13458	0	3	38388	0
18000	8	321	311	13320	116	4	38632	267
19000	9	333	299	13368	39	4	37919	149
20000	4	336	301	13383	41	0	37677	90
21000	9	344	373	13293	21	1	37961	96
22000	4	302	300	13451	9	4	38236	76
23000	4	319	351	13356	0	10	37702	10
24000	7	344	346	13326	0	6	37656	7
25000	15	320	339	13374	0	1	37743	0
26000	5	333	319	13295	83	24	37047	366
27000	16	334	441	13059	69	49	38201	457
28000	6	324	434	13097	57	53	37421	398
29000	16	323	371	13238	74	16	36165	230
30000	19	320	308	13294	79	49	37492	346
31000	13	340	338	13220	44	78	36683	247
32000	15	334	282	13369	55	38	36638	234
33000	19	315	364	13251	40	43	38848	180
34000	10	371	299	13369	15	32	36378	226
35000	11	323	372	13279	9	25	38234	189
36000	14	342	397	13218	35	20	38513	145
37000	7	343	350	13269	17	31	38506	85
38000	11	308	338	13368	20	28	38040	130
39000	10	340	240	13436	3	57	38614	163
40000	11	353	317	13315	20	37	36928	145
41000	12	321	329	13321	8	33	37054	125
42000	7	338	345	13357	0	14	37571	71
43000	6	376	331	13201	118	0	37025	252
44000	14	362	551	12856	92	39	37387	436
45000	21	309	438	13062	23	104	37091	248
46000	12	318	436	13098	9	130	38602	285
47000	8	301	375	13129	7	165	39499	427
48000	6	311	380	13136	21	169	36607	512
49000	7	345	497	12921	33	145	37971	523
50000	15	367	342	13205	60	75	37332	299
51000	18	325	385	13171	23	102	37643	308
52000	11	319	425	13084	53	112	36412	656
53000	10	339	467	13018	42	113	38190	436
54000	6	330	316	13254	62	112	37053	400
55000	8	308	406	13077	53	119	36545	491
56000	12	338	395	13171	31	76	37619	258
57000	3	315	401	13166	28	129	38383	311
58000	18	359	382	13034	52	155	36084	450
59000	8	302	389	13136	52	151	36730	619
60000	11	306	329	13188	47	155	38148	640
61000	18	319	356	13100	90	134	37881	598
62000	13	315	360	13207	32	135	37044	437
63000	7	357	381	13119	22	148	37190	436
64000	9	328	291	13237	53	120	37290	447
65000	9	329	470	12919	101	161	37291	667
66000	7	363	310	13198	69	142	37954	682
67000	9	312	377	13113	83	135	37645	455
68000	4	329	281	13303	8	147	38259	460
69000	7	340	371	13187	18	100	38513	367
70000	4	357	288	13318	15	127	36849	429
71000	19	332	457	13075	25	99	37561	257
72000	6	318	353	13142	34	192	37909	412
73000	10	278	324	13234	57	178	38216	676
74000	13	313	377	13064	28	232	37720	703
75000	10	372	322	13104	24	208	38528	712
76000	4	324	326	13136	24	261	37061	609
77000	8	330	316	13097	71	219	37195	721
78000	9	321	376	12993	17	330	37306	913
79000	12	316	378	13035	15	278	36921	677
80000	9	327	411	12990	19	284	37104	799
81000	13	303	346	13056	41	301	36469	983
82000	6	331	418	12874	76	277	36779	816
83000	10	288	381	12944	82	274	37946	1054
84000	14	346	360	12817	107	401	36972	1272
85000	11	288	356	12894	162	331	36342	1453
86000	23	278	394	12838	149	346	38296	1456
87000	10	305	377	12959	128	260	36642	994
88000	10	336	366	13112	81	109	36231	536
89000	23	359	348	13170	30	129	37503	391
90000	13	286	347	13193	49	164	38724	578
91000	11	360	406	13005	88	119	37342	502
92000	15	367	407	12943	103	160	37127	557
93000	7	335	455	12933	17	225	37895	716
94000	5	348	348	13117	0	222	37541	596
95000	7	375	303	13150	2	229	37908	797
96000	11	329	363	13124	25	155	38070	506
97000	1	334	332	13174	5	189	38629	438
98000	8	281	306	13314	26	136	37964	554
99000	16	288	346	13296	23	86	37263	334
100000	7	273	398	13235	0	96	37124	323
101000	5	359	295	13263	0	116	36871	360
102000	8	300	303	13291	6	177	36101	403
103000	8	328	389	13135	3	163	36898	518
104000	7	292	365	13207	0	153	39059	478
105000	10	358	322	13252	2	117	36951	275
106000	15	327	435	13075	1	165	37844	418
107000	8	339	340	13204	12	136	36538	346
108000	8	358	380	13220	0	73	36401	276
109000	5	365	352	13279	0	50	37203	76
110000	10	333	330	13349	0	40	37569	92
111000	11	343	361	13288	1	39	38899	42
112000	6	307	365	13305	20	14	37606	80
113000	9	317	421	13280	21	4	38272	104
114000	3	345	282	13450	17	1	38406	15
115000	10	326	300	13434	2	1	36697	13
116000	8	358	334	13195	129	3	37260	466
117000	20	318	434	13080	107	12	38038	325
118000	15	331	467	13037	100	49	39075	252
119000	15	352	415	13066	105	58	37019	551
120000	23	317	426	13077	121	45	37428	448
121000	14	318	421	13166	21	71	37767	265
122000	15	307	357	13299	21	39	37845	256
123000	3	308	399	13264	0	35	38962	25
124000	8	318	377	13298	11	45	38027	104
125000	13	338	342	13281	8	75	38283	229
126000	5	323	235	13400	0	108	38815	368
127000	9	287	424	13132	13	128	36771	267
128000	13	340	324	13193	10	200	37420	437
129000	5	328	396	12994	24	270	35678	845
130000	9	349	371	13017	9	261	36769	689
131000	9	333	404	13014	39	193	36969	600
132000	9	307	342	13054	36	288	37435	924
133000	5	341	400	12828	59	364	36554	1082
134000	7	357	314	12867	112	401	37492	1254
135000	5	307	320	12977	105	322	37417	1197
136000	16	319	396	12863	67	355	36150	1175
137000	14	342	366	12894	73	330	36614	909
138000	10	339	419	12849	76	321	36634	1023
139000	4	286	341	12966	77	361	36907	1128
140000	7	391	333	12934	91	329	35755	1122
141000	13	302	496	12647	89	394	37169	1251
142000	7	323	280	13066	79	345	37677	1301
143000	12	353	316	12957	104	342	38471	1255
144000	8	401	359	12815	48	412	36830	1370
145000	13	344	460	12748	34	367	36243	1204
146000	14	348	352	12906	41	399	36280	1278
147000	8	298	342	12961	28	408	35979	1266
148000	9	346	281	13033	16	361	35915	1237
149000	11	323	345	13069	14	309	36617	934
150000	9	307	357	13091	7	300	36017	959
151000	22	290	380	12988	14	307	37306	986
152000	16	316	489	12856	15	267	37559	857
153000	4	313	397	12949	7	344	37570	977
154000	9	330	352	12997	16	337	37360	863
155000	14	299	388	12932	11	409	36606	1101
156000	6	321	320	13039	9	388	37533	928
157000	2	321	376	12882	16	414	37493	1014
158000	13	361	371	12890	17	358	36474	949
159000	4	309	563	12541	45	428	35870	1290
160000	16	292	371	13032	43	304	38425	885
161000	9	334	318	12994	58	345	36744	948
162000	10	319	478	12689	74	403	38258	1230
163000	9	311	470	12680	80	437	35616	1431
164000	12	346	399	12720	84	450	35740	1618
165000	11	331	303	12842	79	502	35960	1783
166000	6	292	315	12805	29	605	35410	1727
167000	6	322	258	12914	34	550	36673	1957
168000	10	332	341	12854	45	466	37112	1361
169000	6	337	277	12896	67	496	35332	1528
170000	13	263	336	12917	77	456	38365	1490
171000	4	356	325	12862	52	461	36059	1244
172000	6	341	372	12798	41	456	36604	1172
173000	10	349	420	12732	39	456	36026	1461
174000	7	344	389	12755	59	475	36537	1356
175000	12	319	342	12730	80	517	37399	1240
176000	7	333	296	12938	64	422	36232	1600
177000	8	345	386	12764	105	407	37455	1355
178000	10	400	314	12829	128	429	34861	1212
179000	9	364	408	12636	102	458	35934	1575
180000	9	296	441	12750	100	388	37011	1194
181000	10	281	447	12863	132	290	37070	1228
182000	7	334	343	12981	105	273	36812	1174
183000	7	363	353	12858	107	335	36185	1105
184000	13	285	414	12890	133	303	36980	1055
185000	10	361	396	12698	147	367	36460	1343
186000	14	319	358	12727	187	455	36012	1632
187000	5	325	295	12851	211	418	36498	1749
188000	20	370	332	12531	204	611	35898	2289
189000	8	300	360	12415	239	680	35596	2481
190000	10	327	368	12583	107	628	34639	2161
191000	11	329	420	12470	148	638	36294	2152
192000	19	351	522	12342	183	532	34696	2218
193000	20	351	338	12512	234	598	35011	2132
194000	15	311	354	12647	184	547	35988	1714
195000	10	329	376	12664	143	475	37378	1632
196000	15	334	410	12482	174	564	36992	2009
197000	8	309	419	12480	169	614	36283	2319
198000	11	336	293	12457	173	814	35841	2893
199000	13	343	320	12416	116	834	34963	2518
200000	24	331	379	12165	166	948	35469	3131
201000	22	337	381	12066	335	911	33516	3195
202000	9	315	371	11887	418	1033	34038	3915
203000	15	335	327	11965	425	973	33648	4237
204000	11	332	300	11959	318	1137	34122	4095
205000	16	316	375	11922	379	1023	33404	4049
206000	15	344	397	11846	398	1024	34127	4163
207000	19	340	418	11761	481	1010	34249	3884
208000	13	328	443	11743	346	1083	34899	3769
209000	8	309	384	11795	358	1181	33343	4104
210000	7	344	420	11764	202	1259	33039	4180
211000	9	303	346	11823	350	1212	34455	4226
212000	21	310	311	11945	247	1222	32902	4341
213000	13	303	336	11803	335	1242	33473	4382
214000	22	332	358	11601	373	1348	33427	4607
215000	18	288	350	11590	308	1465	34368	5097
216000	19	281	386	11676	305	1386	34695	4494
217000	13	310	344	11641	235	1509	33422	4870
218000	15	336	325	11546	222	1641	33784	5214
219000	6	325	350	11657	313	1374	33712	4878
220000	11	345	331	11854	330	1175	35198	4279
221000	21	343	354	11562	356	1375	32885	4748
222000	16	312	355	11769	361	1241	32281	4789
223000	26	336	392	11485	480	1268	32612	4478
224000	12	280	356	11508	437	1420	32899	5375
225000	22	310	362	11283	523	1549	32308	5903
226000	25	306	368	11373	452	1500	33018	5508
227000	16	330	305	11301	547	1588	32106	5659
228000	18	316	329	11277	560	1535	32555	5894
229000	16	365	411	10964	553	1656	31517	5924
230000	30	299	344	11153	481	1766	32167	6124
231000	20	341	336	11158	434	1776	32648	6055
232000	21	305	328	11219	483	1659	30868	5634
233000	12	298	386	11215	335	1722	31545	5639
234000	12	302	395	11247	319	1769	31673	6098
235000	5	341	319	11280	334	1799	31511	5242
236000	28	357	492	11090	386	1597	31576	5459
237000	22	310	323	11250	335	1811	33418	5289
238000	17	307	328	11325	270	1804	32594	5763
239000	23	371	253	11266	372	1837	31539	6045
240000	20	311	374	11210	335	1739	33178	6104
241000	20	294	397	11342	380	1574	32743	5238
242000	16	317	293	11635	383	1420	33245	5145
243000	13	344	395	11506	267	1481	33076	4744
244000	16	317	319	11761	320	1328	33597	4296
245000	22	330	371	11673	403	1224	32778	4623
246000	18	330	384	11676	388	1233	34326	5112
247000	10	307	312	11718	378	1350	33539	5244
248000	20	342	346	11487	376	1474	32046	5288
249000	14	326	351	11792	382	1190	34495	4556
250000	20	369	370	11797	367	1133	33869	3665
251000	16	327	336	11964	273	1132	34302	4233
252000	14	355	260	11956	216	1286	34085	4246
253000	18	324	291	11974	177	1311	33376	4013
254000	12	338	319	11919	208	1245	34266	3976
255000	9	356	444	11746	154	1252	34986	4306
256000	10	329	441	11784	179	1274	33958	3858
257000	7	317	399	11930	137	1214	34662	3693
258000	12	345	403	11956	102	1211	34624	3454
259000	7	333	310	11983	154	1255	35346	4006
260000	13	340	328	11860	207	1357	33744	4374
261000	19	322	356	11705	331	1292	33337	4733
262000	21	330	468	11447	460	1252	33276	4656
263000	29	349	436	11476	477	1208	32699	4354
264000	19	347	374	11320	563	1366	33095	5580
265000	18	291	336	11659	470	1277	33000	4922
266000	17	284	446	11461	459	1344	32756	5055
267000	24	313	347	11507	586	1286	32327	5130
268000	15	321	304	11416	764	1249	32387	5503
269000	34	319	349	11184	692	1463	31890	5626
270000	17	293	332	11149	678	1596	31807	6433
271000	30	323	432	10778	908	1484	32488	6387
272000	42	296	431	10825	925	1470	30052	7251
273000	35	301	460	11037	853	1281	32312	5799
274000	34	368	408	11116	733	1324	31200	5983
275000	34	261	512	11252	631	1251	33023	5610
276000	27	325	318	11407	616	1342	33488	5490
277000	16	341	379	11192	625	1455	33230	6078
278000	18	315	307	11265	623	1532	31159	6333
279000	21	314	396	11044	658	1589	31387	6285
280000	21	282	382	11161	659	1510	31294	6183
281000	22	324	367	11443	574	1291	33231	5371
282000	16	318	350	11277	573	1484	33392	5906
283000	31	303	426	11231	569	1417	33184	5439
284000	32	306	407	11147	582	1514	31620	6341
285000	16	325	399	11319	581	1349	32542	5070
286000	31	315	314	11543	601	1220	32536	5460
287000	22	289	299	11552	575	1344	33788	5317
288000	18	305	312	11416	595	1387	32708	5606
289000	29	288	337	11437	641	1326	32238	5962
290000	19	309	377	11334	610	1381	32030	5792
291000	19	369	429	11147	695	1352	31521	5409
292000	16	301	392	11390	666	1230	31846	5720
293000	25	303	377	11315	665	1334	32182	5839
294000	26	333	412	11191	706	1354	31784	5503
295000	27	325	358	11121	817	1356	31407	5767
296000	27	316	347	11219	760	1405	32447	6035
297000	32	282	406	11172	839	1271	32022	5837
298000	20	282	407	11084	735	1452	32106	5891
299000	18	282	376	11155	552	1621	32372	6246
300000	24	308	504	10966	429	1685	32161	5782
301000	9	316	311	11372	467	1583	32633	5839
302000	16	288	468	11416	331	1435	34649	4642
303000	14	299	393	11418	411	1509	31890	5881
304000	16	300	381	11349	457	1522	32321	5164
305000	19	329	423	11413	501	1327	32956	5082
306000	12	342	404	11539	525	1202	33582	4091
307000	21	296	463	11553	576	1088	32664	4453
308000	45	306	360	11672	654	972	32808	4119
309000	19	292	332	11759	470	1154	33532	4353
310000	34	285	352	11726	408	1199	34338	4116
311000	14	281	357	11746	392	1230	33431	4405
312000	17	290	334	11659	389	1337	34418	4375
313000	16	341	299	11602	381	1428	32958	4571
314000	12	326	295	11716	459	1274	32696	4605
315000	21	324	395	11463	346	1450	33642	4716
316000	19	318	316	11626	276	1478	32886	4371
317000	18	351	445	11378	423	1400	33459	5385
318000	27	327	394	11321	402	1550	32991	5382
319000	15	312	367	11400	338	1602	32799	5166
320000	20	276	370	11289	513	1542	31916	5852
321000	16	322	412	11133	498	1601	33026	5739
322000	13	271	352	11387	415	1630	30842	5521
323000	18	314	386	11205	421	1667	32381	6357
324000	23	348	335	11200	658	1446	30691	6047
325000	21	297	427	11042	688	1535	30814	6409
326000	26	327	383	11079	587	1624	31679	5659
327000	20	369	353	11130	592	1593	31847	6595
328000	20	361	422	10981	579	1626	32150	5704
329000	18	308	370	11097	491	1764	31788	6369
330000	23	308	323	11259	429	1714	31951	6338
331000	25	319	327	11315	459	1592	32214	6054
332000	11	325	309	11384	404	1614	32492	6220
333000	14	328	338	11419	332	1604	32040	5680
334000	27	327	341	11379	426	1526	32090	5568
335000	14	315	406	11429	485	1393	33568	5386
336000	18	312	311	11510	437	1457	32012	5504
337000	17	320	298	11528	516	1381	31582	5677
338000	19	296	373	11494	565	1292	32635	5285
339000	26	358	441	11231	691	1246	31453	5056
340000	25	295	339	11501	641	1265	32390	5190
341000	19	304	340	11437	678	1265	32722	5827
342000	22	328	381	11222	758	1337	32998	5983
343000	21	297	338	11241	738	1394	31465	5953
344000	24	316	379	11241	748	1310	33476	6370
345000	30	305	355	11283	831	1238	31514	5731
346000	32	322	451	11050	771	1346	32552	6188
347000	26	327	354	10932	794	1598	32466	6649
348000	13	301	339	11159	678	1542	32027	6131
349000	24	314	390	11028	662	1569	31810	6235
350000	18	288	308	11230	583	1640	32392	5618
351000	12	349	291	11198	689	1547	32349	6527
352000	24	295	403	11013	639	1659	32433	6770
353000	26	323	434	10788	660	1740	31985	7684
354000	19	324	486	10879	602	1637	31405	6161
355000	25	317	281	11068	533	1849	30535	6602
356000	18	313	455	10804	643	1758	30985	7113
357000	16	318	416	11216	497	1538	32914	5907
358000	24	323	367	11429	435	1457	31856	5983
359000	28	268	404	11138	488	1705	32400	5365
360000	15	294	284	11378	473	1598	32113	5590
361000	17	321	315	11442	487	1480	32574	5637
362000	6	319	340	11330	404	1651	32830	5576
363000	23	335	387	11182	522	1618	33370	5640
364000	22	285	373	11273	603	1469	33260	5161
365000	18	292	310	10931	739	1764	30704	7263
366000	31	299	423	10725	783	1739	30706	7029
367000	41	294	365	10701	869	1731	30844	7316
368000	36	381	422	10638	762	1760	30826	6639
369000	24	299	353	10813	730	1802	32663	6735
370000	20	332	352	10731	737	1847	30976	7066
371000	41	305	391	10698	857	1734	31261	6970
372000	39	295	408	10689	907	1659	31797	6874
373000	27	331	359	10755	837	1739	32710	6888
374000	19	346	308	10790	735	1858	30714	7600
375000	23	312	265	10763	794	1934	30738	7443
376000	33	310	383	10655	758	1849	32247	7246
377000	24	294	315	10940	736	1759	32229	6744
378000	23	310	404	10620	787	1897	30319	7616
379000	25	302	361	10722	853	1762	31455	7597
380000	35	319	433	10733	680	1785	30183	6664
381000	25	348	399	10744	738	1737	30508	6969
382000	21	299	341	10875	795	1716	31030	6923
383000	30	361	320	10654	924	1756	28695	7045
384000	26	266	359	10573	754	2044	30375	7820
385000	26	312	356	10656	786	1889	31031	7802
386000	14	303	305	10910	748	1775	29100	6550
387000	27	319	364	10504	824	2002	29266	7878
388000	30	310	417	10720	747	1768	30083	7029
389000	22	361	321	10631	939	1825	29179	7609
390000	27	329	394	10651	957	1651	30545	7831
391000	27	289	396	10634	902	1773	30229	7033
392000	22	336	306	10757	706	1894	31190	7336
393000	25	299	353	10675	777	1899	31028	7954
394000	39	339	385	10419	756	2069	29786	8107
395000	18	315	368	10425	601	2264	29586	8194
396000	11	342	318	10715	505	2181	30507	8146
397000	24	330	380	10570	528	2186	30317	7025
398000	23	309	378	10846	479	2016	30854	7526
399000	14	356	327	10912	447	2003	30604	6124
400000	16	327	306	11202	456	1776	30597	6427
401000	15	330	362	11097	455	1776	32243	6342
402000	16	344	339	11265	470	1619	32312	5668
403000	11	345	336	11316	398	1612	31999	5756
404000	16	299	427	11398	273	1587	32993	5195
405000	11	353	289	11434	263	1722	32897	5687
406000	14	291	290	11306	359	1795	33820	5714
407000	14	339	303	11193	480	1747	33154	6388
408000	21	308	326	11436	437	1539	32384	5803
409000	21	342	422	11146	525	1539	32418	5499
410000	24	318	373	11398	455	1443	32518	4615
411000	29	283	326	11377	522	1499	32596	5072
412000	21	316	340	11387	558	1433	32684	5893
413000	20	311	365	11558	591	1229	32525	5080
414000	17	313	333	11604	462	1324	32281	5490
415000	9	333	302	11529	520	1332	32610	5510
416000	16	356	419	11240	457	1509	32939	5695
417000	20	306	357	11206	456	1698	31763	5795
418000	17	322	372	11469	440	1412	33153	5060
419000	30	329	453	11167	587	1361	31887	5498
420000	23	315	474	11047	786	1338	32083	5516
421000	35	348	384	11171	861	1230	32456	5578
422000	29	359	436	11296	706	1187	31374	5413
423000	27	296	553	11060	847	1159	31542	5900
424000	27	312	440	11287	831	1065	33036	5474
425000	32	328	372	11365	641	1292	32231	5363
426000	26	345	304	11449	629	1312	32729	5338
427000	23	305	301	11495	597	1334	31806	4962
428000	16	301	335	11833	371	1213	32471	4749
429000	12	276	443	11746	252	1290	32723	4002
430000	16	338	344	11828	357	1164	33390	3752
431000	16	290	287	12058	390	1021	35466	4302
432000	16	354	407	11725	400	1110	32973	4620
433000	15	342	367	11899	449	983	34785	4125
434000	17	301	281	12046	400	1024	35771	4324
435000	13	346	388	11921	337	1038	34641	3654
436000	22	365	371	11758	327	1206	34800	4130
437000	13	300	442	11737	255	1250	34545	3954
438000	17	320	379	11797	264	1252	33119	4156
439000	9	294	336	11936	305	1142	34793	4377
440000	11	282	356	11790	391	1216	33850	4292
441000	20	336	382	11843	281	1158	33373	4221
442000	24	322	362	11567	370	1379	33378	4548
443000	9	386	308	11597	243	1542	33114	5495
444000	11	343	362	11425	314	1598	33985	5296
445000	11	337	369	11249	349	1703	31924	6211
446000	10	285	335	11535	394	1540	32826	5255
447000	24	341	382	11155	390	1728	32332	5981
448000	30	316	337	11053	487	1813	32102	6940
449000	20	302	344	11241	456	1662	31354	6167
450000	25	305	443	11115	430	1700	31505	5626
451000	15	310	375	11296	545	1488	32218	5798
452000	22	332	300	11563	479	1384	32665	5251
453000	21	286	317	11689	448	1298	33520	5136
454000	23	309	357	11543	567	1271	32995	4672
455000	27	353	384	11506	347	1421	32308	4634
456000	18	336	288	11510	399	1505	32163	5318
457000	19	307	356	11441	362	1576	32060	5745
458000	15	264	342	11485	487	1434	34077	5235
459000	33	332	358	11000	577	1701	31567	6225
460000	16	280	368	11132	539	1697	31886	6295
461000	20	302	386	11115	585	1626	32369	5923
462000	29	313	351	11503	493	1341	33043	5533
463000	12	309	459	11576	442	1199	34581	4752
464000	6	308	336	11746	403	1285	32688	5103
465000	9	325	300	11924	295	1210	34366	4122
466000	13	275	349	11948	276	1195	35385	4061
467000	12	345	521	11727	185	1183	33548	3991
468000	13	316	398	11687	215	1355	34106	4258
469000	18	288	403	11866	204	1224	34119	3702
470000	23	330	341	11845	241	1231	34197	3642
471000	13	288	478	11963	177	1055	34747	3323
472000	28	336	481	11913	195	986	33747	3339
473000	16	311	410	12351	156	792	36002	2674
474000	18	343	416	12348	198	700	35374	2588
475000	14	310	280	12679	98	688	35942	2485
476000	9	322	314	12604	124	684	36708	2222
477000	7	332	298	12723	110	587	35955	1850
478000	13	305	261	12962	126	427	38111	1722
479000	10	325	364	12769	98	480	35830	1587
480000	9	326	392	12631	110	526	35972	1617
481000	20	313	352	12709	73	553	35627	1894
482000	9	325	353	12796	59	499	37392	1353
483000	11	343	280	12939	79	421	35947	1242
484000	9	331	430	12657	67	491	36849	1582
485000	22	315	314	12734	60	615	36589	1637
486000	15	356	336	12732	76	542	36063	1643
487000	4	351	367	12799	42	517	35778	1524
488000	12	316	375	12828	42	459	36194	1335
489000	8	308	310	12932	43	487	36264	1547
490000	13	297	401	12775	40	499	37057	1548
491000	7	305	325	12922	70	440	35650	1613
492000	16	349	367	12858	89	357	36589	1332
493000	10	380	410	12824	109	258	36507	809
494000	19	324	415	12919	73	273	37363	871
495000	14	318	400	12822	87	404	37674	1353
496000	14	321	327	12980	113	298	36146	1191
497000	17	309	318	12979	135	305	38206	1218
498000	13	368	307	12983	77	324	36367	1118
499000	12	354	336	12953	52	347	37307	977
500000	13	293	350	12891	141	330	37681	1226
501000	7	363	345	12791	167	386	36230	1740
502000	19	307	339	12834	81	442	37952	1282
503000	7	299	354	12743	167	466	37280	1917
504000	15	324	362	12725	101	493	37649	1655
505000	16	315	360	12732	117	536	34997	2094
506000	9	377	366	12594	102	568	33956	1961
507000	17	326	350	12739	129	513	36256	1499
508000	24	348	383	12518	122	582	35598	2067
509000	8	334	345	12505	83	729	35761	2048
510000	8	349	291	12624	93	694	35808	2160
511000	10	299	269	12682	134	655	36658	2390
512000	6	332	369	12454	203	686	36271	2700
513000	13	313	382	12388	183	751	35658	2056
514000	18	329	435	12286	193	705	35449	2701
515000	13	310	403	12204	205	844	35593	2790
516000	5	313	315	12328	143	973	35182	3332
517000	10	392	370	12202	93	936	33909	2608
518000	11	319	289	12502	124	839	35380	2728
519000	11	323	375	12315	158	851	34779	2666
520000	10	323	273	12623	160	707	34549	2318
521000	20	329	436	12462	117	626	35882	1838
522000	8	277	280	12696	143	666	36788	2604
523000	9	347	310	12501	138	746	36634	2371
524000	10	317	314	12540	100	807	35483	2650
525000	17	292	340	12533	97	762	34546	2207
526000	16	280	331	12719	111	584	35044	2086
527000	18	376	343	12612	130	555	35833	1942
528000	14	350	309	12513	122	758	34131	2435
529000	11	336	324	12482	152	762	34956	2241
530000	7	311	332	12400	172	838	35794	2626
531000	12	331	341	12511	127	739	35499	2355
532000	13	310	362	12505	92	730	37517	2222
533000	14	345	374	12563	106	614	34340	1797
534000	13	355	381	12574	134	580	35903	1947
535000	15	310	371	12546	161	631	37490	1856
536000	3	315	379	12648	198	479	37642	1881
537000	22	300	341	12583	239	534	37008	2140
538000	13	304	452	12464	230	504	38020	1967
539000	17	335	398	12659	282	367	35752	1830
540000	17	315	387	12701	195	370	35770	1867
541000	21	372	321	12715	172	450	35245	2079
542000	23	274	393	12819	196	322	37003	1766
543000	27	340	378	12789	189	299	36808	1667
544000	12	294	354	12967	102	338	35454	1527
545000	14	316	268	13001	78	373	36523	1354
546000	4	317	327	13017	95	309	37419	1224
547000	6	298	383	12924	79	359	38191	1144
548000	6	365	384	12905	50	344	36260	1063
549000	16	324	388	12826	109	350	36337	1179
550000	4	331	315	12850	150	443	37027	1687
551000	9	355	302	12874	158	366	35645	1387
552000	8	319	290	12959	158	366	36813	1167
553000	10	333	328	12756	255	376	36153	1474
554000	8	349	316	12710	166	522	35558	1936
555000	13	336	327	12685	203	539	35643	1788
556000	10	324	328	12548	241	600	35714	2201
557000	16	364	356	12510	358	479	35776	2068
558000	15	325	404	12344	419	522	35679	2519
559000	8	355	342	12605	365	397	34905	2582
560000	15	270	462	12402	323	500	35014	2370
561000	19	301	370	12330	389	619	34940	2877
562000	12	361	323	12387	381	574	33701	2298
563000	27	324	338	12286	402	634	35315	2801
564000	21	297	521	12120	297	689	35332	2738
565000	7	317	398	12421	232	619	34569	2376
566000	11	335	326	12645	158	567	35621	2241
567000	11	328	401	12621	118	550	35833	1749
568000	11	272	384	12735	113	535	37167	1613
569000	8	334	302	12853	158	441	36378	1577
570000	15	336	384	12574	236	473	36408	1880
571000	21	381	330	12498	274	527	35920	2411
572000	14	332	309	12723	187	482	36840	2213
573000	13	378	314	12657	171	533	36554	1760
574000	5	307	329	12721	85	669	35120	1971
575000	14	290	417	12667	64	562	36862	1786
576000	4	323	310	12696	76	664	37141	1868
577000	9	314	318	12608	184	645	35787	2202
578000	15	279	352	12665	151	591	36320	1886
579000	14	372	307	12749	173	471	36139	1854
580000	21	344	288	12828	120	472	34701	2182
581000	10	313	369	12738	118	473	36648	1525
582000	12	288	329	12986	151	288	36443	1189
583000	10	334	378	12722	146	423	35935	1639
584000	20	320	455	12654	109	468	35614	1547
585000	12	319	374	12849	85	411	37007	1368
586000	13	342	307	12980	72	341	37882	1085
587000	13	345	326	12890	112	337	37473	1074
588000	13	303	253	12981	149	386	37079	1484
589000	1	318	303	12939	177	329	37269	1595
590000	23	345	355	12802	139	335	37658	1375
591000	19	295	346	12873	152	360	37099	1446
592000	15	355	352	12710	175	429	36949	1408
593000	8	281	369	12762	99	531	35824	1661
594000	7	367	394	12845	105	309	35169	1355
595000	14	294	393	12822	184	294	37333	1186
596000	13	292	431	12732	215	302	35473	1320
597000	18	341	410	12703	241	328	34898	1740
598000	13	300	365	12761	218	361	38543	1395
599000	14	371	391	12710	125	401	36874	1398
600000	12	350	338	12788	172	367	35705	1479
601000	8	276	323	12959	134	346	38875	1357
602000	10	330	338	12984	105	290	35398	1058
603000	3	334	324	13095	86	233	37039	779
604000	12	376	347	13085	94	162	36307	576
605000	12	289	432	12989	94	140	36439	500
606000	14	300	423	13003	125	143	37201	853
607000	13	340	421	12999	102	144	37000	614
608000	9	329	345	13110	135	126	38233	465
609000	12	348	348	12989	136	187	36953	732
610000	10	327	338	13082	92	160	37731	947
611000	7	287	323	13091	119	234	38506	747
612000	5	318	305	12926	127	384	37191	1495
613000	4	295	313	13034	62	364	37411	1346
614000	9	292	366	12944	59	382	36160	1338
615000	13	333	409	12926	36	331	36318	945
616000	12	325	375	12845	34	411	36625	1077
617000	3	342	388	12829	80	400	37155	1652
618000	4	329	314	12939	76	430	37420	1501
619000	12	294	424	12723	79	466	36539	1635
620000	17	316	366	12954	46	353	37465	1239
621000	25	336	364	12856	71	369	36789	1349
622000	11	321	351	12986	66	306	37223	1003
623000	13	331	390	12888	85	320	35626	1258
624000	8	303	353	12941	62	382	36549	1184
625000	5	371	313	12940	62	400	35387	1201
626000	5	330	362	12872	77	404	36305	1048
627000	10	351	305	13032	75	319	36614	1183
628000	8	359	267	13062	82	304	36744	1085
629000	11	330	306	12916	75	425	38104	1255
630000	7	326	380	12841	44	437	36615	1271
631000	18	342	328	12833	44	464	36455	1503
632000	2	323	410	12807	50	465	36720	1337
633000	13	358	350	12806	57	476	36703	1260
634000	17	375	324	12828	44	471	36280	1641
635000	9	326	309	12883	74	437	37422	1227
636000	6	306	313	12946	78	414	37151	1181
637000	6	337	374	12901	56	370	36800	1448
638000	8	307	437	12846	89	306	37327	1174
639000	16	342	371	12893	101	273	36683	1113
640000	13	319	345	12989	102	283	36536	1253
641000	12	366	306	12913	102	342	35727	1120
642000	9	339	302	13025	91	308	36799	1126
643000	8	322	279	12959	96	420	37071	1572
644000	16	344	352	12868	123	326	36150	1365
645000	13	358	370	12884	113	306	35888	916
646000	13	299	360	13023	101	266	36320	1122
647000	7	385	360	12995	103	191	36706	913
648000	10	316	300	13043	114	286	37315	847
649000	10	339	308	13026	89	300	36239	854
650000	7	323	385	12908	68	323	37310	1269
651000	9	324	393	13001	19	284	37080	824
652000	9	310	349	13112	4	244	36874	674
653000	11	307	365	13104	14	224	39108	765
654000	9	311	344	13248	18	145	37019	456
655000	10	343	273	13265	35	165	36470	345
656000	5	373	272	13188	63	209	36252	769
657000	8	318	368	13060	68	203	37309	895
658000	15	351	388	13016	63	182	36873	636
659000	16	353	328	13015	78	255	37678	923
660000	19	307	352	12919	166	268	37432	1210
661000	8	350	350	12747	193	373	35426	1526
662000	12	318	271	12881	198	397	35409	1594
663000	8	299	351	12682	184	503	37525	1963
664000	9	369	337	12577	241	528	35014	1868
665000	13	314	315	12679	212	521	34612	2280
666000	12	283	370	12755	171	409	35577	1986
667000	9	339	307	12818	135	462	37227	1465
668000	15	349	327	12800	83	462	35510	1384
669000	1	318	328	12933	35	446	36156	1378
670000	12	315	355	12906	52	416	36646	1227
671000	8	317	319	12860	98	471	35913	1199
672000	10	301	350	12745	140	500	37369	1682
673000	15	385	395	12561	132	591	35877	1966
674000	15	304	380	12416	148	740	34826	2043
675000	6	338	358	12491	144	689	36741	2410
676000	8	349	410	12332	108	791	35033	2401
677000	18	339	434	12055	168	959	34221	3069
678000	20	330	397	12200	258	816	35531	3096
679000	10	349	363	12307	189	786	35565	2939
680000	8	331	317	12225	139	1035	34266	3139
681000	12	303	354	12116	176	1093	34238	3617
682000	10	321	348	11832	245	1276	33858	4225
683000	14	311	272	11922	233	1344	33241	4154
684000	18	325	337	11878	275	1246	32994	4259
685000	21	337	402	11850	279	1137	33272	4240
686000	15	387	339	11907	267	1136	32904	4071
687000	11	342	260	12120	206	1146	34415	3857
688000	12	290	270	12250	223	1066	34475	3624
689000	10	311	331	11926	187	1312	33117	4249
690000	11	318	376	11692	188	1419	33376	4232
691000	20	341	364	11511	309	1489	34097	4903
692000	23	369	362	11586	259	1392	33392	4837
693000	9	326	312	11718	269	1420	33912	4860
694000	13	315	331	11688	237	1478	33483	4633
695000	17	353	270	11861	258	1315	33334	4911
696000	14	302	364	11893	189	1237	34115	4177
697000	8	327	340	11913	183	1254	34403	3850
698000	8	336	295	11923	188	1328	34507	4367
699000	13	338	258	11728	266	1512	33800	4892
700000	15	294	359	11610	309	1455	33634	5070
701000	11	289	343	11753	312	1387	34353	4886
702000	17	343	314	11776	311	1301	33975	4398
703000	11	346	328	11869	267	1225	33635	4519
704000	19	305	343	11900	263	1200	35066	3933
705000	19	366	315	11685	313	1348	32712	4281
706000	16	315	322	11434	310	1651	31685	5433
707000	11	310	354	11550	393	1441	33177	5518
708000	18	269	323	11580	460	1410	32148	5515
709000	17	287	317	11527	435	1440	32964	4944
710000	25	304	374	11476	294	1541	33638	4881
711000	19	337	366	11493	379	1438	33045	5486
712000	17	328	286	11645	289	1488	32713	5377
713000	23	334	331	11524	310	1489	32994	5019
714000	9	294	378	11673	246	1442	32669	4853
715000	16	349	324	11715	309	1347	33722	4395
716000	21	339	345	11709	430	1208	32886	4516
717000	22	298	441	11591	352	1242	33389	4766
718000	28	277	516	11511	380	1224	33647	4889
719000	22	332	543	11590	318	1174	34559	3758
720000	17	281	413	11706	424	1169	33964	4162
721000	21	377	371	11607	446	1170	32726	4421
722000	13	293	404	11780	359	1178	34277	4567
723000	17	327	330	11532	472	1343	33372	4992
724000	29	338	363	11446	364	1465	31764	4911
725000	15	312	366	11499	482	1330	32575	4554
726000	20	343	366	11409	406	1479	32262	4958
727000	22	321	353	11332	497	1503	31294	5157
728000	17	329	331	11345	475	1542	32674	5669
729000	29	328	365	11355	508	1437	32502	5449
730000	16	333	343	11460	475	1402	32398	5314
731000	19	271	451	11249	576	1414	31880	5434
732000	15	356	397	11499	402	1363	31152	4475
733000	20	321	452	11348	464	1373	32672	4934
734000	25	353	398	11459	486	1287	33436	4895
735000	16	266	368	11433	609	1358	32690	5190
736000	11	302	347	11364	618	1389	31679	6150
737000	31	282	410	11196	542	1530	32184	5892
738000	27	340	418	10990	425	1841	30772	6075
739000	20	306	408	11180	340	1782	31780	5414
740000	9	309	353	11388	433	1527	32253	5688
741000	9	334	355	11466	427	1485	32297	4641
742000	18	315	304	11686	458	1277	32714	5411
743000	20	350	327	11640	443	1280	32400	4796
744000	21	357	448	11529	398	1218	32862	4662
745000	13	328	401	11923	440	914	34668	3796
746000	14	334	366	12121	377	845	33171	3207
747000	23	279	361	12185	300	872	35048	3213
748000	23	308	445	12083	311	836	34992	3425
749000	16	328	380	12198	297	813	34718	3537
750000	19	304	611	11971	333	697	35677	2941
751000	19	307	471	12299	264	591	34987	2474
752000	18	318	351	12475	228	651	35332	2519
753000	14	330	318	12607	169	646	35378	2501
754000	16	298	254	12620	163	709	36688	2508
755000	18	334	399	12325	171	785	34864	2246
756000	13	329	304	12605	163	660	35399	2241
757000	14	334	332	12513	112	736	36020	2231
758000	12	360	349	12440	84	798	35490	2479
759000	12	284	381	12345	104	877	35742	2987
760000	17	352	273	12554	114	761	35403	2639
761000	8	359	302	12501	122	771	34418	2489
762000	10	329	420	12431	122	742	33916	2431
763000	12	334	434	12321	149	777	34733	2577
764000	15	301	391	12483	161	655	37274	2422
765000	6	349	385	12447	209	601	36131	2158
766000	9	348	361	12487	194	619	35214	1849
767000	15	315	456	12467	110	615	37204	1891
768000	14	314	359	12597	126	628	34397	2125
769000	9	298	264	12723	103	688	36644	1836
770000	5	341	251	12901	116	482	36851	1737
771000	10	322	380	12706	70	545	36417	1665
772000	20	318	393	12623	69	608	36980	2024
773000	4	315	307	12790	86	583	35565	1787
774000	10	303	363	12610	81	645	34535	2129
775000	5	297	336	12629	97	685	36034	2068
776000	11	316	362	12493	108	744	35383	2252
777000	12	306	395	12428	127	751	34409	2460
778000	12	325	310	12421	120	863	36055	2834
779000	13	303	353	12406	86	842	36713	2751
780000	7	305	274	12392	183	915	35693	2828
781000	11	353	354	12304	158	890	34536	2653
782000	8	305	337	12305	249	868	33716	3526
783000	17	291	381	12209	225	897	35604	2832
784000	11	304	376	12195	187	974	35507	3151
785000	9	329	367	12062	201	1093	33892	3401
786000	21	358	372	11847	230	1182	34272	3539
787000	8	327	376	11788	220	1301	34272	4162
788000	13	337	357	11787	267	1279	32553	4029
789000	12	337	303	11877	267	1253	33712	3482
790000	13	333	272	12149	178	1137	33982	4169
791000	9	306	272	12347	173	955	33670	3731
792000	15	337	315	12181	156	1036	33471	3058
793000	11	345	345	12087	123	1114	33719	3318
794000	11	313	430	12065	201	962	35450	2763
795000	10	344	264	12310	179	967	34659	3056
796000	14	350	329	12206	159	993	35140	2850
797000	17	366	343	12238	124	955	35262	3005
798000	10	281	341	12262	202	965	35629	3146
799000	12	341	395	12129	197	925	35353	3388
800000	15	323	325	12414	155	807	35911	2634
801000	16	287	346	12473	166	757	34558	2363
802000	19	333	355	12494	130	697	35749	2101
803000	9	344	354	12421	58	861	35504	2493
804000	6	341	282	12550	63	824	36662	2353
805000	12	323	346	12256	66	1053	36391	3152
806000	17	358	332	12274	147	920	33934	2638
807000	16	351	348	12220	237	833	34811	3462
808000	19	273	400	12162	257	902	34694	2953
809000	14	346	390	11887	268	1106	33957	4102
810000	17	276	380	11799	325	1208	33774	4136
811000	17	302	345	11966	280	1143	33666	4507
812000	15	319	319	11863	257	1288	34285	4070
813000	19	301	352	12068	325	990	33853	3777
814000	12	318	412	11915	343	1013	33907	3792
815000	9	313	357	11873	318	1155	33674	3536
816000	11	335	339	12083	193	1065	34413	3477
817000	17	296	478	11862	229	1095	34185	3571
818000	14	350	410	11934	227	1100	33594	3509
819000	18	327	342	11934	265	1160	33462	3508
820000	7	303	296	11929	249	1303	33335	4014
821000	13	308	381	11626	323	1400	34082	4778
822000	13	350	299	11909	312	1198	34573	3698
823000	27	322	499	11762	269	1083	34192	4126
824000	20	365	396	11923	327	955	34085	3430
825000	10	321	378	12048	321	968	33315	3591
826000	14	317	396	12101	321	822	35628	3119
827000	13	319	421	12072	361	839	35787	3184
828000	15	324	383	12105	311	882	34706	3623
829000	8	324	371	12335	256	741	35835	2426
830000	19	307	422	12485	220	535	36706	2214
831000	13	338	373	12493	231	615	35906	2352
832000	11	348	331	12768	209	386	36515	1847
833000	16	319	317	12835	135	426	37450	1633
834000	3	309	329	12873	133	398	37053	1344
835000	8	359	340	12713	186	457	34307	1696
836000	16	282	333	12641	213	570	35543	2477
837000	9	362	394	12440	127	709	34207	2262
838000	16	316	324	12538	176	653	35688	2790
839000	12	360	290	12653	161	610	36212	2025
840000	15	349	392	12665	195	414	35909	1683
841000	12	292	321	12715	227	480	37039	1833
842000	10	338	351	12679	170	487	36167	1919
843000	18	317	283	12779	157	538	36394	2361
844000	10	334	294	12747	172	516	36081	2216
845000	14	326	280	12712	85	644	35895	2205
846000	3	306	380	12525	123	727	34988	2211
847000	15	312	358	12505	176	660	34607	2755
848000	13	330	402	12469	152	618	35945	2330
849000	12	308	337	12605	99	724	35652	2475
850000	10	352	401	12481	107	674	36347	2045
851000	11	341	366	12658	74	593	36871	1679
852000	9	372	245	12959	80	450	36520	1610
853000	8	325	338	12742	75	541	36073	1625
854000	5	296	304	12816	92	552	35906	1696
855000	6	306	265	12928	66	511	36768	1882
856000	4	337	275	12748	113	597	35814	2022
857000	8	391	390	12518	89	591	36183	1962
858000	12	332	356	12711	87	558	35726	1775
859000	12	315	419	12564	83	596	35872	2146
860000	11	295	389	12594	67	656	36441	2323
861000	12	357	349	12678	69	604	36214	1892
862000	8	339	332	12793	90	484	36235	1454
863000	9	334	341	12860	51	443	37308	1416
864000	10	372	307	12944	56	358	35321	1200
865000	11	334	308	13001	43	346	35930	1297
866000	12	312	358	12848	44	433	36174	1315
867000	8	354	401	12838	86	279	37122	1238
868000	10	334	336	12966	98	286	36779	1268
869000	9	318	401	12865	101	321	35950	915
870000	9	278	371	12962	123	321	37142	1561
871000	13	291	426	12854	94	339	36906	957
872000	21	333	323	12907	127	345	36699	1474
873000	8	338	268	13037	111	311	36699	938
874000	6	373	312	12910	106	356	37777	1094
875000	10	311	375	12937	119	298	37299	1367
876000	13	349	370	12988	53	258	37138	1031
877000	3	330	330	13050	88	267	36262	1159
878000	13	319	440	12814	118	281	36654	1024
879000	5	350	303	13040	137	237	38081	1110
880000	8	297	337	12937	114	357	36819	1334
881000	16	354	408	12817	92	285	37896	1244
882000	6	326	366	12840	66	437	37018	1445
883000	13	338	395	12696	46	516	36441	1353
884000	8	345	350	12724	51	583	36255	1596
885000	12	314	416	12584	123	531	35595	1697
886000	15	364	415	12424	118	682	36022	1937
887000	15	335	411	12437	171	636	35858	2290
888000	10	293	368	12404	184	796	34295	2673
889000	14	286	382	12317	239	772	36152	2810
890000	11	356	393	12333	174	733	36504	2604
891000	11	307	372	12508	164	663	35568	2340
892000	9	330	287	12730	97	614	36133	2047
893000	6	367	268	12816	86	579	35181	1825
894000	10	363	300	12735	96	553	36501	2036
895000	13	331	350	12648	58	618	35247	1927
896000	10	292	398	12706	62	557	37160	1404
897000	10	285	350	12851	78	423	36843	1407
898000	6	281	362	12914	20	473	38448	1308
899000	12	320	331	12826	39	529	36952	1760
900000	5	312	346	12683	51	629	36395	1717
901000	15	352	344	12667	93	556	36880	1597
902000	12	361	382	12573	38	636	36390	1658
903000	2	329	282	12796	41	671	36236	2038
904000	9	341	351	12721	71	562	36246	1741
905000	19	349	326	12618	71	663	35106	1991
906000	8	299	322	12622	61	735	37818	2017
907000	17	344	322	12682	100	592	34955	1891
908000	13	369	282	12802	121	488	35459	1852
909000	5	311	346	12658	98	656	36887	1949
910000	9	304	386	12498	172	660	35927	1906
911000	12	347	359	12381	179	754	36209	2284
912000	17	301	379	12466	168	687	35542	2539
913000	11	323	482	12335	135	675	34955	2419
914000	11	345	443	12258	123	808	35310	2714
915000	15	333	334	12611	164	618	34724	2539
916000	10	307	366	12643	123	620	35985	1937
917000	10	342	438	12547	73	587	34912	1808
918000	6	303	318	12914	103	427	37078	1574
919000	8	360	335	12674	79	627	36343	2280
920000	9	303	274	12779	91	621	37124	1853
921000	15	341	355	12707	101	506	37754	1659
922000	23	339	338	12571	170	604	36252	2056
923000	7	345	367	12636	209	473	37174	1922
924000	12	358	323	12674	224	495	35421	1861
925000	15	331	355	12403	218	694	35860	2169
926000	9	327	310	12511	234	687	34652	2699
927000	14	338	410	12419	185	668	34461	2555
928000	5	312	402	12332	208	739	35382	2375
929000	15	349	350	12381	144	815	35594	2587
930000	12	350	397	12305	199	770	33766	2657
931000	8	362	319	12338	238	783	35746	2885
932000	9	355	433	12148	309	799	33434	2932
933000	21	303	350	12186	350	861	35365	3306
934000	19	264	396	12101	389	820	34370	3625
935000	8	294	348	12087	347	950	34520	3911
936000	22	295	451	11892	285	1053	33582	3514
937000	20	323	416	11867	296	1095	33997	3916
938000	31	282	394	11954	371	1029	33907	3658
939000	24	294	343	12053	370	963	33945	3901
940000	26	295	355	11938	322	1123	34422	3820
941000	17	290	318	11853	359	1208	32868	4166
942000	12	309	294	12006	325	1145	34481	4539
943000	17	346	336	11748	334	1276	33868	4287
944000	18	310	376	11892	304	1111	34641	3983
945000	13	341	367	11850	299	1171	33125	4148
946000	17	311	314	11994	268	1146	33893	3883
947000	19	303	351	12172	280	936	34999	3115
948000	5	309	298	12361	319	763	35343	2974
949000	11	311	382	12214	339	752	35610	3541
950000	15	310	328	12304	238	860	34936	3337
951000	9	346	330	12228	191	952	35219	3121
952000	6	343	344	12096	179	1091	33587	3284
953000	18	296	357	12095	205	1087	34790	3632
954000	14	348	397	11992	304	977	33069	3453
955000	23	324	303	12128	309	957	34701	3722
956000	10	313	447	12120	287	809	34462	2936
957000	13	315	346	12432	276	715	34603	2462
958000	7	352	331	12346	198	810	34266	2650
959000	26	327	390	11957	243	1063	34360	3686
960000	22	318	387	11943	330	1043	33048	3704
961000	14	319	289	12052	247	1160	34483	3551
962000	19	324	359	11926	308	1080	33686	3651
963000	17	314	391	11920	285	1120	34442	3793
964000	24	343	469	11764	294	1130	34575	3769
965000	21	277	298	11890	406	1169	34396	4479
966000	24	354	334	11714	435	1184	33447	4400
967000	19	354	427	11528	613	1104	33495	4783
968000	22	352	349	11691	405	1194	33348	4757
969000	21	295	355	11869	412	1084	34304	4355
970000	19	319	356	11775	460	1119	34292	4530
971000	14	306	369	11801	450	1095	33965	4346
972000	22	314	459	11607	494	1069	32746	4400
973000	26	315	405	11485	583	1173	33284	5375
974000	19	302	474	11524	631	1028	33760	4289
975000	31	326	442	11604	533	1033	32915	4727
976000	21	334	391	11848	449	977	33324	3650
977000	16	304	377	11904	479	960	35930	3809
978000	29	310	356	11987	340	1015	34606	3904
979000	22	313	344	12124	260	982	34102	3702
980000	16	311	361	12224	210	911	36405	3025
981000	24	305	423	12011	233	993	34948	3416
982000	13	315	347	12166	225	977	35716	3186
983000	6	350	323	12119	263	1011	34740	3050
984000	13	308	253	12154	282	1080	33825	3765
985000	19	336	261	12191	318	960	34511	3338
986000	18	303	317	12275	304	841	34896	3300
987000	13	359	387	11999	256	1018	33422	3496
988000	16	337	372	12209	270	839	36092	3227
989000	18	389	351	12187	171	921	33893	2817
990000	13	328	362	12159	232	916	34172	3031
991000	14	349	305	12243	186	942	36057	3140
992000	13	351	362	12053	222	1035	34481	3343
993000	17	333	326	12056	280	1039	34690	3364
994000	17	340	313	12118	338	898	35350	4104
995000	9	311	342	11956	477	949	34104	3849
996000	20	328	363	11949	412	961	34079	3564
997000	12	294	405	12255	383	657	34987	2736
998000	20	302	409	12179	340	738	34445	2786
999000	24	281	506	12041	297	801	35233	3078
