0	0	0	0	14400	0	0	0	0
1000	29	312	679	12694	112	17	37040	362
2000	41	349	1400	11619	37	12	35950	260
3000	25	334	1446	11475	46	27	36353	195
4000	50	242	1637	11309	47	6	35250	69
5000	51	254	2057	10673	51	0	35198	85
6000	69	365	2521	9679	41	52	34221	271
7000	80	311	2742	9234	116	28	33147	139
8000	68	276	3026	8898	126	48	32058	525
9000	102	241	3158	8685	41	21	33814	256
10000	89	276	3330	8495	0	18	32017	58
11000	139	254	3674	7795	31	0	31125	90
12000	101	319	3520	8132	0	0	32464	10
13000	114	228	3449	8149	103	1	32793	219
14000	77	261	3600	7755	203	2	32208	583
15000	95	193	3129	8699	102	90	33339	566
16000	82	259	3151	8547	146	103	32522	653
17000	93	315	3505	7823	157	102	31627	729
18000	71	243	3217	8610	49	140	32601	787
19000	103	288	3507	7977	51	114	30408	651
20000	125	209	3539	7832	34	219	31611	622
21000	104	263	3716	7618	52	63	30580	522
22000	115	183	3966	7240	31	0	31087	56
23000	194	184	4097	6993	0	0	29826	2
24000	90	231	4213	6945	13	0	30073	72
25000	120	154	4368	6681	0	0	31437	1
26000	124	279	4313	6546	46	27	29615	236
27000	77	234	4105	6979	0	60	31976	173
28000	102	194	3662	7925	0	65	30434	233
29000	106	211	3258	8608	30	5	32636	92
30000	108	245	3695	7715	113	0	31306	132
31000	94	205	4048	7164	136	0	30945	464
32000	116	243	3975	7093	132	0	30295	323
33000	124	194	4085	6905	249	0	30254	636
34000	88	251	4088	7007	133	27	30961	475
35000	94	230	3726	7422	306	17	31718	868
36000	155	251	3823	7184	264	17	30203	820
37000	123	189	4046	6817	313	82	28550	1015
38000	172	220	4211	6653	89	0	29285	195
39000	104	162	4496	6297	77	0	28725	211
40000	163	204	5002	5107	80	0	27765	145
41000	197	189	5128	4731	121	0	27394	230
42000	182	199	5273	4438	76	3	27984	290
43000	190	169	5162	4589	380	1	27950	833
44000	181	171	4813	4845	650	43	26534	1918
45000	177	134	4710	5256	600	58	28161	1652
46000	221	133	4551	5342	584	89	28544	1776
47000	248	121	5275	4239	346	0	25607	1007
48000	175	156	5275	4302	466	23	26574	1344
49000	210	225	5146	4196	538	2	26734	1554
50000	225	123	5232	3980	881	7	24211	2969
51000	170	160	5373	3613	957	21	23772	2636
52000	258	111	5302	3313	809	182	23379	2661
53000	239	124	5104	3654	960	196	24549	3113
54000	394	151	5545	2545	825	0	22928	2423
55000	253	99	5769	2166	1050	6	22969	2718
56000	326	133	5842	2039	767	44	22547	2274
57000	392	120	6043	1573	471	9	20258	1292
58000	372	61	5910	1729	567	49	20205	1598
59000	262	37	6214	1444	494	0	22147	1151
60000	285	78	5984	1682	377	145	22057	1283
61000	142	25	6186	1577	341	230	22831	1867
62000	236	131	6043	1922	537	265	21493	1948
63000	242	71	5823	1400	869	318	22114	2773
64000	177	92	6089	1360	701	726	20899	3780
65000	280	83	5894	1096	621	833	19393	4380
66000	306	40	6088	857	355	666	19258	2856
67000	312	40	6141	575	264	611	18964	2407
68000	339	43	6044	804	418	360	18421	2378
69000	347	29	6188	474	934	300	18610	3962
70000	406	81	5724	1387	1181	422	20528	3932
71000	233	40	5803	1226	1572	472	19976	5622
72000	254	93	5782	1684	1293	411	20741	4612
73000	257	106	5587	2042	1196	502	21256	4096
74000	346	137	5446	2379	1035	575	21395	4849
75000	254	80	5447	2619	1514	318	22560	5265
76000	201	109	5422	1612	2173	576	19554	6840
77000	384	74	4875	1949	2461	711	19639	7854
78000	288	98	4812	2298	2437	828	19265	9441
79000	316	146	5278	1763	1447	846	20177	6699
80000	259	131	5343	1700	2060	615	19453	6156
81000	290	131	5557	2224	1347	310	21526	4573
82000	265	103	5143	2720	1914	202	21890	5978
83000	176	112	5290	2513	1598	374	21678	5580
84000	316	98	5683	2186	888	438	20710	3944
85000	253	76	5856	2153	726	231	22748	2299
86000	256	128	5688	2773	451	259	24381	1992
87000	308	84	5455	3199	626	187	23965	2592
88000	198	90	5316	3320	1183	50	24033	3423
89000	211	65	5272	3218	1434	2	24324	4060
90000	216	93	5571	2815	1046	75	22286	3159
91000	255	61	5451	2946	1036	9	23993	3042
92000	334	48	5756	1839	831	26	22121	2404
93000	331	99	5911	1874	773	5	21801	2399
94000	205	20	6183	1914	301	2	21922	1357
95000	359	144	5659	3018	192	0	23805	600
96000	301	186	5764	3117	104	91	24991	575
97000	187	109	5623	3867	113	0	26597	292
98000	188	142	5929	2746	157	10	24277	585
99000	249	93	5941	2634	93	0	23319	255
100000	375	85	5543	3205	202	0	24020	502
101000	264	200	5779	2679	294	0	24235	934
102000	299	124	5786	2695	165	68	23011	419
103000	250	107	5812	2919	102	0	24305	366
104000	234	153	5312	4256	181	0	27007	494
105000	157	120	5625	3326	428	103	24786	1227
106000	178	129	5623	3578	128	149	25397	797
107000	163	175	5382	4262	3	352	26016	632
108000	308	162	5415	4066	2	222	25933	565
109000	185	143	5473	4029	25	167	26859	471
110000	203	171	5654	3333	20	308	25826	938
111000	201	215	4904	5006	106	224	27423	1077
112000	195	126	5100	4390	133	460	26382	1724
113000	188	127	5281	3923	316	345	26283	1908
114000	151	232	4982	4878	182	220	27845	983
115000	192	182	5389	3843	267	224	25764	1610
116000	211	194	5205	4247	258	369	25541	1814
117000	254	221	4952	4595	218	268	25489	1484
118000	191	169	5164	4468	0	277	26594	526
119000	189	228	5102	4789	2	147	28080	447
120000	202	201	4935	5048	9	208	28417	746
121000	189	163	5190	4788	0	118	27162	474
122000	279	151	5154	4626	30	18	26897	35
123000	155	188	5033	4786	239	31	28270	669
124000	208	302	5046	4799	42	1	27225	204
125000	228	181	4768	5356	93	0	28581	162
126000	197	170	4040	7013	60	0	28913	141
127000	113	244	4422	6455	34	0	29645	160
128000	168	195	4998	5168	15	0	28620	82
129000	266	121	5305	4008	10	0	27194	24
130000	160	168	5390	4378	52	0	26472	143
131000	230	219	5034	4833	152	1	27675	547
132000	167	176	4668	5912	44	0	29077	248
133000	106	240	3764	7702	20	0	31953	31
134000	96	270	3875	7545	45	0	32173	271
135000	76	275	3556	8190	0	0	30710	2
136000	93	230	3309	8527	23	0	31544	82
137000	97	200	3548	8062	75	9	32021	205
138000	89	239	3376	8397	35	31	32643	176
139000	167	256	3983	7233	27	12	31200	204
140000	107	210	3786	7511	88	0	31733	185
141000	126	266	3546	8036	4	18	31426	111
142000	127	187	3647	7873	0	0	32182	52
143000	146	271	3812	7338	82	50	31785	134
144000	129	155	3534	7944	164	10	31536	465
145000	111	250	3065	8754	164	28	32292	647
146000	119	210	3564	8053	55	46	31404	453
147000	148	195	4232	6662	5	116	30399	392
148000	146	229	4178	6976	0	48	29853	184
149000	132	213	4219	6825	0	26	30634	65
150000	115	205	4407	6495	10	3	30710	107
151000	178	162	4933	5347	89	0	28198	198
152000	215	157	5235	4638	85	1	27260	272
153000	161	120	5431	4306	26	26	26805	213
154000	269	158	5398	4123	102	0	26109	257
155000	219	167	5694	3188	0	0	25351	17
156000	362	93	5816	2497	94	0	22238	232
157000	361	63	6128	1605	51	0	20548	300
158000	359	75	6118	1370	34	0	20246	95
159000	483	20	5956	1623	7	0	21425	64
160000	360	42	6158	1470	86	0	20894	233
161000	180	43	6173	1935	167	0	22455	403
162000	183	103	6071	2470	66	0	24351	127
163000	325	169	6015	1908	11	0	23022	14
164000	234	145	6152	1988	76	0	22435	115
165000	297	70	6122	2257	0	0	24216	7
166000	180	134	5880	2978	103	0	25297	30
167000	223	172	5902	2917	4	0	24616	71
168000	188	158	5681	3652	79	0	25969	132
169000	233	96	5819	3036	120	46	24574	592
170000	251	128	5834	3160	119	0	23602	412
171000	183	130	5618	3455	47	121	24562	388
172000	219	214	5264	4365	74	9	25780	231
173000	308	175	5362	3996	114	57	26532	516
174000	172	225	5130	4678	93	172	27492	1046
175000	187	124	5547	3463	144	338	25826	1356
176000	240	144	5213	4308	103	258	26705	900
177000	222	187	5559	3598	0	0	25490	20
178000	202	97	5801	3235	0	0	25506	3
179000	231	108	6047	2631	15	43	23186	170
180000	290	128	5848	2813	8	0	23588	106
181000	337	216	5718	3100	0	0	23717	2
182000	202	139	5692	3553	22	0	24752	90
183000	208	139	6010	2661	0	0	23989	2
184000	217	90	5859	3211	29	0	24601	70
185000	284	85	5624	3644	36	0	26311	130
186000	184	171	5491	3730	91	0	24969	279
187000	214	90	5652	3752	95	26	26644	627
188000	242	146	5229	4707	0	0	27616	2
189000	205	172	5282	4512	0	0	27281	31
190000	217	118	5471	4185	1	4	27176	13
191000	193	160	5427	4103	49	0	27789	197
192000	223	205	5397	4003	0	0	27491	12
193000	292	195	5261	4173	34	10	28032	231
194000	178	165	4935	5279	4	0	29119	41
195000	240	216	5054	5092	11	0	28372	68
196000	255	275	5030	4953	37	0	27743	50
197000	295	140	4888	5222	34	0	27326	87
198000	159	261	4706	5799	97	1	28924	442
199000	140	180	4970	5207	69	0	27447	216
200000	187	208	4751	5456	83	74	28469	412
201000	179	114	5292	4809	0	51	27858	67
202000	233	189	5059	4905	86	0	27965	179
203000	156	253	4893	5578	0	0	28863	1
204000	248	178	5372	4378	49	0	27396	80
205000	205	119	5633	3878	0	0	26574	1
206000	183	138	5679	3767	14	0	26508	45
207000	203	176	5872	2959	99	0	24791	190
208000	302	70	6132	1592	88	0	22102	387
209000	307	142	5828	2642	57	0	23017	285
210000	232	107	5758	2930	9	67	23558	205
211000	164	84	5528	3124	174	535	24239	2083
212000	287	136	5404	3052	318	568	23805	2323
213000	252	147	5547	2628	515	449	21479	2637
214000	230	152	5256	3249	416	677	23331	3170
215000	171	135	5435	3077	406	799	23271	3189
216000	343	109	5124	3468	621	646	24221	3028
217000	222	211	5242	3783	549	346	25228	2375
218000	261	126	5446	3568	227	297	24720	1337
219000	255	154	5193	4013	108	397	26379	1181
220000	248	114	5115	4851	197	88	26788	737
221000	254	204	5117	4605	123	2	26282	382
222000	236	235	4972	4992	21	0	27865	29
223000	189	166	4521	6143	62	0	28869	295
224000	182	221	4960	5325	19	0	29082	0
225000	143	100	5160	4960	32	16	28139	247
226000	144	274	5467	3906	136	2	26814	249
227000	300	246	5060	4643	38	0	26287	268
228000	198	110	5664	3696	37	0	25880	144
229000	224	98	5957	2928	0	0	24833	3
230000	234	120	5757	3151	11	0	25539	0
231000	169	90	5907	2863	51	6	24247	170
232000	280	63	6022	2241	111	0	23835	313
233000	418	130	5873	2008	0	55	21218	131
234000	278	73	6168	1983	12	180	22428	358
235000	394	23	6109	1007	25	63	19500	301
236000	243	105	6335	1224	0	16	20079	64
237000	245	40	6292	1220	53	0	22233	93
238000	294	45	6197	1366	157	0	20739	503
239000	352	36	6169	1478	182	0	22082	596
240000	243	204	6131	1425	89	22	20908	363
241000	252	85	6141	1521	83	98	21037	694
242000	296	125	6042	1923	74	1	21897	268
243000	232	125	5866	2681	0	0	24033	46
244000	272	124	5873	2602	34	0	23475	154
245000	330	141	6064	1610	83	28	22634	372
246000	350	111	5862	2279	17	57	23131	272
247000	267	121	5865	2759	24	0	22736	42
248000	322	63	5951	2478	0	0	22798	14
249000	242	105	6041	2299	6	0	23189	1
250000	266	180	5941	2705	33	0	24087	44
251000	350	113	5990	2317	100	0	22697	183
252000	264	123	6006	2532	221	0	22633	509
253000	362	79	6008	1663	271	0	21455	674
254000	350	67	6120	1028	271	0	19253	644
255000	417	38	6118	1246	166	0	19889	446
256000	292	117	6184	687	211	0	19411	471
257000	405	51	6125	961	115	10	20181	485
258000	276	27	6165	643	59	0	19302	273
259000	545	52	5868	1053	0	0	18954	3
260000	461	71	6010	1078	43	0	19290	152
261000	259	39	6312	1206	82	0	21028	83
262000	341	6	6110	1208	0	0	20229	3
263000	503	75	6079	983	0	0	19733	3
264000	369	84	6142	1009	0	0	19071	14
265000	326	107	6169	944	0	0	20007	2
266000	303	80	6220	1456	0	0	21362	1
267000	271	38	6360	1278	101	0	20989	124
268000	378	32	6158	1253	0	0	19373	2
269000	358	93	6152	809	33	0	18863	96
270000	356	124	6009	2053	0	0	21713	9
271000	330	59	6178	1579	0	0	22307	1
272000	186	142	6018	2663	73	0	23473	358
273000	329	107	6131	1659	328	33	21161	909
274000	252	137	5889	2444	150	0	23125	543
275000	245	109	5695	2930	251	76	24285	956
276000	310	82	6002	1908	142	0	21755	291
277000	327	88	5659	2652	589	0	22909	1356
278000	328	128	5767	2676	259	13	22987	915
279000	241	190	5766	2993	246	22	23494	751
280000	270	140	5833	2490	354	0	23785	950
281000	250	51	5816	2392	774	5	23081	2032
282000	197	107	5862	2200	927	17	23053	2242
283000	249	129	5769	2408	378	88	23589	1430
284000	242	98	5822	2358	663	194	23288	2168
285000	260	49	6088	1561	535	270	21195	2413
286000	275	187	5672	2505	492	141	21971	1590
287000	227	121	5314	3474	691	342	24617	2393
288000	198	160	5369	3348	702	330	24508	2746
289000	234	109	5751	2406	555	333	22433	2514
290000	346	94	5750	2290	433	170	22214	1890
291000	243	138	5999	1567	583	202	22356	2114
292000	215	45	6096	1731	508	144	22630	2439
293000	456	31	5956	1408	552	0	20841	1277
294000	350	22	6104	934	531	0	19272	1835
295000	315	20	5964	1036	1085	0	19999	2989
296000	327	15	5977	943	1488	23	19578	3925
297000	363	38	5765	1086	1429	3	18733	3715
298000	380	51	5822	1142	1538	67	20165	4481
299000	376	57	5875	946	1541	2	19124	4411
300000	372	42	6029	837	785	94	19074	2356
301000	401	80	6113	664	1019	21	19674	3042
302000	409	19	6112	438	757	79	18415	2056
303000	466	33	5958	508	686	21	18311	2117
304000	286	50	6234	445	770	62	18442	2537
305000	413	12	5955	46	264	0	16748	827
306000	668	0	5721	0	117	0	15176	294
307000	316	0	6192	0	329	0	15988	914
308000	474	0	5980	0	40	0	16741	54
309000	487	0	5677	0	0	0	15364	27
310000	453	0	5911	0	0	0	15859	0
311000	422	0	5904	0	0	0	16239	0
312000	472	0	5998	0	0	0	16386	0
313000	458	0	5894	0	0	0	16138	0
314000	389	0	5827	0	0	0	17031	0
315000	370	0	6181	0	0	0	15736	0
316000	649	0	5789	0	0	0	15786	0
317000	438	0	5917	0	0	0	16057	0
318000	411	0	5967	0	0	0	16414	0
319000	575	0	5792	0	0	0	16107	0
320000	333	0	6026	0	0	0	16845	0
321000	494	0	5869	0	0	0	16421	0
322000	509	0	5952	0	0	0	15504	0
323000	599	0	5920	0	0	0	15804	0
324000	388	0	5969	0	0	0	16758	0
325000	320	0	6046	0	0	0	16024	0
326000	444	0	5870	0	0	0	16353	0
327000	372	0	5864	0	0	0	16100	0
328000	437	0	5803	0	0	0	16294	0
329000	370	0	6114	0	0	0	16369	0
330000	545	0	5764	0	0	0	15692	0
331000	292	0	6084	0	0	0	16284	0
332000	474	0	5845	0	0	0	16934	0
333000	644	0	5716	0	0	0	15601	0
334000	483	0	5794	0	0	0	16005	0
335000	533	0	5725	0	0	0	16451	0
336000	413	0	5907	0	0	0	16936	0
337000	458	0	5952	0	0	0	15511	0
338000	311	0	6065	0	0	0	16459	0
339000	417	0	6059	0	0	0	16048	0
340000	471	0	6009	0	0	0	16607	0
341000	475	0	6002	0	0	0	16595	0
342000	324	0	5963	0	0	0	16399	0
343000	395	0	5911	0	0	0	16341	0
344000	371	0	5982	0	0	0	16651	0
345000	328	0	6002	0	0	0	16423	0
346000	567	0	5681	0	0	0	16388	0
347000	386	0	6101	0	0	0	15500	0
348000	313	0	6018	0	0	0	16254	0
349000	275	0	6044	0	0	0	18067	0
350000	253	0	6121	0	0	0	16922	0
351000	453	0	5973	0	0	0	15987	0
352000	277	0	5990	0	0	0	16619	0
353000	476	0	5900	0	0	0	16517	0
354000	529	0	5655	0	0	0	15975	0
355000	388	0	6063	0	0	0	17136	0
356000	496	0	5781	0	0	0	15413	0
357000	478	0	5968	0	0	0	16697	0
358000	453	0	5777	0	0	0	16826	0
359000	618	0	5671	0	0	0	16072	0
360000	558	0	5862	0	0	0	16812	0
361000	311	0	5982	0	0	0	16532	0
362000	439	0	5719	0	0	0	15857	0
363000	404	0	6028	0	0	0	16760	0
364000	486	0	5916	0	0	0	16666	0
365000	300	0	5879	0	0	0	16875	0
366000	437	0	5896	0	0	0	16559	0
367000	502	0	5883	0	0	0	16841	0
368000	514	0	6002	0	0	0	15164	0
369000	316	0	5956	0	0	0	16310	0
370000	508	0	5960	0	0	0	16604	0
371000	358	0	5898	0	0	0	17169	0
372000	475	0	5951	0	0	0	16739	0
373000	372	0	5885	0	0	0	17381	0
374000	623	0	5812	0	0	0	15464	0
375000	511	0	5789	0	0	0	15766	0
376000	321	0	6143	0	0	0	16518	0
377000	492	0	5837	0	0	0	15943	0
378000	350	0	6048	0	0	0	15967	0
379000	482	0	5988	0	0	0	16064	0
380000	439	0	5829	0	0	0	16183	0
381000	635	0	5851	0	0	0	15529	0
382000	424	0	6058	0	0	0	15729	0
383000	528	0	5877	0	0	0	16533	0
384000	366	0	6066	0	0	0	16824	0
385000	402	0	5738	0	0	0	16875	0
386000	452	0	5886	0	0	0	16318	0
387000	399	0	5988	0	0	0	15170	0
388000	486	0	5973	0	0	0	15762	0
389000	461	0	5878	0	0	0	17093	0
390000	507	0	5937	0	0	0	16367	0
391000	411	0	5816	0	0	0	15871	0
392000	490	0	5914	0	0	0	17374	0
393000	400	0	6024	0	0	0	16248	0
394000	475	0	5902	0	0	0	16201	0
395000	426	0	5973	0	0	0	16142	0
396000	584	0	5807	0	0	0	15453	0
397000	267	0	6024	0	0	0	17350	0
398000	413	0	5949	0	0	0	17171	0
399000	402	0	5954	0	0	0	16913	0
400000	390	0	5886	0	0	0	16039	0
401000	544	0	5816	0	0	0	15701	0
402000	417	0	5905	0	0	0	17195	0
403000	310	0	6044	0	0	0	16574	0
404000	392	0	5874	0	0	0	17338	0
405000	491	0	5988	0	0	0	15929	0
406000	399	0	5974	0	0	0	16035	0
407000	481	0	5892	0	0	0	16321	0
408000	534	0	5728	0	0	0	16223	0
409000	423	0	5827	0	0	0	16397	0
410000	633	0	5561	0	0	0	16209	0
411000	412	0	5794	0	0	0	17224	0
412000	399	0	5930	0	0	0	16364	0
413000	349	0	6035	0	0	0	16222	0
414000	373	0	6007	0	0	0	16951	0
415000	303	0	5995	0	0	0	15833	0
416000	423	0	5785	0	0	0	16729	0
417000	489	0	5834	0	0	0	16564	0
418000	409	0	6087	0	0	0	16611	0
419000	349	0	5871	0	0	0	17740	0
420000	423	0	5951	0	0	0	16169	0
421000	460	0	5858	0	0	0	16525	0
422000	335	0	6021	0	0	0	16317	0
423000	426	0	6037	0	0	0	16539	0
424000	271	0	6025	0	0	0	16229	0
425000	548	0	5706	0	0	0	15892	0
426000	378	0	5987	0	0	0	17376	0
427000	450	0	5861	0	0	0	16330	0
428000	289	0	5862	0	0	0	17265	0
429000	403	0	5879	0	0	0	17265	0
430000	452	0	5921	0	0	0	16317	0
431000	318	0	5948	0	0	0	16401	0
432000	547	0	5825	0	0	0	15183	0
433000	637	0	5619	0	0	0	15404	0
434000	334	0	5843	0	0	0	16294	0
435000	399	0	5973	0	0	0	16267	0
436000	305	0	6044	0	0	0	16183	0
437000	313	0	6200	0	0	0	17730	0
438000	547	0	5864	0	0	0	17042	0
439000	382	0	5988	0	0	0	16749	0
440000	523	0	5899	0	0	0	16223	0
441000	321	0	6023	0	0	0	16189	0
442000	518	0	5827	0	0	0	16589	0
443000	496	0	5825	0	0	0	16062	0
444000	501	0	6025	0	0	0	15892	0
445000	417	0	5918	0	0	0	16474	0
446000	618	0	5726	0	0	0	15858	0
447000	364	0	6110	0	0	0	15345	0
448000	404	0	5780	0	0	0	17650	0
449000	425	0	5895	0	0	0	15218	0
450000	307	0	5987	0	0	0	16406	0
451000	377	0	5959	0	0	0	16950	0
452000	348	0	5955	0	0	0	16410	0
453000	360	0	6076	0	0	0	16860	0
454000	482	0	5815	0	0	0	16303	0
455000	497	0	5981	0	0	0	15808	0
456000	384	0	6136	0	0	0	17325	0
457000	479	0	5787	0	0	0	16439	0
458000	438	0	6025	0	0	0	17587	0
459000	436	0	5917	0	0	0	16361	0
460000	425	0	5872	0	0	0	16751	0
461000	494	0	5923	0	0	0	16445	0
462000	349	0	6007	0	0	0	16077	0
463000	354	0	6092	0	0	0	15977	0
464000	415	0	5978	0	0	0	16785	0
465000	294	0	5993	0	0	0	16926	0
466000	456	0	5726	0	0	0	16277	0
467000	741	0	5629	0	0	0	15402	0
468000	439	0	6040	0	0	0	16522	0
469000	295	0	5994	0	0	0	16104	0
470000	601	0	5755	0	0	0	15491	0
471000	413	0	5983	0	0	0	15935	0
472000	385	0	6012	0	0	0	15815	0
473000	616	0	5710	0	0	0	16056	0
474000	420	0	5927	0	0	0	15743	0
475000	513	0	5819	0	0	0	16026	0
476000	409	0	5995	0	0	0	16744	0
477000	367	0	5933	0	0	0	16673	0
478000	430	0	5789	0	0	0	17087	0
479000	541	0	5810	0	0	0	16456	0
480000	303	0	6016	0	0	0	16717	0
481000	444	0	6032	0	0	0	16818	0
482000	510	0	5785	0	0	0	15949	0
483000	442	0	6023	0	0	0	16433	0
484000	296	0	5847	0	0	0	17706	0
485000	580	0	5724	0	0	0	15963	0
486000	408	0	5853	0	0	0	15420	0
487000	455	0	5876	0	0	0	16946	0
488000	408	0	5929	0	0	0	16585	0
489000	377	0	6124	0	0	0	16102	0
490000	382	0	5870	0	0	0	17121	0
491000	492	0	5919	0	0	0	17016	0
492000	447	0	5800	0	0	0	16847	0
493000	423	0	5827	0	0	0	15383	0
494000	400	0	5995	0	0	0	16554	0
495000	549	0	5672	0	0	0	15929	0
496000	613	0	5780	0	0	0	15955	0
497000	386	0	6070	0	0	0	16174	0
498000	445	0	6055	0	0	0	15961	0
499000	373	0	5934	0	0	0	17452	0
500000	353	0	5941	0	0	0	16645	0
501000	521	0	5807	0	0	0	15801	0
502000	434	0	5779	0	0	0	16377	0
503000	335	0	5997	0	0	0	16253	0
504000	482	0	5933	0	0	0	16701	0
505000	348	0	5999	0	0	0	17382	0
506000	421	0	5801	0	0	0	16184	0
507000	462	0	6002	0	0	0	15956	0
508000	438	0	5752	0	0	0	15793	0
509000	409	0	6125	0	0	0	16188	0
510000	316	0	6018	0	0	0	16047	0
511000	500	0	5809	0	0	0	15264	0
512000	548	0	5885	0	0	0	15924	0
513000	533	0	5713	0	0	0	16291	0
514000	477	0	5858	0	0	0	15998	0
515000	411	0	5910	0	0	0	16458	0
516000	349	0	5989	0	0	0	16238	0
517000	602	0	5819	0	0	0	15133	0
518000	416	0	5921	0	0	0	17045	0
519000	405	0	5817	0	0	0	15791	0
520000	331	0	6045	0	0	0	17113	0
521000	437	0	5981	0	0	0	16394	0
522000	523	0	5826	0	0	0	16498	0
523000	416	0	5919	0	0	0	16177	0
524000	357	0	5951	0	0	0	16573	0
525000	419	0	5926	0	0	0	16506	0
526000	415	0	6006	0	0	0	16650	0
527000	554	0	5725	0	0	0	17146	0
528000	328	0	6175	0	0	0	16877	0
529000	541	0	5802	0	0	0	16445	0
530000	280	0	5977	0	0	0	17238	0
531000	577	0	5891	0	0	0	15759	0
532000	288	0	6077	0	0	0	17444	0
533000	456	0	5878	0	0	0	15853	0
534000	238	0	6172	0	0	0	17145	0
535000	400	0	5866	0	0	0	16326	0
536000	536	0	6008	0	0	0	16287	0
537000	450	0	5809	0	0	0	15250	0
538000	504	0	5816	0	0	0	17275	0
539000	436	0	5904	0	0	0	17020	0
540000	344	0	5778	0	0	0	16333	0
541000	769	0	5693	0	0	0	15899	0
542000	378	0	6055	0	0	0	16666	0
543000	498	0	5734	0	0	0	16980	0
544000	412	0	6038	0	0	0	17187	0
545000	433	0	5756	0	0	0	16461	0
546000	512	0	5891	0	0	0	16505	0
547000	443	0	5877	0	0	0	16168	0
548000	387	0	5970	0	0	0	17269	0
549000	435	0	5845	0	0	0	15493	0
550000	502	0	5762	0	0	0	15904	0
551000	633	0	5667	0	0	0	16644	0
552000	332	0	6036	0	0	0	17323	0
553000	350	0	5928	0	0	0	16796	0
554000	480	0	5817	0	0	0	16324	0
555000	344	0	5923	0	0	0	16353	0
556000	445	0	6035	0	0	0	16468	0
557000	611	0	5775	0	0	0	16188	0
558000	486	0	5918	0	0	0	16752	0
559000	331	0	5980	0	0	0	16627	0
560000	359	0	6028	0	0	0	16078	0
561000	385	0	6057	0	0	0	16625	0
562000	465	0	5903	0	0	0	16424	0
563000	397	0	5964	0	0	0	16086	0
564000	516	0	5867	0	0	0	15800	0
565000	385	0	5882	0	0	0	16711	0
566000	419	0	6063	0	0	0	16321	0
567000	642	0	5881	0	0	0	16089	0
568000	440	0	5824	0	0	0	17144	0
569000	424	0	5967	0	0	0	16860	0
570000	243	0	6148	0	0	0	15787	0
571000	421	0	5967	0	0	0	17256	0
572000	403	0	6057	0	0	0	15473	0
573000	459	0	5869	0	0	0	16196	0
574000	396	0	5901	0	0	0	16528	0
575000	277	0	5984	0	0	0	16719	0
576000	394	0	6029	0	0	0	16091	0
577000	657	0	5788	0	0	0	16773	0
578000	476	0	5924	0	0	0	16271	0
579000	370	0	6017	0	0	0	16572	0
580000	478	0	5816	0	0	0	16048	0
581000	530	0	5734	0	0	0	16387	0
582000	572	0	5824	0	0	0	16378	0
583000	458	0	5779	0	0	0	15991	0
584000	438	0	5787	0	0	0	16309	0
585000	497	0	5801	0	0	0	16372	0
586000	466	0	6034	0	0	0	16454	0
587000	504	0	5797	0	0	0	15923	0
588000	422	0	5803	0	0	0	16284	0
589000	527	0	5817	0	0	0	15830	0
590000	404	0	6001	0	0	0	16144	0
591000	387	0	6077	0	0	0	16646	0
592000	418	0	5852	0	0	0	16340	0
593000	384	0	5772	0	0	0	15385	0
594000	330	0	5928	0	0	0	16572	0
595000	405	0	5903	0	0	0	16765	0
596000	395	0	5904	0	0	0	15882	0
597000	487	0	5864	0	0	0	16748	0
598000	441	0	5957	0	0	0	16813	0
599000	253	0	6072	0	0	0	16554	0
600000	392	0	6054	0	0	0	16518	0
601000	465	0	5929	0	0	0	17203	0
602000	572	0	5741	0	0	0	15451	0
603000	417	0	5938	0	0	0	16159	0
604000	479	0	5802	0	0	0	15127	0
605000	434	0	5879	0	0	0	16276	0
606000	482	0	5868	0	0	0	16217	0
607000	415	0	6008	0	0	0	16578	0
608000	473	0	5932	0	0	0	16436	0
609000	566	0	5816	0	0	0	15766	0
610000	494	0	5788	0	0	0	17039	0
611000	405	0	6009	0	0	0	15611	0
612000	392	0	6060	0	0	0	16358	0
613000	549	0	5866	0	0	0	17198	0
614000	366	0	5996	0	0	0	17314	0
615000	473	0	5739	0	0	0	16074	0
616000	575	0	5658	0	0	0	16491	0
617000	587	0	5777	0	0	0	15813	0
618000	577	0	5718	0	0	0	16159	0
619000	454	0	5976	0	0	0	17299	0
620000	366	0	6066	0	0	0	16959	0
621000	365	0	5990	0	0	0	16708	0
622000	483	0	5736	0	0	0	16278	0
623000	469	0	5880	0	0	0	15309	0
624000	555	0	5850	0	0	0	14835	0
625000	535	0	5849	0	0	0	15858	0
626000	407	0	5901	0	0	0	16471	0
627000	306	0	6023	0	0	0	17071	0
628000	612	0	5689	0	0	0	16523	0
629000	530	0	5722	0	0	0	15367	0
630000	275	0	6111	0	0	0	16184	0
631000	464	0	5854	0	0	0	15856	0
632000	527	0	5719	0	0	0	16019	0
633000	438	0	5943	0	0	0	15767	0
634000	311	0	6036	0	0	0	17104	0
635000	512	0	5880	0	0	0	15468	0
636000	396	0	5882	0	0	0	15420	0
637000	392	0	5944	0	0	0	15345	0
638000	369	0	6006	0	0	0	17532	0
639000	328	0	5991	0	0	0	16077	0
640000	350	0	6073	0	0	0	17062	0
641000	368	0	5973	0	0	0	16150	0
642000	597	0	5678	0	0	0	15831	0
643000	361	0	6094	0	0	0	15772	0
644000	407	0	5895	0	0	0	16437	0
645000	349	0	6183	0	0	0	17312	0
646000	397	0	5940	0	0	0	16539	0
647000	458	0	5913	0	0	0	16456	0
648000	440	0	5831	0	0	0	16266	0
649000	613	0	5725	0	0	0	16121	0
650000	500	0	5875	0	0	0	15818	0
651000	499	0	5767	0	0	0	16128	0
652000	421	0	5991	0	0	0	16515	0
653000	597	0	5794	0	0	0	16152	0
654000	368	0	5981	0	0	0	16239	0
655000	379	0	5875	0	0	0	16449	0
656000	406	0	5983	0	0	0	16728	0
657000	444	0	6018	0	0	0	15848	0
658000	405	0	5987	0	0	0	15928	0
659000	469	0	5807	0	0	0	15819	0
660000	570	0	5915	0	0	0	16168	0
661000	388	0	6036	0	0	0	16076	0
662000	542	0	5852	0	0	0	16026	0
663000	399	0	5965	0	0	0	16917	0
664000	448	0	5790	0	0	0	16056	0
665000	382	0	5754	0	0	0	16062	0
666000	340	0	5949	0	0	0	15933	0
667000	551	0	5836	0	0	0	16161	0
668000	315	0	6077	0	0	0	16976	0
669000	474	0	5911	0	0	0	16693	0
670000	563	0	5951	0	0	0	16060	0
671000	353	0	6023	0	0	0	16292	0
672000	327	0	6020	0	0	0	16875	0
673000	546	0	5734	0	0	0	17154	0
674000	581	0	5962	0	0	0	15982	0
675000	500	0	5846	0	0	0	15223	0
676000	411	0	5920	0	0	0	16588	0
677000	373	0	5982	0	0	0	16366	0
678000	350	0	5955	0	0	0	16648	0
679000	541	0	5875	0	0	0	16787	0
680000	465	0	5811	0	0	0	15502	0
681000	400	0	6101	0	0	0	16360	0
682000	575	0	5774	0	0	0	16583	0
683000	534	0	5844	0	0	0	15513	0
684000	362	0	6044	0	0	0	17048	0
685000	456	0	5947	0	0	0	16274	0
686000	419	0	5838	0	0	0	16305	0
687000	735	0	5697	0	0	0	14539	0
688000	435	0	5876	0	0	0	16082	0
689000	392	0	5923	0	0	0	17001	0
690000	295	0	6118	0	0	0	16589	0
691000	337	0	6028	0	0	0	17241	0
692000	393	0	6001	0	0	0	16708	0
693000	424	0	5964	0	0	0	16682	0
694000	445	0	5769	0	0	0	16794	0
695000	384	0	6058	0	0	0	15603	0
696000	348	0	5987	0	0	0	16935	0
697000	451	0	5733	0	0	0	16547	0
698000	585	0	5875	0	0	0	15268	0
699000	374	0	5921	0	0	0	16249	0
700000	345	0	5914	0	0	0	16667	0
701000	416	0	5812	0	0	0	15869	0
702000	402	0	6002	0	0	0	16974	0
703000	573	0	5787	0	0	0	16222	0
704000	559	0	5751	0	0	0	16266	0
705000	273	0	6039	0	0	0	16787	0
706000	432	0	6019	0	0	0	16190	0
707000	479	0	5839	0	0	0	17788	0
708000	437	0	5943	0	0	0	16736	0
709000	654	0	5753	0	0	0	15210	0
710000	491	0	5821	0	0	0	16376	0
711000	393	0	5839	0	0	0	17603	0
712000	583	0	5785	0	0	0	16160	0
713000	502	0	5709	0	0	0	16413	0
714000	340	0	6025	0	0	0	15855	0
715000	489	0	5875	0	0	0	16403	0
716000	514	0	5866	0	0	0	16869	0
717000	590	0	5737	0	0	0	15856	0
718000	472	0	5905	0	0	0	16483	0
719000	594	0	5697	0	0	0	16085	0
720000	396	0	5924	0	0	0	16949	0
721000	370	0	5926	0	0	0	15814	0
722000	485	0	5768	0	0	0	16263	0
723000	423	0	5986	0	0	0	17259	0
724000	426	0	5994	0	0	0	15960	0
725000	466	0	5945	0	0	0	16312	0
726000	357	0	6163	0	0	0	16348	0
727000	468	0	5961	0	0	0	16369	0
728000	509	0	5763	0	0	0	16517	0
729000	348	0	6102	0	0	0	16621	0
730000	640	0	5901	0	0	0	16316	0
731000	539	0	5865	0	0	0	16367	0
732000	470	0	5921	0	0	0	16599	0
733000	647	0	5551	0	0	0	17028	0
734000	466	0	5748	0	0	0	15238	0
735000	376	0	5967	0	0	0	16629	0
736000	557	0	5848	0	0	0	16840	0
737000	590	0	5704	0	0	0	15755	0
738000	667	0	5809	0	0	0	16036	0
739000	314	0	5978	0	0	0	16923	0
740000	633	0	5906	0	0	0	15297	0
741000	555	0	5759	0	0	0	16343	0
742000	534	0	5666	0	0	0	16742	0
743000	500	0	5801	0	0	0	17080	0
744000	433	0	5882	0	0	0	17083	0
745000	385	0	5869	0	0	0	15758	0
746000	566	0	5638	0	0	0	16221	0
747000	392	0	5954	0	0	0	15802	0
748000	411	0	5869	0	0	0	16620	0
749000	311	0	6097	0	0	0	16650	0
750000	538	0	5704	0	0	0	15895	0
751000	518	0	5857	0	0	0	17140	0
752000	627	0	5786	0	0	0	16032	0
753000	423	0	5811	0	0	0	16872	0
754000	351	0	5898	0	0	0	15917	0
755000	288	0	5987	0	0	0	16048	0
756000	446	0	5913	0	0	0	16057	0
757000	328	0	6099	0	0	0	17382	0
758000	518	0	5818	0	0	0	15737	0
759000	239	0	6125	0	0	0	16289	0
760000	524	0	5774	0	0	0	16012	0
761000	345	0	5911	0	0	0	16003	0
762000	497	0	5797	0	0	0	16552	0
763000	445	0	6058	0	0	0	16020	0
764000	449	0	5912	0	0	0	15929	0
765000	382	0	5799	0	0	0	16082	0
766000	428	0	6007	0	0	0	16469	0
767000	429	0	5883	0	0	0	16337	0
768000	570	0	5927	0	0	0	16322	0
769000	553	0	5842	0	0	0	16472	0
770000	301	0	6053	0	0	0	17285	0
771000	374	0	5989	0	0	0	17320	0
772000	408	0	5867	0	0	0	15293	0
773000	458	0	5736	0	0	0	16435	0
774000	419	0	5816	0	0	0	15554	0
775000	422	0	5999	0	0	0	16072	0
776000	400	0	5835	0	0	0	16833	0
777000	359	0	5816	0	0	0	16237	0
778000	426	0	5935	0	0	0	16221	0
779000	333	0	6055	0	0	0	16497	0
780000	580	0	5817	0	0	0	16283	0
781000	408	0	5912	0	0	0	16624	0
782000	712	0	5755	0	0	0	15005	0
783000	409	0	5850	0	0	0	17480	0
784000	350	0	5931	0	0	0	17150	0
785000	479	0	5887	0	0	0	15945	0
786000	523	0	5851	0	0	0	16202	0
787000	368	0	6035	0	0	0	15687	0
788000	562	0	5963	0	0	0	15157	0
789000	363	0	5926	0	0	0	16666	0
790000	388	0	5974	0	0	0	16793	0
791000	312	0	5909	0	0	0	16149	0
792000	740	0	5445	0	0	0	16120	0
793000	388	0	6093	0	0	0	17508	0
794000	402	0	5818	0	0	0	16103	0
795000	454	0	5785	0	0	0	15753	0
796000	523	0	5894	0	0	0	15867	0
797000	357	0	5939	0	0	0	16397	0
798000	493	0	5964	0	0	0	16594	0
799000	288	0	5978	0	0	0	16912	0
800000	493	0	5796	0	0	0	16758	0
801000	313	0	5956	0	0	0	16785	0
802000	545	0	5873	0	0	0	15652	0
803000	453	0	5901	0	0	0	16069	0
804000	463	0	5999	0	0	0	15681	0
805000	376	0	6057	0	0	0	16478	0
806000	506	0	5842	0	0	0	15562	0
807000	338	0	5890	0	0	0	17187	0
808000	604	0	5770	0	0	0	15020	0
809000	637	0	5745	0	0	0	15539	0
810000	427	0	5944	0	0	0	17077	0
811000	369	0	6018	0	0	0	16217	0
812000	512	0	5786	0	0	0	16596	0
813000	408	0	5813	0	0	0	16877	0
814000	455	0	5840	0	0	0	15606	0
815000	378	0	6052	0	0	0	16949	0
816000	485	0	5916	0	0	0	16644	0
817000	416	0	6110	0	0	0	15180	0
818000	487	0	5820	0	0	0	16373	0
819000	462	0	5756	0	0	0	15720	0
820000	441	0	5796	0	0	0	15915	0
821000	450	0	5966	0	0	0	16843	0
822000	490	0	5715	0	0	0	16020	0
823000	481	0	5912	0	0	0	16377	0
824000	297	0	6084	0	0	0	17556	0
825000	498	0	6019	0	0	0	16089	0
826000	423	0	5987	0	0	0	16518	0
827000	475	0	5855	0	0	0	16485	0
828000	408	0	6033	0	0	0	15808	0
829000	295	0	6083	0	0	0	17146	0
830000	349	0	6081	0	0	0	15845	0
831000	440	0	5918	0	0	0	16193	0
832000	465	0	5819	0	0	0	16345	0
833000	573	0	5699	0	0	0	17080	0
834000	407	0	6079	0	0	0	16703	0
835000	536	0	5636	0	0	0	16074	0
836000	518	0	5934	0	0	0	15979	0
837000	306	0	5949	0	0	0	16902	0
838000	403	0	5946	0	0	0	17172	0
839000	368	0	6098	0	0	0	16246	0
840000	549	0	5866	0	0	0	16791	0
841000	381	0	5962	0	0	0	15311	0
842000	609	0	5616	0	0	0	15919	0
843000	445	0	5939	0	0	0	16549	0
844000	485	0	6032	0	0	0	15914	0
845000	293	0	6028	0	0	0	16175	0
846000	610	0	5709	0	0	0	16072	0
847000	556	0	5791	0	0	0	15984	0
848000	288	0	6108	0	0	0	16526	0
849000	447	0	6000	0	0	0	15990	0
850000	471	0	5926	0	0	0	16305	0
851000	351	0	5982	0	0	0	16480	0
852000	553	0	5666	0	0	0	15461	0
853000	317	0	5940	0	0	0	15431	0
854000	587	0	5711	0	0	0	16187	0
855000	509	0	5795	0	0	0	15891	0
856000	464	0	5981	0	0	0	16597	0
857000	562	0	5877	0	0	0	15528	0
858000	478	0	5797	0	0	0	16213	0
859000	648	0	5852	0	0	0	15054	0
860000	328	0	6108	0	0	0	15482	0
861000	499	0	5877	0	0	0	16351	0
862000	514	0	5898	0	0	0	16003	0
863000	474	0	5995	0	0	0	15895	0
864000	544	0	5820	0	0	0	16683	0
865000	394	0	5914	0	0	0	17124	0
866000	346	0	6114	0	0	0	16618	0
867000	560	0	5838	0	0	0	15958	0
868000	679	0	5701	0	0	0	15584	0
869000	277	0	6091	0	0	0	16673	0
870000	378	0	5885	0	0	0	15924	0
871000	390	0	5916	0	0	0	16976	0
872000	331	0	6141	0	0	0	16044	0
873000	698	0	5514	0	0	0	16342	0
874000	424	0	5971	0	0	0	16793	0
875000	474	0	5912	0	0	0	15830	0
876000	289	0	6090	0	0	0	16670	0
877000	317	0	6082	0	0	0	17000	0
878000	303	0	6153	0	0	0	15893	0
879000	326	0	5922	0	0	0	16533	0
880000	613	0	5751	0	0	0	15981	0
881000	344	0	6048	0	0	0	15895	0
882000	534	0	5887	0	0	0	15897	0
883000	414	0	5956	0	0	0	16327	0
884000	456	0	5845	0	0	0	16178	0
885000	296	0	6146	0	0	0	16043	0
886000	369	0	5929	0	0	0	17226	0
887000	426	0	5964	0	0	0	16302	0
888000	611	0	5726	0	0	0	16231	0
889000	413	0	5989	0	0	0	16688	0
890000	472	0	5917	0	0	0	16374	0
891000	429	0	5919	0	0	0	16585	0
892000	318	0	5979	0	0	0	16740	0
893000	472	0	5873	0	0	0	15706	0
894000	386	0	5935	0	0	0	16319	0
895000	655	0	5713	0	0	0	15834	0
896000	347	0	6158	0	0	0	17630	0
897000	316	0	6005	0	0	0	16168	0
898000	291	0	5839	0	0	0	16481	0
899000	436	0	5881	0	0	0	16246	0
900000	419	0	5914	0	0	0	16897	0
901000	410	0	5877	0	0	0	17182	0
902000	466	0	5909	0	0	0	16660	0
903000	446	0	5961	0	0	0	17225	0
904000	339	0	6163	0	0	0	16894	0
905000	403	0	5930	0	0	0	16738	0
906000	471	0	5983	0	0	0	15690	0
907000	413	0	5945	0	0	0	16341	0
908000	374	0	6057	0	0	0	16701	0
909000	429	0	5869	0	0	0	15701	0
910000	494	0	6063	0	0	0	16617	0
911000	413	0	5994	0	0	0	17146	0
912000	603	0	5761	0	0	0	15752	0
913000	532	0	5784	0	0	0	16332	0
914000	349	0	6018	0	0	0	16642	0
915000	466	0	5957	0	0	0	17180	0
916000	403	0	5959	0	0	0	17078	0
917000	494	0	5916	0	0	0	16465	0
918000	381	0	5961	0	0	0	16242	0
919000	373	0	5986	0	0	0	17445	0
920000	524	0	5842	0	0	0	15622	0
921000	384	0	5894	0	0	0	16407	0
922000	481	0	5902	0	0	0	16950	0
923000	453	0	5812	0	0	0	16372	0
924000	557	0	5782	0	0	0	16178	0
925000	507	0	5817	0	0	0	16682	0
926000	487	0	5934	0	0	0	16603	0
927000	356	0	5991	0	0	0	16753	0
928000	390	0	5955	0	0	0	16529	0
929000	565	0	5918	0	0	0	16332	0
930000	488	0	5908	0	0	0	16229	0
931000	336	0	5941	0	0	0	17115	0
932000	423	0	5813	0	0	0	16127	0
933000	384	0	6016	0	0	0	16513	0
934000	511	0	5717	0	0	0	16456	0
935000	534	0	5863	0	0	0	15470	0
936000	312	0	6066	0	0	0	16636	0
937000	361	0	6023	0	0	0	16269	0
938000	271	0	6084	0	0	0	17245	0
939000	418	0	5825	0	0	0	16775	0
940000	462	0	5741	0	0	0	15858	0
941000	687	0	5717	0	0	0	15168	0
942000	388	0	5962	0	0	0	16184	0
943000	524	0	5998	0	0	0	16035	0
944000	401	0	5874	0	0	0	16160	0
945000	391	0	5915	0	0	0	16111	0
946000	499	0	5907	0	0	0	17661	0
947000	512	0	5830	0	0	0	16082	0
948000	415	0	6046	0	0	0	16318	0
949000	423	0	5940	0	0	0	16120	0
950000	555	0	5767	0	0	0	16070	0
951000	462	0	5802	0	0	0	15860	0
952000	801	0	5607	0	0	0	14798	0
953000	569	0	5751	0	0	0	16131	0
954000	728	0	5707	0	0	0	15594	0
955000	451	0	6103	0	0	0	16527	0
956000	563	0	5918	0	0	0	16036	0
957000	306	0	6036	0	0	0	16692	0
958000	384	0	5953	0	0	0	16869	0
959000	586	0	5920	0	0	0	16386	0
960000	523	0	5676	0	0	0	16982	0
961000	546	0	5959	0	0	0	14851	0
962000	369	0	5943	0	0	0	16369	0
963000	519	0	5748	0	0	0	16122	0
964000	459	0	5825	0	0	0	16291	0
965000	530	0	5899	0	0	0	16196	0
966000	796	0	5590	0	0	0	14726	0
967000	413	0	6036	0	0	0	15351	0
968000	269	0	5954	0	0	0	16331	0
969000	578	0	5837	0	0	0	15920	0
970000	417	0	5938	0	0	0	16431	0
971000	357	0	6059	0	0	0	15961	0
972000	419	0	5844	0	0	0	15013	0
973000	270	0	6023	0	0	0	16302	0
974000	479	0	5907	0	0	0	15769	0
975000	299	0	6002	0	0	0	16337	0
976000	368	0	5987	0	0	0	17103	0
977000	404	0	5988	0	0	0	16625	0
978000	595	0	5732	0	0	0	17050	0
979000	465	0	6054	0	0	0	16091	0
980000	448	0	5889	0	0	0	17315	0
981000	425	0	5909	0	0	0	15809	0
982000	337	0	5995	0	0	0	15635	0
983000	397	0	5794	0	0	0	16227	0
984000	648	0	5728	0	0	0	15625	0
985000	596	0	5578	0	0	0	16474	0
986000	559	0	5743	0	0	0	15131	0
987000	404	0	5925	0	0	0	16231	0
988000	504	0	5701	0	0	0	16173	0
989000	404	0	5865	0	0	0	16028	0
990000	432	0	5929	0	0	0	16699	0
991000	458	0	5906	0	0	0	15668	0
992000	323	0	6012	0	0	0	17450	0
993000	411	0	5913	0	0	0	16602	0
994000	588	0	5723	0	0	0	16418	0
995000	486	0	5929	0	0	0	15481	0
996000	474	0	5852	0	0	0	16582	0
997000	471	0	5844	0	0	0	16272	0
998000	511	0	5815	0	0	0	16256	0
999000	419	0	5957	0	0	0	15625	0
