0	0	0	0	14400	0	0	0	0
1000	96	1469	575	11718	57	8	35048	239
2000	116	1113	1100	11240	25	3	36821	111
3000	75	1186	1244	10994	16	0	35156	36
4000	160	892	1467	10846	0	3	35640	56
5000	127	821	1746	10389	122	2	35147	297
6000	171	907	1655	10384	80	37	33732	313
7000	123	676	2290	9761	36	11	34283	198
8000	250	540	2729	8892	81	23	33633	431
9000	195	514	2773	8939	26	37	32941	351
10000	266	566	3185	8022	64	17	33813	202
11000	240	347	3524	7452	211	32	31696	747
12000	224	605	3287	7704	148	69	32129	859
13000	256	468	4160	6303	147	0	30722	302
14000	314	325	4371	6021	31	0	30863	131
15000	124	358	4664	5698	0	0	30525	2
16000	418	303	4775	5027	59	0	27125	186
17000	444	305	4722	5180	0	0	29115	7
18000	335	438	4780	4874	58	29	28304	123
19000	353	295	4857	4880	0	0	28408	16
20000	295	224	4938	5106	0	0	27949	3
21000	356	402	4523	5365	215	0	27941	551
22000	146	434	4933	4867	233	3	29695	783
23000	364	239	4977	4417	289	11	28012	1133
24000	310	325	5008	4700	123	5	28080	401
25000	481	170	5574	3044	207	0	26401	401
26000	330	185	5933	2426	188	4	24476	541
27000	383	236	6032	1920	111	0	22658	312
28000	504	226	5889	1499	126	6	20758	260
29000	564	64	5942	1732	0	0	21073	7
30000	374	37	6217	1330	47	0	21050	54
31000	454	220	5876	2015	11	0	22445	72
32000	572	101	5859	1653	130	0	22260	309
33000	435	228	5912	1812	298	0	23098	804
34000	488	93	6075	1151	130	0	21025	449
35000	449	123	6066	1345	509	12	21299	1570
36000	495	119	5983	1319	799	31	20816	2321
37000	509	147	5774	1529	847	23	21234	2543
38000	616	261	5674	2055	249	147	21509	986
39000	440	150	6046	2064	68	41	22439	375
40000	383	85	6064	1827	10	0	24104	0
41000	523	148	5836	1838	22	22	22611	143
42000	380	126	5896	2432	39	25	24619	67
43000	426	227	5646	2746	182	132	23407	949
44000	410	98	5898	1981	223	37	22509	581
45000	461	69	6043	2020	77	0	22066	261
46000	446	85	5940	1935	120	0	23397	263
47000	462	163	5861	2146	0	0	23439	1
48000	456	160	5828	2168	12	1	22384	93
49000	432	123	6036	1800	0	58	22615	102
50000	457	200	5781	2480	29	0	22857	35
51000	248	174	5970	2669	30	0	25526	63
52000	306	129	6062	1700	27	0	23216	93
53000	387	98	6161	1589	10	0	22004	12
54000	619	46	5872	1223	74	0	21346	178
55000	444	170	5935	1806	0	0	23073	1
56000	593	112	5924	1698	31	0	21626	181
57000	485	115	5974	1605	0	0	21745	13
58000	575	175	5547	2418	256	0	23403	718
59000	449	145	5658	2608	216	0	24534	641
60000	481	159	5893	2012	11	0	23415	23
61000	391	213	5991	2139	33	0	22662	0
62000	330	150	5917	2370	106	0	24114	322
63000	379	182	5974	2218	15	0	24146	40
64000	333	223	5888	2560	20	14	24288	139
65000	358	204	5912	2412	41	0	23869	74
66000	337	166	6130	1823	22	0	23804	172
67000	401	146	6027	1481	0	0	22624	64
68000	447	133	5981	1356	156	0	21675	326
69000	559	121	5965	860	355	0	20598	1041
70000	419	50	6130	793	462	11	21416	1292
71000	577	64	5915	964	777	157	19092	2341
72000	676	151	5552	1416	1018	68	20199	2939
73000	467	99	5596	1464	1471	78	20062	4948
74000	575	104	5693	1070	1400	157	19010	4004
75000	394	69	5938	989	1320	36	20262	4289
76000	487	36	5931	469	1700	2	18696	5438
77000	623	47	5800	194	988	15	16988	3104
78000	641	88	5934	205	1181	0	17690	3189
79000	618	38	5861	268	940	0	17381	3094
80000	612	17	5885	96	907	0	17282	2543
81000	747	0	5619	0	1878	0	16196	4883
82000	750	0	5581	0	2093	0	16404	5752
83000	649	0	5428	0	3146	0	15725	8939
84000	571	0	5078	0	4385	0	13315	13063
85000	650	0	4673	0	5250	0	13414	15656
86000	688	0	4528	0	5420	0	12881	15376
87000	532	0	4680	0	5336	0	13012	16640
88000	629	0	4742	0	4927	0	13171	14382
89000	684	0	4742	0	4934	0	13586	14631
90000	548	0	5029	0	4338	0	14236	12528
91000	477	0	5125	0	4469	0	14583	12309
92000	453	0	5649	0	3405	0	15271	10698
93000	612	0	5409	0	3343	0	16365	10234
94000	556	0	5235	0	3809	0	15992	11328
95000	566	0	5196	0	4293	0	14764	12459
96000	580	0	5316	0	3747	0	15207	11399
97000	669	0	5036	0	4299	0	15460	13176
98000	710	0	4574	0	5129	0	13914	15465
99000	590	0	4358	0	5809	0	13185	16712
100000	768	0	4366	0	5460	0	12276	15424
101000	715	0	4152	0	6115	0	13038	17070
102000	677	0	4615	0	5238	0	13352	16212
103000	590	0	5094	0	4315	0	14761	12828
104000	627	0	4903	0	4639	0	14163	13692
105000	603	0	5037	0	4398	0	14149	13139
106000	515	0	5473	0	3608	0	15579	10829
107000	391	0	5753	0	2994	0	15857	8383
108000	505	0	5601	0	2997	0	16151	8124
109000	508	0	5684	0	2914	0	16007	8039
110000	655	0	5645	0	2549	0	16653	8456
111000	562	0	5689	0	2636	0	17640	7024
112000	672	0	5400	0	3044	0	15642	7985
113000	587	0	5282	0	3912	0	15960	11288
114000	711	0	5143	0	3944	0	14565	11114
115000	561	0	5498	0	3392	0	16315	9786
116000	531	0	5895	0	2201	0	15917	6673
117000	753	0	5637	0	2333	0	16275	6444
118000	758	0	5749	0	1505	0	16529	4401
119000	800	0	5687	0	1034	0	16186	2476
120000	803	0	5723	0	1429	0	16709	4341
121000	489	0	5875	0	1710	0	16772	4704
122000	487	0	5919	0	1312	0	19462	4008
123000	641	0	5750	0	1382	0	16920	3984
124000	655	0	5748	0	1958	0	17405	5235
125000	536	0	5781	0	2310	0	16204	6453
126000	723	0	5845	0	1528	0	16845	5322
127000	563	0	5650	0	2297	0	16715	6317
128000	594	0	5803	0	1888	0	17307	5963
129000	650	0	5829	0	1858	0	17381	5194
130000	739	0	5677	0	1387	0	17358	4777
131000	506	0	6008	0	1537	0	17489	3324
132000	590	0	5821	0	1457	0	16504	3949
133000	615	0	5673	0	2161	0	16245	6159
134000	506	0	5854	0	1969	0	17587	5412
135000	710	0	5707	0	1570	0	17405	5172
136000	804	0	5554	0	2052	0	16942	5405
137000	729	0	5495	0	2742	0	15515	7547
138000	752	0	5324	0	3295	0	16678	9161
139000	589	0	5653	0	2830	0	16344	7896
140000	642	0	5386	0	3434	0	16497	9383
141000	678	0	5313	0	3636	0	14892	10097
142000	834	0	5006	0	4098	0	14617	12133
143000	568	0	5238	0	4046	0	14739	12939
144000	502	0	5058	0	4644	0	15358	12688
145000	696	0	4733	0	4707	0	14909	13525
146000	608	0	4662	0	5249	0	13458	13696
147000	541	0	4809	0	5182	0	14787	14738
148000	646	0	4125	0	6105	0	11872	18222
149000	699	0	4142	0	6041	0	11929	18138
150000	656	0	4204	0	6031	0	12438	18289
151000	676	0	3768	0	6875	0	10718	19818
152000	606	0	3459	0	7540	0	10080	21495
153000	631	0	2977	0	8420	0	8970	22720
154000	705	0	2873	0	8363	0	8734	24803
155000	678	0	2764	0	8669	0	8040	24980
156000	611	0	3420	0	7631	0	9443	21868
157000	710	0	3487	0	7359	0	9824	21054
158000	615	0	3466	0	7629	0	10776	21096
159000	568	0	3740	0	7140	0	11061	20712
160000	609	0	3840	0	6839	0	10610	19903
161000	655	0	4043	0	6475	0	10384	20212
162000	925	0	3980	0	5778	0	11281	16052
163000	564	0	4074	0	6540	0	12713	17966
164000	718	0	4540	0	5359	0	12019	17041
165000	648	0	4653	0	5131	0	14099	15273
166000	627	0	4838	0	4645	0	14292	13104
167000	554	0	4857	0	4684	0	14266	13477
168000	501	0	5291	0	3888	0	15244	11968
169000	611	0	5367	0	2836	0	16553	9226
170000	641	0	5625	0	2684	0	15899	7936
171000	617	0	5765	0	1979	0	16789	6283
172000	718	0	5600	0	2723	0	16802	7538
173000	615	0	5940	0	1064	0	16115	3482
174000	774	0	5573	0	260	0	16418	902
175000	531	0	5927	0	104	0	17908	185
176000	658	0	5678	0	78	0	17514	126
177000	477	0	5994	0	154	0	17416	784
178000	478	0	5938	0	157	0	18330	607
179000	614	0	5783	0	165	0	16820	518
180000	541	0	5907	0	221	0	16675	743
181000	426	0	5819	0	209	0	17039	725
182000	523	0	5998	0	271	0	17528	833
183000	462	0	5962	0	130	0	17549	586
184000	743	0	5699	0	142	0	16270	406
185000	773	0	5685	0	0	0	15694	1
186000	535	0	5705	0	0	0	17176	0
187000	470	0	5941	0	0	0	17080	0
188000	493	0	5883	0	0	0	16907	0
189000	520	0	5667	0	0	0	16522	0
190000	613	0	5827	0	0	0	16580	0
191000	984	0	5387	0	0	0	15558	0
192000	677	0	5844	0	0	0	16186	0
193000	428	0	5986	0	0	0	17273	0
194000	751	0	5557	0	0	0	16550	0
195000	479	0	5803	0	0	0	16896	0
196000	549	0	5713	0	0	0	17289	0
197000	935	0	5486	0	0	0	16757	0
198000	795	0	5575	0	0	0	16251	0
199000	703	0	5610	0	0	0	16809	0
200000	581	0	5791	0	0	0	16290	0
201000	822	0	5575	0	0	0	15368	0
202000	590	0	5866	0	0	0	16624	0
203000	711	0	5919	0	0	0	16328	0
204000	653	0	5576	0	0	0	16938	0
205000	699	0	5580	0	0	0	16943	0
206000	842	0	5564	0	0	0	15661	0
207000	452	0	5862	0	0	0	16919	0
208000	675	0	5718	0	0	0	17071	0
209000	779	0	5450	0	0	0	16669	0
210000	470	0	5900	0	0	0	16921	0
211000	689	0	5731	0	0	0	17574	0
212000	577	0	5897	0	0	0	17269	0
213000	612	0	5849	0	0	0	17659	0
214000	821	0	5646	0	0	0	16358	0
215000	822	0	5501	0	0	0	16382	0
216000	271	0	6099	0	0	0	17561	0
217000	578	0	5789	0	0	0	16703	0
218000	676	0	5749	0	0	0	15675	0
219000	432	0	5866	0	0	0	17295	0
220000	701	0	5622	0	0	0	16212	0
221000	627	0	5667	0	0	0	15568	0
222000	612	0	5638	0	0	0	16520	0
223000	906	0	5542	0	0	0	15904	0
224000	546	0	5700	0	0	0	17011	0
225000	657	0	5693	0	0	0	16079	0
226000	452	0	6037	0	0	0	17511	0
227000	557	0	5935	0	0	0	15615	0
228000	442	0	5971	0	0	0	16956	0
229000	494	0	5687	0	0	0	17282	0
230000	531	0	5922	0	0	0	17066	0
231000	614	0	5899	0	0	0	16677	0
232000	483	0	5982	0	0	0	17463	0
233000	859	0	5481	0	0	0	15332	0
234000	1013	0	5315	0	0	0	15594	0
235000	796	0	5545	0	0	0	16459	0
236000	737	0	5756	0	0	0	16217	0
237000	219	0	6133	0	0	0	16587	0
238000	633	0	5856	0	0	0	16339	0
239000	880	0	5543	0	0	0	16176	0
240000	889	0	5344	0	0	0	16383	0
241000	821	0	5389	0	0	0	16363	0
242000	460	0	5864	0	0	0	17402	0
243000	571	0	5741	0	0	0	17363	0
244000	623	0	5667	0	0	0	16872	0
245000	906	0	5354	0	0	0	16188	0
246000	573	0	5843	0	0	0	16806	0
247000	528	0	5656	0	0	0	16912	0
248000	606	0	5769	0	0	0	17069	0
249000	467	0	5831	0	0	0	17520	0
250000	786	0	5646	0	0	0	16645	0
251000	793	0	5457	0	0	0	16553	0
252000	753	0	5603	0	0	0	16922	0
253000	785	0	5675	0	0	0	16448	0
254000	706	0	5672	0	0	0	17270	0
255000	591	0	5692	0	0	0	15932	0
256000	761	0	5601	0	0	0	15833	0
257000	664	0	5797	0	0	0	16261	0
258000	706	0	5677	0	0	0	15602	0
259000	689	0	5552	0	0	0	16509	0
260000	531	0	5897	0	0	0	17029	0
261000	682	0	5697	0	0	0	16709	0
262000	500	0	5655	0	0	0	16728	0
263000	723	0	5597	0	0	0	16831	0
264000	616	0	5776	0	0	0	16553	0
265000	813	0	5360	0	0	0	15234	0
266000	712	0	5824	0	0	0	16201	0
267000	574	0	5685	0	0	0	17139	0
268000	803	0	5609	0	0	0	16244	0
269000	573	0	5834	0	0	0	16153	0
270000	849	0	5434	0	0	0	15815	0
271000	638	0	5488	0	0	0	17562	0
272000	734	0	5617	0	0	0	16450	0
273000	640	0	5785	0	0	0	16666	0
274000	440	0	5714	0	0	0	16637	0
275000	373	0	6008	0	0	0	16329	0
276000	660	0	5851	0	0	0	16265	0
277000	674	0	5511	0	0	0	16144	0
278000	700	0	5570	0	0	0	16444	0
279000	701	0	5508	0	0	0	16300	0
280000	720	0	5688	0	0	0	15956	0
281000	540	0	5629	0	0	0	15410	0
282000	404	0	5837	0	0	0	16714	0
283000	564	0	5730	0	0	0	16058	0
284000	561	0	5810	0	0	0	17773	0
285000	736	0	5619	0	0	0	16363	0
286000	751	0	5747	0	0	0	16549	0
287000	865	0	5549	0	0	0	17078	0
288000	580	0	5819	0	0	0	17382	0
289000	673	0	5649	0	0	0	16509	0
290000	687	0	5668	0	0	0	16522	0
291000	328	0	6114	0	0	0	16842	0
292000	497	0	5804	0	0	0	16032	0
293000	567	0	5817	0	0	0	17248	0
294000	548	0	5772	0	0	0	16600	0
295000	507	0	5774	0	0	0	17839	0
296000	630	0	5712	0	0	0	16145	0
297000	583	0	5709	0	0	0	15195	0
298000	762	0	5543	0	0	0	15852	0
299000	660	0	5627	0	0	0	16533	0
300000	725	0	5481	0	0	0	15756	0
301000	824	0	5664	0	0	0	15979	0
302000	817	0	5589	0	0	0	15330	0
303000	743	0	5652	0	0	0	16230	0
304000	528	0	5904	0	0	0	17147	0
305000	720	0	5588	0	0	0	16981	0
306000	726	0	5786	0	0	0	16379	0
307000	774	0	5381	0	0	0	16916	0
308000	517	0	5718	0	0	0	17151	0
309000	598	0	5665	0	0	0	16788	0
310000	655	0	5665	0	0	0	16486	0
311000	703	0	5691	0	0	0	16427	0
312000	633	0	5763	0	0	0	16581	0
313000	443	0	5698	0	0	0	16858	0
314000	727	0	5706	0	0	0	16663	0
315000	470	0	5921	0	0	0	16699	0
316000	544	0	5854	0	0	0	16701	0
317000	674	0	5657	0	0	0	16630	0
318000	669	0	5706	0	0	0	16937	0
319000	454	0	5850	0	0	0	16734	0
320000	729	0	5667	0	0	0	16613	0
321000	735	0	5617	0	0	0	16005	0
322000	532	0	5827	0	0	0	15802	0
323000	473	0	5934	0	0	0	17221	0
324000	714	0	5539	0	0	0	17035	0
325000	794	0	5540	0	0	0	17096	0
326000	803	0	5595	0	0	0	16623	0
327000	789	0	5436	0	0	0	15675	0
328000	605	0	5707	0	0	0	16997	0
329000	458	0	5852	0	0	0	16907	0
330000	714	0	5575	0	0	0	16462	0
331000	620	0	5705	0	0	0	15985	0
332000	363	0	6053	0	0	0	17015	0
333000	484	0	5819	0	0	0	16940	0
334000	767	0	5627	0	0	0	16827	0
335000	748	0	5565	0	0	0	16777	0
336000	926	0	5243	0	0	0	16594	0
337000	614	0	5726	0	0	0	16602	0
338000	591	0	5755	0	0	0	16494	0
339000	799	0	5574	0	0	0	16938	0
340000	682	0	5632	0	0	0	16271	0
341000	589	0	5704	0	0	0	16354	0
342000	685	0	5672	0	0	0	16178	0
343000	661	0	5774	0	0	0	16169	0
344000	662	0	5767	0	0	0	16992	0
345000	984	0	5316	0	0	0	15054	0
346000	646	0	5684	0	0	0	16688	0
347000	384	0	5994	0	0	0	17510	0
348000	649	0	5648	0	0	0	16040	0
349000	458	0	5956	0	0	0	17141	0
350000	588	0	5771	0	0	0	17163	0
351000	526	0	5702	0	0	0	17414	0
352000	607	0	5590	0	0	0	16536	0
353000	845	0	5455	0	0	0	16211	0
354000	721	0	5580	0	0	0	14995	0
355000	833	0	5659	0	0	0	15576	0
356000	667	0	5601	0	0	0	16551	0
357000	437	0	6064	0	0	0	16634	0
358000	450	0	5854	0	0	0	18254	0
359000	597	0	5693	0	0	0	16358	0
360000	784	0	5496	0	0	0	16627	0
361000	612	0	5626	0	0	0	16820	0
362000	814	0	5616	0	0	0	15334	0
363000	752	0	5546	0	0	0	16273	0
364000	807	0	5593	0	0	0	15733	0
365000	574	0	5809	0	0	0	16913	0
366000	891	0	5416	0	0	0	16196	0
367000	860	0	5345	0	0	0	15891	0
368000	545	0	5693	0	0	0	16920	0
369000	733	0	5681	0	0	0	16515	0
370000	669	0	5683	0	0	0	16020	0
371000	634	0	5715	0	0	0	17088	0
372000	567	0	5861	0	0	0	16839	0
373000	437	0	5889	0	0	0	17304	0
374000	766	0	5561	0	0	0	15870	0
375000	1075	0	5421	0	0	0	16263	0
376000	388	0	5938	0	0	0	16633	0
377000	742	0	5723	0	0	0	15712	0
378000	737	0	5652	0	0	0	15886	0
379000	652	0	5746	0	0	0	15749	0
380000	696	0	5665	0	0	0	16302	0
381000	683	0	5668	0	0	0	16644	0
382000	527	0	5856	0	0	0	16988	0
383000	642	0	5564	0	0	0	15709	0
384000	590	0	5887	0	0	0	16987	0
385000	513	0	5841	0	0	0	17480	0
386000	620	0	5745	0	0	0	16418	0
387000	920	0	5507	0	0	0	16764	0
388000	443	0	5958	0	0	0	15412	0
389000	857	0	5418	0	0	0	17159	0
390000	665	0	5861	0	0	0	16555	0
391000	819	0	5755	0	0	0	16561	0
392000	860	0	5442	0	0	0	15756	0
393000	755	0	5533	0	0	0	15339	0
394000	642	0	5719	0	0	0	17323	0
395000	565	0	5720	0	0	0	16175	0
396000	414	0	5851	0	0	0	15719	0
397000	527	0	5824	0	0	0	17871	0
398000	731	0	5610	0	0	0	17643	0
399000	751	0	5357	0	0	0	17539	0
400000	817	0	5822	0	0	0	16801	0
401000	479	0	5929	0	0	0	16481	0
402000	650	0	5585	0	0	0	16668	0
403000	815	0	5544	0	0	0	16079	0
404000	736	0	5600	0	0	0	16516	0
405000	628	0	5646	0	0	0	17645	0
406000	465	0	5985	0	0	0	16313	0
407000	420	0	5918	0	0	0	17860	0
408000	719	0	5614	0	0	0	16217	0
409000	416	0	5935	0	0	0	18024	0
410000	679	0	5641	0	0	0	16345	0
411000	659	0	5749	0	0	0	16778	0
412000	534	0	5753	0	0	0	17741	0
413000	732	0	5599	0	0	0	16581	0
414000	605	0	5759	0	0	0	16089	0
415000	787	0	5515	0	0	0	15490	0
416000	603	0	5824	0	0	0	15936	0
417000	764	0	5559	0	0	0	16421	0
418000	588	0	5816	0	0	0	16488	0
419000	584	0	5805	0	0	0	15870	0
420000	438	0	5925	0	0	0	17562	0
421000	634	0	5653	0	0	0	16494	0
422000	381	0	5971	0	0	0	16655	0
423000	574	0	5755	0	0	0	16611	0
424000	697	0	5699	0	0	0	17776	0
425000	514	0	5901	0	0	0	17435	0
426000	534	0	5759	0	0	0	16207	0
427000	489	0	5859	0	0	0	16343	0
428000	622	0	5832	0	0	0	17494	0
429000	723	0	5684	0	0	0	16295	0
430000	515	0	5773	0	0	0	16992	0
431000	959	0	5357	0	0	0	15940	0
432000	1168	0	5115	0	0	0	15283	0
433000	847	0	5588	0	0	0	15659	0
434000	655	0	5686	0	0	0	16479	0
435000	707	0	5714	0	0	0	17125	0
436000	496	0	5893	0	0	0	16409	0
437000	564	0	5875	0	0	0	17755	0
438000	712	0	5701	0	0	0	15868	0
439000	581	0	5628	0	0	0	17216	0
440000	752	0	5635	0	0	0	15890	0
441000	778	0	5533	0	0	0	16592	0
442000	847	0	5583	0	0	0	15731	0
443000	683	0	5797	0	0	0	16422	0
444000	423	0	5843	0	0	0	16542	0
445000	503	0	5950	0	0	0	17587	0
446000	563	0	5841	0	0	0	17358	0
447000	525	0	5851	0	0	0	16150	0
448000	523	0	5760	0	0	0	16757	0
449000	486	0	5938	0	0	0	17654	0
450000	495	0	5738	0	0	0	17196	0
451000	949	0	5335	0	0	0	15928	0
452000	659	0	5623	0	0	0	16695	0
453000	597	0	5771	0	0	0	16599	0
454000	568	0	5832	0	0	0	17298	0
455000	619	0	5886	0	0	0	16540	0
456000	709	0	5448	0	0	0	17432	0
457000	638	0	5871	0	0	0	16496	0
458000	1038	0	5296	0	0	0	15028	0
459000	683	0	5859	0	0	0	16109	0
460000	552	0	5866	0	0	0	15758	0
461000	500	0	5889	0	0	0	16946	0
462000	506	0	5755	0	0	0	16739	0
463000	821	0	5504	0	0	0	15899	0
464000	679	0	5650	0	0	0	16863	0
465000	536	0	5883	0	0	0	17404	0
466000	625	0	5589	0	0	0	16625	0
467000	582	0	5750	0	0	0	16516	0
468000	745	0	5657	0	0	0	15627	0
469000	517	0	5777	0	0	0	16142	0
470000	266	0	6031	0	0	0	16779	0
471000	605	0	5795	0	0	0	16278	0
472000	649	0	5694	0	0	0	16284	0
473000	408	0	5932	0	0	0	17625	0
474000	628	0	5619	0	0	0	16467	0
475000	525	0	5919	0	0	0	17578	0
476000	332	0	6049	0	0	0	17274	0
477000	598	0	5694	0	0	0	16888	0
478000	676	0	5554	0	0	0	16830	0
479000	736	0	5701	0	0	0	16698	0
480000	616	0	5749	0	0	0	16155	0
481000	600	0	5817	0	0	0	16322	0
482000	722	0	5488	0	0	0	16766	0
483000	579	0	5815	0	0	0	17914	0
484000	565	0	5786	0	0	0	15789	0
485000	680	0	5662	0	0	0	15237	0
486000	653	0	5642	0	0	0	15265	0
487000	782	0	5490	0	0	0	16340	0
488000	648	0	5657	0	0	0	16786	0
489000	726	0	5691	0	0	0	16641	0
490000	350	0	6021	0	0	0	17956	0
491000	665	0	5653	0	0	0	16545	0
492000	615	0	5661	0	0	0	16825	0
493000	599	0	5791	0	0	0	17141	0
494000	755	0	5492	0	0	0	16094	0
495000	528	0	5762	0	0	0	17682	0
496000	399	0	6018	0	0	0	16952	0
497000	861	0	5561	0	0	0	16616	0
498000	633	0	5720	0	0	0	16184	0
499000	504	0	5714	0	0	0	16822	0
500000	709	0	5675	0	0	0	15931	0
501000	633	0	5591	0	0	0	16038	0
502000	557	0	5789	0	0	0	16464	0
503000	695	0	5762	0	0	0	16517	0
504000	671	0	5649	0	0	0	16933	0
505000	669	0	5832	0	0	0	16145	0
506000	548	0	5794	0	0	0	16771	0
507000	517	0	5844	0	0	0	15897	0
508000	666	0	5765	0	0	0	17587	0
509000	495	0	5843	0	0	0	17132	0
510000	486	0	5884	0	0	0	16418	0
511000	688	0	5696	0	0	0	16292	0
512000	574	0	5640	0	0	0	16319	0
513000	493	0	5888	0	0	0	17344	0
514000	687	0	5676	0	0	0	16642	0
515000	553	0	5811	0	0	0	15796	0
516000	551	0	5808	0	0	0	16877	0
517000	689	0	5678	0	0	0	16745	0
518000	599	0	5676	0	0	0	16513	0
519000	813	0	5486	0	0	0	16406	0
520000	685	0	5632	0	0	0	16324	0
521000	547	0	5798	0	0	0	17745	0
522000	576	0	5621	0	0	0	16539	0
523000	832	0	5367	0	0	0	15707	0
524000	514	0	5830	0	0	0	16958	0
525000	587	0	5832	0	0	0	17055	0
526000	491	0	5707	0	0	0	17515	0
527000	685	0	5878	0	0	0	17863	0
528000	604	0	5768	0	0	0	15741	0
529000	628	0	5665	0	0	0	17078	0
530000	392	0	6097	0	0	0	17871	0
531000	584	0	5739	0	0	0	16470	0
532000	695	0	5663	0	0	0	17583	0
533000	686	0	5738	0	0	0	16767	0
534000	590	0	5891	0	0	0	16327	0
535000	965	0	5298	0	0	0	16116	0
536000	606	0	5810	0	0	0	17685	0
537000	684	0	5533	0	0	0	16032	0
538000	587	0	5624	0	0	0	16407	0
539000	647	0	5579	0	0	0	16078	0
540000	667	0	5619	0	0	0	16049	0
541000	600	0	5766	0	0	0	17101	0
542000	847	0	5451	0	0	0	15466	0
543000	460	0	5905	0	0	0	16932	0
544000	645	0	5884	0	0	0	16141	0
545000	692	0	5670	0	0	0	16838	0
546000	643	0	5626	0	0	0	16315	0
547000	691	0	5730	0	0	0	15854	0
548000	531	0	5790	0	0	0	16879	0
549000	756	0	5628	0	0	0	16674	0
550000	649	0	5659	0	0	0	16324	0
551000	580	0	5858	0	0	0	15613	0
552000	508	0	5737	0	0	0	17554	0
553000	798	0	5516	0	0	0	16473	0
554000	683	0	5617	0	0	0	16349	0
555000	471	0	5872	0	0	0	16523	0
556000	663	0	5807	0	0	0	16432	0
557000	400	0	5801	0	0	0	16759	0
558000	608	0	5841	0	0	0	16574	0
559000	609	0	5710	0	0	0	16765	0
560000	569	0	5601	0	0	0	16077	0
561000	964	0	5372	0	0	0	15510	0
562000	579	0	5763	0	0	0	17585	0
563000	539	0	5765	0	0	0	16848	0
564000	574	0	5769	0	0	0	16845	0
565000	538	0	5846	0	0	0	16770	0
566000	591	0	5803	0	0	0	17714	0
567000	672	0	5694	0	0	0	16110	0
568000	509	0	5826	0	0	0	17302	0
569000	685	0	5638	0	0	0	16375	0
570000	545	0	5741	0	0	0	16199	0
571000	547	0	5771	0	0	0	16197	0
572000	646	0	5681	0	0	0	16290	0
573000	589	0	5790	0	0	0	16274	0
574000	512	0	5851	0	0	0	17396	0
575000	727	0	5518	0	0	0	16446	0
576000	667	0	5636	0	0	0	16076	0
577000	654	0	5751	0	0	0	16569	0
578000	673	0	5643	0	0	0	16357	0
579000	781	0	5512	0	0	0	16020	0
580000	773	0	5582	0	0	0	16982	0
581000	750	0	5584	0	0	0	16639	0
582000	643	0	5777	0	0	0	16787	0
583000	615	0	5773	0	0	0	16956	0
584000	978	0	5469	0	0	0	16371	0
585000	754	0	5673	0	0	0	14700	0
586000	851	0	5495	0	0	0	15440	0
587000	813	0	5595	0	0	0	16627	0
588000	838	0	5536	0	0	0	16207	0
589000	566	0	5747	0	0	0	16904	0
590000	489	0	5938	0	0	0	15656	0
591000	733	0	5679	0	0	0	15423	0
592000	579	0	5850	0	0	0	16892	0
593000	597	0	5743	0	0	0	16234	0
594000	692	0	5696	0	0	0	15899	0
595000	796	0	5811	0	0	0	16898	0
596000	688	0	5702	0	0	0	16876	0
597000	801	0	5589	0	0	0	15759	0
598000	666	0	5666	0	0	0	16659	0
599000	775	0	5591	0	0	0	16060	0
600000	744	0	5719	0	0	0	17182	0
601000	431	0	5923	0	0	0	17192	0
602000	761	0	5693	0	0	0	16403	0
603000	692	0	5646	0	0	0	16716	0
604000	586	0	5698	0	0	0	17168	0
605000	794	0	5526	0	0	0	15273	0
606000	722	0	5655	0	0	0	16352	0
607000	487	0	5764	0	0	0	16940	0
608000	822	0	5411	0	0	0	14979	0
609000	926	0	5386	0	0	0	16202	0
610000	805	0	5532	0	0	0	15483	0
611000	630	0	5648	0	0	0	15916	0
612000	509	0	5758	0	0	0	15997	0
613000	671	0	5484	0	0	0	15831	0
614000	520	0	5674	0	0	0	17347	0
615000	650	0	5752	0	0	0	16829	0
616000	830	0	5490	0	0	0	15413	0
617000	702	0	5559	0	0	0	16185	0
618000	503	0	6074	0	0	0	16173	0
619000	568	0	5823	0	0	0	16811	0
620000	753	0	5662	0	0	0	15809	0
621000	380	0	6102	0	0	0	18331	0
622000	699	0	5407	0	0	0	16418	0
623000	373	0	5958	0	0	0	16543	0
624000	857	0	5498	0	0	0	16205	0
625000	797	0	5641	0	0	0	14723	0
626000	1043	0	5264	0	0	0	15754	0
627000	704	0	5750	0	0	0	17298	0
628000	908	0	5517	0	0	0	15160	0
629000	891	0	5357	0	0	0	16841	0
630000	518	0	5899	0	0	0	17565	0
631000	529	0	5926	0	0	0	17352	0
632000	636	0	5771	0	0	0	16740	0
633000	541	0	5807	0	0	0	17055	0
634000	490	0	5877	0	0	0	16649	0
635000	632	0	5760	0	0	0	17130	0
636000	499	0	5875	0	0	0	17041	0
637000	810	0	5470	0	0	0	15878	0
638000	597	0	5772	0	0	0	16834	0
639000	665	0	5733	0	0	0	17288	0
640000	672	0	5567	0	0	0	16340	0
641000	485	0	6011	0	0	0	17645	0
642000	623	0	5758	0	0	0	16632	0
643000	577	0	5770	0	0	0	16434	0
644000	715	0	5743	0	0	0	16672	0
645000	689	0	5703	0	0	0	16181	0
646000	508	0	5773	0	0	0	16289	0
647000	571	0	5795	0	0	0	17495	0
648000	495	0	5892	0	0	0	17435	0
649000	490	0	5875	0	0	0	17654	0
650000	733	0	5617	0	0	0	15754	0
651000	580	0	5781	0	0	0	16618	0
652000	621	0	5787	0	0	0	17922	0
653000	942	0	5432	0	0	0	16466	0
654000	605	0	5567	0	0	0	16076	0
655000	835	0	5403	0	0	0	15684	0
656000	550	0	5734	0	0	0	15803	0
657000	654	0	5578	0	0	0	16734	0
658000	815	0	5512	0	0	0	15961	0
659000	592	0	5827	0	0	0	17136	0
660000	574	0	5903	0	0	0	17092	0
661000	712	0	5469	0	0	0	17129	0
662000	510	0	5683	0	0	0	18324	0
663000	516	0	5921	0	0	0	16081	0
664000	491	0	5892	0	0	0	16261	0
665000	703	0	5744	0	0	0	17554	0
666000	665	0	5559	0	0	0	16880	0
667000	655	0	5735	0	0	0	16698	0
668000	804	0	5511	0	0	0	15514	0
669000	590	0	5720	0	0	0	16675	0
670000	622	0	5688	0	0	0	15826	0
671000	365	0	6084	0	0	0	17741	0
672000	507	0	5783	0	0	0	18038	0
673000	632	0	5832	0	0	0	17077	0
674000	494	0	5731	0	0	0	17766	0
675000	663	0	5811	0	0	0	17204	0
676000	523	0	6048	0	0	0	17544	0
677000	833	0	5451	0	0	0	15429	0
678000	754	0	5396	0	0	0	15074	0
679000	659	0	5646	0	0	0	18011	0
680000	564	0	5730	0	0	0	17568	0
681000	561	0	5774	0	0	0	16746	0
682000	655	0	5729	0	0	0	16726	0
683000	594	0	5653	0	0	0	16907	0
684000	669	0	5668	0	0	0	16330	0
685000	709	0	5597	0	0	0	16646	0
686000	500	0	5770	0	0	0	16107	0
687000	775	0	5770	0	0	0	17137	0
688000	945	0	5308	0	0	0	15408	0
689000	514	0	5823	0	0	0	15725	0
690000	855	0	5361	0	0	0	14871	0
691000	651	0	5825	0	0	0	16188	0
692000	501	0	5917	0	0	0	17111	0
693000	809	0	5335	0	0	0	15748	0
694000	510	0	5926	0	0	0	16631	0
695000	740	0	5501	0	0	0	16600	0
696000	540	0	5773	0	0	0	16865	0
697000	693	0	5862	0	0	0	16711	0
698000	625	0	5575	0	0	0	16450	0
699000	735	0	5536	0	0	0	16287	0
700000	748	0	5806	0	0	0	16483	0
701000	601	0	5810	0	0	0	16025	0
702000	633	0	5788	0	0	0	16979	0
703000	601	0	5681	0	0	0	16778	0
704000	761	0	5689	0	0	0	15880	0
705000	732	0	5662	0	0	0	15766	0
706000	435	0	5818	0	0	0	17453	0
707000	507	0	5890	0	0	0	15965	0
708000	616	0	5668	0	0	0	16112	0
709000	473	0	5845	0	0	0	16935	0
710000	702	0	5686	0	0	0	17640	0
711000	452	0	5661	0	0	0	17221	0
712000	608	0	5723	0	0	0	17060	0
713000	530	0	5859	0	0	0	17233	0
714000	554	0	5821	0	0	0	16351	0
715000	605	0	5934	0	0	0	16899	0
716000	691	0	5689	0	0	0	15699	0
717000	800	0	5447	0	0	0	16283	0
718000	674	0	5734	0	0	0	16850	0
719000	671	0	5516	0	0	0	15510	0
720000	738	0	5437	0	0	0	16632	0
721000	556	0	5876	0	0	0	17660	0
722000	725	0	5558	0	0	0	16377	0
723000	790	0	5419	0	0	0	16115	0
724000	544	0	5851	0	0	0	17976	0
725000	422	0	5968	0	0	0	15633	0
726000	648	0	5702	0	0	0	16099	0
727000	451	0	5876	0	0	0	16918	0
728000	808	0	5688	0	0	0	16436	0
729000	553	0	5792	0	0	0	17758	0
730000	795	0	5557	0	0	0	15545	0
731000	544	0	5612	0	0	0	15709	0
732000	706	0	5624	0	0	0	16720	0
733000	662	0	5880	0	0	0	16593	0
734000	912	0	5525	0	0	0	15834	0
735000	515	0	5885	0	0	0	16135	0
736000	655	0	5776	0	0	0	17501	0
737000	758	0	5540	0	0	0	16010	0
738000	728	0	5691	0	0	0	16135	0
739000	617	0	5771	0	0	0	16730	0
740000	644	0	5855	0	0	0	16599	0
741000	674	0	5622	0	0	0	17395	0
742000	839	0	5504	0	0	0	15990	0
743000	560	0	5866	0	0	0	16049	0
744000	447	0	6117	0	0	0	16949	0
745000	737	0	5542	0	0	0	16438	0
746000	638	0	5599	0	0	0	16627	0
747000	624	0	5605	0	0	0	16653	0
748000	601	0	5825	0	0	0	17310	0
749000	682	0	5615	0	0	0	16622	0
750000	1057	0	5307	0	0	0	16279	0
751000	716	0	5537	0	0	0	15758	0
752000	787	0	5461	0	0	0	16898	0
753000	589	0	5683	0	0	0	17138	0
754000	606	0	5920	0	0	0	16981	0
755000	717	0	5659	0	0	0	15619	0
756000	468	0	5746	0	0	0	17885	0
757000	739	0	5680	0	0	0	16583	0
758000	885	0	5489	0	0	0	15974	0
759000	512	0	5779	0	0	0	16714	0
760000	555	0	5752	0	0	0	18049	0
761000	615	0	5597	0	0	0	16563	0
762000	674	0	5701	0	0	0	17027	0
763000	577	0	5690	0	0	0	17410	0
764000	490	0	5858	0	0	0	16656	0
765000	539	0	5807	0	0	0	16884	0
766000	589	0	5667	0	0	0	16840	0
767000	562	0	5754	0	0	0	16113	0
768000	665	0	5734	0	0	0	16712	0
769000	576	0	5919	0	0	0	16525	0
770000	770	0	5617	0	0	0	16890	0
771000	668	0	5716	0	0	0	16427	0
772000	647	0	5630	0	0	0	16501	0
773000	536	0	5796	0	0	0	16990	0
774000	713	0	5655	0	0	0	16480	0
775000	664	0	5835	0	0	0	16052	0
776000	685	0	5632	0	0	0	15967	0
777000	624	0	5825	0	0	0	16638	0
778000	492	0	6016	0	0	0	17068	0
779000	595	0	5808	0	0	0	16938	0
780000	607	0	5797	0	0	0	16836	0
781000	492	0	5813	0	0	0	16893	0
782000	704	0	5699	0	0	0	16405	0
783000	647	0	5775	0	0	0	16877	0
784000	995	0	5087	0	0	0	16007	0
785000	711	0	5708	0	0	0	15748	0
786000	656	0	5718	0	0	0	17103	0
787000	605	0	5650	0	0	0	16219	0
788000	797	0	5545	0	0	0	15637	0
789000	389	0	5900	0	0	0	17529	0
790000	647	0	5764	0	0	0	17356	0
791000	677	0	5673	0	0	0	16463	0
792000	520	0	5826	0	0	0	17195	0
793000	533	0	5755	0	0	0	16356	0
794000	598	0	5711	0	0	0	17322	0
795000	731	0	5655	0	0	0	16508	0
796000	665	0	5599	0	0	0	16764	0
797000	419	0	5935	0	0	0	17770	0
798000	752	0	5638	0	0	0	16307	0
799000	653	0	5777	0	0	0	16345	0
800000	737	0	5638	0	0	0	16356	0
801000	457	0	5779	0	0	0	17139	0
802000	449	0	5906	0	0	0	16833	0
803000	330	0	6006	0	0	0	17761	0
804000	870	0	5468	0	0	0	15161	0
805000	760	0	5697	0	0	0	15464	0
806000	459	0	5862	0	0	0	17016	0
807000	720	0	5514	0	0	0	16520	0
808000	714	0	5588	0	0	0	16350	0
809000	478	0	5876	0	0	0	16258	0
810000	638	0	5816	0	0	0	16553	0
811000	684	0	5659	0	0	0	16292	0
812000	703	0	5638	0	0	0	16508	0
813000	459	0	5904	0	0	0	16629	0
814000	813	0	5546	0	0	0	15786	0
815000	578	0	5661	0	0	0	16777	0
816000	505	0	5867	0	0	0	16444	0
817000	557	0	5893	0	0	0	17457	0
818000	642	0	5760	0	0	0	17292	0
819000	380	0	6010	0	0	0	17430	0
820000	689	0	5754	0	0	0	16441	0
821000	682	0	5694	0	0	0	17825	0
822000	737	0	5723	0	0	0	15768	0
823000	544	0	5751	0	0	0	16723	0
824000	590	0	5827	0	0	0	16411	0
825000	620	0	5771	0	0	0	16369	0
826000	847	0	5670	0	0	0	15102	0
827000	768	0	5680	0	0	0	15978	0
828000	537	0	5662	0	0	0	17282	0
829000	631	0	5705	0	0	0	16914	0
830000	781	0	5646	0	0	0	16424	0
831000	704	0	5802	0	0	0	16387	0
832000	627	0	5872	0	0	0	15637	0
833000	757	0	5535	0	0	0	16128	0
834000	488	0	5965	0	0	0	18105	0
835000	408	0	6042	0	0	0	16831	0
836000	692	0	5888	0	0	0	16254	0
837000	719	0	5731	0	0	0	16211	0
838000	606	0	5876	0	0	0	17223	0
839000	472	0	5744	0	0	0	17368	0
840000	504	0	5931	0	0	0	15648	0
841000	591	0	5742	0	0	0	17442	0
842000	567	0	5523	0	0	0	15835	0
843000	652	0	5721	0	0	0	15416	0
844000	490	0	5784	0	0	0	17247	0
845000	709	0	5803	0	0	0	16889	0
846000	568	0	6014	0	0	0	16776	0
847000	828	0	5477	0	0	0	16589	0
848000	449	0	5961	0	0	0	18267	0
849000	489	0	5799	0	0	0	17023	0
850000	602	0	5626	0	0	0	15796	0
851000	453	0	5852	0	0	0	17174	0
852000	586	0	5843	0	0	0	16782	0
853000	566	0	5842	0	0	0	15616	0
854000	647	0	5680	0	0	0	16225	0
855000	706	0	5778	0	0	0	16595	0
856000	635	0	5783	0	0	0	15725	0
857000	573	0	5751	0	0	0	16425	0
858000	563	0	5742	0	0	0	17320	0
859000	752	0	5446	0	0	0	16301	0
860000	796	0	5579	0	0	0	15372	0
861000	669	0	5776	0	0	0	17176	0
862000	487	0	5816	0	0	0	16735	0
863000	716	0	5740	0	0	0	16535	0
864000	630	0	5860	0	0	0	17083	0
865000	717	0	5729	0	0	0	16518	0
866000	648	0	5899	0	0	0	16679	0
867000	556	0	5747	0	0	0	18040	0
868000	746	0	5530	0	0	0	17366	0
869000	390	0	6033	0	0	0	16852	0
870000	511	0	5873	0	0	0	16511	0
871000	620	0	5769	0	0	0	16146	0
872000	492	0	5801	0	0	0	16472	0
873000	618	0	5695	0	0	0	15982	0
874000	478	0	5834	0	0	0	16943	0
875000	620	0	5712	0	0	0	16456	0
876000	481	0	5860	0	0	0	16886	0
877000	647	0	5562	0	0	0	15957	0
878000	587	0	5846	0	0	0	17316	0
879000	697	0	5739	0	0	0	17166	0
880000	717	0	5558	0	0	0	16561	0
881000	948	0	5315	0	0	0	15563	0
882000	572	0	5705	0	0	0	16558	0
883000	775	0	5690	0	0	0	16022	0
884000	454	0	5894	0	0	0	17044	0
885000	743	0	5604	0	0	0	17503	0
886000	525	0	5997	0	0	0	17362	0
887000	554	0	5837	0	0	0	17357	0
888000	539	0	5813	0	0	0	16340	0
889000	563	0	5739	0	0	0	17075	0
890000	639	0	5834	0	0	0	16243	0
891000	616	0	5742	0	0	0	17135	0
892000	700	0	5731	0	0	0	16325	0
893000	579	0	5800	0	0	0	16553	0
894000	536	0	5901	0	0	0	16768	0
895000	731	0	5617	0	0	0	15981	0
896000	738	0	5684	0	0	0	16056	0
897000	712	0	5726	0	0	0	16006	0
898000	479	0	5955	0	0	0	17082	0
899000	753	0	5702	0	0	0	16651	0
900000	795	0	5482	0	0	0	15243	0
901000	740	0	5517	0	0	0	15600	0
902000	478	0	5832	0	0	0	16830	0
903000	662	0	5710	0	0	0	16249	0
904000	662	0	5587	0	0	0	16353	0
905000	731	0	5652	0	0	0	15918	0
906000	558	0	5732	0	0	0	16896	0
907000	655	0	5649	0	0	0	16220	0
908000	619	0	5726	0	0	0	15307	0
909000	357	0	5949	0	0	0	16626	0
910000	954	0	5398	0	0	0	14356	0
911000	645	0	5755	0	0	0	16679	0
912000	772	0	5572	0	0	0	16558	0
913000	712	0	5664	0	0	0	16668	0
914000	671	0	5762	0	0	0	16205	0
915000	615	0	5573	0	0	0	16456	0
916000	480	0	5983	0	0	0	16945	0
917000	801	0	5698	0	0	0	15500	0
918000	671	0	5689	0	0	0	16633	0
919000	465	0	5899	0	0	0	17236	0
920000	742	0	5515	0	0	0	15953	0
921000	584	0	5654	0	0	0	16884	0
922000	715	0	5666	0	0	0	16494	0
923000	725	0	5592	0	0	0	14863	0
924000	601	0	5709	0	0	0	17235	0
925000	698	0	5774	0	0	0	16454	0
926000	663	0	5798	0	0	0	15976	0
927000	571	0	5660	0	0	0	17899	0
928000	708	0	5595	0	0	0	15719	0
929000	668	0	5746	0	0	0	17382	0
930000	542	0	5736	0	0	0	16578	0
931000	491	0	5919	0	0	0	16832	0
932000	626	0	5776	0	0	0	16609	0
933000	1010	0	5482	0	0	0	15414	0
934000	513	0	5823	0	0	0	16161	0
935000	604	0	5693	0	0	0	16511	0
936000	859	0	5459	0	0	0	15332	0
937000	615	0	5520	0	0	0	16966	0
938000	633	0	5704	0	0	0	17491	0
939000	720	0	5633	0	0	0	15877	0
940000	471	0	6008	0	0	0	18094	0
941000	788	0	5588	0	0	0	15915	0
942000	544	0	5824	0	0	0	16650	0
943000	834	0	5564	0	0	0	16519	0
944000	637	0	5693	0	0	0	16490	0
945000	594	0	5546	0	0	0	16746	0
946000	409	0	5900	0	0	0	17468	0
947000	558	0	5869	0	0	0	16711	0
948000	651	0	5747	0	0	0	16995	0
949000	675	0	5791	0	0	0	15796	0
950000	585	0	5551	0	0	0	16511	0
951000	584	0	5762	0	0	0	16889	0
952000	647	0	5725	0	0	0	17432	0
953000	781	0	5593	0	0	0	16244	0
954000	775	0	5663	0	0	0	16017	0
955000	724	0	5697	0	0	0	16670	0
956000	767	0	5577	0	0	0	15437	0
957000	621	0	5888	0	0	0	16719	0
958000	619	0	5702	0	0	0	16992	0
959000	508	0	5683	0	0	0	16436	0
960000	502	0	5818	0	0	0	17013	0
961000	374	0	5966	0	0	0	17825	0
962000	833	0	5571	0	0	0	15093	0
963000	655	0	5591	0	0	0	17728	0
964000	664	0	5628	0	0	0	17057	0
965000	783	0	5536	0	0	0	17662	0
966000	746	0	5441	0	0	0	16059	0
967000	626	0	5770	0	0	0	16697	0
968000	478	0	5870	0	0	0	16955	0
969000	436	0	5938	0	0	0	16960	0
970000	586	0	5724	0	0	0	16726	0
971000	498	0	5949	0	0	0	17560	0
972000	651	0	5642	0	0	0	16936	0
973000	824	0	5562	0	0	0	16906	0
974000	594	0	5777	0	0	0	17349	0
975000	581	0	5570	0	0	0	16773	0
976000	730	0	5537	0	0	0	16816	0
977000	582	0	5800	0	0	0	16422	0
978000	486	0	5726	0	0	0	17599	0
979000	744	0	5530	0	0	0	16709	0
980000	611	0	5670	0	0	0	16447	0
981000	709	0	5638	0	0	0	16538	0
982000	795	0	5540	0	0	0	15685	0
983000	835	0	5496	0	0	0	15592	0
984000	572	0	5629	0	0	0	16330	0
985000	897	0	5635	0	0	0	16596	0
986000	550	0	5838	0	0	0	15812	0
987000	748	0	5578	0	0	0	16395	0
988000	607	0	5527	0	0	0	16299	0
989000	494	0	5885	0	0	0	16980	0
990000	566	0	5783	0	0	0	16738	0
991000	514	0	5645	0	0	0	16382	0
992000	620	0	5933	0	0	0	16216	0
993000	588	0	5910	0	0	0	17390	0
994000	769	0	5552	0	0	0	14969	0
995000	587	0	5991	0	0	0	16660	0
996000	714	0	5692	0	0	0	16368	0
997000	491	0	5898	0	0	0	17439	0
998000	790	0	5559	0	0	0	16495	0
999000	506	0	6002	0	0	0	16706	0
