0	0	0	0	14400	0	0	0	0
1000	23	303	571	12901	107	19	37337	237
2000	34	281	1112	12016	48	113	36629	383
3000	56	285	1621	11145	35	90	36818	381
4000	57	329	2090	10364	9	155	34411	372
5000	52	261	1960	10632	1	176	36443	469
6000	74	267	2533	9599	11	188	35354	803
7000	93	255	3419	8268	3	88	32420	292
8000	86	201	3780	7647	70	143	30691	479
9000	135	244	3781	7312	364	32	30948	980
10000	130	252	3663	7518	406	12	29948	986
11000	107	172	3714	7359	489	40	30898	1298
12000	164	296	3586	7333	458	51	29845	1181
13000	102	201	4285	6145	535	2	28517	1518
14000	153	214	4418	6037	218	179	30239	780
15000	118	211	4011	6824	79	344	31523	1090
16000	117	185	4278	6393	204	213	30923	1083
17000	134	208	4931	5187	229	66	27244	885
18000	161	249	4786	5371	92	147	27446	404
19000	177	118	5037	5121	40	87	27323	512
20000	220	188	5566	3731	108	0	25238	323
21000	308	147	5293	4193	4	2	26438	72
22000	201	140	5555	3910	0	0	26223	36
23000	301	121	5741	3264	13	0	23740	26
24000	183	131	6050	2719	0	0	24419	55
25000	307	82	5904	2726	15	0	24333	17
26000	274	69	6273	1566	8	0	21805	0
27000	231	83	6221	2002	0	0	22145	15
28000	284	100	6090	1904	58	0	22668	144
29000	383	91	6167	690	88	0	19704	181
30000	333	70	6117	698	0	0	18364	65
31000	357	46	6242	918	0	0	20369	1
32000	280	89	6198	1211	58	0	19381	244
33000	198	57	6199	1429	33	0	20721	26
34000	257	180	6126	2243	62	0	22055	151
35000	212	129	6006	2754	81	0	23212	88
36000	448	156	5574	2775	177	0	23970	517
37000	210	123	5976	2772	71	0	23951	175
38000	267	132	5941	2649	39	0	23303	119
39000	329	148	5931	2378	7	0	23295	37
40000	352	80	6138	1491	185	0	20087	586
41000	385	168	5852	2421	197	1	22596	532
42000	304	92	6002	2275	24	0	22977	251
43000	248	62	6142	1865	0	0	21488	3
44000	431	111	5906	2123	139	0	21420	212
45000	357	42	6186	965	86	0	20571	77
46000	475	26	6067	655	131	0	18953	542
47000	267	14	6273	701	83	0	19308	275
48000	279	54	6287	878	0	0	19334	7
49000	341	42	6112	658	0	0	18222	5
50000	418	4	6011	376	0	0	17619	1
51000	354	54	6177	359	0	0	17874	4
52000	456	78	5912	387	51	0	17517	61
53000	356	35	6104	91	20	0	16603	93
54000	477	0	6009	244	0	0	17501	7
55000	437	3	6144	339	288	0	17567	822
56000	371	0	6242	60	218	0	16207	700
57000	340	0	5990	23	323	0	16980	620
58000	388	0	6147	0	704	0	17072	1921
59000	377	0	6038	0	1387	0	16823	3275
60000	433	0	6139	0	1233	0	16989	3853
61000	309	0	6138	0	1752	0	16890	3973
62000	340	0	6194	0	1654	0	16587	4833
63000	407	0	6142	0	1359	0	16078	4184
64000	332	0	6328	0	1030	0	17887	3264
65000	316	0	6290	0	486	0	16247	1665
66000	467	0	5994	0	753	0	17028	2189
67000	392	0	6114	0	604	0	16131	1665
68000	411	0	6180	0	479	0	17869	1472
69000	446	0	5947	0	208	0	15976	600
70000	414	0	6117	0	221	0	16935	600
71000	359	0	6140	0	554	0	17583	1553
72000	452	0	6215	0	719	0	17158	2132
73000	531	0	5911	0	583	0	16581	1636
74000	470	0	6024	0	598	0	16933	1945
75000	378	0	6093	0	461	0	17185	1033
76000	335	0	6003	0	359	0	16718	772
77000	548	0	5893	0	332	0	16792	884
78000	632	0	5731	0	115	0	17371	582
79000	446	0	5939	0	0	0	16024	71
80000	367	0	6050	0	0	0	17067	0
81000	370	0	5888	0	0	0	17558	0
82000	423	0	6005	0	0	0	15463	0
83000	420	0	5966	0	0	0	16183	0
84000	444	0	5877	0	0	0	16339	0
85000	469	0	5906	0	0	0	15752	0
86000	423	0	5924	0	0	0	16270	0
87000	465	0	5885	0	0	0	16356	0
88000	589	0	5726	0	0	0	16049	0
89000	448	0	5821	0	0	0	16303	0
90000	505	0	5799	0	0	0	15794	0
91000	339	0	5990	0	0	0	16605	0
92000	414	0	5831	0	0	0	16633	0
93000	352	0	6037	0	0	0	17384	0
94000	518	0	5811	0	0	0	16917	0
95000	493	0	5857	0	0	0	16629	0
96000	419	0	5907	0	0	0	16405	0
97000	358	0	6005	0	0	0	16407	0
98000	354	0	5934	0	0	0	17445	0
99000	432	0	6011	0	0	0	16744	0
100000	600	0	5655	0	0	0	16253	0
101000	478	0	5897	0	0	0	16252	0
102000	549	0	5683	0	0	0	15546	0
103000	360	0	6125	0	0	0	15914	0
104000	406	0	5870	0	0	0	17201	0
105000	452	0	5952	0	0	0	15643	0
106000	691	0	5719	0	0	0	15065	0
107000	427	0	5847	0	0	0	16021	0
108000	362	0	5971	0	0	0	16096	0
109000	371	0	5812	0	0	0	16148	0
110000	411	0	5940	0	0	0	15920	0
111000	322	0	6149	0	0	0	16441	0
112000	458	0	5873	0	0	0	16217	0
113000	369	0	5994	0	0	0	15787	0
114000	573	0	5825	0	0	0	16819	0
115000	461	0	5985	0	0	0	17693	0
116000	367	0	5898	0	0	0	16283	0
117000	380	0	5909	0	0	0	17214	0
118000	365	0	6021	0	0	0	16194	0
119000	487	0	5976	0	0	0	16327	0
120000	262	0	6155	0	0	0	17567	0
121000	363	0	5999	0	0	0	15563	0
122000	520	0	5745	0	0	0	16411	0
123000	639	0	5727	0	0	0	16164	0
124000	597	0	5817	0	0	0	16538	0
125000	448	0	5824	0	0	0	16405	0
126000	312	0	6060	0	0	0	17329	0
127000	208	0	6165	0	0	0	16451	0
128000	515	0	5974	0	0	0	15423	0
129000	511	0	5751	0	0	0	15533	0
130000	471	0	5980	0	0	0	16176	0
131000	450	0	5856	0	0	0	16449	0
132000	268	0	6204	0	0	0	15519	0
133000	439	0	5896	0	0	0	16877	0
134000	446	0	5883	0	0	0	15451	0
135000	495	0	5790	0	0	0	15708	0
136000	472	0	5822	0	0	0	16265	0
137000	475	0	6029	0	0	0	15440	0
138000	311	0	6083	0	0	0	16005	0
139000	450	0	5946	0	0	0	16844	0
140000	433	0	5794	0	0	0	16415	0
141000	446	0	5707	0	0	0	17256	0
142000	468	0	5904	0	0	0	16297	0
143000	403	0	6008	0	0	0	16779	0
144000	497	0	5846	0	0	0	16465	0
145000	290	0	6210	0	0	0	16810	0
146000	568	0	5790	0	0	0	16380	0
147000	379	0	5960	0	0	0	16861	0
148000	283	0	6045	0	0	0	16827	0
149000	452	0	6074	0	0	0	16129	0
150000	436	0	5880	0	0	0	16458	0
151000	429	0	6038	0	0	0	17226	0
152000	303	0	6107	0	0	0	16793	0
153000	380	0	5973	0	0	0	16873	0
154000	344	0	6002	0	0	0	16865	0
155000	345	0	6070	0	0	0	16415	0
156000	258	0	6162	0	0	0	16132	0
157000	569	0	5658	0	0	0	15716	0
158000	412	0	6050	0	0	0	15133	0
159000	419	0	5960	0	0	0	17236	0
160000	402	0	6064	0	0	0	16498	0
161000	620	0	5710	0	0	0	15780	0
162000	481	0	5795	0	0	0	15982	0
163000	502	0	5803	0	0	0	16774	0
164000	293	0	6250	0	0	0	17119	0
165000	312	0	6094	0	0	0	17117	0
166000	333	0	6044	0	0	0	16249	0
167000	672	0	5631	0	0	0	16045	0
168000	581	0	5804	0	0	0	15915	0
169000	362	0	6033	0	0	0	16485	0
170000	502	0	5953	0	0	0	16332	0
171000	506	0	5899	0	0	0	16130	0
172000	384	0	6021	0	0	0	16264	0
173000	434	0	5932	0	0	0	16626	0
174000	327	0	6006	0	0	0	16792	0
175000	287	0	6120	0	0	0	16009	0
176000	510	0	5761	0	0	0	15911	0
177000	389	0	6043	0	0	0	16369	0
178000	377	0	5948	0	0	0	16116	0
179000	339	0	5912	0	0	0	16853	0
180000	497	0	5624	0	0	0	16351	0
181000	377	0	5973	0	0	0	16573	0
182000	428	0	5849	0	0	0	15984	0
183000	450	0	5738	0	0	0	16890	0
184000	377	0	5948	0	0	0	16765	0
185000	555	0	5772	0	0	0	16802	0
186000	401	0	6148	0	0	0	16726	0
187000	421	0	5813	0	0	0	16497	0
188000	379	0	6122	0	0	0	15708	0
189000	444	0	5968	0	0	0	16318	0
190000	371	0	6065	0	0	0	16661	0
191000	398	0	6046	0	0	0	16360	0
192000	534	0	5763	0	0	0	15993	0
193000	389	0	5907	0	0	0	15138	0
194000	374	0	5864	0	0	0	16741	0
195000	492	0	5752	0	0	0	16632	0
196000	404	0	5994	0	0	0	16174	0
197000	431	0	5976	0	0	0	16092	0
198000	570	0	5732	0	0	0	16895	0
199000	255	0	6017	0	0	0	17093	0
200000	562	0	5813	0	0	0	16771	0
201000	487	0	5724	0	0	0	15974	0
202000	330	0	6169	0	0	0	17367	0
203000	342	0	5940	0	0	0	16179	0
204000	332	0	6033	0	0	0	16592	0
205000	424	0	5848	0	0	0	15475	0
206000	513	0	5799	0	0	0	16567	0
207000	431	0	5801	0	0	0	16284	0
208000	311	0	5935	0	0	0	17426	0
209000	377	0	5951	0	0	0	17203	0
210000	468	0	5946	0	0	0	16417	0
211000	380	0	6154	0	0	0	15425	0
212000	305	0	6078	0	0	0	15980	0
213000	360	0	5993	0	0	0	17145	0
214000	580	0	5848	0	0	0	15549	0
215000	452	0	5970	0	0	0	15565	0
216000	296	0	6008	0	0	0	16496	0
217000	608	0	5597	0	0	0	15505	0
218000	489	0	5875	0	0	0	15906	0
219000	601	0	5831	0	0	0	16335	0
220000	337	0	5979	0	0	0	17036	0
221000	501	0	5723	0	0	0	15492	0
222000	540	0	5835	0	0	0	16526	0
223000	426	0	5932	0	0	0	16584	0
224000	513	0	5918	0	0	0	15140	0
225000	406	0	5889	0	0	0	16693	0
226000	521	0	5755	0	0	0	16759	0
227000	573	0	5687	0	0	0	16211	0
228000	539	0	5733	0	0	0	15632	0
229000	589	0	5808	0	0	0	15984	0
230000	336	0	5938	0	0	0	17069	0
231000	479	0	5990	0	0	0	15406	0
232000	626	0	5680	0	0	0	16783	0
233000	585	0	5631	0	0	0	16422	0
234000	312	0	5923	0	0	0	16254	0
235000	473	0	5887	0	0	0	17455	0
236000	462	0	5996	0	0	0	16222	0
237000	323	0	6147	0	0	0	17694	0
238000	410	0	5851	0	0	0	15485	0
239000	466	0	5815	0	0	0	15903	0
240000	372	0	5987	0	0	0	16818	0
241000	511	0	5864	0	0	0	16481	0
242000	364	0	5851	0	0	0	16696	0
243000	582	0	5908	0	0	0	16945	0
244000	440	0	6011	0	0	0	16148	0
245000	321	0	5873	0	0	0	18063	0
246000	539	0	5922	0	0	0	16238	0
247000	272	0	5986	0	0	0	16787	0
248000	537	0	5863	0	0	0	16170	0
249000	329	0	5995	0	0	0	16744	0
250000	322	0	6019	0	0	0	16534	0
251000	490	0	5935	0	0	0	16439	0
252000	620	0	5754	0	0	0	15828	0
253000	413	0	5920	0	0	0	16107	0
254000	565	0	5846	0	0	0	16738	0
255000	369	0	5816	0	0	0	15817	0
256000	341	0	6031	0	0	0	17069	0
257000	341	0	6057	0	0	0	18072	0
258000	297	0	6130	0	0	0	17037	0
259000	479	0	5876	0	0	0	14802	0
260000	499	0	5776	0	0	0	16110	0
261000	433	0	6039	0	0	0	16786	0
262000	500	0	5857	0	0	0	16655	0
263000	463	0	5763	0	0	0	15889	0
264000	527	0	5762	0	0	0	15668	0
265000	303	0	6100	0	0	0	16970	0
266000	380	0	6045	0	0	0	16464	0
267000	544	0	5780	0	0	0	16052	0
268000	563	0	5702	0	0	0	16280	0
269000	501	0	5816	0	0	0	16405	0
270000	461	0	5847	0	0	0	15783	0
271000	488	0	5611	0	0	0	15759	0
272000	362	0	6020	0	0	0	16000	0
273000	484	0	5766	0	0	0	16233	0
274000	492	0	5712	0	0	0	16816	0
275000	459	0	5964	0	0	0	15402	0
276000	464	0	5756	0	0	0	16735	0
277000	522	0	5679	0	0	0	16054	0
278000	540	0	5890	0	0	0	16049	0
279000	295	0	6086	0	0	0	16089	0
280000	438	0	5994	0	0	0	16444	0
281000	353	0	5878	0	0	0	16483	0
282000	456	0	5983	0	0	0	16751	0
283000	330	0	5886	0	0	0	16412	0
284000	439	0	5932	0	0	0	15863	0
285000	365	0	6128	0	0	0	16180	0
286000	339	0	5958	0	0	0	16471	0
287000	347	0	5894	0	0	0	16870	0
288000	556	0	5774	0	0	0	17337	0
289000	524	0	5629	0	0	0	15655	0
290000	403	0	5996	0	0	0	18181	0
291000	400	0	5952	0	0	0	15335	0
292000	351	0	6168	0	0	0	16551	0
293000	559	0	5862	0	0	0	15827	0
294000	546	0	5815	0	0	0	17187	0
295000	485	0	5958	0	0	0	16406	0
296000	499	0	5850	0	0	0	17240	0
297000	382	0	6170	0	0	0	15945	0
298000	357	0	6082	0	0	0	16161	0
299000	450	0	5965	0	0	0	15956	0
300000	415	0	5920	0	0	0	15998	0
301000	424	0	6072	0	0	0	16002	0
302000	319	0	6099	0	0	0	18949	0
303000	424	0	6072	0	0	0	16809	0
304000	426	0	6029	0	0	0	16655	0
305000	423	0	5936	0	0	0	16061	0
306000	411	0	5866	0	0	0	16241	0
307000	635	0	5489	0	0	0	15806	0
308000	582	0	5676	0	0	0	15922	0
309000	337	0	5939	0	0	0	16635	0
310000	419	0	5932	0	0	0	16813	0
311000	572	0	5828	0	0	0	15171	0
312000	503	0	6005	0	0	0	16976	0
313000	489	0	5783	0	0	0	16186	0
314000	410	0	5994	0	0	0	16068	0
315000	505	0	5802	0	0	0	15445	0
316000	485	0	5917	0	0	0	15694	0
317000	341	0	5981	0	0	0	16827	0
318000	575	0	5930	0	0	0	16268	0
319000	416	0	5789	0	0	0	15289	0
320000	448	0	5735	0	0	0	16399	0
321000	375	0	6052	0	0	0	16501	0
322000	504	0	5924	0	0	0	15587	0
323000	413	0	6071	0	0	0	17115	0
324000	331	0	5996	0	0	0	17167	0
325000	441	0	5922	0	0	0	15563	0
326000	247	0	6168	0	0	0	16815	0
327000	466	0	5888	0	0	0	16580	0
328000	300	0	6137	0	0	0	16612	0
329000	470	0	5846	0	0	0	16149	0
330000	552	0	5937	0	0	0	16216	0
331000	341	0	6023	0	0	0	16605	0
332000	430	0	5804	0	0	0	16047	0
333000	521	0	5790	0	0	0	16142	0
334000	380	0	5936	0	0	0	16905	0
335000	353	0	6065	0	0	0	15994	0
336000	348	0	6013	0	0	0	16917	0
337000	616	0	5768	0	0	0	16552	0
338000	366	0	6017	0	0	0	16214	0
339000	344	0	6003	0	0	0	16778	0
340000	530	0	5788	0	0	0	15941	0
341000	337	0	6099	0	0	0	16386	0
342000	580	0	5815	0	0	0	16291	0
343000	579	0	5874	0	0	0	16699	0
344000	341	0	5939	0	0	0	16740	0
345000	533	0	5882	0	0	0	16589	0
346000	536	0	5787	0	0	0	16277	0
347000	387	0	5975	0	0	0	15893	0
348000	436	0	5954	0	0	0	16902	0
349000	314	0	6120	0	0	0	16604	0
350000	459	0	5975	0	0	0	16748	0
351000	771	0	5584	0	0	0	14735	0
352000	455	0	6114	0	0	0	16890	0
353000	527	0	5899	0	0	0	16130	0
354000	432	0	5797	0	0	0	16247	0
355000	637	0	5909	0	0	0	16471	0
356000	528	0	5710	0	0	0	15924	0
357000	351	0	6040	0	0	0	17193	0
358000	536	0	5800	0	0	0	17107	0
359000	431	0	5937	0	0	0	16169	0
360000	503	0	5693	0	0	0	15245	0
361000	368	0	5918	0	0	0	16429	0
362000	391	0	5881	0	0	0	16980	0
363000	417	0	5929	0	0	0	16591	0
364000	389	0	6085	0	0	0	16886	0
365000	603	0	5806	0	0	0	14999	0
366000	558	0	5801	0	0	0	16143	0
367000	337	0	5887	0	0	0	16128	0
368000	368	0	6058	0	0	0	16466	0
369000	528	0	5885	0	0	0	17064	0
370000	449	0	5858	0	0	0	15694	0
371000	464	0	5887	0	0	0	16394	0
372000	489	0	5920	0	0	0	16055	0
373000	220	0	6095	0	0	0	16844	0
374000	383	0	6084	0	0	0	16671	0
375000	523	0	5879	0	0	0	17130	0
376000	515	0	5840	0	0	0	15561	0
377000	447	0	5890	0	0	0	16196	0
378000	483	0	5944	0	0	0	16200	0
379000	455	0	5895	0	0	0	16322	0
380000	413	0	5974	0	0	0	16059	0
381000	573	0	5791	0	0	0	15820	0
382000	474	0	5751	0	0	0	16262	0
383000	398	0	5840	0	0	0	17385	0
384000	250	0	6201	0	0	0	17297	0
385000	560	0	5891	0	0	0	15523	0
386000	568	0	5821	0	0	0	16655	0
387000	387	0	5870	0	0	0	16088	0
388000	533	0	5765	0	0	0	16579	0
389000	386	0	6015	0	0	0	16777	0
390000	425	0	5943	0	0	0	16606	0
391000	387	0	6037	0	0	0	15409	0
392000	414	0	5882	0	0	0	15955	0
393000	299	0	6003	0	0	0	17031	0
394000	417	0	5994	0	0	0	16284	0
395000	383	0	5882	0	0	0	15381	0
396000	626	0	5878	0	0	0	16066	0
397000	564	0	5936	0	0	0	15986	0
398000	346	0	5929	0	0	0	16719	0
399000	263	0	6152	0	0	0	16169	0
400000	368	0	6045	0	0	0	16417	0
401000	357	0	5849	0	0	0	16187	0
402000	496	0	5951	0	0	0	15963	0
403000	410	0	5881	0	0	0	15379	0
404000	396	0	5936	0	0	0	16733	0
405000	398	0	5914	0	0	0	16232	0
406000	463	0	5998	0	0	0	17235	0
407000	413	0	5814	0	0	0	15850	0
408000	376	0	5686	0	0	0	16342	0
409000	377	0	6089	0	0	0	15692	0
410000	573	0	5760	0	0	0	16555	0
411000	377	0	5956	0	0	0	16205	0
412000	652	0	5749	0	0	0	15487	0
413000	455	0	5869	0	0	0	16476	0
414000	387	0	6024	0	0	0	17019	0
415000	471	0	5861	0	0	0	15874	0
416000	427	0	5894	0	0	0	17113	0
417000	514	0	6045	0	0	0	17055	0
418000	426	0	5879	0	0	0	16847	0
419000	497	0	5990	0	0	0	16139	0
420000	460	0	5912	0	0	0	17640	0
421000	584	0	5767	0	0	0	15577	0
422000	459	0	6019	0	0	0	16850	0
423000	760	0	5510	0	0	0	15109	0
424000	558	0	5699	0	0	0	15528	0
425000	639	0	5651	0	0	0	15879	0
426000	409	0	5887	0	0	0	16315	0
427000	410	0	5908	0	0	0	16900	0
428000	362	0	5958	0	0	0	16482	0
429000	394	0	5942	0	0	0	16678	0
430000	418	0	5951	0	0	0	15683	0
431000	328	0	5987	0	0	0	16659	0
432000	551	0	5788	0	0	0	17174	0
433000	610	0	5755	0	0	0	15796	0
434000	395	0	5943	0	0	0	16732	0
435000	276	0	5964	0	0	0	16125	0
436000	380	0	5871	0	0	0	16504	0
437000	643	0	5611	0	0	0	15257	0
438000	339	0	6002	0	0	0	16331	0
439000	373	0	5871	0	0	0	16156	0
440000	543	0	5712	0	0	0	15698	0
441000	432	0	6048	0	0	0	16257	0
442000	482	0	5827	0	0	0	16054	0
443000	415	0	6020	0	0	0	15317	0
444000	554	0	5827	0	0	0	16767	0
445000	500	0	5813	0	0	0	17702	0
446000	480	0	5928	0	0	0	17208	0
447000	300	0	5974	0	0	0	16523	0
448000	515	0	5905	0	0	0	16419	0
449000	339	0	6049	0	0	0	16180	0
450000	297	0	5963	0	0	0	16876	0
451000	354	0	5927	0	0	0	16389	0
452000	432	0	5932	0	0	0	15835	0
453000	610	0	5733	0	0	0	15720	0
454000	425	0	5837	0	0	0	16870	0
455000	449	0	5957	0	0	0	15897	0
456000	345	0	6008	0	0	0	17531	0
457000	259	0	6176	0	0	0	16651	0
458000	388	0	5996	0	0	0	16807	0
459000	446	0	5956	0	0	0	15630	0
460000	356	0	6008	0	0	0	17407	0
461000	474	0	5963	0	0	0	16684	0
462000	367	0	6044	0	0	0	16017	0
463000	664	0	5826	0	0	0	15534	0
464000	769	0	5602	0	0	0	15974	0
465000	453	0	5875	0	0	0	16724	0
466000	519	0	5808	0	0	0	16076	0
467000	426	0	5893	0	0	0	16416	0
468000	359	0	5950	0	0	0	15671	0
469000	395	0	5890	0	0	0	17507	0
470000	370	0	5992	0	0	0	15992	0
471000	625	0	5700	0	0	0	14918	0
472000	366	0	5936	0	0	0	16291	0
473000	546	0	5859	0	0	0	15734	0
474000	514	0	5912	0	0	0	16600	0
475000	466	0	5632	0	0	0	16114	0
476000	478	0	5853	0	0	0	15997	0
477000	647	0	5671	0	0	0	16292	0
478000	550	0	5951	0	0	0	16155	0
479000	602	0	5722	0	0	0	16226	0
480000	404	0	6015	0	0	0	15981	0
481000	599	0	5688	0	0	0	15862	0
482000	502	0	5677	0	0	0	15607	0
483000	324	0	6091	0	0	0	16806	0
484000	415	0	5961	0	0	0	15289	0
485000	415	0	5905	0	0	0	16269	0
486000	523	0	5923	0	0	0	16724	0
487000	388	0	5836	0	0	0	16733	0
488000	377	0	5989	0	0	0	16704	0
489000	318	0	6024	0	0	0	15505	0
490000	419	0	5974	0	0	0	16630	0
491000	284	0	6069	0	0	0	16656	0
492000	452	0	5876	0	0	0	16162	0
493000	603	0	5806	0	0	0	15575	0
494000	523	0	5819	0	0	0	15853	0
495000	519	0	5742	0	0	0	16791	0
496000	449	0	6080	0	0	0	16752	0
497000	510	0	5905	0	0	0	15876	0
498000	514	0	5810	0	0	0	15363	0
499000	524	0	5877	0	0	0	16149	0
500000	426	0	5876	0	0	0	15782	0
501000	333	0	5916	0	0	0	17470	0
502000	309	0	6152	0	0	0	16913	0
503000	474	0	5929	0	0	0	15806	0
504000	429	0	5989	0	0	0	16084	0
505000	320	0	6287	0	0	0	16696	0
506000	264	0	6042	0	0	0	16758	0
507000	578	0	5781	0	0	0	15646	0
508000	423	0	5983	0	0	0	15193	0
509000	500	0	5745	0	0	0	16144	0
510000	439	0	5812	0	0	0	16593	0
511000	659	0	5581	0	0	0	15915	0
512000	426	0	5841	0	0	0	15527	0
513000	334	0	6073	0	0	0	16692	0
514000	457	0	5774	0	0	0	16228	0
515000	430	0	5907	0	0	0	16217	0
516000	354	0	5925	0	0	0	16665	0
517000	360	0	5994	0	0	0	16919	0
518000	586	0	5860	0	0	0	16631	0
519000	283	0	6220	0	0	0	16212	0
520000	385	0	5934	0	0	0	16393	0
521000	540	0	5805	0	0	0	16023	0
522000	595	0	5833	0	0	0	15807	0
523000	275	0	5990	0	0	0	16287	0
524000	433	0	5788	0	0	0	17194	0
525000	358	0	5976	0	0	0	17138	0
526000	408	0	5939	0	0	0	16677	0
527000	698	0	5650	0	0	0	15892	0
528000	453	0	5874	0	0	0	16246	0
529000	397	0	6143	0	0	0	17203	0
530000	238	0	6054	0	0	0	17003	0
531000	589	0	5763	0	0	0	15745	0
532000	319	0	6041	0	0	0	15684	0
533000	357	0	6062	0	0	0	15648	0
534000	420	0	5891	0	0	0	16594	0
535000	477	0	5851	0	0	0	16911	0
536000	494	0	5773	0	0	0	17435	0
537000	382	0	5943	0	0	0	17195	0
538000	450	0	5868	0	0	0	17134	0
539000	336	0	5996	0	0	0	16466	0
540000	353	0	5965	0	0	0	16278	0
541000	406	0	6035	0	0	0	16714	0
542000	378	0	5934	0	0	0	17079	0
543000	439	0	5843	0	0	0	15915	0
544000	294	0	6096	0	0	0	15563	0
545000	552	0	5818	0	0	0	15626	0
546000	431	0	5936	0	0	0	16101	0
547000	433	0	5854	0	0	0	15982	0
548000	324	0	5837	0	0	0	17816	0
549000	481	0	5966	0	0	0	16070	0
550000	369	0	6021	0	0	0	16362	0
551000	378	0	5843	0	0	0	16206	0
552000	312	0	6008	0	0	0	16948	0
553000	556	0	5714	0	0	0	16348	0
554000	561	0	5757	0	0	0	15936	0
555000	482	0	5747	0	0	0	15998	0
556000	388	0	5906	0	0	0	16843	0
557000	270	0	6059	0	0	0	16736	0
558000	430	0	5952	0	0	0	16698	0
559000	472	0	5905	0	0	0	15537	0
560000	554	0	5862	0	0	0	16378	0
561000	542	0	5872	0	0	0	15726	0
562000	349	0	6059	0	0	0	16680	0
563000	534	0	5907	0	0	0	15327	0
564000	404	0	6095	0	0	0	16866	0
565000	515	0	6027	0	0	0	15730	0
566000	415	0	6013	0	0	0	16629	0
567000	406	0	5677	0	0	0	16021	0
568000	364	0	5917	0	0	0	16184	0
569000	491	0	5864	0	0	0	16262	0
570000	480	0	5945	0	0	0	15669	0
571000	454	0	5920	0	0	0	16004	0
572000	524	0	5846	0	0	0	16672	0
573000	464	0	5933	0	0	0	16472	0
574000	260	0	5910	0	0	0	17133	0
575000	459	0	6033	0	0	0	16643	0
576000	433	0	5912	0	0	0	16526	0
577000	533	0	5683	0	0	0	15751	0
578000	389	0	6127	0	0	0	16080	0
579000	299	0	6110	0	0	0	16193	0
580000	489	0	5995	0	0	0	16114	0
581000	365	0	5977	0	0	0	15804	0
582000	440	0	5927	0	0	0	16273	0
583000	472	0	5694	0	0	0	16294	0
584000	423	0	6060	0	0	0	15897	0
585000	308	0	6067	0	0	0	17321	0
586000	376	0	5926	0	0	0	17248	0
587000	326	0	5943	0	0	0	15850	0
588000	370	0	6037	0	0	0	15454	0
589000	345	0	6011	0	0	0	16690	0
590000	528	0	5850	0	0	0	15752	0
591000	403	0	5920	0	0	0	16469	0
592000	612	0	5655	0	0	0	15921	0
593000	421	0	6002	0	0	0	16183	0
594000	263	0	6015	0	0	0	16336	0
595000	305	0	6072	0	0	0	15892	0
596000	427	0	5871	0	0	0	16498	0
597000	492	0	6055	0	0	0	15916	0
598000	294	0	5911	0	0	0	16481	0
599000	414	0	5922	0	0	0	17132	0
600000	382	0	6123	0	0	0	15966	0
601000	521	0	5893	0	0	0	16224	0
602000	555	0	5821	0	0	0	15615	0
603000	469	0	5861	0	0	0	15405	0
604000	487	0	5837	0	0	0	16727	0
605000	532	0	5830	0	0	0	17376	0
606000	384	0	5872	0	0	0	16132	0
607000	458	0	5901	0	0	0	17545	0
608000	326	0	5889	0	0	0	16552	0
609000	382	0	5904	0	0	0	15886	0
610000	381	0	5949	0	0	0	16394	0
611000	387	0	6068	0	0	0	15594	0
612000	457	0	5982	0	0	0	15547	0
613000	472	0	5841	0	0	0	15044	0
614000	451	0	5974	0	0	0	17037	0
615000	440	0	5961	0	0	0	15920	0
616000	539	0	5949	0	0	0	15535	0
617000	403	0	5980	0	0	0	16715	0
618000	408	0	5923	0	0	0	17095	0
619000	611	0	5666	0	0	0	16055	0
620000	532	0	5841	0	0	0	16389	0
621000	682	0	5504	0	0	0	15119	0
622000	424	0	5873	0	0	0	16470	0
623000	432	0	5875	0	0	0	16268	0
624000	400	0	6048	0	0	0	16911	0
625000	422	0	5776	0	0	0	17241	0
626000	575	0	5630	0	0	0	15194	0
627000	630	0	5671	0	0	0	15548	0
628000	463	0	5970	0	0	0	15969	0
629000	382	0	6030	0	0	0	16274	0
630000	445	0	6057	0	0	0	15389	0
631000	433	0	6044	0	0	0	17396	0
632000	381	0	5954	0	0	0	15929	0
633000	577	0	5721	0	0	0	15944	0
634000	518	0	5910	0	0	0	16242	0
635000	477	0	5963	0	0	0	15956	0
636000	452	0	5916	0	0	0	16815	0
637000	591	0	5677	0	0	0	16041	0
638000	490	0	5865	0	0	0	16801	0
639000	404	0	6066	0	0	0	16833	0
640000	553	0	5883	0	0	0	16027	0
641000	377	0	5922	0	0	0	16403	0
642000	278	0	6075	0	0	0	15236	0
643000	390	0	6038	0	0	0	15815	0
644000	390	0	5965	0	0	0	16277	0
645000	407	0	5920	0	0	0	16385	0
646000	491	0	5905	0	0	0	16362	0
647000	487	0	5816	0	0	0	16274	0
648000	635	0	5680	0	0	0	15863	0
649000	341	0	5929	0	0	0	16358	0
650000	446	0	5997	0	0	0	15510	0
651000	284	0	5986	0	0	0	16209	0
652000	454	0	5868	0	0	0	15821	0
653000	451	0	5891	0	0	0	15919	0
654000	494	0	5800	0	0	0	15886	0
655000	301	0	5959	0	0	0	17042	0
656000	411	0	5954	0	0	0	15654	0
657000	442	0	5880	0	0	0	16741	0
658000	397	0	6248	0	0	0	16313	0
659000	481	0	5775	0	0	0	16423	0
660000	354	0	6012	0	0	0	16578	0
661000	568	0	5783	0	0	0	16908	0
662000	283	0	5895	0	0	0	16306	0
663000	453	0	5985	0	0	0	17069	0
664000	289	0	6083	0	0	0	15940	0
665000	507	0	5758	0	0	0	15513	0
666000	358	0	6004	0	0	0	17197	0
667000	480	0	5794	0	0	0	15836	0
668000	406	0	6016	0	0	0	17528	0
669000	454	0	5988	0	0	0	17053	0
670000	448	0	5992	0	0	0	17101	0
671000	282	0	6132	0	0	0	17254	0
672000	399	0	5920	0	0	0	15812	0
673000	464	0	5937	0	0	0	15806	0
674000	329	0	6014	0	0	0	17841	0
675000	387	0	6030	0	0	0	16693	0
676000	573	0	5741	0	0	0	16132	0
677000	276	0	6106	0	0	0	17759	0
678000	443	0	5818	0	0	0	16590	0
679000	371	0	5946	0	0	0	16725	0
680000	206	0	6141	0	0	0	16549	0
681000	434	0	5935	0	0	0	16180	0
682000	471	0	5933	0	0	0	16622	0
683000	460	0	6023	0	0	0	15499	0
684000	555	0	5871	0	0	0	15657	0
685000	403	0	5944	0	0	0	16844	0
686000	530	0	5969	0	0	0	16210	0
687000	561	0	5984	0	0	0	15920	0
688000	534	0	5943	0	0	0	15787	0
689000	609	0	5840	0	0	0	15901	0
690000	429	0	5979	0	0	0	16885	0
691000	557	0	5693	0	0	0	17042	0
692000	592	0	5733	0	0	0	15082	0
693000	557	0	5816	0	0	0	15938	0
694000	408	0	5898	0	0	0	17035	0
695000	461	0	5895	0	0	0	16002	0
696000	486	0	5888	0	0	0	15625	0
697000	584	0	5694	0	0	0	15813	0
698000	422	0	5908	0	0	0	15924	0
699000	376	0	5983	0	0	0	15742	0
700000	538	0	5952	0	0	0	17173	0
701000	410	0	5914	0	0	0	16289	0
702000	445	0	5923	0	0	0	15671	0
703000	494	0	5837	0	0	0	16627	0
704000	383	0	5899	0	0	0	16740	0
705000	486	0	5751	0	0	0	16724	0
706000	423	0	5815	0	0	0	16613	0
707000	516	0	5901	0	0	0	15934	0
708000	553	0	5818	0	0	0	16455	0
709000	334	0	5970	0	0	0	17154	0
710000	636	0	5772	0	0	0	14684	0
711000	382	0	5894	0	0	0	16287	0
712000	327	0	6056	0	0	0	16626	0
713000	345	0	5956	0	0	0	16561	0
714000	756	0	5598	0	0	0	16788	0
715000	418	0	5780	0	0	0	16619	0
716000	540	0	6002	0	0	0	15655	0
717000	463	0	5920	0	0	0	16285	0
718000	354	0	6010	0	0	0	16683	0
719000	434	0	5905	0	0	0	16605	0
720000	378	0	5871	0	0	0	15867	0
721000	512	0	5878	0	0	0	16420	0
722000	438	0	6021	0	0	0	16313	0
723000	401	0	5914	0	0	0	16601	0
724000	674	0	5687	0	0	0	15811	0
725000	542	0	5724	0	0	0	15911	0
726000	620	0	5787	0	0	0	16311	0
727000	558	0	5822	0	0	0	16004	0
728000	451	0	5626	0	0	0	15558	0
729000	502	0	5671	0	0	0	15618	0
730000	388	0	5943	0	0	0	17020	0
731000	453	0	5868	0	0	0	16153	0
732000	421	0	5986	0	0	0	16583	0
733000	497	0	5814	0	0	0	17047	0
734000	377	0	5854	0	0	0	16310	0
735000	396	0	5855	0	0	0	15592	0
736000	374	0	5996	0	0	0	16001	0
737000	372	0	5999	0	0	0	17293	0
738000	306	0	6008	0	0	0	16758	0
739000	326	0	5894	0	0	0	17133	0
740000	464	0	5888	0	0	0	15625	0
741000	465	0	5986	0	0	0	16357	0
742000	563	0	5738	0	0	0	16382	0
743000	439	0	5857	0	0	0	15724	0
744000	303	0	5990	0	0	0	16396	0
745000	311	0	5930	0	0	0	16464	0
746000	524	0	5697	0	0	0	16322	0
747000	420	0	5762	0	0	0	16027	0
748000	555	0	5689	0	0	0	16453	0
749000	437	0	5741	0	0	0	16009	0
750000	373	0	6135	0	0	0	16277	0
751000	387	0	5842	0	0	0	16110	0
752000	521	0	5937	0	0	0	15909	0
753000	394	0	5945	0	0	0	15676	0
754000	475	0	5917	0	0	0	16052	0
755000	344	0	5911	0	0	0	15799	0
756000	386	0	5864	0	0	0	15484	0
757000	443	0	5783	0	0	0	16722	0
758000	499	0	5861	0	0	0	16084	0
759000	331	0	5977	0	0	0	15825	0
760000	244	0	6095	0	0	0	17490	0
761000	412	0	5941	0	0	0	17329	0
762000	467	0	5930	0	0	0	16305	0
763000	474	0	5979	0	0	0	15832	0
764000	335	0	6044	0	0	0	17517	0
765000	311	0	5993	0	0	0	16583	0
766000	487	0	5788	0	0	0	16970	0
767000	417	0	6025	0	0	0	17054	0
768000	390	0	5886	0	0	0	16372	0
769000	397	0	6019	0	0	0	17709	0
770000	369	0	5792	0	0	0	16874	0
771000	527	0	5820	0	0	0	16192	0
772000	481	0	5826	0	0	0	16883	0
773000	505	0	5836	0	0	0	15862	0
774000	622	0	5714	0	0	0	15343	0
775000	353	0	6048	0	0	0	16249	0
776000	372	0	5860	0	0	0	16032	0
777000	523	0	5606	0	0	0	15313	0
778000	619	0	5715	0	0	0	16170	0
779000	531	0	5645	0	0	0	16535	0
780000	446	0	5928	0	0	0	15198	0
781000	359	0	5973	0	0	0	15848	0
782000	416	0	5987	0	0	0	16331	0
783000	745	0	5563	0	0	0	15606	0
784000	425	0	5883	0	0	0	16280	0
785000	373	0	5942	0	0	0	16768	0
786000	295	0	6059	0	0	0	15975	0
787000	226	0	6131	0	0	0	16398	0
788000	538	0	5687	0	0	0	16337	0
789000	315	0	5993	0	0	0	16067	0
790000	396	0	5944	0	0	0	16298	0
791000	435	0	6002	0	0	0	16801	0
792000	405	0	6044	0	0	0	16583	0
793000	249	0	6010	0	0	0	17837	0
794000	398	0	6031	0	0	0	15155	0
795000	279	0	6332	0	0	0	16389	0
796000	307	0	6183	0	0	0	15977	0
797000	399	0	5821	0	0	0	16272	0
798000	378	0	6001	0	0	0	15956	0
799000	489	0	5829	0	0	0	16522	0
800000	407	0	5979	0	0	0	15835	0
801000	435	0	5813	0	0	0	16249	0
802000	405	0	5899	0	0	0	15498	0
803000	506	0	5702	0	0	0	15573	0
804000	484	0	5985	0	0	0	15833	0
805000	281	0	6103	0	0	0	16368	0
806000	400	0	5965	0	0	0	16490	0
807000	461	0	5861	0	0	0	15832	0
808000	448	0	5901	0	0	0	16884	0
809000	518	0	5777	0	0	0	15042	0
810000	479	0	5814	0	0	0	15393	0
811000	585	0	5892	0	0	0	15565	0
812000	428	0	5924	0	0	0	16342	0
813000	285	0	6229	0	0	0	17153	0
814000	391	0	5905	0	0	0	17556	0
815000	406	0	5990	0	0	0	16890	0
816000	286	0	6117	0	0	0	18340	0
817000	500	0	5749	0	0	0	16550	0
818000	499	0	5811	0	0	0	15552	0
819000	516	0	5782	0	0	0	16296	0
820000	448	0	5984	0	0	0	16488	0
821000	446	0	5880	0	0	0	17367	0
822000	403	0	5926	0	0	0	16436	0
823000	356	0	6053	0	0	0	16638	0
824000	275	0	6082	0	0	0	17648	0
825000	414	0	5991	0	0	0	16804	0
826000	325	0	6236	0	0	0	16742	0
827000	436	0	5874	0	0	0	16193	0
828000	534	0	5880	0	0	0	15753	0
829000	434	0	5992	0	0	0	16594	0
830000	305	0	6017	0	0	0	15767	0
831000	280	0	6013	0	0	0	17719	0
832000	409	0	5825	0	0	0	17373	0
833000	529	0	5850	0	0	0	15674	0
834000	513	0	5890	0	0	0	16395	0
835000	511	0	5856	0	0	0	16496	0
836000	394	0	6010	0	0	0	16654	0
837000	434	0	5843	0	0	0	16329	0
838000	401	0	5881	0	0	0	16401	0
839000	552	0	5690	0	0	0	15963	0
840000	359	0	6046	0	0	0	16609	0
841000	482	0	5963	0	0	0	15685	0
842000	458	0	5859	0	0	0	16344	0
843000	404	0	5913	0	0	0	16512	0
844000	435	0	5950	0	0	0	16588	0
845000	488	0	5789	0	0	0	15608	0
846000	376	0	6023	0	0	0	16477	0
847000	364	0	6094	0	0	0	16863	0
848000	476	0	5920	0	0	0	17261	0
849000	512	0	6085	0	0	0	16528	0
850000	460	0	5914	0	0	0	16943	0
851000	356	0	5911	0	0	0	16583	0
852000	536	0	5889	0	0	0	17370	0
853000	533	0	5715	0	0	0	15764	0
854000	452	0	5836	0	0	0	15817	0
855000	368	0	6139	0	0	0	17234	0
856000	443	0	5852	0	0	0	17114	0
857000	496	0	5806	0	0	0	15500	0
858000	268	0	6165	0	0	0	16499	0
859000	390	0	6069	0	0	0	16511	0
860000	642	0	5642	0	0	0	16099	0
861000	356	0	5942	0	0	0	16299	0
862000	460	0	5724	0	0	0	16374	0
863000	410	0	5984	0	0	0	16195	0
864000	306	0	6023	0	0	0	17328	0
865000	333	0	5904	0	0	0	16191	0
866000	384	0	6080	0	0	0	16846	0
867000	509	0	6006	0	0	0	16111	0
868000	492	0	5898	0	0	0	15747	0
869000	395	0	5845	0	0	0	16684	0
870000	481	0	5835	0	0	0	16766	0
871000	474	0	5835	0	0	0	16417	0
872000	207	0	6036	0	0	0	16778	0
873000	570	0	5797	0	0	0	15713	0
874000	358	0	6227	0	0	0	15943	0
875000	460	0	5990	0	0	0	15680	0
876000	245	0	6139	0	0	0	16672	0
877000	385	0	5880	0	0	0	16044	0
878000	272	0	6065	0	0	0	15808	0
879000	548	0	5859	0	0	0	16649	0
880000	391	0	5971	0	0	0	16541	0
881000	485	0	5782	0	0	0	16743	0
882000	496	0	5722	0	0	0	15416	0
883000	646	0	5724	0	0	0	16215	0
884000	312	0	5988	0	0	0	16403	0
885000	314	0	5960	0	0	0	16375	0
886000	475	0	5825	0	0	0	16010	0
887000	556	0	5678	0	0	0	16273	0
888000	389	0	5932	0	0	0	15194	0
889000	316	0	6016	0	0	0	16957	0
890000	380	0	5828	0	0	0	16322	0
891000	405	0	6047	0	0	0	16907	0
892000	476	0	5804	0	0	0	16201	0
893000	443	0	5828	0	0	0	15285	0
894000	504	0	5734	0	0	0	15856	0
895000	535	0	5865	0	0	0	16573	0
896000	410	0	6066	0	0	0	17733	0
897000	484	0	5817	0	0	0	15319	0
898000	456	0	5782	0	0	0	16626	0
899000	318	0	6102	0	0	0	16631	0
900000	283	0	6056	0	0	0	16674	0
901000	455	0	5870	0	0	0	16971	0
902000	400	0	5921	0	0	0	17515	0
903000	414	0	5941	0	0	0	16539	0
904000	442	0	5840	0	0	0	17265	0
905000	462	0	6000	0	0	0	15895	0
906000	538	0	5875	0	0	0	15943	0
907000	508	0	5901	0	0	0	16088	0
908000	481	0	5792	0	0	0	16451	0
909000	560	0	5723	0	0	0	15983	0
910000	396	0	6018	0	0	0	17004	0
911000	452	0	5935	0	0	0	16596	0
912000	460	0	5803	0	0	0	15980	0
913000	372	0	5966	0	0	0	16345	0
914000	495	0	5772	0	0	0	15224	0
915000	502	0	5847	0	0	0	16998	0
916000	403	0	5780	0	0	0	16979	0
917000	317	0	6157	0	0	0	16915	0
918000	373	0	6114	0	0	0	16246	0
919000	444	0	5972	0	0	0	16448	0
920000	464	0	5849	0	0	0	16845	0
921000	481	0	5991	0	0	0	16831	0
922000	476	0	5845	0	0	0	16116	0
923000	347	0	6029	0	0	0	17341	0
924000	578	0	5747	0	0	0	15464	0
925000	445	0	5998	0	0	0	17206	0
926000	366	0	6097	0	0	0	17269	0
927000	345	0	6046	0	0	0	16815	0
928000	338	0	6070	0	0	0	16748	0
929000	339	0	5921	0	0	0	15826	0
930000	369	0	5999	0	0	0	16249	0
931000	414	0	5847	0	0	0	16437	0
932000	479	0	5838	0	0	0	16601	0
933000	586	0	5805	0	0	0	15595	0
934000	578	0	5799	0	0	0	16708	0
935000	319	0	6106	0	0	0	16997	0
936000	433	0	5967	0	0	0	16943	0
937000	436	0	5933	0	0	0	15807	0
938000	380	0	5920	0	0	0	16663	0
939000	405	0	6017	0	0	0	16267	0
940000	405	0	5973	0	0	0	17691	0
941000	579	0	5687	0	0	0	15472	0
942000	339	0	6042	0	0	0	16557	0
943000	391	0	6053	0	0	0	16321	0
944000	475	0	5839	0	0	0	16117	0
945000	539	0	5745	0	0	0	16376	0
946000	434	0	5927	0	0	0	16546	0
947000	297	0	6063	0	0	0	17317	0
948000	276	0	6184	0	0	0	16964	0
949000	544	0	5723	0	0	0	16010	0
950000	427	0	5969	0	0	0	16878	0
951000	354	0	6067	0	0	0	16346	0
952000	295	0	6138	0	0	0	17837	0
953000	390	0	5890	0	0	0	16986	0
954000	344	0	6047	0	0	0	16655	0
955000	522	0	5798	0	0	0	16672	0
956000	421	0	5915	0	0	0	17224	0
957000	543	0	5934	0	0	0	14853	0
958000	481	0	5891	0	0	0	17246	0
959000	489	0	5848	0	0	0	15474	0
960000	523	0	5892	0	0	0	16767	0
961000	355	0	6184	0	0	0	15650	0
962000	524	0	5894	0	0	0	15836	0
963000	335	0	5921	0	0	0	16014	0
964000	380	0	5954	0	0	0	15770	0
965000	540	0	5937	0	0	0	16608	0
966000	440	0	5859	0	0	0	15607	0
967000	308	0	5990	0	0	0	15587	0
968000	580	0	5741	0	0	0	15956	0
969000	361	0	6013	0	0	0	17271	0
970000	447	0	5912	0	0	0	16725	0
971000	377	0	5827	0	0	0	17077	0
972000	447	0	5830	0	0	0	16985	0
973000	429	0	5996	0	0	0	16282	0
974000	388	0	6038	0	0	0	17512	0
975000	338	0	5925	0	0	0	15700	0
976000	465	0	5862	0	0	0	16690	0
977000	461	0	5879	0	0	0	17304	0
978000	493	0	5790	0	0	0	16521	0
979000	473	0	5908	0	0	0	16344	0
980000	543	0	5829	0	0	0	16590	0
981000	302	0	6120	0	0	0	16716	0
982000	269	0	6091	0	0	0	15881	0
983000	416	0	5909	0	0	0	15286	0
984000	575	0	5633	0	0	0	15991	0
985000	506	0	5869	0	0	0	15526	0
986000	348	0	5994	0	0	0	16366	0
987000	554	0	5857	0	0	0	16466	0
988000	401	0	5845	0	0	0	16376	0
989000	495	0	5836	0	0	0	16043	0
990000	545	0	5755	0	0	0	16246	0
991000	466	0	5973	0	0	0	17135	0
992000	405	0	5988	0	0	0	16525	0
993000	457	0	5917	0	0	0	16620	0
994000	424	0	5910	0	0	0	16573	0
995000	434	0	6008	0	0	0	15940	0
996000	528	0	5917	0	0	0	16362	0
997000	336	0	6023	0	0	0	16251	0
998000	293	0	6006	0	0	0	16577	0
999000	667	0	5722	0	0	0	15807	0
