0	0	0	0	14400	0	0	0	0
1000	97	1499	494	11693	84	11	35892	317
2000	115	1364	824	11298	35	91	35849	266
3000	75	1254	867	11454	13	91	36085	303
4000	68	1219	903	11425	0	113	35658	239
5000	119	1091	999	11374	1	77	36704	467
6000	92	1153	984	11347	14	97	35524	304
7000	105	1094	1257	10938	17	71	36908	248
8000	113	925	1207	11168	1	90	35871	400
9000	167	918	1494	10573	1	141	34011	449
10000	120	957	1536	10586	2	126	35759	333
11000	89	1025	1215	11047	1	175	35110	507
12000	113	967	1202	11128	11	122	36063	381
13000	135	959	1516	10634	3	82	35179	248
14000	94	1009	1293	11003	0	43	35850	60
15000	138	1078	1131	11200	0	29	35005	147
16000	77	1078	1084	11322	13	14	39268	26
17000	121	952	1411	10878	0	25	37863	52
18000	134	1036	1334	10923	0	22	34261	10
19000	71	991	1415	10862	13	10	36121	77
20000	131	949	1405	10911	43	2	35346	45
21000	92	996	1367	10937	54	10	34650	175
22000	123	879	1613	10539	72	36	37336	250
23000	133	814	1533	10484	194	175	36378	769
24000	211	915	1644	9880	123	403	34006	1322
25000	203	807	1632	10229	38	309	34381	1363
26000	136	876	1982	9807	0	193	34359	402
27000	147	886	1652	10438	33	43	35531	247
28000	119	1231	1239	10860	49	16	33869	270
29000	123	1020	1374	10883	11	29	35634	138
30000	175	946	1308	10937	58	24	34312	200
31000	95	893	1424	10848	73	60	35766	260
32000	98	967	1199	11140	58	75	35182	492
33000	125	945	1572	10631	27	38	35158	376
34000	143	850	1629	10669	0	9	37070	21
35000	147	773	1795	10504	0	7	34859	30
36000	143	925	1675	10416	38	4	36134	183
37000	148	866	1490	10720	86	5	35402	360
38000	131	904	1484	10763	11	0	35913	93
39000	154	782	1818	10425	4	0	35043	64
40000	135	1004	1562	10502	126	1	35379	260
41000	123	1003	1593	10338	133	49	34012	509
42000	82	904	1309	11022	135	40	34947	457
43000	145	948	1459	10630	169	37	35575	611
44000	125	1002	1265	10798	108	129	35359	512
45000	129	869	1479	10634	46	181	36407	625
46000	154	1047	1332	10523	44	314	34410	853
47000	128	962	1393	10785	22	138	35080	561
48000	184	949	1693	10317	0	86	33912	256
49000	148	756	1873	10207	0	103	35105	288
50000	176	743	1832	10223	0	141	34964	480
51000	151	697	1852	10171	11	173	34555	519
52000	116	800	1654	10469	60	136	34007	569
53000	171	847	1782	10162	98	63	34346	479
54000	145	767	1873	10209	68	70	34528	292
55000	155	820	1744	10214	31	269	35362	677
56000	139	855	1622	10378	32	214	35082	648
57000	118	934	1453	10658	41	158	34971	680
58000	101	1184	1098	11066	90	85	36034	629
59000	96	1040	1393	10720	105	82	34649	564
60000	122	1031	1411	10632	102	65	35461	394
61000	134	1128	1414	10704	22	16	35147	137
62000	117	1037	1362	10893	52	17	34743	258
63000	115	925	1597	10635	37	0	36323	124
64000	144	846	1735	10431	55	0	35708	108
65000	176	809	1766	10391	18	0	34084	1
66000	141	840	1752	10410	3	0	35253	19
67000	208	907	1628	10391	106	3	33760	315
68000	108	886	1437	10847	45	36	34674	169
69000	95	952	1502	10776	30	20	35423	165
70000	137	959	1150	11341	13	16	36381	102
71000	92	1056	1153	11227	0	44	37248	73
72000	162	1113	1226	10969	0	5	36428	0
73000	90	1073	1167	11204	21	10	37177	65
74000	117	1017	1102	11299	4	34	35224	204
75000	93	1045	1196	11152	8	2	35185	56
76000	139	1200	1209	10939	40	0	34742	81
77000	122	1091	1021	11382	22	3	35557	125
78000	108	1006	1451	10712	32	34	34526	191
79000	152	978	1287	10964	50	32	36174	158
80000	87	906	1391	10985	38	23	35814	256
81000	122	885	1483	10737	0	102	35987	242
82000	134	1052	1273	10992	6	63	36939	225
83000	139	1000	1343	10840	1	111	35205	161
84000	90	1201	1081	11101	1	86	35136	163
85000	84	1066	1137	11156	7	31	36589	148
86000	120	1116	1358	10747	5	78	35054	181
87000	128	1262	1088	10995	50	66	34753	117
88000	100	1231	1101	11131	22	51	35811	149
89000	109	923	1325	10881	69	128	37534	569
90000	94	1023	1232	10994	144	48	34953	570
91000	192	921	1399	10622	142	74	34872	625
92000	153	886	1424	10708	84	66	35158	700
93000	120	926	1278	11036	57	63	35453	269
94000	98	935	1332	11022	8	58	36277	193
95000	133	1065	1280	10870	4	68	36130	302
96000	94	1165	956	11435	0	16	35916	109
97000	72	1005	1178	11334	22	0	35759	6
98000	111	1009	1230	11127	58	0	35484	132
99000	88	1041	1249	11110	18	0	36409	92
100000	126	874	1481	10921	0	4	36498	5
101000	143	974	1381	10808	98	0	35890	373
102000	149	931	1464	10728	87	5	35919	327
103000	77	1246	1112	11007	115	35	35879	409
104000	126	1072	1168	11039	91	85	34455	565
105000	86	956	1368	11021	33	13	34475	101
106000	113	961	1411	10882	0	0	35916	5
107000	135	942	1446	10886	6	2	35768	19
108000	115	1003	1327	10900	80	12	34335	214
109000	110	1093	1222	11016	95	16	36422	430
110000	118	1202	981	11293	19	29	36527	112
111000	117	1149	1098	11188	16	0	36383	52
112000	98	1110	1242	10963	93	0	36529	189
113000	98	925	1295	11105	33	8	36602	139
114000	65	906	1254	11229	42	13	35888	68
115000	92	1235	1094	11185	3	0	35931	26
116000	113	1093	1183	11143	15	1	35825	47
117000	124	938	1101	11314	3	13	35669	78
118000	87	1073	1018	11476	0	18	36138	24
119000	99	1069	1130	11286	0	34	34512	106
120000	101	1145	1124	11187	16	20	36715	141
121000	157	1006	1202	11122	0	31	37649	160
122000	115	956	1207	11144	1	110	34683	272
123000	176	948	1201	11105	0	55	35968	164
124000	151	1072	1268	10871	0	74	36226	137
125000	103	955	1026	11438	5	106	35679	239
126000	104	1142	924	11361	33	136	35535	456
127000	124	1234	858	11298	31	184	34930	658
128000	78	1363	665	11551	4	202	34789	807
129000	99	1288	812	11351	3	238	34698	703
130000	102	1119	988	11191	1	230	35946	665
131000	112	1152	945	11264	24	172	34075	600
132000	146	996	1279	10901	21	81	36921	329
133000	126	765	1991	10020	0	137	35535	340
134000	150	936	1853	10151	8	98	36081	246
135000	146	1029	1782	10128	19	67	34085	190
136000	99	936	1679	10437	10	65	36174	126
137000	153	822	1574	10628	20	106	36550	310
138000	214	916	1601	10423	37	61	35755	341
139000	145	1064	1180	11021	40	58	35659	387
140000	125	976	1399	10854	22	61	36368	434
141000	97	1074	1289	10824	14	196	36269	472
142000	93	1114	1106	11093	3	153	34534	571
143000	75	1244	1011	11235	2	67	37202	100
144000	104	1242	868	11408	0	65	37047	209
145000	96	1245	929	11331	0	147	35722	430
146000	51	1122	1141	11118	0	110	35786	229
147000	141	1141	1194	10960	0	72	34758	216
148000	146	1067	1270	10991	0	4	33784	43
149000	171	949	1358	10846	94	0	35119	132
150000	154	934	1447	10699	94	31	35319	264
151000	101	922	1570	10620	62	55	36902	382
152000	124	954	1457	10715	18	124	36066	478
153000	173	811	1441	10770	2	109	37212	368
154000	96	880	1540	10726	0	75	35833	235
155000	72	1008	1109	11357	0	110	37445	322
156000	104	1076	1032	11283	0	117	35896	348
157000	118	1124	1010	11230	2	126	34839	621
158000	123	988	1459	10653	7	115	34675	318
159000	127	1093	1209	10914	30	98	34209	529
160000	129	1036	1114	11139	25	120	36035	348
161000	87	956	1273	11101	9	41	36048	136
162000	151	985	1422	10718	20	24	35872	187
163000	161	1013	1356	10805	4	48	35461	201
164000	132	1004	1645	10323	0	102	34732	200
165000	123	1004	1568	10586	0	20	35827	42
166000	153	910	1527	10652	102	1	35241	264
167000	130	918	1643	10466	105	9	35360	353
168000	101	1014	1072	11408	22	13	36386	54
169000	101	1322	897	11364	0	42	35180	86
170000	116	1202	1154	11045	12	34	34225	127
171000	104	1230	963	11260	10	80	35608	220
172000	134	1359	820	11413	11	51	34044	231
173000	114	1217	1068	11116	2	113	35297	242
174000	72	1108	1003	11373	1	94	36378	239
175000	89	1181	983	11320	5	89	36768	332
176000	70	1065	1110	11279	3	83	36910	328
177000	135	1018	1022	11391	0	90	37623	337
178000	88	1086	1274	10924	5	107	34899	245
179000	157	936	1482	10647	18	98	35396	259
180000	183	915	1453	10651	0	145	36619	406
181000	143	1031	1244	10892	3	152	34197	519
182000	121	939	1270	11014	15	111	34117	513
183000	149	928	1490	10549	45	215	34434	550
184000	119	822	1437	10907	16	97	35745	270
185000	125	969	1376	10835	2	118	36448	410
186000	122	1106	1227	10905	20	135	35428	560
187000	147	983	1286	10838	58	155	36251	698
188000	111	1153	1006	11208	83	104	37316	607
189000	151	1080	1259	10841	109	0	35225	316
190000	189	974	1416	10679	27	50	35577	164
191000	110	942	1408	10841	16	52	36057	207
192000	140	1162	1401	10593	0	44	35029	91
193000	102	1154	1172	11139	0	16	35933	101
194000	111	1078	1202	11091	67	0	35793	208
195000	145	1017	1449	10690	64	8	35237	308
196000	80	846	1393	11120	8	8	36611	89
197000	129	1001	1332	10985	41	5	35835	167
198000	90	984	1202	11219	36	0	37287	87
199000	125	1066	1237	10987	42	0	35749	129
200000	103	937	1671	10588	0	0	36010	1
201000	123	926	1734	10398	114	1	33935	346
202000	133	704	2039	10178	25	2	35149	176
203000	242	808	1939	10029	0	0	35079	2
204000	197	890	2242	9345	107	0	34471	280
205000	155	746	1790	10283	149	5	36134	358
206000	160	730	1545	10811	92	6	34856	240
207000	142	971	1489	10634	119	39	34583	457
208000	132	870	1372	10974	30	55	36259	313
209000	121	1035	1187	11157	16	1	36685	63
210000	114	1180	1004	11288	31	18	36364	294
211000	61	1038	1215	11255	3	3	36229	29
212000	144	1098	1233	11037	0	13	35406	60
213000	213	968	1498	10635	0	31	36616	89
214000	144	933	1435	10766	99	0	36329	208
215000	157	1004	1248	11025	44	23	35038	201
216000	91	810	1424	11032	92	17	37121	296
217000	62	981	1327	11122	8	20	37018	189
218000	159	887	1684	10427	0	1	35249	22
219000	141	884	1641	10419	116	1	36097	328
220000	87	950	1370	10907	114	17	36562	262
221000	129	952	1508	10739	18	20	33477	200
222000	165	974	1774	10224	0	13	34948	38
223000	181	739	1928	10222	55	1	35633	157
224000	143	922	1638	10575	62	0	36003	135
225000	149	886	1659	10474	95	1	36120	327
226000	136	1021	1237	11089	16	0	35517	59
227000	145	848	1553	10625	106	18	35964	363
228000	154	724	1705	10554	46	20	35717	251
229000	156	831	1653	10513	40	15	35423	139
230000	132	1037	1483	10667	25	47	34599	203
231000	131	1006	1732	10310	0	20	34755	48
232000	119	941	1718	10330	97	1	34096	358
233000	144	915	1682	10346	105	22	36429	238
234000	120	849	2112	9868	21	3	34923	62
235000	150	802	1774	10329	38	15	34936	192
236000	124	880	1490	10797	78	0	35877	89
237000	158	956	1285	10910	139	0	36221	345
238000	141	907	1653	10377	115	53	33800	519
239000	151	709	2164	9727	41	67	35822	257
240000	180	787	2084	9768	100	75	34595	636
241000	138	833	1626	10439	81	146	35255	610
242000	125	944	1609	10443	58	49	34371	528
243000	141	821	1461	10771	74	61	36260	356
244000	140	1020	1608	10418	52	89	35556	363
245000	111	1005	1761	10199	99	59	34988	369
246000	189	1004	1534	10330	128	95	35832	589
247000	114	882	1569	10616	96	33	35713	346
248000	129	1201	1195	10869	159	5	35033	478
249000	118	937	1386	10766	151	27	34910	874
250000	151	1154	1411	10428	138	80	34291	499
251000	96	1168	1134	10903	75	195	34380	796
252000	117	931	1514	10410	81	257	36030	966
253000	128	935	1478	10337	49	417	34204	1161
254000	125	983	1259	10500	79	593	34256	1761
255000	113	1044	1283	10205	146	695	33231	2049
256000	158	1123	1086	10146	203	882	30935	3110
257000	125	1167	945	10329	251	869	33161	2955
258000	117	1167	979	10244	283	880	32933	2992
259000	131	1032	1021	10126	319	991	32953	3767
260000	138	1198	896	9919	303	1216	31009	4262
261000	88	1036	1045	9983	203	1263	32838	4569
262000	82	1110	967	10201	204	1092	33622	3671
263000	123	1226	1084	9746	478	894	31355	3909
264000	152	952	1432	9651	490	699	32176	3334
265000	130	927	1723	9476	370	612	33235	2764
266000	126	940	1150	10577	174	566	34207	2368
267000	144	1099	982	10850	127	433	34545	1703
268000	134	1055	1440	10225	104	390	33569	1804
269000	137	941	1347	10384	94	535	34096	1691
270000	115	953	1683	9812	90	643	32951	2091
271000	170	915	1845	9271	134	795	32859	2912
272000	149	744	1917	9245	95	955	31640	3175
273000	160	720	1827	9202	229	979	31731	3360
274000	151	792	1745	9037	329	1125	31789	4248
275000	172	972	1372	9450	419	1014	31594	4272
276000	247	933	1525	9137	616	795	30131	4330
277000	216	869	1686	8869	463	1104	29436	4533
278000	175	744	1915	8494	632	1134	30489	4965
279000	136	806	1693	8637	533	1420	30096	5683
280000	131	928	1715	8849	603	1003	29292	5271
281000	142	982	1277	9340	754	957	30718	5698
282000	184	856	1175	9481	965	860	30733	5618
283000	118	919	1155	9742	798	814	30884	5081
284000	145	967	1116	9866	595	839	32905	4025
285000	131	974	1103	9835	475	1036	31434	4750
286000	187	909	1547	9096	440	1082	31590	4697
287000	186	859	1702	9132	270	1027	32947	3632
288000	168	852	1875	8866	395	932	31841	4061
289000	157	860	1668	9169	513	863	31743	3688
290000	182	718	2280	8635	427	621	32378	3327
291000	228	618	2267	8750	504	465	32438	2848
292000	210	721	2195	8567	597	546	32095	3619
293000	190	807	2393	8048	684	588	30291	3214
294000	167	547	2342	8468	605	683	31196	3557
295000	168	508	2171	8514	713	834	30807	4816
296000	171	771	1830	8988	419	961	30994	4499
297000	141	704	1587	9552	389	907	31889	3636
298000	176	973	1273	9919	283	797	32338	3193
299000	124	1119	1350	10039	327	500	33133	2602
300000	147	1066	952	10417	406	628	32875	2862
301000	166	978	1181	9957	281	979	31896	3361
302000	108	1147	1217	9833	246	942	32307	3406
303000	149	1034	1188	10091	362	668	32841	2952
304000	101	932	1406	10156	253	554	33718	2407
305000	160	988	1318	10152	334	453	32962	2339
306000	129	978	1313	10278	375	400	34296	2481
307000	181	919	1238	10490	306	319	33746	1865
308000	91	883	1441	10521	265	225	35896	1380
309000	176	993	1352	10616	60	210	35328	1106
310000	143	1055	1232	10592	86	348	34578	1320
311000	126	970	1262	10684	192	257	34889	1632
312000	146	1110	1087	10666	196	347	33727	1605
313000	155	931	1191	10725	128	435	33823	1611
314000	93	1099	1375	10284	111	524	33376	1609
315000	182	974	1215	10398	174	510	33945	2440
316000	141	779	1296	10694	169	364	34629	1775
317000	178	1035	1201	10618	174	258	34656	1174
318000	203	841	1561	10149	230	233	33574	1250
319000	165	983	1581	10223	177	142	35652	1058
320000	168	947	1746	9986	190	84	35038	738
321000	136	1077	1577	10120	230	124	33593	920
322000	157	982	1356	10480	126	271	35090	1134
323000	121	970	1398	10518	117	246	34773	1271
324000	171	887	1237	10671	159	269	34657	1283
325000	205	866	1749	9883	278	233	34115	1609
326000	174	933	1621	10187	47	238	34229	857
327000	155	872	1583	10466	34	200	35294	664
328000	180	918	1569	10387	35	216	35045	848
329000	105	1171	1366	10544	26	282	36252	779
330000	151	805	1656	10327	7	251	34858	688
331000	144	857	1615	10443	39	113	35214	281
332000	122	765	1693	10544	17	113	35384	309
333000	211	792	1729	10203	41	168	35358	655
334000	130	1110	1399	10436	155	147	33454	1089
335000	102	1126	1432	10524	79	133	35370	446
336000	97	1150	990	11256	33	67	35411	226
337000	124	1270	1119	10907	88	25	36077	134
338000	110	1038	1327	10898	40	15	36787	210
339000	119	1041	1097	11312	5	5	36559	51
340000	90	1115	1028	11388	0	13	36898	20
341000	124	1061	1067	11225	50	15	36299	252
342000	103	1105	1232	10992	15	30	35669	223
343000	88	1151	1315	10867	12	25	35471	128
344000	122	973	1383	10904	25	0	36478	80
345000	105	881	1278	11222	40	1	36992	146
346000	115	1102	1525	10554	23	7	36029	128
347000	93	1203	1200	11043	10	0	34665	75
348000	136	1072	1234	11021	0	0	35620	1
349000	129	1127	1107	11106	69	9	36128	225
350000	164	790	1387	10899	18	33	36694	140
351000	121	1038	1514	10716	0	19	35044	48
352000	118	1068	1499	10635	0	11	35515	58
353000	118	1082	1356	10833	0	11	34285	4
354000	144	1110	1189	11001	64	4	36433	147
355000	167	1158	1206	10899	11	15	34667	90
356000	111	1070	1216	11116	3	23	35708	68
357000	115	1069	1122	11147	108	0	35346	151
358000	151	980	1235	10972	130	3	34742	340
359000	117	910	1519	10624	136	61	37061	520
360000	149	944	1354	10759	56	16	35285	248
361000	131	910	1426	10875	1	41	35137	128
362000	186	780	1727	10366	109	0	35439	307
363000	160	1007	1566	10487	92	2	35432	186
364000	136	942	1426	10859	13	1	34356	34
365000	135	907	1594	10578	26	25	35573	143
366000	96	872	1601	10608	30	30	36057	109
367000	141	904	1262	11116	0	2	37431	17
368000	125	903	1574	10577	161	5	34834	395
369000	145	756	1678	10574	73	5	34709	119
370000	172	689	2079	9998	6	30	35736	86
371000	176	932	1503	10648	0	61	34937	75
372000	155	981	1490	10672	0	34	35239	89
373000	103	878	1426	10968	0	58	36834	75
374000	160	911	1578	10524	20	60	35774	135
375000	126	1210	1283	10854	4	67	35091	188
376000	162	852	1590	10637	0	79	34920	232
377000	144	896	1521	10654	2	78	36126	213
378000	110	1159	1165	11047	34	17	35764	181
379000	89	1040	1114	11316	0	14	38077	35
380000	102	1107	1176	11126	0	32	34182	121
381000	100	1043	1170	11193	0	73	36786	197
382000	62	1010	1273	11171	0	33	34926	25
383000	108	1104	1185	11017	1	35	34894	207
384000	152	1052	1355	10836	0	7	35545	8
385000	144	997	1397	10869	9	0	34170	55
386000	124	1113	1107	11177	87	1	35211	208
387000	120	1237	1042	11157	40	10	35414	83
388000	98	1142	934	11490	22	34	35742	206
389000	104	997	1191	11248	3	37	35969	83
390000	132	1136	1282	10857	0	37	34545	87
391000	77	1162	993	11432	0	17	37248	0
392000	104	1292	947	11314	0	0	35291	1
393000	98	1119	1215	10997	143	19	34713	539
394000	124	1025	1358	10827	61	31	36451	281
395000	134	897	1528	10614	70	34	35956	308
396000	117	1014	1275	10963	83	28	37437	317
397000	115	1042	1358	10813	46	56	37142	239
398000	127	995	1511	10595	63	17	34935	344
399000	104	797	1848	10207	21	86	34661	266
400000	138	951	1739	10160	56	124	34280	558
401000	179	853	1994	9841	94	50	35395	455
402000	138	876	1887	10062	92	83	35183	578
403000	115	911	1893	9937	30	171	35313	729
404000	189	827	1630	10538	22	74	35051	250
405000	141	972	1596	10531	2	0	35247	18
406000	125	862	2037	9998	6	0	35688	2
407000	107	775	2002	10113	15	0	36316	5
408000	160	933	1915	10090	25	0	34942	117
409000	133	826	1727	10439	11	18	36189	31
410000	126	948	1363	10908	15	24	36264	141
411000	91	1156	1168	11073	15	32	36669	139
412000	81	1275	1019	11161	2	63	35579	165
413000	79	1304	807	11485	2	73	35830	111
414000	113	1157	880	11414	0	136	35711	342
415000	69	1062	1124	11162	6	131	35338	433
416000	71	1118	1220	11040	0	105	36197	296
417000	97	1136	1200	10932	0	166	34290	529
418000	41	1077	1110	11295	6	113	35260	487
419000	98	1042	1049	11265	18	103	36073	337
420000	96	957	1199	11138	37	93	36204	422
421000	122	1156	1242	10832	23	101	34753	474
422000	150	869	1648	10501	17	92	35965	385
423000	108	995	1486	10541	42	151	36298	555
424000	152	870	1562	10486	19	167	35614	550
425000	154	939	1612	10315	18	244	35422	774
426000	108	790	1717	10291	14	218	34345	771
427000	119	998	1439	10374	71	379	34687	966
428000	129	1030	1225	10688	39	370	34603	1322
429000	92	973	1080	10922	60	532	34800	1315
430000	93	1014	1247	10616	32	525	34429	1441
431000	154	1108	1071	10876	8	367	35488	1168
432000	135	1015	1157	10812	41	328	36072	1054
433000	67	1103	1151	10951	43	280	34763	1044
434000	105	996	1183	11039	19	219	34637	523
435000	92	1080	1317	10843	0	162	35150	426
436000	179	933	1563	10472	3	135	34872	297
437000	130	1188	1257	10659	2	218	35140	657
438000	112	934	1322	10960	17	175	36290	422
439000	101	1106	1205	10986	3	120	36049	325
440000	109	1119	1186	11037	1	86	35943	268
441000	121	925	1340	10995	0	84	36213	176
442000	109	968	1506	10737	0	43	35285	128
443000	152	863	1654	10522	4	38	36335	151
444000	124	1035	1598	10459	4	53	33643	89
445000	134	956	1616	10428	38	79	35420	272
446000	150	893	1586	10486	14	103	34697	247
447000	141	911	1804	10152	21	139	35148	602
448000	123	894	1802	10274	1	67	36074	134
449000	153	814	1496	10729	6	136	36254	552
450000	137	847	1775	10354	0	108	34980	268
451000	133	936	1410	10730	0	136	34274	218
452000	204	918	1626	10343	31	118	34567	482
453000	144	918	1487	10673	4	102	36113	339
454000	118	976	1289	11010	19	98	36631	445
455000	105	1024	1188	11176	5	33	35857	201
456000	87	1098	1181	11133	14	8	36266	86
457000	116	1197	1021	11231	5	12	35289	22
458000	101	1028	1265	11099	0	13	36151	25
459000	97	1179	1109	11169	0	8	35600	49
460000	141	923	1532	10628	93	6	34024	378
461000	110	808	1624	10646	26	89	34751	260
462000	202	890	1390	10821	13	51	35768	168
463000	90	1113	1196	11001	0	149	35057	472
464000	71	1101	1232	10965	15	212	34047	570
465000	115	1012	1085	11255	1	173	35831	635
466000	127	931	1100	11220	36	218	35082	834
467000	156	1032	1027	11140	38	215	35115	816
468000	134	1164	1134	10777	140	158	34325	749
469000	138	1136	944	11062	90	283	33976	1185
470000	73	1323	859	11109	73	313	36599	1065
471000	114	1336	844	11145	33	207	35116	885
472000	117	1268	1013	11027	38	167	33814	505
473000	86	1080	1098	11084	79	228	34954	932
474000	128	1174	1194	10674	47	340	34657	1006
475000	148	1013	1358	10528	61	280	34622	1230
476000	93	1046	1269	10709	43	340	36023	952
477000	103	1196	1270	10547	45	334	36551	917
478000	81	1205	1020	10997	39	302	34669	1047
479000	140	1120	1115	10915	11	307	34207	1080
480000	103	1037	1121	10973	4	278	36253	636
481000	112	1120	1048	10993	88	253	35568	723
482000	147	1108	1054	10837	94	362	34213	1371
483000	144	1189	1179	10577	32	437	32595	1471
484000	89	1173	1058	10750	36	420	35190	1292
485000	151	1007	1368	10545	21	314	36019	961
486000	128	822	1489	10456	30	435	35658	1308
487000	133	661	1958	10034	6	352	36340	1103
488000	155	802	1602	10223	41	434	34223	1068
489000	121	944	1622	10157	2	398	33194	1151
490000	92	952	1584	10231	27	411	34493	1591
491000	146	927	1406	10519	63	281	34366	1033
492000	121	1068	1389	10664	56	135	35533	790
493000	84	994	1184	11133	39	148	37248	606
494000	76	1020	1275	10982	12	118	36382	401
495000	90	741	1591	10689	22	169	35256	581
496000	178	821	1776	10311	38	55	34581	396
497000	105	844	1572	10758	0	5	34047	97
498000	131	888	1398	10859	105	1	35470	240
499000	144	900	1698	10485	6	0	36400	34
500000	142	925	1520	10622	100	1	36166	158
501000	184	1005	1284	10890	51	2	34958	162
502000	154	882	1286	11059	41	35	36593	163
503000	178	897	1396	10905	21	18	34382	168
504000	151	869	1455	10791	84	39	34460	380
505000	127	930	1347	10896	44	51	35868	106
506000	131	919	1506	10516	35	199	35555	592
507000	86	1099	1317	10830	0	130	35851	231
508000	151	890	1515	10656	6	64	35193	175
509000	140	1036	1309	10835	5	88	35685	345
510000	93	1057	1268	11069	0	0	35080	12
511000	149	1050	1323	10884	33	0	34572	134
512000	135	967	1373	10859	94	19	35314	314
513000	135	928	1385	10867	83	0	36165	236
514000	156	941	1549	10583	20	1	35093	99
515000	87	923	1322	11144	22	2	36659	59
516000	125	1154	1225	11020	0	5	34958	3
517000	105	1119	1128	11132	82	0	36195	156
518000	84	998	1240	11176	55	17	37047	137
519000	106	976	1252	11109	46	28	36688	162
520000	148	943	1625	10316	118	44	34386	424
521000	156	907	1644	10399	130	29	35064	357
522000	130	789	1625	10551	92	29	35448	432
523000	110	1072	1363	10721	52	111	34040	512
524000	109	1142	1168	11032	9	96	35486	353
525000	137	1094	1225	10962	1	116	35146	389
526000	160	948	1206	11020	40	82	35837	342
527000	107	967	1600	10561	46	39	35665	296
528000	129	885	1287	10998	36	58	35097	261
529000	89	1016	1206	11200	16	4	34724	38
530000	78	1050	1278	10993	78	3	35529	329
531000	95	1118	1223	10892	80	13	35731	294
532000	111	985	1396	10912	46	13	35821	174
533000	153	994	1360	10803	43	0	36556	189
534000	184	1020	1537	10377	122	25	35922	440
535000	163	833	1653	10372	145	14	34708	489
536000	144	792	1663	10344	223	105	34425	839
537000	97	891	1481	10390	401	121	34043	1534
538000	172	949	1368	10441	187	286	35109	1203
539000	137	960	1524	10187	284	295	32950	1764
540000	214	1058	1143	10397	206	467	34524	1998
541000	128	1034	1069	10455	214	706	35014	2563
542000	117	1130	1200	10379	130	558	32490	2195
543000	194	1040	1255	10254	276	423	33781	2090
544000	182	1107	1285	10103	268	420	33550	1815
545000	165	893	1429	10080	368	447	32675	2243
546000	140	724	1349	10306	446	407	34021	2336
547000	184	854	1459	9908	559	403	33133	2798
548000	180	1008	1373	9731	386	714	32291	3358
549000	162	1110	1275	10118	201	612	33884	2651
550000	112	964	1363	10013	358	624	32368	2783
551000	110	951	1418	10008	380	486	33531	2627
552000	198	987	1428	9816	341	576	34417	2750
553000	160	1004	1458	9613	287	793	32251	3444
554000	179	756	1648	9489	296	879	32499	2896
555000	126	906	1307	9915	367	805	32617	3829
556000	128	897	1296	10018	261	889	33304	3500
557000	134	1211	1104	9826	340	947	31286	3683
558000	149	1030	1081	9782	278	1234	32518	4561
559000	151	991	1083	9675	406	1294	32336	5061
560000	151	1042	1130	9440	671	1065	30828	5014
561000	206	1079	1130	9603	524	956	31705	4379
562000	134	982	1206	9756	523	933	31139	3764
563000	157	858	1670	9161	640	777	30442	4131
564000	218	824	1536	9205	816	641	31593	4267
565000	238	906	1487	9211	841	602	31639	3550
566000	158	752	1735	9037	764	765	30341	5126
567000	222	776	1491	9108	850	868	29976	4890
568000	225	901	1343	8754	799	1383	28966	6163
569000	161	886	1673	8859	413	1258	31369	4807
570000	122	831	1302	9466	550	1176	30723	5151
571000	140	786	1626	8725	564	1389	29421	5434
572000	103	986	1192	8774	484	2017	28866	6869
573000	129	1012	1277	8962	383	1691	29577	6765
574000	202	909	1489	8384	721	1538	29757	6074
575000	184	922	1564	8274	826	1442	29718	6832
576000	150	1043	1191	8713	604	1831	29244	7124
577000	113	1202	1066	9100	523	1580	29552	5228
578000	143	1009	1326	8989	478	1533	29256	5873
579000	180	848	1283	9112	553	1409	30678	6081
580000	135	928	1259	8980	642	1523	29962	5404
581000	105	929	1220	9333	649	1290	31016	5493
582000	122	1131	1050	9358	600	1322	32262	5346
583000	147	1130	1060	9724	414	1151	30288	4373
584000	152	1047	1147	9646	428	1105	31146	4772
585000	112	1052	1119	9889	418	958	31260	4106
586000	142	1049	1105	9997	406	883	32460	3504
587000	96	1039	1308	10056	267	702	32651	2961
588000	81	998	1105	10393	342	709	33651	3209
589000	137	1046	1093	10161	382	733	33267	2955
590000	146	1014	1147	10059	337	771	32735	3279
591000	144	1130	954	10106	278	1010	33089	3398
592000	114	1142	931	10267	255	949	32399	3182
593000	116	1119	981	10265	195	1019	33871	2981
594000	92	1260	986	10307	183	816	33139	2814
595000	113	1192	1072	9995	185	1015	32450	3421
596000	179	979	1347	9776	290	841	31852	3684
597000	155	938	1498	9474	289	1004	31905	3884
598000	175	1150	1197	9769	383	891	33096	3856
599000	99	1192	1075	10101	229	926	31485	3522
600000	150	1073	1043	10220	328	720	32510	3183
601000	105	952	1271	10089	437	669	32554	3225
602000	124	1037	1133	10248	322	682	32100	3180
603000	172	1149	1219	9976	362	682	31805	2894
604000	168	970	1206	9992	295	860	32042	3266
605000	105	1151	1165	9752	378	1015	31591	3820
606000	173	985	1382	9370	389	1071	31997	4004
607000	119	909	1475	9309	325	1216	31745	4533
608000	144	896	1265	9676	347	1165	31968	3947
609000	163	1023	1252	9502	419	1157	30188	4813
610000	154	879	1399	9343	387	1193	31247	4938
611000	133	1092	1093	9924	247	1063	32725	3462
612000	103	1073	1020	10210	303	940	33740	3371
613000	144	990	1082	10073	369	908	32289	3904
614000	148	985	1085	10116	473	779	32438	3275
615000	139	921	1173	10178	509	610	33174	3553
616000	214	889	1495	9748	529	445	32402	2613
617000	193	839	1643	9671	498	378	33068	2654
618000	151	1062	1157	10211	473	485	32042	2612
619000	165	1026	1357	9805	464	614	33387	3171
620000	174	1023	1214	10282	410	361	32542	2602
621000	131	938	1193	10342	406	571	34723	2685
622000	138	1075	1046	10422	394	551	32976	2847
623000	127	1017	1071	10298	435	700	32825	3226
624000	156	901	1384	10147	306	516	33289	2582
625000	102	1087	1222	10304	273	565	33433	2515
626000	88	1087	1087	10652	229	449	34757	2150
627000	84	1247	897	10962	78	418	35308	1603
628000	104	1183	916	10989	71	411	34786	1550
629000	166	953	1114	10811	67	449	35355	1497
630000	175	969	1601	10044	56	336	35860	1022
631000	152	993	1262	10776	33	284	35459	840
632000	89	1032	1272	10707	9	397	34143	1215
633000	150	974	1341	10679	11	252	35921	681
634000	111	849	1649	10364	49	233	35333	915
635000	125	1048	1378	10508	143	240	34178	1190
636000	172	923	1231	10781	133	230	36430	948
637000	96	996	1375	10587	150	191	35213	886
638000	112	995	1287	10899	155	13	36088	344
639000	91	934	1541	10609	108	41	34670	575
640000	124	947	1379	10810	98	31	35871	315
641000	182	1037	1249	10835	64	49	34885	466
642000	122	981	1173	11054	68	99	35812	565
643000	72	1109	1111	11064	59	189	36707	714
644000	103	1057	1357	10709	43	175	34947	628
645000	82	926	1135	11188	10	213	35097	586
646000	115	1238	1044	11097	0	92	35911	472
647000	79	1206	864	11419	5	148	36489	479
648000	110	1126	1239	10928	8	105	34568	415
649000	123	962	1630	10293	11	183	35658	618
650000	167	1018	1412	10514	41	230	34032	862
651000	122	912	1320	10879	52	204	36139	652
652000	132	935	1385	10734	11	184	35503	671
653000	104	927	1433	10666	53	214	35783	445
654000	90	1048	1070	11029	71	286	34936	1042
655000	141	1061	1156	10793	72	255	35904	1148
656000	118	1176	1213	10653	13	311	35233	1019
657000	133	1011	1437	10535	14	295	35086	956
658000	94	961	1324	10697	38	370	35295	1110
659000	124	977	1245	10696	40	407	35612	1276
660000	82	1005	1257	10772	70	294	33968	1068
661000	146	1019	1115	10861	136	284	35743	1281
662000	179	963	1382	10474	76	347	33794	1226
663000	112	1064	1351	10591	71	261	34698	1168
664000	111	906	1372	10589	151	313	34119	1163
665000	165	765	1686	9976	78	479	34100	1385
666000	140	970	1547	9883	184	520	33583	2221
667000	125	954	1448	10089	159	595	32970	2068
668000	174	1021	1079	10331	217	752	32878	2418
669000	109	1005	1455	10045	190	578	33461	2134
670000	98	918	1252	10570	185	495	33924	2513
671000	132	865	1247	10655	202	402	34752	1981
672000	133	1087	1100	10633	233	348	35298	1692
673000	121	888	1279	10697	211	254	34860	1192
674000	154	1028	1222	10749	166	191	34837	959
675000	141	1001	1443	10369	165	227	34996	976
676000	156	1083	1419	10385	82	228	34737	913
677000	144	862	1531	10615	13	169	35850	607
678000	144	899	1387	10827	22	104	36872	394
679000	101	1064	1234	10955	0	191	34244	502
680000	89	850	1659	10645	1	35	34616	161
681000	135	814	1679	10525	2	92	35430	247
682000	98	944	1297	11016	5	87	34201	280
683000	177	961	1387	10671	0	153	35998	371
684000	86	863	1515	10726	23	145	36687	463
685000	164	787	1757	10231	41	203	36264	821
686000	146	880	1406	10611	38	287	34439	780
687000	111	1018	1304	10462	16	492	34476	1391
688000	146	1073	1335	10220	123	520	34207	1770
689000	104	1014	1340	10281	45	698	33812	1952
690000	122	860	1525	9829	153	838	32915	2743
691000	156	857	1620	9818	174	665	32896	2258
692000	134	923	1809	9388	162	726	33185	3009
693000	128	844	1606	9834	147	742	32134	1983
694000	145	942	1406	10270	253	396	34440	2061
695000	144	780	1732	9725	354	427	32050	1824
696000	155	892	1549	9894	261	551	33212	1925
697000	175	946	1571	9951	172	481	31848	1890
698000	158	743	1745	9978	68	449	34767	1636
699000	96	809	1877	9945	26	392	33841	1146
700000	181	865	1847	9834	63	283	34963	1288
701000	189	736	1820	9812	257	218	32845	1195
702000	143	766	2162	9299	340	130	33145	1168
703000	154	816	1740	9892	355	204	34370	1747
704000	139	1013	1590	10056	279	229	32969	1518
705000	173	986	1253	10520	402	82	32745	1750
706000	156	1082	1209	10493	452	183	34088	1584
707000	195	1112	1440	9996	275	270	34100	1565
708000	137	903	1574	10149	308	249	33958	1843
709000	117	806	1705	10113	288	256	35105	1364
710000	154	912	1475	10377	248	190	34440	1341
711000	199	875	1656	9803	187	432	33060	2184
712000	165	898	1442	10140	245	430	34156	1900
713000	106	951	1032	10762	264	521	34268	2697
714000	137	1161	1281	10143	287	459	33906	2218
715000	153	935	1232	10163	353	601	32370	2208
716000	155	970	1277	10218	332	531	34619	2716
717000	145	1137	1121	10268	333	563	34393	2402
718000	100	996	1250	10184	337	661	33853	3109
719000	156	1027	1085	10260	348	661	33559	3105
720000	73	1004	1395	9711	282	924	32690	3113
721000	136	942	1287	9945	465	691	32467	3345
722000	152	972	1310	9694	469	835	33210	4230
723000	182	822	1343	9680	568	742	32714	3821
724000	166	981	1223	9804	604	742	31938	4058
725000	131	901	1409	9690	414	848	33088	4272
726000	110	894	1241	10239	370	676	32325	2881
727000	123	996	1216	10100	367	687	32322	2763
728000	156	969	1370	9868	521	443	32817	2806
729000	151	900	1345	9851	379	800	32462	2840
730000	178	992	1675	9091	304	916	32371	3498
731000	118	818	1543	9562	243	999	32686	3194
732000	162	905	1758	9230	210	931	32347	3463
733000	149	762	1836	9195	357	799	33258	3969
734000	178	795	1919	9125	302	719	32754	3014
735000	138	763	1965	8896	279	1022	31309	3715
736000	219	822	1774	8679	326	1309	29366	4465
737000	286	770	1664	8746	386	1247	31975	4933
738000	164	677	1946	8381	600	1304	30046	5662
739000	187	709	1921	8607	756	804	32060	4929
740000	154	845	1997	8438	885	745	30522	4867
741000	148	755	1705	8971	786	896	31304	5174
742000	214	635	1903	8141	840	1290	29496	5932
743000	246	866	1514	8546	685	1367	29301	6027
744000	158	878	1564	8771	686	1184	29241	5770
745000	191	767	1904	8811	525	828	30480	4622
746000	159	867	1761	8660	658	1059	31175	5230
747000	260	964	1476	8710	725	1152	30491	5085
748000	184	981	1503	8687	662	1358	29405	6241
749000	213	822	1401	8951	781	1236	30245	5407
750000	198	857	1425	8887	637	1285	30890	5760
751000	175	960	1470	8935	498	1252	29609	5453
752000	140	862	1604	9007	462	1211	31048	4632
753000	140	801	1659	8965	494	1215	30501	4924
754000	158	898	1414	9355	210	1374	31371	4387
755000	167	844	1445	9574	242	1102	32991	3548
756000	72	873	1428	9806	223	1000	31202	3382
757000	162	953	1316	9518	339	1122	30569	4200
758000	131	930	1465	9552	350	977	29919	4166
759000	205	928	1433	9515	407	891	31785	4161
760000	184	946	1391	9397	231	1211	32857	3981
761000	109	1036	1335	9741	233	994	31838	3937
762000	141	917	1260	9823	397	940	31829	3627
763000	142	966	1437	9641	323	869	29877	3326
764000	149	940	1242	9875	417	804	33558	3253
765000	102	1085	1130	10188	294	756	32041	3144
766000	90	1164	1187	10124	182	835	33239	3045
767000	118	1077	1116	10093	243	921	32494	3410
768000	128	1074	1257	10031	239	796	32439	3062
769000	105	1071	1204	10053	98	995	32766	3167
770000	118	1005	1109	10087	174	1006	32661	4192
771000	109	1036	1278	10264	93	743	33800	2769
772000	89	1119	1163	10295	71	802	35260	2564
773000	130	994	1335	10094	51	827	33884	2547
774000	125	899	1245	10343	31	818	33854	2888
775000	119	1010	1062	10674	55	664	34361	2148
776000	99	1197	1019	10500	108	732	34152	2368
777000	144	1006	1183	10411	240	560	32750	2665
778000	168	1071	1204	10294	223	522	34279	2043
779000	133	1005	1152	10631	144	491	33963	1958
780000	88	1031	1332	10542	67	418	34617	1345
781000	119	935	1366	10758	26	280	34939	1071
782000	126	1121	1201	10703	55	350	34373	1116
783000	125	1097	1005	11029	138	230	35939	1129
784000	95	1049	1248	10874	165	133	36564	835
785000	125	1051	1350	10617	187	60	35959	869
786000	152	942	1672	10228	76	99	34600	608
787000	140	863	1979	9874	57	167	34219	509
788000	219	716	2137	9644	84	58	34141	382
789000	123	727	2283	9618	95	34	35031	475
790000	181	728	2227	9687	30	2	33426	161
791000	172	618	2328	9553	111	1	35562	299
792000	154	799	2114	9817	35	7	34440	135
793000	171	917	2018	9832	16	41	34573	233
794000	198	812	1902	10037	98	1	35409	256
795000	130	1126	1463	10608	29	1	35327	111
796000	84	874	1526	10811	2	27	36513	58
797000	113	1084	1288	10982	0	36	36281	33
798000	100	1027	1112	11345	0	9	37030	18
799000	115	1079	1284	10916	0	10	36022	23
800000	126	1084	1273	10941	69	2	35907	192
801000	118	1092	1180	11066	61	6	36001	128
802000	151	905	1306	10907	18	115	34713	332
803000	155	1068	1274	10811	22	147	33934	574
804000	102	1096	1038	11256	1	125	35549	494
805000	87	943	914	11655	7	75	37483	272
806000	105	1194	1030	11169	53	60	35454	168
807000	108	1364	960	11106	20	70	35097	361
808000	89	1093	873	11606	12	13	34993	72
809000	99	1124	1158	11150	6	20	36276	107
810000	107	1093	1095	11240	48	15	35412	160
811000	106	1102	1170	11076	80	7	36553	159
812000	122	996	1245	11057	89	4	35364	202
813000	114	1126	1264	10769	166	11	35893	410
814000	181	883	1591	10401	111	77	35059	557
815000	204	898	1591	10453	100	26	34808	261
816000	129	875	1422	10799	152	36	35755	527
817000	144	898	1448	10700	175	5	36457	482
818000	174	980	1307	10685	211	64	33474	809
819000	142	1187	1079	10600	306	219	34472	1689
820000	74	1021	1251	10665	170	344	33038	1648
821000	120	980	1273	10528	185	398	34405	1771
822000	143	794	1451	10356	197	407	34960	1803
823000	189	857	1342	10392	150	426	36021	1773
824000	175	886	1294	10546	256	291	35302	1581
825000	102	1074	1242	10363	310	426	34879	1841
826000	115	931	1144	10768	178	429	35550	1669
827000	104	989	1254	10546	191	431	33708	2027
828000	94	1080	1123	10523	157	587	34391	2086
829000	93	1007	1199	10544	100	671	34791	2482
830000	111	1029	1198	10530	96	610	34119	2043
831000	113	1248	962	10552	158	586	33397	1881
832000	110	1346	970	10513	58	621	33252	1684
833000	114	1216	879	10646	155	679	34099	2460
834000	134	1019	1132	10367	167	751	33104	2895
835000	122	1123	1069	10223	237	793	31628	3497
836000	133	955	1318	9965	360	730	32303	3444
837000	158	865	1374	9810	406	807	32055	3253
838000	120	974	1345	9930	397	641	33005	2990
839000	189	1144	1322	9686	367	772	32064	3350
840000	106	1040	1168	10175	329	738	33547	3076
841000	127	1092	1042	10201	240	895	33449	3012
842000	98	1170	989	10400	280	715	34096	2895
843000	108	1247	1012	10292	288	658	32616	2810
844000	127	1132	1038	10419	318	579	31976	2662
845000	163	1135	1331	9972	221	543	34342	2539
846000	189	1170	1145	10469	187	360	34188	1717
847000	147	1175	1199	10613	98	252	34706	1191
848000	152	1022	1357	10448	186	208	33191	1408
849000	186	1024	1239	10519	298	161	34195	1642
850000	94	903	1093	10909	247	433	34994	1754
851000	179	1028	1266	10410	194	363	34208	1608
852000	124	1000	1421	10132	135	570	33554	2274
853000	174	910	1354	10194	181	565	32300	1880
854000	107	991	1654	9935	159	452	33489	1838
855000	125	1002	1355	10247	242	432	34228	2060
856000	128	1017	1160	10530	201	472	34123	2096
857000	150	948	1169	10650	202	397	33776	2116
858000	157	1143	953	10683	209	479	34694	1903
859000	160	884	1453	10185	166	481	34710	2009
860000	158	910	1394	10266	199	476	33701	1919
861000	86	1013	1351	10433	110	431	34903	1866
862000	127	970	1145	10755	124	448	35214	1537
863000	158	1269	1380	10220	32	297	33546	1143
864000	130	1070	1185	10755	17	374	34323	1309
865000	107	1220	1143	10813	24	251	35550	757
866000	96	916	1422	10518	25	391	35736	1111
867000	100	941	1391	10583	123	259	35362	1215
868000	75	925	1337	10662	128	297	35808	931
869000	132	895	1283	10662	111	316	34758	1046
870000	131	927	1131	10967	78	308	35365	1134
871000	129	922	1513	10445	85	264	34199	865
872000	158	915	1521	10427	69	253	35887	840
873000	111	891	1332	10666	94	341	34928	1169
874000	144	799	1246	11050	51	227	35116	963
875000	85	999	1132	11087	41	269	35750	753
876000	138	1075	1140	10824	62	328	33171	917
877000	88	952	1498	10381	168	260	33860	1276
878000	143	933	1646	10027	197	295	34146	1235
879000	148	962	1366	10376	212	312	33929	1377
880000	210	795	1550	10113	215	387	34063	1941
881000	162	975	1407	10295	213	348	34192	1666
882000	128	900	1273	10567	266	329	34341	1394
883000	147	958	1422	10489	172	225	32816	1352
884000	104	1007	1248	10935	37	234	35706	955
885000	125	902	1291	10669	73	377	35941	1152
886000	111	996	1288	10611	74	380	33966	1586
887000	100	1108	1157	10806	74	378	34932	1468
888000	103	1072	1107	11002	41	294	34518	930
889000	100	1013	1110	10941	28	430	35006	1445
890000	126	1139	1054	10684	87	515	34134	1506
891000	95	1154	916	10954	76	466	34497	1525
892000	133	1094	1101	10683	157	409	34121	1727
893000	134	1110	983	10825	121	490	35930	1558
894000	137	1104	1361	10356	91	350	33652	1529
895000	136	915	1344	10495	82	402	33452	1188
896000	166	987	1357	10501	79	383	34595	1243
897000	171	819	1601	10316	29	350	34491	1309
898000	119	776	1726	10206	21	334	34925	1139
899000	80	910	1516	10364	15	472	34891	1485
900000	104	905	1417	10410	60	516	35133	1576
901000	108	963	1287	10451	172	510	35409	1819
902000	94	1143	1079	10728	64	508	34541	1755
903000	107	1193	1054	10627	119	495	34124	1702
904000	132	1033	971	11147	97	213	34349	1123
905000	74	1414	813	11199	17	252	34934	787
906000	89	1261	1159	10806	0	242	35209	668
907000	85	1205	985	11186	22	243	34494	833
908000	144	1136	1016	11175	30	137	34846	623
909000	152	1005	1066	11063	34	174	35862	517
910000	74	1038	1143	11189	40	128	37838	525
911000	140	1107	1009	11139	82	164	35847	723
912000	91	1201	925	11206	142	108	36354	770
913000	128	1099	1273	10774	84	125	34813	628
914000	106	1077	1454	10551	92	65	35947	294
915000	109	871	1487	10751	71	45	35873	208
916000	152	1053	1502	10367	111	150	34945	1043
917000	140	923	1187	10991	170	130	34769	886
918000	134	1039	1356	10717	61	127	35519	676
919000	112	920	1494	10623	77	133	35657	633
920000	165	1004	1570	10453	22	124	34272	412
921000	114	900	1641	10494	7	143	35452	465
922000	156	921	1653	10297	73	137	35111	504
923000	159	985	1357	10736	108	44	35393	371
924000	144	924	1323	10928	16	72	37339	357
925000	154	1017	1380	10794	2	102	34613	319
926000	144	1059	1538	10517	0	99	35411	254
927000	87	1043	1309	10978	0	48	37085	157
928000	134	959	1271	11018	0	71	35874	337
929000	161	1044	1253	10877	4	103	35726	407
930000	128	1058	1384	10672	2	157	35152	434
931000	187	901	1662	10473	0	40	35622	125
932000	119	900	1596	10551	80	1	34837	182
933000	161	905	1652	10373	38	31	35944	195
934000	94	1158	1255	10891	0	7	35770	61
935000	134	1140	1139	11013	95	2	36318	167
936000	129	1275	1221	10868	3	24	35455	152
937000	97	1085	1300	10980	0	20	35270	78
938000	127	1081	1132	11150	95	7	35620	282
939000	122	950	1382	10911	81	18	36210	416
940000	107	993	1348	10765	129	62	34256	628
941000	120	875	1260	11037	173	56	35322	641
942000	106	1090	1313	10750	96	108	34562	697
943000	131	1067	1430	10537	80	77	34488	484
944000	158	820	1637	10468	45	107	34825	441
945000	111	817	1511	10724	0	154	35836	335
946000	133	943	1312	10928	19	127	35266	405
947000	136	981	1345	10773	11	125	35449	557
948000	110	975	1594	10388	23	181	35183	551
949000	114	894	1415	10517	44	340	34589	962
950000	143	1210	1257	10405	113	342	33779	1330
951000	100	1045	1278	10498	163	360	34638	1399
952000	96	1220	1239	10597	154	251	34093	1215
953000	103	1071	1280	10594	149	299	34480	1186
954000	121	953	1593	10288	47	357	33923	1162
955000	98	909	1199	10911	18	362	38230	1099
956000	111	924	1414	10576	11	383	35489	1149
957000	139	1057	1150	10775	35	418	33982	1334
958000	71	1043	1465	10341	54	408	35212	1380
959000	114	1047	1196	10733	59	401	34399	1454
960000	139	960	1343	10358	67	487	33765	1459
961000	156	900	1137	10704	107	518	33877	1852
962000	113	1086	1206	10490	77	538	34883	1649
963000	135	1094	1392	10027	128	557	34923	1783
964000	177	1090	1213	10181	81	732	33994	2081
965000	127	952	1259	10473	74	601	34583	1660
966000	177	893	1444	10238	41	567	32968	1569
967000	131	806	1667	10074	57	521	34533	1511
968000	122	1025	1663	9603	273	575	32163	2474
969000	144	835	1854	9271	296	690	31275	3245
970000	102	1009	1603	9762	290	530	32715	2238
971000	121	948	1446	10207	243	383	34454	1828
972000	116	1019	1466	10355	202	272	34529	1279
973000	119	1037	1470	10361	154	283	35817	1077
974000	108	940	1607	10169	197	267	35838	1351
975000	131	927	1259	10884	37	218	35176	908
976000	135	1180	947	11025	61	305	35206	922
977000	111	1096	919	11168	84	330	35911	1215
978000	116	1118	797	11316	113	322	35702	902
979000	94	1365	893	10930	88	330	35149	1140
980000	60	1200	926	11220	64	197	34579	761
981000	79	1154	971	11202	45	186	35976	774
982000	91	1279	1140	10822	53	159	36320	646
983000	131	1033	1034	11271	8	127	35460	693
984000	108	958	1223	11137	0	127	35182	349
985000	103	1072	1338	10806	0	124	36200	517
986000	146	908	1321	10883	11	133	34493	408
987000	137	964	1234	10917	1	248	35519	647
988000	94	1068	1462	10496	0	255	35268	641
989000	114	988	1359	10740	1	220	34436	567
990000	139	1046	1319	10646	142	142	33812	647
991000	111	1136	1108	10938	186	132	35666	985
992000	112	981	1247	10961	42	148	35786	611
993000	126	988	1257	10913	45	167	35468	638
994000	130	983	1393	10726	30	143	36229	458
995000	114	1014	1511	10595	40	103	34106	488
996000	146	896	1364	10867	19	100	35407	379
997000	96	925	1569	10648	14	75	34899	235
998000	148	898	1713	10318	28	76	35507	193
999000	125	816	1555	10601	21	180	35722	573
