0	0	0	0	14400	0	0	0	0
1000	12	329	527	12958	108	5	37292	412
2000	22	276	658	12834	108	1	36471	281
3000	24	322	866	12454	73	7	35825	162
4000	33	332	1133	12021	44	21	38067	204
5000	27	336	1249	11857	47	17	37260	227
6000	19	286	1281	11841	73	0	36376	151
7000	33	356	1476	11350	66	28	35926	114
8000	38	301	1337	11717	30	50	35705	345
9000	49	275	1442	11431	85	119	36214	542
10000	41	347	1627	11021	100	127	36457	636
11000	38	322	1975	10662	69	6	35247	324
12000	72	271	1743	10893	215	30	35315	547
13000	52	328	1553	11182	115	151	34985	519
14000	25	278	1758	10921	38	202	35948	342
15000	33	321	1384	11498	0	222	36345	645
16000	31	290	1091	12079	11	119	37336	587
17000	34	312	1357	11690	2	35	35799	103
18000	11	306	1450	11656	0	18	36551	52
19000	52	340	1288	11782	63	0	35471	178
20000	18	302	1389	11732	9	0	36373	17
21000	37	302	1612	11201	110	10	36303	191
22000	47	244	1622	11219	142	54	34625	516
23000	66	300	1550	11219	134	92	35938	776
24000	44	288	1581	11351	24	41	34896	160
25000	52	308	1600	11355	0	29	36121	69
26000	20	268	1273	11970	1	5	36719	12
27000	52	350	1437	11522	70	0	37051	221
28000	57	324	1470	11469	104	8	35712	235
29000	41	298	1402	11604	66	28	35569	269
30000	34	298	1553	11306	177	34	35566	546
31000	24	321	1472	11475	79	63	35501	253
32000	45	317	1586	11151	108	111	34853	409
33000	54	386	1719	10777	93	188	32404	844
34000	34	293	1543	11238	181	121	34776	775
35000	55	281	1645	11113	202	37	36296	676
36000	39	288	1598	11093	252	70	35768	971
37000	45	314	1448	11273	187	102	35922	696
38000	46	293	1588	11281	86	42	35115	402
39000	44	278	1522	11312	50	129	34111	376
40000	46	314	1541	11377	43	141	34607	594
41000	35	306	1361	11563	42	142	36392	631
42000	33	261	1358	11758	13	82	36253	103
43000	41	265	1368	11752	2	65	36548	202
44000	29	284	1276	11879	0	49	36588	112
45000	30	274	1387	11744	9	42	34590	97
46000	30	315	1240	11939	0	0	36981	11
47000	33	303	1311	11729	71	6	36578	236
48000	26	288	1435	11608	37	13	37079	94
49000	50	319	1652	11232	9	0	36069	83
50000	51	289	1428	11604	69	4	35258	222
51000	52	333	1594	11157	72	36	34886	339
52000	45	331	1488	11492	35	14	35669	244
53000	59	343	1389	11633	15	23	35929	101
54000	41	378	1240	11747	40	45	35957	189
55000	48	277	1703	11189	32	27	36342	205
56000	52	325	1535	11431	31	23	36509	156
57000	40	336	1450	11536	11	7	37719	132
58000	29	278	1396	11778	35	8	35698	179
59000	38	355	1309	11647	83	32	35381	242
60000	29	287	1052	12137	139	5	36668	264
61000	37	286	1052	12169	127	3	36575	394
62000	24	274	1244	11972	42	57	37179	324
63000	34	269	1453	11496	0	167	36519	389
64000	50	302	1318	11625	1	200	35228	457
65000	18	328	1046	11963	0	299	36056	689
66000	21	361	1299	11638	15	186	36544	671
67000	34	283	1396	11326	16	435	34974	1254
68000	35	275	1301	11416	94	426	36637	1280
69000	10	332	1033	11748	45	484	34303	1305
70000	38	307	1346	11294	123	401	34653	1571
71000	32	291	1188	11590	120	362	34545	1294
72000	63	326	1466	10927	154	463	34776	1519
73000	23	292	1250	11482	217	259	35305	1278
74000	42	305	1259	11513	142	232	35474	985
75000	44	275	1165	11740	147	242	34664	952
76000	34	280	1384	11414	203	136	35002	999
77000	59	329	1680	11024	116	72	34448	305
78000	44	302	1794	10996	0	98	36568	281
79000	35	306	1587	11359	0	123	36143	235
80000	44	293	1841	10785	70	108	35840	339
81000	38	287	1652	11122	68	129	36277	643
82000	48	265	1858	10881	15	92	35390	294
83000	68	288	1580	11280	18	83	35282	144
84000	40	318	1671	11181	12	42	35016	89
85000	49	271	1808	10916	78	136	34548	417
86000	50	257	1929	10691	46	169	34571	523
87000	75	293	2131	10338	1	164	33861	599
88000	45	335	1841	10698	7	223	34627	701
89000	49	278	1761	10881	83	215	35307	584
90000	73	318	2031	10288	69	253	34662	947
91000	59	326	1665	10845	183	185	34070	761
92000	55	302	1746	10795	84	233	34021	752
93000	45	343	2102	10169	154	305	33612	984
94000	39	279	1820	10626	63	370	35595	1246
95000	34	308	1639	11022	10	317	35611	769
96000	50	292	1552	11214	4	277	35410	859
97000	44	305	1734	10977	15	158	35329	616
98000	48	301	1596	11296	23	117	36177	351
99000	48	292	1613	11276	79	54	35288	419
100000	18	347	1194	11938	36	54	34907	241
101000	23	281	1204	11943	36	74	35468	452
102000	13	317	1014	12127	33	224	36993	652
103000	25	265	1091	11943	52	231	36494	831
104000	25	293	1101	11946	95	194	35773	693
105000	29	329	986	11977	227	158	35667	906
106000	34	310	1137	11849	99	152	36297	584
107000	37	310	1377	11487	46	184	36048	499
108000	32	322	1446	11388	46	168	36851	579
109000	24	309	1359	11623	8	107	36815	466
110000	43	324	1174	11834	31	179	36453	646
111000	26	278	1191	11795	34	210	37008	624
112000	23	341	1156	11765	56	234	36637	900
113000	55	246	1598	10995	58	348	36063	1103
114000	54	299	1793	10661	7	440	34128	1130
115000	66	315	1940	10448	0	331	34031	1008
116000	81	258	1893	10715	9	160	33715	545
117000	38	335	1647	11143	4	135	33881	272
118000	49	302	2100	10423	60	90	35340	457
119000	69	259	2189	10319	7	91	34894	402
120000	54	297	2018	10602	15	54	34891	227
121000	34	301	1572	11314	63	23	35863	399
122000	37	251	1624	11379	12	10	37617	73
123000	47	327	1797	10968	43	5	36303	196
124000	46	284	1412	11530	151	24	34701	428
125000	37	287	1412	11587	88	5	36716	144
126000	35	294	1292	11837	68	14	36611	227
127000	38	391	1479	11479	0	53	35954	110
128000	26	273	1262	11955	5	50	36203	292
129000	23	273	1306	11842	0	101	35423	357
130000	40	331	1286	11651	5	157	36400	398
131000	25	343	1217	11844	0	84	37066	226
132000	31	292	1241	11863	0	151	36539	355
133000	32	323	1180	11832	33	195	35052	595
134000	35	306	1326	11649	5	129	35153	405
135000	44	321	1287	11784	37	50	36817	357
136000	14	347	1215	11973	23	30	37259	133
137000	32	354	1017	12199	9	25	37410	123
138000	29	307	988	12292	0	10	37322	8
139000	27	293	972	12302	9	39	37798	122
140000	29	361	1060	12120	0	87	36685	218
141000	31	310	1256	11771	1	170	35390	531
142000	29	308	1304	11778	9	136	35564	426
143000	65	321	1420	11420	0	135	35576	264
144000	31	326	1213	11689	32	278	35615	751
145000	24	352	1155	11859	11	209	35910	695
146000	29	292	1126	11955	58	146	37097	491
147000	31	329	1202	11743	107	173	35201	790
148000	40	299	1308	11580	116	150	36415	625
149000	37	320	1302	11642	79	201	36439	858
150000	25	325	1192	11786	61	227	36307	699
151000	35	322	1334	11497	80	181	35413	677
152000	30	325	1407	11378	106	170	35573	595
153000	48	347	1754	10934	70	84	35484	649
154000	40	278	1792	11017	55	49	34712	301
155000	33	300	1326	11530	70	155	35654	571
156000	35	282	1391	11618	25	117	36740	508
157000	46	300	1681	11196	7	60	35652	313
158000	51	304	1800	10916	12	77	35884	145
159000	74	294	1988	10677	18	55	35908	134
160000	110	350	2099	10310	48	66	34099	280
161000	49	305	2067	10597	21	39	35553	262
162000	36	303	2235	10316	25	43	35329	153
163000	27	293	1710	11132	57	57	36214	416
164000	39	354	1607	11117	48	101	36874	490
165000	16	274	1499	11464	47	104	35993	354
166000	40	305	1738	10925	34	180	35194	568
167000	65	335	1620	11199	59	73	35775	289
168000	33	324	1278	11769	6	61	35651	186
169000	51	292	1592	11309	0	68	34857	110
170000	45	275	1736	11225	0	14	35396	39
171000	44	326	1823	10880	88	0	34994	200
172000	41	327	1910	10778	27	53	35683	290
173000	72	315	1834	10873	57	40	34786	282
174000	59	282	1940	10775	62	39	35437	232
175000	51	331	1890	10791	133	13	33699	360
176000	41	268	1814	10930	111	28	35971	386
177000	29	341	1791	10943	74	0	34950	156
178000	58	308	1866	10769	142	38	33917	510
179000	40	292	1437	11557	88	51	36479	546
180000	41	283	1565	11370	59	78	37086	511
181000	29	329	1501	11457	5	55	36727	190
182000	54	344	1541	11431	0	25	35342	143
183000	53	273	1901	10925	0	8	34282	7
184000	36	290	1729	11124	10	31	36287	174
185000	36	286	1781	11122	6	38	35861	261
186000	52	323	1348	11706	0	42	36082	156
187000	25	301	1375	11704	0	41	36389	112
188000	34	328	1427	11526	0	65	35462	229
189000	48	262	1786	11042	22	34	35032	37
190000	46	276	1745	10898	44	197	35232	596
191000	64	277	1982	10481	41	194	33277	721
192000	44	321	1914	10594	9	258	34888	730
193000	41	283	1598	11012	6	351	35498	852
194000	38	291	1436	11241	40	353	35036	1121
195000	37	377	1628	10901	70	307	35359	1078
196000	46	259	1511	11051	92	419	36622	1416
197000	38	265	1698	10585	146	533	34279	1852
198000	44	291	1451	11041	110	520	33380	2049
199000	51	269	1498	10983	36	516	33365	1567
200000	38	238	1626	10867	20	504	34997	1305
201000	86	270	1804	10447	1	516	35869	1496
202000	43	339	1758	10403	4	656	33824	1961
203000	45	371	1424	11023	26	595	33905	1671
204000	57	267	1845	10534	56	437	34720	1942
205000	50	273	1815	10335	43	690	34279	1904
206000	54	306	1712	10266	141	827	33054	2591
207000	58	264	1691	10047	250	1031	33548	3869
208000	54	294	1654	9933	350	982	30480	3697
209000	61	310	1857	9850	228	807	33199	2755
210000	74	262	1709	10010	331	882	32641	3431
211000	60	260	1604	9874	427	1071	32155	4374
212000	46	293	1634	9685	446	1210	31221	4822
213000	55	255	1660	9689	279	1357	31588	4237
214000	56	350	1549	9993	261	1126	31783	3953
215000	35	346	1307	10501	226	1148	32786	3761
216000	35	335	1144	10885	180	1035	33609	3313
217000	43	301	1086	11000	255	950	33495	2771
218000	37	294	1147	10952	215	947	34782	3089
219000	52	276	1321	10518	422	901	32751	3708
220000	33	328	1229	10987	231	741	33759	2742
221000	36	280	1529	10754	228	582	34170	2700
222000	49	332	1367	10867	295	549	33265	2699
223000	40	326	1444	10795	188	647	33428	2275
224000	32	301	1267	11144	237	547	34699	2286
225000	48	299	1528	10818	254	434	33255	2105
226000	41	290	1219	11261	216	482	35022	2209
227000	32	353	1580	10646	95	665	33008	1648
228000	60	326	1482	10759	99	677	34327	2155
229000	25	333	1131	11301	183	656	34573	2041
230000	48	283	1161	11336	145	641	35211	2219
231000	37	354	1301	11095	93	622	34931	1894
232000	27	273	1446	11024	105	509	34608	1534
233000	28	286	1248	11394	70	527	34424	1683
234000	50	339	1289	11261	59	519	34426	1354
235000	28	357	1212	11472	26	528	33930	1548
236000	35	310	1195	11430	57	575	35089	1863
237000	58	302	1493	10935	203	401	35810	1697
238000	36	382	1597	10829	176	367	34392	1252
239000	80	290	1737	10600	153	378	34339	1342
240000	49	270	1790	10415	190	532	33448	1878
241000	68	260	1964	9684	353	732	32224	2974
242000	50	324	1843	9645	224	1067	32774	3644
243000	44	222	2060	9569	281	877	31272	3460
244000	21	308	1737	10223	130	764	33328	2256
245000	50	265	1514	10836	193	473	35390	1746
246000	69	311	1557	10617	338	459	33494	2426
247000	78	264	1710	10349	407	425	33326	2107
248000	60	314	1723	10045	341	763	32563	2787
249000	51	284	1838	9914	112	1022	32782	3217
250000	32	332	1434	10880	53	720	33352	2434
251000	39	274	1401	10861	20	856	33620	2465
252000	51	299	1368	11064	105	584	34231	1889
253000	44	324	1286	11259	142	430	35818	1693
254000	48	300	1331	11275	112	405	35700	1580
255000	42	356	1324	11315	145	312	34757	1375
256000	23	323	1312	11390	83	354	35097	1256
257000	35	294	1136	11500	161	482	35133	1783
258000	26	323	1286	11191	112	568	35202	1955
259000	44	283	1566	10995	137	345	35234	1616
260000	38	360	1300	11056	228	493	35429	1714
261000	42	267	1483	10842	223	505	32714	1793
262000	60	316	1700	10476	207	508	33946	2056
263000	53	270	1820	10513	227	277	34691	1532
264000	48	234	1769	10621	148	376	35240	1387
265000	25	297	1307	11343	135	400	34987	1217
266000	45	283	1304	11192	203	424	35858	1974
267000	39	322	1284	11076	196	556	34550	2058
268000	37	281	1437	10979	165	617	33495	1920
269000	35	295	1376	10878	185	684	35071	2260
270000	47	299	1552	10795	113	601	33999	2003
271000	54	253	1669	10566	107	634	32748	2066
272000	55	246	1498	10916	247	461	33724	1581
273000	35	321	1603	10792	188	344	33945	1370
274000	64	294	1562	10741	300	353	33980	2018
275000	63	260	1605	10773	224	381	34043	1658
276000	34	293	1406	10980	252	490	33987	1948
277000	44	270	1520	10910	188	430	34414	1733
278000	45	327	1505	10957	125	455	35053	1881
279000	57	353	1336	11134	125	469	34266	1862
280000	31	271	1259	11516	106	415	34818	1420
281000	38	269	1279	11355	202	317	35542	1291
282000	40	300	1206	11579	142	300	33158	1138
283000	39	306	1336	11324	293	220	35553	1425
284000	38	302	1196	11625	249	156	35732	1081
285000	36	347	1241	11631	139	143	35577	1043
286000	60	296	1358	11455	61	196	35790	885
287000	38	250	1399	11492	56	236	36233	824
288000	32	301	1148	11599	144	369	35448	1517
289000	41	324	1296	11249	259	345	35364	1373
290000	43	341	1378	11133	118	458	35007	1670
291000	51	255	1520	10974	73	398	35849	1363
292000	56	316	1434	11124	66	445	34959	1433
293000	30	363	1398	11058	136	443	34862	1572
294000	33	323	1321	11387	157	303	34803	1563
295000	41	287	1598	10956	267	186	34816	1239
296000	50	347	1406	11342	263	62	35928	912
297000	39	312	1539	11218	188	87	34715	1014
298000	62	292	1445	11403	123	65	35669	542
299000	55	279	1741	11001	65	51	35972	388
300000	51	329	1624	11210	92	2	34607	280
301000	36	299	1571	11414	64	0	36253	266
302000	47	239	1816	11078	8	0	35436	1
303000	50	300	1797	11028	121	0	36808	276
304000	71	265	2030	10648	115	0	34812	308
305000	41	319	1531	11276	207	9	34972	645
306000	46	310	1462	11297	203	72	35413	769
307000	45	305	1377	11446	195	123	34850	902
308000	37	246	1669	10977	224	122	35843	970
309000	48	298	1465	11099	232	235	35458	1364
310000	44	311	1283	11487	217	173	35821	862
311000	38	290	1081	12034	69	153	36825	565
312000	40	263	1180	11822	66	129	36321	635
313000	49	253	1841	10854	57	132	35354	704
314000	32	349	1488	11549	8	38	36138	189
315000	41	340	1251	11870	28	16	36258	116
316000	37	277	1496	11576	0	15	35225	70
317000	83	296	2244	10146	138	2	32778	422
318000	78	258	1962	10762	68	4	35122	279
319000	48	268	1793	11022	66	26	35534	290
320000	28	255	1616	11365	32	55	35743	245
321000	52	331	1641	11216	41	63	36623	318
322000	55	316	1687	11010	72	66	34563	347
323000	64	289	1852	10847	22	135	35842	485
324000	41	281	1573	11135	84	190	35970	729
325000	33	339	1440	11318	98	145	34807	584
326000	34	295	1470	11389	118	84	35633	471
327000	25	329	1403	11456	80	155	35289	803
328000	49	312	1483	11147	217	159	36419	1114
329000	57	313	1447	11439	100	89	35148	670
330000	22	334	1084	12074	10	127	35618	341
331000	38	308	1242	11751	2	169	35640	586
332000	37	329	1243	11846	3	121	34860	380
333000	57	283	1968	10736	13	35	35504	113
334000	67	259	1862	10963	37	12	35988	65
335000	65	256	1834	10909	9	45	35737	159
336000	87	310	1904	10692	11	99	35173	205
337000	56	320	1857	10906	0	10	35288	15
338000	40	277	1628	11312	0	9	35632	73
339000	44	404	1554	11217	97	0	36490	30
340000	38	300	1428	11590	16	48	36233	177
341000	52	336	1143	12017	4	69	36693	267
342000	22	290	1391	11620	0	125	38045	461
343000	32	299	1638	11286	0	68	35225	190
344000	38	294	1550	11438	4	109	36907	220
345000	23	303	1514	11406	0	156	35403	506
346000	42	307	1354	11591	1	160	35414	281
347000	45	276	1502	11372	34	154	34973	571
348000	43	283	1459	11422	38	85	35364	483
349000	52	242	1482	11482	30	81	36565	442
350000	31	311	1493	11419	20	123	36149	513
351000	18	269	1394	11687	21	92	37524	462
352000	30	322	1562	11360	19	72	35985	276
353000	45	293	1639	11253	23	102	37276	360
354000	57	242	1907	10861	4	52	34137	162
355000	46	262	2226	10298	0	143	35594	348
356000	34	253	1937	10672	56	103	35428	430
357000	48	290	1633	11197	56	27	35507	322
358000	29	290	1428	11699	15	5	35286	103
359000	28	326	1482	11593	0	0	35521	10
360000	24	301	1368	11737	63	0	38117	158
361000	44	282	1350	11781	10	18	37047	46
362000	33	299	1410	11680	62	0	35782	105
363000	42	276	1477	11526	104	2	35364	256
364000	31	328	1032	12151	145	12	35913	531
365000	35	287	1293	11762	96	26	36989	400
366000	30	272	1591	11370	101	25	36913	406
367000	40	288	1408	11543	80	23	37260	360
368000	34	290	1586	11404	37	15	34839	267
369000	44	357	1383	11647	0	25	36659	113
370000	48	305	1499	11420	112	0	35965	128
371000	34	287	1390	11546	113	71	35070	424
372000	50	247	1361	11558	168	66	34539	478
373000	54	344	1268	11587	189	76	35036	653
374000	46	319	1459	11283	139	159	35878	1025
375000	38	311	1531	11158	136	195	34524	926
376000	38	310	1383	11398	156	207	34986	987
377000	46	361	1356	11347	123	190	35227	773
378000	26	316	1514	11132	162	215	34848	1057
379000	28	331	1165	11545	152	354	34252	1439
380000	39	346	1073	11636	113	388	35007	1643
381000	43	289	1268	11507	159	312	34618	1321
382000	36	317	1177	11497	257	255	35382	1561
383000	34	321	1333	11391	227	208	34749	924
384000	39	277	1459	11145	159	370	35379	1295
385000	54	291	1397	11156	168	376	35891	1497
386000	45	332	1214	11454	190	314	36020	1400
387000	19	312	1256	11543	186	252	35823	1215
388000	45	328	1221	11421	187	370	35464	1694
389000	45	382	1241	11318	224	348	34007	1582
390000	41	239	1544	10778	250	490	34766	2159
391000	30	350	1659	10579	232	467	33288	1879
392000	63	282	1802	10462	222	392	33810	1809
393000	53	276	1843	10399	246	325	33642	1552
394000	72	299	1630	10745	239	297	34877	1452
395000	42	378	1343	11162	49	481	35217	1481
396000	43	296	1107	11677	103	426	34573	1409
397000	30	348	1078	11631	92	424	35685	1604
398000	19	268	1344	11370	94	375	35649	1474
399000	31	327	1237	11525	67	318	36009	1104
400000	23	253	1194	11863	92	130	36791	566
401000	35	281	1125	11695	126	307	36549	887
402000	45	309	1383	11128	227	345	34370	1413
403000	40	282	1769	10649	185	250	34619	1652
404000	42	349	1504	11004	258	240	34882	1339
405000	59	277	1524	10840	291	373	34125	1864
406000	43	282	1706	10734	125	393	34132	1779
407000	49	288	1523	11104	209	182	34275	857
408000	44	260	1683	10750	172	327	34727	1486
409000	30	316	1439	11296	153	224	35943	1206
410000	39	315	1354	11570	73	150	36182	455
411000	45	355	1323	11549	24	195	34878	682
412000	32	326	1139	11934	44	217	36140	730
413000	35	275	1350	11549	25	270	35305	824
414000	54	242	1607	10951	66	406	34917	1322
415000	46	292	1241	11335	147	422	35232	1686
416000	42	258	1195	11329	330	402	34763	2111
417000	30	329	1536	10690	124	642	34678	2217
418000	43	332	1160	11304	160	596	33919	1895
419000	34	285	1409	11035	254	417	34834	1868
420000	68	259	1700	10293	342	569	33328	2710
421000	42	318	1936	9746	366	694	32814	2933
422000	52	278	1869	9706	322	981	32291	3607
423000	62	243	2099	9225	270	1140	31171	3815
424000	78	294	1903	9744	361	823	31687	3644
425000	50	299	2063	8864	688	1069	30930	4715
426000	84	237	2234	8745	514	1107	29354	4352
427000	63	296	2114	8981	466	1058	30581	4673
428000	36	266	1667	10042	407	905	32310	3815
429000	64	292	1691	10047	302	840	31542	3210
430000	66	267	1545	9977	317	1207	30420	4295
431000	58	302	1575	10203	302	945	33152	3698
432000	42	304	1353	10704	352	828	32931	3381
433000	35	281	1261	10601	189	1183	33408	3238
434000	37	307	1251	10163	411	1347	32522	5114
435000	75	305	1444	9840	431	1311	31013	4932
436000	58	322	1476	9770	416	1323	31229	4696
437000	47	347	1451	9703	499	1416	31217	4974
438000	59	283	1374	10119	440	1138	32060	4165
439000	47	252	1416	10045	464	1166	30958	3835
440000	47	320	1342	10230	383	1139	31152	4179
441000	46	286	1439	10313	454	923	32347	4486
442000	30	315	1184	10790	326	986	31900	3384
443000	39	292	1287	10786	226	907	33187	2869
444000	22	287	1208	11018	175	855	34083	3091
445000	37	303	1325	10833	151	851	35264	2795
446000	50	279	1196	11297	111	630	33770	2166
447000	30	348	1132	11221	222	643	35470	2182
448000	53	308	1464	10999	66	501	34129	1673
449000	40	318	1609	10836	78	452	34361	1473
450000	52	341	1548	10968	86	423	34634	1439
451000	58	262	1493	10789	131	657	33675	2105
452000	37	317	1491	10936	85	533	34257	1998
453000	52	270	1436	10996	193	454	34389	1612
454000	46	325	1499	10662	284	584	33630	2558
455000	53	268	1475	10689	378	529	33554	2657
456000	70	256	1620	10450	413	522	32722	2338
457000	54	281	2258	9244	389	747	31659	3152
458000	65	273	1741	10045	312	798	32436	3306
459000	55	290	1488	10334	425	808	32735	3540
460000	42	298	1689	9945	435	925	31924	3171
461000	41	346	1490	10113	384	1051	33294	4078
462000	33	284	1522	9772	594	1211	30119	4908
463000	42	291	1480	9751	501	1283	31384	5146
464000	41	258	1309	9660	468	1720	30702	5584
465000	38	309	1026	9779	688	1844	28698	6510
466000	63	301	1464	9069	719	1862	29260	7928
467000	58	300	1326	9226	691	1871	29583	7205
468000	58	296	1360	9267	988	1516	32281	6471
469000	46	229	1535	8793	1201	1583	27999	7561
470000	94	282	1294	8876	1336	1585	28632	7814
471000	79	345	1185	9033	1106	1765	27018	7941
472000	64	274	1275	8962	1218	1710	27906	7928
473000	68	281	1422	8592	1573	1502	29211	8039
474000	92	291	1482	8230	1458	1766	26929	8648
475000	66	253	1207	8542	1569	1883	26907	8769
476000	44	255	1366	8700	1294	1799	28573	8475
477000	86	246	1383	8653	1374	1681	28118	8600
478000	74	241	1631	8057	1353	1854	27573	9122
479000	61	254	1436	8522	1304	1772	28054	8796
480000	80	240	1549	8010	1413	2090	26739	9419
481000	70	249	1364	7767	1397	2573	25801	10614
482000	58	293	1288	7731	1593	2535	25245	11849
483000	89	249	1415	7481	1554	2629	24609	10896
484000	86	264	1282	7518	1656	2689	25440	12148
485000	73	222	1185	7474	1532	3055	25134	13115
486000	65	272	1191	7830	1486	2770	24624	12075
487000	61	241	1188	7745	1638	2646	24994	11641
488000	42	237	1357	7579	1674	2556	24608	11109
489000	83	311	1282	7821	1655	2341	25188	10283
490000	89	268	1216	7993	1641	2318	26412	10569
491000	56	309	1060	8205	1507	2496	25183	10360
492000	58	299	1104	8326	1350	2506	26456	10675
493000	51	260	1065	8311	1324	2647	25655	10262
494000	52	268	1156	7943	1407	2733	24783	11632
495000	60	277	1210	7757	1421	2831	24598	11118
496000	65	278	1070	7755	1563	2869	24885	12416
497000	50	307	1077	7907	1702	2609	24870	12052
498000	52	322	987	7861	1678	2781	23466	12850
499000	62	270	1105	8156	1315	2679	24921	11851
500000	63	285	1244	8015	1461	2433	26726	11196
501000	72	282	1179	8267	1326	2413	26359	10605
502000	53	260	1314	8212	1185	2496	27067	10229
503000	67	289	1431	8130	1088	2354	26927	9755
504000	84	312	1630	8140	1303	1823	26978	9071
505000	99	266	1537	8310	1285	1837	27855	9084
506000	75	265	1377	9040	1084	1595	28163	7466
507000	62	300	1503	9086	1093	1341	29107	6715
508000	39	284	1447	8909	1071	1623	28483	7884
509000	64	288	1474	8798	847	1927	27815	7819
510000	56	335	1223	9137	1064	1731	28258	7410
511000	38	322	989	9626	964	1796	29234	7798
512000	36	307	1176	9179	1005	1856	29048	7681
513000	66	289	1550	8637	1036	1771	28563	7705
514000	63	293	1309	8529	865	2470	26854	9111
515000	43	292	1217	8754	842	2445	27341	9461
516000	63	322	1121	8854	818	2417	27263	8912
517000	53	293	1202	8667	795	2519	27761	8814
518000	50	248	1008	9280	720	2420	28345	9733
519000	58	319	973	9657	722	1973	29740	6964
520000	64	283	1413	9072	805	1782	30146	6943
521000	74	302	1272	8701	1253	1907	27996	8623
522000	84	262	1251	8560	823	2529	27753	9061
523000	25	317	1248	8867	1244	1875	28092	8859
524000	48	299	1208	9185	1289	1574	28732	8322
525000	64	252	1006	9534	1265	1556	30352	8026
526000	85	284	920	9628	1119	1646	30139	7820
527000	48	277	1080	9691	889	1599	30578	7497
528000	50	272	959	9713	875	1803	30498	7279
529000	47	285	1044	9520	883	1866	30031	8261
530000	47	299	1157	9174	916	2018	28917	8634
531000	56	323	1151	9234	1019	1802	28676	7479
532000	50	312	1141	9027	1173	1843	27410	8286
533000	59	278	1072	9197	989	2020	27310	8239
534000	55	275	850	9645	1102	1851	28691	8471
535000	54	259	1043	9333	1235	1712	27821	8485
536000	77	327	994	9214	1490	1602	28639	8399
537000	63	292	1131	8738	1529	1851	27429	9314
538000	77	273	1203	8452	1421	2096	27063	10339
539000	69	286	1242	8025	1362	2499	25806	9964
540000	84	282	1373	7642	1310	2714	25729	11366
541000	57	279	1124	8414	1250	2485	26329	10151
542000	64	303	1541	8208	1091	2164	27684	9141
543000	70	266	1690	7994	957	2272	27760	9327
544000	82	303	1076	8943	1053	2150	27488	8895
545000	82	287	1341	8229	1156	2355	26809	9205
546000	60	264	1242	8275	1225	2473	26975	10458
547000	54	283	1162	8395	1066	2674	25948	10761
548000	44	310	1148	8354	1274	2480	27640	9922
549000	73	284	1445	7881	1275	2443	26022	10454
550000	86	280	1701	7867	1160	2090	27725	8703
551000	88	298	1290	8510	1208	2120	27651	9003
552000	76	285	1302	8436	1166	2208	27237	9833
553000	56	298	1046	8875	993	2370	28462	9429
554000	31	287	1149	8710	1008	2422	28214	9573
555000	43	343	1133	8200	1143	2736	26414	10834
556000	89	282	1448	7755	1160	2628	25290	9998
557000	48	264	1542	7662	1331	2502	25656	10262
558000	53	243	1215	8426	1393	2200	27262	10258
559000	48	259	1318	8326	1365	2169	26827	10114
560000	95	338	1178	8311	1557	2077	25736	9665
561000	66	289	1457	8609	1089	1860	27225	8676
562000	86	252	1382	8651	1165	1862	27655	8797
563000	96	301	1505	8898	884	1640	29024	6842
564000	37	257	1205	9757	665	1637	31489	6454
565000	41	301	1201	9984	543	1546	32130	5469
566000	57	247	1140	9918	699	1564	30539	6511
567000	21	283	1223	9694	698	1662	30455	6233
568000	62	248	1272	9470	664	1761	30243	7274
569000	54	290	1607	9265	451	1657	30746	6035
570000	51	317	1527	9879	343	1256	30817	4383
571000	49	325	1660	9552	348	1350	30467	4760
572000	45	313	1631	9713	283	1318	32068	4297
573000	29	331	1631	9607	312	1408	31205	4298
574000	55	270	1365	9744	621	1395	31069	5963
575000	65	281	1284	9863	621	1343	30889	5248
576000	56	297	1225	9826	455	1707	30038	5591
577000	36	269	1256	9461	660	1883	29972	6888
578000	62	254	1360	9334	449	1979	29678	7130
579000	53	225	1266	9712	378	1871	30394	6140
580000	42	355	1292	9301	345	2151	29221	7055
581000	33	309	1034	9652	423	2224	29700	7229
582000	56	285	1276	9336	246	2267	28275	6829
583000	42	322	1134	9552	422	2101	29823	6901
584000	50	337	1200	9379	443	2135	30578	7003
585000	63	304	1270	9170	800	1895	29338	7054
586000	74	277	1504	8782	736	1989	27135	7393
587000	71	299	1374	8626	1045	2050	27244	8319
588000	77	261	1550	8621	830	2098	27389	8351
589000	48	311	1511	8793	617	2120	28364	7817
590000	54	343	1725	8730	637	1735	28641	7175
591000	105	286	2222	8560	504	1261	29487	4607
592000	87	269	1983	8844	848	1012	29367	5115
593000	54	230	1811	8831	1032	1236	30466	6549
594000	106	291	1754	8463	1178	1415	27914	7088
595000	51	307	1719	8627	1074	1534	28619	7219
596000	74	263	1603	8398	1074	1942	28790	7968
597000	74	240	1410	8446	1006	2272	27572	8552
598000	63	285	1626	8319	937	2106	26937	8017
599000	66	267	1579	8357	731	2387	27420	7871
600000	27	284	1416	9068	470	2240	27318	8028
601000	49	308	1226	9527	543	1885	30645	6840
602000	33	270	1296	9301	471	2099	29515	7393
603000	59	273	1074	9167	486	2546	29603	8081
604000	39	287	1274	9156	742	2011	28798	7972
605000	49	256	1208	9535	699	1787	30335	7091
606000	49	311	1268	9557	730	1653	29291	6944
607000	56	346	1116	9323	797	1972	28395	7719
608000	48	270	799	9821	807	2039	29498	7590
609000	35	306	959	9848	804	1722	29693	7050
610000	69	243	1173	9324	794	1969	29517	8158
611000	82	331	1670	8999	672	1525	29709	6690
612000	65	282	1760	9177	618	1312	31510	5417
613000	83	326	1706	9362	571	1193	29355	4992
614000	65	229	1708	9276	646	1388	30102	5282
615000	58	228	1824	8650	1143	1252	29578	6339
616000	119	257	2235	7764	1131	1366	26746	6614
617000	119	300	1819	8522	1146	1322	27980	6818
618000	68	276	1401	9074	1408	1246	27955	6582
619000	85	274	1555	8835	1003	1564	27753	6479
620000	70	269	1621	8513	1103	1718	28037	8204
621000	76	236	1772	8022	1119	1979	26993	8614
622000	95	227	1746	7916	1191	2126	26486	9151
623000	65	305	1583	8297	1309	1813	26360	8554
624000	95	255	1517	8630	1200	1641	27466	8052
625000	68	228	1655	8374	995	1958	28400	8130
626000	73	326	1612	8409	1043	1837	29165	7386
627000	52	289	1551	8447	1112	1925	27503	8067
628000	70	295	1116	8591	1163	2348	27808	9088
629000	47	298	953	8828	1210	2394	26815	9357
630000	61	250	1121	8786	1151	2232	28678	9221
631000	45	315	1047	8766	958	2536	26596	9438
632000	45	288	1133	8941	812	2388	27185	8958
633000	41	362	1218	8881	910	2114	27563	8001
634000	29	291	1407	8388	831	2488	27284	9006
635000	68	291	1227	8097	937	2878	27442	10140
636000	70	311	1135	8495	1019	2570	25854	9600
637000	66	216	1305	8133	1439	2279	27258	11272
638000	70	285	1416	7500	1619	2550	25255	11395
639000	96	291	1281	6938	1427	3455	22301	13339
640000	91	293	1140	7132	1740	3199	23084	14594
641000	69	240	1240	6796	1887	3249	22928	14536
642000	71	194	1382	6150	2186	3445	20337	16105
643000	96	272	1425	6150	1816	3661	20798	15313
644000	93	269	1197	6364	1904	3761	22470	15434
645000	91	235	1265	6234	1858	3818	20459	15633
646000	61	258	1394	6190	1818	3738	20591	16066
647000	91	257	1377	6334	1943	3466	22026	14471
648000	74	238	1375	6522	1983	3225	21806	13994
649000	97	237	1683	6536	1933	2714	23192	13440
650000	109	280	1375	6600	2133	2918	22109	13133
651000	104	304	1519	6218	2117	3138	21430	14323
652000	90	242	1143	6483	2170	3422	21851	15079
653000	107	250	1176	6229	2212	3569	20826	16510
654000	75	226	1141	6301	2367	3470	20222	16479
655000	92	237	1046	6443	2624	3219	19992	15602
656000	113	244	889	6411	2692	3366	20796	16925
657000	65	274	1208	6475	2691	2806	21713	15812
658000	114	230	1684	6151	2371	2679	20987	13648
659000	83	231	1563	6544	2094	2815	23372	13243
660000	95	258	1838	5891	1702	3445	20167	13971
661000	106	242	1558	5951	2183	3246	20751	15175
662000	90	212	1321	6501	1730	3640	21302	14760
663000	83	309	1284	6312	1626	3906	20252	15182
664000	95	227	1356	6032	1481	4223	20767	15516
665000	117	273	1346	6155	1678	3935	22356	15065
666000	77	257	1479	6034	1842	3729	20514	16024
667000	97	257	1290	5860	2071	3938	19590	16864
668000	120	234	1180	5812	2613	3610	20015	17031
669000	112	261	1628	5427	2832	3042	20038	17004
670000	102	205	1452	5965	3048	2571	20585	14863
671000	117	263	1496	6121	2912	2417	20741	15256
672000	92	214	1434	6290	2518	2776	22137	15800
673000	88	160	1733	5728	2856	2627	22153	14769
674000	120	245	1833	5645	2616	2645	21476	13608
675000	86	179	1958	5658	2323	2875	21499	14470
676000	98	218	1602	5619	2847	2880	19489	16408
677000	95	189	1472	5771	2816	3028	20180	16253
678000	88	212	1583	5432	3050	3045	19743	17401
679000	100	246	1609	5081	2830	3422	18392	17187
680000	94	238	1198	5844	2475	3667	19976	17854
681000	89	273	1199	6027	2411	3545	20849	17155
682000	101	226	1056	6559	2339	3325	22685	15142
683000	80	220	1290	6162	2472	3260	19510	15232
684000	97	264	1043	6326	2820	3112	20704	16267
685000	124	221	1317	6003	2786	3022	20184	15430
686000	113	193	1360	6239	2843	2669	20749	15917
687000	94	226	1519	6166	2455	2943	21160	14899
688000	102	243	1431	6104	2131	3392	21034	15898
689000	101	306	1221	6259	2172	3421	20974	15711
690000	122	294	1257	6305	2156	3408	19829	15543
691000	65	231	1436	6358	2128	3235	21504	15661
692000	74	201	1312	6847	2145	2952	23732	13701
693000	87	299	1101	6558	2069	3521	21729	14137
694000	67	278	1329	6383	2096	3330	22325	14837
695000	99	320	1458	6405	2005	2995	22033	14170
696000	91	274	1344	6905	1707	3134	23120	12742
697000	112	243	1349	6881	1825	3008	22154	13628
698000	62	258	1514	6674	2075	2835	22643	14060
699000	102	273	1602	6561	1921	2879	23051	13308
700000	83	266	1680	6825	2092	2345	23780	12737
701000	97	242	1585	6764	2093	2557	23444	13125
702000	96	235	1506	6515	2104	2922	23400	12306
703000	96	254	1636	6482	2210	2630	22781	12982
704000	78	276	1502	6809	2250	2477	22748	13340
705000	88	283	1355	6787	2007	2891	22925	13435
706000	75	248	1399	7250	1649	2795	24166	13008
707000	84	280	1446	7882	1275	2443	25563	10410
708000	68	252	1559	7166	1692	2615	23922	12159
709000	104	289	1349	7423	1582	2693	24210	11615
710000	76	338	1435	7261	1362	3005	23737	12275
711000	68	262	1276	7823	1554	2515	25427	11652
712000	80	253	1175	7563	1573	2917	23387	12126
713000	48	255	1359	6983	1687	3148	24514	13047
714000	66	277	1425	7344	1316	2954	24350	12572
715000	52	275	1605	6926	1428	3034	23054	12853
716000	97	229	1672	6896	1756	2586	24078	11801
717000	59	278	1432	7483	1455	2776	25070	10525
718000	96	303	1606	7091	1570	2641	22785	11695
719000	79	287	1537	7340	1457	2607	23981	11906
720000	59	307	1330	7782	1584	2418	24972	11622
721000	79	243	1098	7880	1716	2573	25147	11443
722000	59	294	1361	7685	1677	2363	25186	11869
723000	76	282	1400	8153	1333	2249	26495	9308
724000	47	243	1119	8678	1521	1985	27192	10496
725000	54	275	1064	8647	1399	2146	27457	9556
726000	64	283	986	9134	1447	1782	26932	9865
727000	52	305	1229	9060	1112	1827	28785	8244
728000	55	323	1437	8847	1118	1602	29243	7907
729000	125	292	1591	8305	1105	1855	28054	7991
730000	72	284	1805	8245	1117	1682	28153	6739
731000	89	229	1710	8281	1365	1524	26424	8005
732000	94	285	1883	7585	1444	1863	25113	9372
733000	72	294	2167	7720	1044	1687	27564	7405
734000	101	196	1753	8489	1144	1532	28170	7012
735000	69	293	1604	8952	869	1565	28259	7002
736000	52	301	1332	9280	705	1875	28970	7073
737000	57	231	1436	9060	652	1979	29864	7226
738000	56	305	1542	9140	512	1807	29082	6239
739000	57	277	1616	8944	586	1804	29200	6681
740000	51	323	1501	8960	444	2136	28021	6513
741000	51	291	1150	9396	611	2107	30251	7153
742000	68	306	1501	8728	833	1891	29296	7162
743000	56	330	1455	8931	1025	1651	27322	7501
744000	59	292	1280	8716	1049	2103	28131	9142
745000	53	282	1289	8924	1048	1951	28348	8472
746000	53	273	1238	9365	1112	1551	30684	7683
747000	61	307	1288	9441	990	1437	29665	6338
748000	66	284	1120	9769	860	1475	29957	6251
749000	95	237	1296	9412	875	1551	30044	7140
750000	49	269	1399	9369	878	1518	29083	6687
751000	64	241	1406	9676	685	1371	31000	5549
752000	41	247	1293	10077	689	1168	31744	5274
753000	52	326	1385	9797	667	1221	30713	5537
754000	52	276	1309	9714	885	1292	31785	5796
755000	55	254	1287	9491	866	1562	30564	6987
756000	58	248	1466	9518	756	1380	31733	6150
757000	56	319	1407	9870	745	1061	29729	4788
758000	43	300	1254	9877	790	1249	31680	5651
759000	49	308	1172	10190	523	1265	32388	4863
760000	62	273	1228	10049	564	1402	31288	5391
761000	39	315	1365	9672	627	1468	30434	5639
762000	45	323	1217	9859	447	1684	29426	6165
763000	49	321	1120	9528	487	2077	29424	7148
764000	19	267	1030	9782	713	1845	29057	6928
765000	59	310	907	9808	654	1942	31059	7155
766000	55	313	1153	10010	679	1376	31173	5706
767000	58	308	1386	9664	756	1323	29629	6124
768000	82	268	1423	9467	805	1349	29311	6007
769000	91	274	1376	9436	872	1321	29445	5990
770000	35	270	1531	9589	681	1265	30409	5257
771000	50	282	1518	9639	774	1127	30669	5248
772000	78	280	1507	9675	622	1195	30991	4950
773000	73	254	1467	9640	899	1083	30345	5233
774000	84	238	1444	9670	975	985	30895	5322
775000	48	270	1240	9846	950	1215	30467	5714
776000	52	291	1289	9522	1061	1296	29613	6228
777000	41	318	1110	9835	805	1523	30146	6638
778000	63	327	1255	9588	832	1442	29619	5648
779000	58	326	1303	9514	822	1490	29524	6276
780000	60	319	1224	9722	920	1275	30949	6254
781000	55	305	1181	9892	704	1431	30677	5568
782000	52	286	1405	9555	664	1514	29349	6133
783000	37	280	1417	9332	698	1637	28968	6010
784000	33	259	1209	9678	502	1840	29321	7066
785000	42	236	1298	9379	552	2005	29640	7234
786000	37	302	1291	9103	510	2259	29193	7826
787000	28	272	1335	9208	493	2173	30208	7872
788000	32	305	1207	9518	418	2076	31078	6293
789000	56	365	1123	9766	479	1815	29418	6622
790000	55	321	1038	9896	551	1777	30147	6479
791000	45	302	1090	9843	554	1834	29537	6816
792000	36	292	1161	9675	608	1832	30772	6517
793000	44	313	1088	9805	688	1677	31849	6809
794000	66	297	1369	9464	642	1615	29479	6285
795000	53	283	1419	9624	559	1491	29638	5970
796000	74	309	1489	9634	681	1192	30557	4995
797000	75	274	1462	9491	861	1171	31192	5746
798000	44	319	1392	9492	938	1246	30162	6104
799000	33	277	1188	10053	709	1300	31510	5549
800000	54	303	1369	9726	679	1352	32043	5299
801000	38	293	1738	9085	647	1444	29914	5657
802000	54	257	1536	9209	598	1660	30921	6122
803000	54	273	1563	9105	626	1693	29413	7154
804000	41	230	1439	9650	806	1328	30228	6484
805000	41	315	1394	9864	558	1320	32148	6006
806000	68	287	1390	9635	676	1378	30256	5754
807000	54	278	1669	9214	786	1272	29905	5257
808000	56	279	1711	9389	650	1168	30552	4728
809000	55	242	1860	9741	460	887	32216	4129
810000	101	273	2109	9260	375	848	32198	3436
811000	110	320	2170	9195	410	687	31949	3198
812000	72	258	1985	9641	462	638	32704	2840
813000	66	330	1599	10082	383	877	32930	3113
814000	42	282	1672	10302	222	810	31594	2677
815000	34	293	1683	10268	330	597	33338	2230
816000	45	322	1520	10411	299	753	33302	3209
817000	60	243	1865	10183	273	537	33205	2523
818000	44	282	2016	9730	303	744	33294	2940
819000	101	342	2166	9469	177	634	32430	2899
820000	38	294	1640	10399	185	758	32290	3026
821000	50	269	1572	10300	224	895	32421	3287
822000	32	293	1659	10191	240	915	33162	3310
823000	35	323	1391	10697	259	739	34082	2486
824000	38	342	1403	10251	383	976	32257	3285
825000	37	313	1592	10134	327	963	32561	3683
826000	57	304	1832	9414	514	1073	31541	4763
827000	70	268	1840	9731	621	587	32437	3563
828000	74	277	1923	9880	456	482	32753	2910
829000	39	294	1716	10277	293	645	33037	2590
830000	48	269	1428	10590	459	625	33497	2955
831000	34	317	1432	10618	406	593	33782	2736
832000	39	300	1451	10663	372	631	33437	2394
833000	83	288	1498	10375	398	734	32606	3144
834000	38	284	1204	10980	313	749	34324	2949
835000	33	319	1011	11230	283	791	34221	2784
836000	51	335	1277	11004	268	606	33758	2632
837000	57	338	1386	10761	335	599	35099	2951
838000	39	373	1547	10436	305	644	33081	3243
839000	48	323	1614	10328	285	690	33072	2478
840000	33	344	1454	10711	323	554	33594	2896
841000	33	302	1302	11156	210	543	34737	1976
842000	39	277	1605	10514	177	728	33191	2475
843000	24	281	1223	11075	173	722	34675	2341
844000	45	319	1273	10987	224	671	34710	2235
845000	57	259	1481	10862	167	535	34781	1822
846000	45	317	1667	10438	220	622	33171	2350
847000	27	282	1371	11122	153	445	34460	1667
848000	43	323	1357	11136	143	435	34778	1714
849000	33	318	1252	11455	74	376	35037	1034
850000	22	294	1103	11731	57	396	37186	1263
851000	49	292	1380	11355	67	307	34772	1201
852000	47	288	1692	10648	91	496	35491	1464
853000	29	341	1223	11440	86	400	35684	1315
854000	37	264	1297	11585	81	253	35741	954
855000	27	270	1166	11805	47	259	36968	960
856000	24	315	1373	11655	6	100	36013	390
857000	30	352	1226	11866	6	123	36711	342
858000	36	266	1358	11806	0	21	34892	33
859000	45	297	1667	11263	0	37	36024	161
860000	55	259	1667	11144	92	12	35471	267
861000	42	328	1576	11237	68	40	35694	202
862000	40	337	1531	11436	34	25	35450	227
863000	39	314	1480	11575	33	3	35814	39
864000	31	312	1352	11747	28	10	36226	160
865000	41	264	1406	11715	22	16	37735	87
866000	58	302	1520	11470	0	19	36363	25
867000	24	305	1365	11747	0	0	35068	1
868000	35	269	1255	11870	107	13	36027	357
869000	23	264	1419	11469	213	61	35711	646
870000	51	315	1298	11502	114	126	35860	957
871000	38	328	1321	11463	172	130	36742	1012
872000	51	266	1469	11359	154	156	34742	703
873000	55	285	1455	11279	212	103	35525	948
874000	31	265	1224	11811	203	97	35492	663
875000	27	295	1393	11343	182	210	34708	822
876000	52	247	1396	11222	143	334	36048	1453
877000	36	299	1177	11660	127	289	35417	1304
878000	41	269	1428	11179	181	384	35254	1808
879000	57	329	1670	10635	214	345	33985	1282
880000	42	240	1649	10630	152	584	35075	2118
881000	46	259	1745	10607	105	490	34472	1386
882000	62	309	1702	10477	171	533	33567	2026
883000	65	278	2021	10096	125	406	32495	1832
884000	23	326	1649	11009	203	122	33043	914
885000	35	319	1493	11233	255	79	36235	1009
886000	34	314	1520	11091	317	148	35203	1111
887000	61	248	1610	10857	386	177	34763	1650
888000	58	257	1471	11276	195	167	34789	1216
889000	43	315	1367	11479	136	118	33649	601
890000	40	316	1374	11410	179	181	34696	1028
891000	37	289	1286	11513	163	221	35801	1030
892000	33	299	1214	11588	106	311	36319	1097
893000	28	277	1309	11249	236	396	34800	1672
894000	33	265	1393	11171	222	406	35048	1924
895000	60	278	1412	11025	145	515	34278	1796
896000	42	308	1246	11195	165	554	34949	2009
897000	32	321	1346	10863	103	809	33674	2470
898000	51	305	1390	10594	194	877	34246	3376
899000	41	311	1326	10988	186	632	33734	2006
900000	52	341	1385	10872	268	510	34808	2405
901000	54	328	1519	10655	156	639	34009	2181
902000	42	259	1572	10623	139	750	34514	2137
903000	35	335	1388	11099	142	523	34033	1617
904000	32	317	1458	11049	76	462	34969	1413
905000	36	323	1430	11076	100	419	34775	1321
906000	41	296	1365	11392	39	385	35914	1247
907000	32	253	1377	11246	141	434	34775	1649
908000	48	262	1429	11129	100	395	35980	1565
909000	69	318	1564	11053	36	378	36181	1182
910000	80	308	1523	10994	121	292	34629	872
911000	32	351	1433	11190	85	334	35182	1355
912000	50	310	1348	11339	56	382	35521	1429
913000	42	300	1349	11413	59	278	35677	977
914000	25	329	1141	11873	99	154	34708	700
915000	41	290	1240	11638	56	238	35996	842
916000	56	334	1378	11340	26	269	35783	681
917000	25	290	1164	11809	31	293	37114	890
918000	51	270	1405	11404	55	309	35459	1091
919000	34	285	1501	11130	33	354	35409	1251
920000	31	329	1478	11457	26	92	37067	325
921000	38	269	1530	11393	0	110	35700	199
922000	54	300	1388	11655	13	65	37516	160
923000	60	278	1557	11392	1	61	36761	185
924000	26	282	1499	11398	48	138	36100	514
925000	43	331	1555	11079	63	235	35761	1073
926000	38	370	1285	11487	123	212	35635	828
927000	19	325	1084	11925	122	152	36779	774
928000	40	331	1008	11895	188	153	35679	781
929000	39	324	1177	11751	212	99	35218	979
930000	30	348	948	12014	270	68	36157	876
931000	22	344	1148	11768	184	110	35287	1002
932000	42	324	1190	11830	108	134	35922	575
933000	21	260	1143	11840	145	217	36946	908
934000	36	343	1148	11693	93	226	37310	1044
935000	34	306	1136	11736	111	260	36055	982
936000	31	331	1230	11552	81	322	35282	1112
937000	25	317	1126	11671	98	442	35476	1450
938000	26	286	1187	11578	92	390	36632	1421
939000	33	327	1111	11689	89	375	36290	1070
940000	27	352	1058	11981	33	240	33985	790
941000	43	291	1496	11247	12	305	34915	1230
942000	55	293	1869	10695	15	213	34634	835
943000	48	267	2009	10555	0	180	35155	284
944000	48	240	1743	11142	0	70	35606	219
945000	27	289	1706	11254	0	28	35743	110
946000	37	296	1596	11340	0	43	35506	130
947000	57	241	1937	10824	4	16	35931	65
948000	58	283	1802	11069	29	14	35316	254
949000	42	333	1594	11298	39	31	34134	242
950000	45	347	1541	11345	11	82	35121	288
951000	27	297	1512	11504	7	58	35718	115
952000	36	298	1229	11895	6	57	36565	218
953000	16	269	1183	12119	0	18	36766	11
954000	21	363	1124	12109	0	0	36158	1
955000	9	301	1067	12155	114	17	37599	436
956000	40	297	1629	11209	133	35	35542	422
957000	43	274	1923	10647	180	56	35163	628
958000	82	317	2005	10398	126	92	35358	563
959000	46	277	2127	10464	135	62	36052	529
960000	37	303	2020	10604	100	21	35194	480
961000	69	267	2228	10358	15	17	35496	100
962000	53	278	1601	11320	19	91	35802	299
963000	37	321	1500	11383	0	133	35467	284
964000	44	293	1650	11127	0	152	35984	387
965000	47	317	1745	11001	1	140	35571	448
966000	39	226	1970	10749	8	107	36080	367
967000	66	284	2089	10482	15	98	33765	240
968000	61	291	1768	11027	0	90	34656	289
969000	58	289	1563	11492	0	13	36246	62
970000	38	320	1281	11834	0	5	36925	82
971000	52	293	1479	11536	74	3	37921	233
972000	42	260	1339	11699	131	10	36369	303
973000	37	294	1315	11800	29	40	37492	213
974000	52	309	1139	11942	143	10	35389	220
975000	25	277	1039	12220	93	61	36612	613
976000	42	324	1363	11542	103	128	35521	595
977000	24	299	1462	11306	108	209	35965	824
978000	39	291	1536	11216	120	145	35178	649
979000	67	307	1799	10800	130	89	34124	616
980000	44	236	2169	10378	134	30	34510	357
981000	50	271	1863	10861	27	62	35846	196
982000	40	280	1649	11284	4	30	36113	113
983000	41	276	1805	11030	35	50	34833	130
984000	62	283	1605	11356	19	0	34547	27
985000	46	275	1893	10801	81	0	36643	178
986000	58	275	1891	10821	128	28	34591	432
987000	26	300	1793	11030	70	33	35498	365
988000	40	319	1595	11337	31	11	36207	170
989000	32	278	1722	11213	66	21	36078	386
990000	56	312	1823	10915	86	22	34865	254
991000	45	283	1735	11150	35	0	35704	247
992000	41	377	1760	11021	48	9	35825	91
993000	43	338	1608	11229	9	46	34166	81
994000	43	327	1573	11371	0	87	36856	148
995000	34	317	1747	11010	2	106	34654	310
996000	61	278	1351	11682	9	121	35678	468
997000	21	303	1319	11808	11	81	36284	365
998000	29	286	1362	11655	37	87	38280	259
999000	23	297	1456	11514	0	104	35906	215
