0	0	0	0	14400	0	0	0	0
1000	10	393	284	13243	79	75	22721	141
2000	14	448	357	13079	52	104	22234	147
3000	19	392	366	13059	20	174	23698	384
4000	13	457	414	12954	17	154	22791	199
5000	10	437	373	13036	16	156	24115	480
6000	15	419	375	13105	2	109	23050	148
7000	12	429	336	13203	0	54	23887	147
8000	7	409	323	13286	0	56	23270	123
9000	15	468	276	13252	16	70	23015	120
10000	12	488	361	13176	0	19	22949	17
11000	11	405	280	13346	9	7	23740	4
12000	9	417	304	13305	0	36	23187	52
13000	11	436	339	13253	1	17	23817	29
14000	16	428	396	13102	66	28	22725	244
15000	8	480	548	12882	36	19	22860	123
16000	15	449	370	13048	99	42	22885	162
17000	13	448	441	12874	110	106	23175	347
18000	10	458	364	12896	119	173	22146	481
19000	14	384	384	12935	109	183	22656	498
20000	9	424	360	12993	72	187	22364	420
21000	14	464	386	12966	63	122	22234	298
22000	19	450	296	13082	49	144	22422	280
23000	15	422	400	12976	44	146	22800	331
24000	13	414	440	13008	66	76	23649	358
25000	14	442	405	13064	11	89	22921	243
26000	9	432	360	13178	9	44	22821	103
27000	17	394	430	13073	20	64	22997	182
28000	10	434	374	13151	0	68	23667	170
29000	9	448	311	13236	6	91	22508	158
30000	10	420	375	13191	0	34	23339	84
31000	3	452	287	13275	0	51	23104	46
32000	12	491	265	13280	0	27	23415	45
33000	16	432	282	13323	0	7	23534	47
34000	6	418	337	13261	0	11	23041	18
35000	17	429	476	13043	0	21	22344	49
36000	15	480	446	13013	0	17	22678	33
37000	10	464	299	13261	4	34	23172	19
38000	14	452	346	13231	8	33	22538	44
39000	10	442	397	13144	0	22	21305	10
40000	8	404	332	13201	96	19	23553	171
41000	17	397	513	12910	42	78	22888	131
42000	9	438	412	13134	5	7	24009	26
43000	16	435	400	13157	18	15	23535	59
44000	12	438	306	13270	3	51	23296	136
45000	14	454	417	13094	2	0	23350	0
46000	14	452	337	13108	112	25	23787	220
47000	21	353	435	12939	65	115	23383	334
48000	18	450	461	12874	33	139	22097	381
49000	16	408	406	13010	36	161	22554	367
50000	9	430	286	13109	60	181	22512	234
51000	18	453	394	12875	70	185	23205	369
52000	17	436	333	12873	78	281	22384	491
53000	21	452	370	12804	109	275	22669	820
54000	23	430	424	12594	137	391	22728	905
55000	19	390	402	12746	111	327	22309	699
56000	15	447	390	12679	121	388	21889	667
57000	19	422	453	12581	109	406	22032	845
58000	17	451	412	12459	61	619	22390	1338
59000	13	427	338	12545	101	626	22558	1386
60000	19	478	414	12584	77	419	21647	670
61000	11	450	315	12628	40	614	21766	964
62000	11	440	324	12597	87	590	21686	916
63000	16	434	279	12366	60	930	21837	1764
64000	9	427	262	12299	88	1023	22016	1832
65000	13	379	384	12410	106	727	21359	1389
66000	15	450	367	12290	111	794	21139	1645
67000	10	488	393	12246	85	776	21198	1520
68000	19	478	395	12167	83	898	20714	1708
69000	16	395	407	12452	51	691	20828	1053
70000	13	418	408	12459	92	653	22434	1188
71000	12	467	316	12190	172	892	20675	1806
72000	17	397	414	12131	158	884	20733	2092
73000	18	392	501	11940	186	939	21532	1666
74000	10	433	317	12154	215	950	20466	2136
75000	10	473	348	12071	182	967	21212	2089
76000	14	432	377	11970	184	1058	20911	2137
77000	7	436	297	12126	140	1064	21126	2472
78000	17	456	401	11694	220	1213	20353	2055
79000	14	397	313	11855	140	1320	20674	3026
80000	8	485	328	11985	132	1116	20880	2305
81000	17	451	370	11916	186	1114	20497	2429
82000	10	447	325	11998	131	1168	20705	2151
83000	12	467	295	11835	163	1280	19468	2606
84000	13	436	381	11825	119	1285	20693	2575
85000	25	412	295	11620	210	1479	20463	2879
86000	25	437	386	11385	182	1585	19767	3193
87000	18	408	372	11382	246	1617	20619	3484
88000	30	450	278	11418	255	1649	20938	3105
89000	18	421	390	11411	324	1483	19461	3043
90000	33	411	380	11304	348	1544	19064	3490
91000	26	410	318	11342	234	1687	20114	3392
92000	26	442	324	11488	293	1445	20022	3024
93000	14	440	302	11386	330	1610	20100	3232
94000	25	425	270	11507	340	1486	20206	3161
95000	18	399	346	11403	321	1537	20174	2666
96000	22	413	334	11413	342	1519	20440	3051
97000	27	425	448	11403	291	1393	20147	2681
98000	18	485	549	11053	261	1548	20217	2719
99000	24	464	333	11121	256	1830	19033	3775
100000	16	417	364	11033	300	1885	19605	3785
101000	18	410	357	10852	350	2035	18573	4378
102000	21	389	387	10906	289	2025	18848	3957
103000	29	451	334	10761	321	2140	19372	4388
104000	15	445	304	11006	234	2034	18981	3577
105000	26	430	298	10892	233	2183	19282	4130
106000	21	468	230	10948	360	2069	18540	3954
107000	26	449	384	10996	343	1841	18554	4270
108000	22	432	361	11230	308	1684	20567	3141
109000	17	415	358	11414	321	1529	22161	2701
110000	21	418	385	11506	283	1396	19901	2739
111000	23	450	385	11557	296	1275	20708	2510
112000	8	414	417	11690	201	1282	21557	2491
113000	33	407	395	11675	238	1286	20274	2802
114000	20	407	412	11792	178	1197	21030	2366
115000	14	421	408	11751	221	1183	20936	2683
116000	18	438	304	11967	219	1091	20202	2280
117000	16	440	373	11770	195	1210	20612	1938
118000	16	460	417	11911	153	1058	20516	2008
119000	21	426	359	12052	149	1028	20398	2002
120000	14	375	339	11930	147	1184	21230	3018
121000	15	460	343	11772	153	1279	21007	2540
122000	7	458	285	11948	130	1273	21044	2338
123000	11	457	307	11787	141	1393	20227	2637
124000	14	491	280	11988	117	1216	20274	2181
125000	14	451	341	11961	178	1101	20896	2088
126000	20	418	318	12083	133	1077	20328	1870
127000	16	409	315	11936	236	1151	21449	2277
128000	23	416	388	11794	211	1180	20052	2277
129000	23	474	385	11856	234	1014	20531	1936
130000	24	428	424	11808	201	1110	20533	2043
131000	16	442	315	11899	286	1134	20871	2183
132000	15	437	305	11867	255	1214	21046	2501
133000	24	381	459	11695	227	1206	20517	2514
134000	17	449	466	11659	302	1111	20189	2074
135000	20	476	332	11818	313	1057	20867	2476
136000	21	409	360	11696	241	1278	19930	2484
137000	33	449	476	11692	200	1142	20699	2403
138000	13	454	416	11826	187	1126	20664	2174
139000	26	475	396	11755	324	1026	20056	2367
140000	16	404	390	11698	291	1189	19998	2307
141000	9	468	304	11858	220	1193	21114	2411
142000	7	410	333	11839	208	1247	20618	2647
143000	30	448	326	11834	192	1229	20717	2429
144000	25	406	365	11962	195	1065	20673	2433
145000	21	410	383	11933	125	1131	20443	2337
146000	6	481	348	11940	163	1129	20079	1769
147000	16	446	398	11610	165	1401	19542	2935
148000	11	429	297	11686	205	1446	20154	3027
149000	19	433	347	11804	172	1297	19684	2467
150000	17	453	318	11842	127	1297	20608	2187
151000	16	444	288	11911	169	1270	20988	2487
152000	28	447	445	11547	166	1334	20524	2788
153000	16	419	271	11924	142	1305	19058	2650
154000	26	469	345	11741	177	1292	20409	2528
155000	19	498	275	11891	208	1197	21060	2521
156000	17	403	342	11900	276	1116	20907	2173
157000	36	396	386	11773	301	1145	20558	2211
158000	22	438	345	11968	234	1014	21645	2301
159000	20	440	385	11946	186	1028	20502	2296
160000	22	390	435	11984	185	981	20075	1838
161000	25	416	482	11726	206	1112	21678	2101
162000	15	409	340	12014	193	1080	20662	2281
163000	12	403	369	12180	173	913	21237	1758
164000	26	417	371	12228	173	794	21363	1744
165000	12	442	362	12162	199	835	20728	1831
166000	16	457	378	12166	113	885	20825	1969
167000	18	427	375	12095	105	969	21546	1831
168000	14	404	384	11976	85	1160	19917	2285
169000	16	423	333	12076	134	1046	21267	2129
170000	14	460	379	12053	129	1032	20966	2150
171000	14	441	304	12036	107	1177	20248	2453
172000	14	465	294	11914	113	1276	20775	2133
173000	12	443	401	11844	113	1174	21733	2371
174000	26	496	382	12141	106	866	20204	1562
175000	17	435	345	12506	46	689	21502	1201
176000	8	447	316	12431	67	779	21551	1474
177000	13	437	359	12377	91	773	22046	1633
178000	20	473	409	12367	70	626	21859	1124
179000	15	451	343	12579	124	539	21209	1244
180000	9	397	330	12706	113	522	23111	1401
181000	11	451	425	12521	76	499	21346	887
182000	11	455	406	12617	76	451	21431	810
183000	9	474	343	12638	62	510	22963	975
184000	6	433	287	12735	40	567	21976	1243
185000	15	425	335	12675	81	541	22186	1420
186000	12	397	363	12713	45	485	22052	960
187000	6	417	374	12838	29	380	22898	787
188000	6	434	345	12867	16	360	23087	620
189000	10	438	323	12824	46	426	21960	763
190000	10	387	430	12596	71	516	21653	1018
191000	16	413	355	12604	78	583	22479	1138
192000	15	462	358	12410	78	681	21757	1374
193000	15	457	484	12330	61	590	21801	1087
194000	21	465	375	12532	92	524	23040	1044
195000	35	434	308	12590	103	587	22871	1017
196000	17	464	361	12560	113	528	22467	887
197000	16	417	368	12838	65	320	22066	657
198000	7	385	341	12848	44	380	23305	742
199000	14	427	287	12955	42	324	22914	681
200000	8	394	395	12783	54	393	23334	800
201000	12	476	345	12833	133	294	21013	735
202000	23	463	484	12505	107	429	21889	1030
203000	14	429	408	12567	215	362	21636	806
204000	11	453	407	12669	146	288	22325	834
205000	21	402	333	12795	122	372	22764	1031
206000	17	439	409	12621	120	405	21232	872
207000	15	465	379	12549	111	527	21280	1078
208000	12	441	333	12786	55	449	22476	803
209000	5	426	323	12772	99	428	22146	820
210000	18	406	359	12742	116	342	21520	695
211000	20	438	391	12713	65	410	22610	895
212000	12	418	291	12866	23	442	22596	629
213000	22	456	340	12848	59	318	21915	486
214000	10	446	323	12745	53	476	21316	1075
215000	9	440	351	12575	71	575	22042	1292
216000	6	427	352	12561	55	612	22200	1203
217000	28	421	383	12555	115	551	22377	1070
218000	9	428	348	12599	111	541	21582	1149
219000	28	388	376	12543	88	611	22117	1018
220000	17	486	359	12527	28	610	21639	1223
221000	26	399	380	12633	107	521	21303	1042
222000	14	464	291	12678	80	539	22797	1012
223000	10	432	326	12639	111	533	22303	920
224000	13	439	293	12603	93	620	21938	1409
225000	14	385	327	12629	113	588	22509	1139
226000	10	418	345	12451	103	776	22216	1743
227000	6	441	320	12371	139	742	22351	1332
228000	15	407	213	12626	63	802	22016	1824
229000	11	406	256	12657	43	692	21429	999
230000	9	452	298	12639	40	665	21466	1343
231000	20	438	311	12774	34	482	22089	1154
232000	15	427	308	12862	61	375	22997	666
233000	16	431	394	12789	52	325	22230	481
234000	8	440	319	12815	35	470	22244	769
235000	9	462	301	12758	50	474	21110	1014
236000	10	403	309	12808	100	416	22529	1205
237000	7	461	276	12816	79	412	22239	700
238000	16	430	323	12713	52	509	22854	968
239000	10	474	307	12593	64	610	21227	1096
240000	15	427	345	12525	65	654	21762	1269
241000	9	446	307	12637	86	552	21822	969
242000	17	423	320	12700	58	525	21145	1125
243000	15	435	321	12641	102	552	21536	1235
244000	17	420	392	12524	87	597	20785	1166
245000	5	480	272	12489	69	786	22192	1526
246000	10	456	327	12243	73	948	21860	1572
247000	21	435	395	12080	109	969	21051	1981
248000	17	430	308	12190	99	1007	21296	1932
249000	17	462	382	12148	96	935	20789	1597
250000	22	408	493	12164	93	782	21265	1538
251000	14	411	368	12335	114	786	21073	1694
252000	13	505	315	12338	56	828	21173	1453
253000	15	452	257	12399	104	872	21325	1682
254000	19	466	242	12375	66	942	20782	1688
255000	14	415	396	12123	77	989	21369	1978
256000	15	419	313	11996	86	1226	21095	2212
257000	12	399	358	12240	92	916	22487	1829
258000	10	446	372	12254	74	862	21454	1691
259000	19	449	376	12196	106	889	21267	1944
260000	15	440	332	12086	155	1020	21153	2082
261000	9	448	307	11986	134	1177	21255	2219
262000	9	456	393	11795	200	1186	21002	2374
263000	14	409	344	11716	275	1267	20961	2407
264000	15	375	428	11587	292	1316	20201	2533
265000	21	416	317	11760	253	1286	19698	2877
266000	17	460	350	11741	291	1163	19632	2333
267000	21	464	412	11806	240	1070	21350	2454
268000	13	448	395	11679	272	1221	20933	2701
269000	10	390	395	11690	273	1233	21466	2473
270000	21	392	412	11712	277	1208	20094	2360
271000	24	481	408	11735	200	1144	20385	2442
272000	21	412	468	12002	210	866	21577	1877
273000	13	397	352	12030	194	1068	20997	2077
274000	13	440	306	11989	144	1191	21671	2031
275000	29	403	376	12039	201	975	22069	2193
276000	9	439	451	11985	183	928	21543	1867
277000	15	405	487	11833	153	1047	20302	2266
278000	11	465	410	12030	151	955	21013	1916
279000	19	427	353	12204	166	895	21183	1923
280000	15	434	352	12108	96	1031	20698	1905
281000	16	486	288	12082	64	1135	20009	1978
282000	18	452	371	11886	71	1250	20335	2305
283000	18	401	428	11798	102	1273	20364	2163
284000	19	400	357	11928	94	1205	21629	2149
285000	13	427	357	11942	132	1191	20841	2277
286000	15	472	249	11992	113	1255	20513	2179
287000	19	404	281	11739	177	1459	19843	2903
288000	30	492	273	11957	137	1193	21308	2330
289000	19	394	326	11689	262	1352	20474	2717
290000	20	458	356	11564	173	1464	20991	2872
291000	26	411	349	11647	196	1410	20751	2926
292000	17	415	412	11424	170	1554	20883	3069
293000	11	461	292	11449	145	1714	19477	2822
294000	14	469	305	11365	193	1734	20376	2936
295000	15	426	414	11112	283	1771	20986	3507
296000	29	444	318	11205	393	1690	18894	3508
297000	18	423	350	10940	447	1879	18308	4040
298000	49	458	460	10523	429	2074	18580	3923
299000	30	397	361	10637	560	2031	19154	4117
300000	22	434	335	10204	553	2498	18119	5493
301000	40	407	413	10235	520	2399	17547	5273
302000	25	429	333	10633	415	2193	17890	4871
303000	24	403	375	10482	341	2383	18699	4887
304000	20	443	303	10767	264	2265	18698	4156
305000	15	382	355	10757	378	2163	18722	4339
306000	23	399	304	10622	406	2298	19240	4491
307000	26	399	354	10403	451	2394	18106	5035
308000	22	411	360	10360	526	2348	18255	4422
309000	31	387	298	10431	607	2305	18033	4958
310000	35	405	380	10252	679	2265	18772	5107
311000	33	406	411	10229	640	2247	18941	4866
312000	26	394	430	10349	424	2338	19240	4636
313000	13	393	315	10485	456	2385	17928	5123
314000	16	445	275	10532	395	2420	18710	4591
315000	24	432	446	10344	480	2249	17666	4688
316000	24	396	305	10635	494	2190	18409	4856
317000	32	427	291	10864	466	1932	19145	4438
318000	29	405	431	10548	550	2046	17936	3973
319000	42	383	396	10334	513	2346	18906	5206
320000	32	407	422	10061	534	2498	18305	5073
321000	24	395	475	9841	583	2623	17192	4767
322000	17	415	452	9909	575	2578	17507	5576
323000	20	405	380	9938	653	2619	17816	5372
324000	25	387	334	10228	574	2484	18280	5327
325000	22	379	474	10214	443	2472	18242	4847
326000	22	436	337	10317	463	2474	17713	5305
327000	19	444	330	10275	593	2373	17433	5400
328000	35	457	380	10147	597	2398	18253	5504
329000	39	465	489	9851	659	2471	16764	5423
330000	31	382	448	10243	689	2217	18020	5134
331000	33	419	379	10492	504	2223	19703	5057
332000	22	401	386	10695	481	2045	19037	3834
333000	23	466	385	10646	415	2101	19527	4379
334000	13	363	386	10535	426	2284	18034	4202
335000	14	486	278	10638	376	2287	18489	4457
336000	11	461	294	10569	327	2406	18589	4553
337000	22	395	296	10691	419	2230	18870	4303
338000	21	415	267	10709	409	2276	18434	4567
339000	11	411	273	10450	445	2475	17318	4904
340000	25	407	271	10295	497	2548	18105	5201
341000	34	482	393	9979	538	2600	18144	5715
342000	43	424	428	10206	561	2337	17488	5273
343000	27	414	516	10027	611	2366	17041	4882
344000	31	387	462	10107	500	2458	17807	5269
345000	20	447	350	10495	491	2231	17477	5061
346000	24	453	354	10293	487	2420	17858	5158
347000	34	415	330	10302	535	2429	18734	4764
348000	20	446	318	10611	317	2344	18342	4935
349000	22	431	327	10516	506	2258	18400	4688
350000	21	452	396	10513	522	2103	19744	4132
351000	32	413	449	10703	535	1868	19156	4651
352000	24	395	399	10733	326	2096	19007	4554
353000	33	453	451	10516	350	2181	19239	4239
354000	42	452	368	10847	475	1849	18079	3672
355000	26	396	344	10912	450	1906	18384	4019
356000	21	476	322	11017	282	1920	18255	3746
357000	8	444	331	11284	277	1715	20113	3241
358000	20	446	396	11507	258	1384	20556	2387
359000	34	426	393	11390	283	1494	19345	2915
360000	21	441	312	11342	306	1665	19748	3330
361000	24	402	334	11760	316	1195	20893	2368
362000	31	437	375	11584	376	1195	20456	2736
363000	20	399	438	11442	420	1277	20035	2336
364000	16	448	362	11367	322	1492	21016	3291
365000	21	420	360	11186	353	1655	19850	3277
366000	30	455	372	11174	277	1696	19143	3119
367000	14	393	387	11442	205	1575	20011	2854
368000	23	450	283	11447	260	1625	19041	3091
369000	27	420	392	11496	183	1500	19549	2937
370000	18	443	365	11677	269	1253	20011	2344
371000	22	387	381	11701	270	1228	20420	2439
372000	15	455	395	11701	344	1112	20249	2570
373000	22	433	404	11270	314	1557	19882	3471
374000	25	448	396	11241	297	1594	19177	3012
375000	23	419	369	11478	292	1442	20263	3009
376000	32	406	403	11335	306	1508	20200	3001
377000	16	425	364	11089	270	1884	20518	3481
378000	29	385	449	10626	317	2192	18683	4450
379000	16	423	275	10637	289	2414	19232	4146
380000	21	400	427	10611	355	2225	18366	4643
381000	15	464	385	10574	374	2233	18195	3656
382000	17	421	359	10859	360	1979	18429	4166
383000	33	410	369	10942	357	1944	19640	3692
384000	27	496	463	10802	374	1779	18737	3523
385000	28	408	343	11102	474	1655	20033	3903
386000	31	426	358	11054	462	1691	19751	3959
387000	24	454	384	10786	537	1895	18468	3739
388000	26	379	374	11118	413	1703	20032	3677
389000	29	491	353	11152	368	1640	18558	3559
390000	18	439	404	11107	382	1654	19712	3514
391000	23	440	388	11078	279	1798	19636	3221
392000	8	461	325	11369	200	1698	19399	3257
393000	13	405	333	11216	217	1872	20288	3524
394000	30	477	401	10951	297	1833	19057	3465
395000	22	416	347	11422	168	1606	19324	2953
396000	26	415	378	11489	366	1320	19434	3100
397000	22	431	440	11004	475	1613	19304	3704
398000	29	382	343	11161	438	1704	19457	3848
399000	20	399	381	11281	348	1574	20794	2932
400000	13	426	401	11431	271	1474	20244	2674
401000	18	442	493	11310	137	1566	19834	2913
402000	12	418	329	11363	181	1750	19764	2955
403000	12	398	315	11292	299	1735	20132	3381
404000	25	439	363	11157	385	1684	18790	3037
405000	26	408	394	11021	446	1712	18796	3404
406000	24	412	381	11151	325	1730	20270	3531
407000	15	396	360	11245	220	1806	20862	3344
408000	7	506	345	11181	258	1760	19765	3323
409000	23	407	404	11076	268	1805	19875	3423
410000	18	521	377	10993	259	1861	19357	3555
411000	26	437	401	11047	253	1856	19780	3738
412000	24	427	327	11049	287	1911	20102	3541
413000	22	438	327	11353	272	1605	19937	2887
414000	19	406	303	11372	315	1679	20224	3311
415000	29	458	412	11083	376	1637	19076	3183
416000	24	441	348	11229	420	1580	20372	3441
417000	34	456	442	11093	406	1552	19663	3426
418000	25	470	363	11365	323	1463	19459	3133
419000	16	399	365	11406	243	1617	19530	3345
420000	26	423	412	11145	221	1789	20261	3364
421000	22	432	430	11074	189	1867	19524	3765
422000	21	411	408	11211	265	1653	19932	3052
423000	20	454	431	11309	372	1413	20299	3040
424000	24	454	335	11523	335	1379	20063	2720
425000	14	449	372	11659	245	1293	19619	2851
426000	18	444	361	11617	253	1285	20275	2519
427000	14	438	409	11889	208	1083	20623	2275
428000	21	438	335	12203	190	859	21244	1665
429000	13	462	339	12472	122	619	20931	1188
430000	20	428	406	12432	108	634	22798	1339
431000	21	476	345	12340	180	720	21881	1640
432000	15	407	438	12222	191	741	20795	1787
433000	21	437	360	12066	234	926	20246	2171
434000	15	428	338	12094	217	975	21190	1991
435000	24	436	362	12209	93	879	21340	1657
436000	21	446	237	12491	84	755	21904	1346
437000	15	408	272	12669	73	659	21833	1189
438000	11	410	343	12505	83	698	21953	1427
439000	3	438	310	12476	66	775	21835	1617
440000	6	412	306	12545	57	771	20725	1324
441000	22	396	459	12173	81	840	21149	1393
442000	16	412	359	12343	84	837	20978	1307
443000	16	479	241	12389	77	885	21821	1728
444000	19	459	335	12274	114	852	21766	1499
445000	14	491	369	12526	60	605	21550	1159
446000	12	426	343	12575	74	626	21895	1085
447000	18	421	369	12464	40	697	22759	1291
448000	12	449	293	12448	42	810	22851	1595
449000	4	465	318	12448	44	791	22203	1650
450000	14	406	330	12345	92	862	21566	1623
451000	14	447	345	12463	89	702	22459	1336
452000	16	451	426	12257	142	711	21939	1303
453000	20	388	362	12473	106	679	22084	1482
454000	9	413	273	12632	125	630	22486	1654
455000	22	424	411	12424	63	649	21504	1195
456000	23	445	493	12447	79	461	22280	665
457000	13	373	414	12418	96	703	22227	1540
458000	13	433	384	12672	57	456	22427	902
459000	8	452	420	12758	59	312	21909	733
460000	16	473	336	12880	41	301	22097	434
461000	12	392	349	13010	27	242	22569	379
462000	17	446	352	12879	62	250	22682	575
463000	11	468	526	12675	26	244	23583	484
464000	23	403	447	12910	14	171	22728	296
465000	10	435	404	13070	14	112	23067	327
466000	18	445	396	13113	0	61	22489	118
467000	17	460	319	13124	8	105	23077	125
468000	22	380	430	13027	17	99	23869	283
469000	15	474	451	12909	19	127	22348	266
470000	17	457	379	12995	40	129	22679	138
471000	10	423	345	13185	24	79	23393	220
472000	7	425	424	13045	25	66	23439	166
473000	5	438	315	13265	11	51	23779	52
474000	21	403	412	13141	10	33	22724	76
475000	19	461	322	13146	2	32	23540	40
476000	11	434	485	12997	0	18	22454	47
477000	14	410	480	12913	111	15	22184	285
478000	11	422	374	13143	58	44	21378	183
479000	21	447	386	13053	37	52	22730	95
480000	10	414	378	13080	35	118	23386	183
481000	13	466	288	13167	5	130	22780	161
482000	9	481	277	13189	0	142	21350	285
483000	16	431	366	13043	1	155	21913	254
484000	11	416	370	13035	4	180	22523	273
485000	12	394	320	13254	1	126	24015	182
486000	13	450	327	13128	5	113	22147	180
487000	21	419	462	12989	5	107	22522	61
488000	17	442	491	12878	22	110	22234	326
489000	16	423	369	13150	14	78	22541	195
490000	11	396	437	13064	8	72	22412	220
491000	18	465	359	13108	44	74	22224	238
492000	16	417	310	13153	55	119	22581	234
493000	7	467	365	13097	8	82	22571	229
494000	8	448	290	13210	0	119	22889	272
495000	11	456	300	13159	19	93	23321	254
496000	4	458	316	13148	5	99	23907	210
497000	10	424	358	13168	2	74	23075	160
498000	8	455	362	13117	4	79	22948	190
499000	25	496	400	12991	7	131	22738	237
500000	12	410	434	13001	3	147	23836	176
501000	16	470	360	13007	15	156	22511	221
502000	11	427	296	13268	1	78	22725	67
503000	16	423	335	13116	5	121	23720	140
504000	8	463	328	13111	18	150	22536	148
505000	9	408	485	12864	56	120	23673	146
506000	16	469	329	13052	46	148	23285	233
507000	9	424	430	12968	43	138	24021	409
508000	17	487	380	12965	61	105	23418	253
509000	15	455	495	12917	23	83	22767	181
510000	12	454	426	12975	40	93	22899	138
511000	13	460	436	12949	32	103	21893	119
512000	16	444	326	13218	29	53	22569	123
513000	11	463	320	13142	53	26	22698	178
514000	7	451	430	13045	28	21	22854	60
515000	16	402	400	13130	16	60	22556	146
516000	16	433	393	13138	24	31	23455	93
517000	11	456	347	13144	21	53	22513	131
518000	12	463	365	13134	26	21	23087	85
519000	12	441	299	13283	14	33	23083	70
520000	14	464	356	13176	7	25	23190	73
521000	24	482	372	13137	6	28	21953	82
522000	7	473	357	13199	0	9	22989	18
523000	5	406	392	13195	0	18	22578	44
524000	12	384	352	13263	0	17	22783	49
525000	20	396	388	13099	89	7	22522	59
526000	16	460	408	13059	34	59	22329	133
527000	15	491	368	13035	38	106	22031	274
528000	5	436	375	13044	57	102	22706	279
529000	15	425	377	13119	25	59	23707	137
530000	13	433	381	13119	32	40	23398	180
531000	15	403	351	13176	48	62	23240	150
532000	12	460	443	12986	48	48	22714	198
533000	12	428	333	13199	59	59	22732	201
534000	9	428	319	13201	24	73	22596	194
535000	6	451	350	13038	29	178	22021	392
536000	20	439	337	13043	20	158	23021	231
537000	10	421	314	13108	18	174	21873	341
538000	19	461	369	13037	18	143	23637	379
539000	11	412	354	13007	30	183	22413	304
540000	14	408	456	12935	33	134	22757	332
541000	5	461	328	13178	7	104	22599	182
542000	16	423	363	13106	2	107	22866	119
543000	16	413	330	13170	4	144	24522	182
544000	11	467	333	13174	0	77	22996	137
545000	6	484	314	13108	0	142	22463	170
546000	9	443	302	13147	4	141	22128	240
547000	6	433	362	13150	0	90	22522	133
548000	4	385	408	13173	0	54	23034	76
549000	8	442	363	13214	1	22	22666	48
550000	9	426	463	13019	0	45	22270	40
551000	13	465	328	13198	4	68	22876	118
552000	13	458	301	13216	0	98	23188	164
553000	15	444	293	13140	14	163	22846	139
554000	10	446	351	13099	30	94	22435	194
555000	18	414	401	13040	19	91	23121	230
556000	8	448	350	13144	24	89	23280	170
557000	12	480	349	13087	31	100	22684	184
558000	16	440	474	12865	18	130	23127	197
559000	19	444	418	13071	0	55	22851	35
560000	19	435	330	13229	0	26	22659	76
561000	8	496	296	13245	2	11	23242	30
562000	14	428	372	13220	1	33	22900	56
563000	19	436	396	13169	2	12	22894	2
564000	19	467	350	13164	0	28	22513	22
565000	7	473	296	13235	0	19	22597	66
566000	11	469	394	13032	99	0	23195	106
567000	21	422	318	13225	61	17	23938	98
568000	8	370	352	13294	6	19	23546	110
569000	11	415	281	13306	0	52	23958	166
570000	16	487	429	12974	16	67	22765	81
571000	24	450	284	13182	14	98	22605	137
572000	8	457	297	13227	7	72	23907	116
573000	7	425	391	13130	1	85	23233	105
574000	10	433	299	13238	6	104	23028	250
575000	9	396	277	13309	0	71	23365	100
576000	10	444	309	13204	15	86	24635	155
577000	6	463	283	13147	46	103	22618	272
578000	13	442	252	13271	28	88	22914	263
579000	18	433	287	13270	6	51	23136	26
580000	17	440	343	13111	26	103	22960	214
581000	14	450	440	12968	13	97	21930	213
582000	12	451	448	12930	47	113	22397	319
583000	15	468	385	12943	51	175	22468	441
584000	16	421	320	12954	47	284	22876	635
585000	10	459	323	12947	52	251	21617	450
586000	17	525	332	12691	89	354	23086	551
587000	18	400	354	12821	92	338	21525	940
588000	14	465	378	12811	75	291	23090	768
589000	11	444	398	12813	77	291	21913	503
590000	24	432	397	12752	77	347	22301	794
591000	12	423	436	12720	69	327	22605	645
592000	16	450	376	12674	66	465	21988	793
593000	5	478	362	12550	41	604	21627	1116
594000	17	418	382	12538	99	578	22570	1079
595000	9	425	375	12567	102	551	22452	1214
596000	19	394	332	12598	134	550	23470	1114
597000	28	430	444	12596	121	350	22129	733
598000	24	440	430	12431	115	572	21641	1141
599000	14	444	381	12447	143	614	21553	1065
600000	21	466	278	12477	161	674	21133	1322
601000	10	420	324	12398	116	785	21299	1494
602000	9	456	316	12471	73	716	22426	1383
603000	8	429	295	12668	54	619	20781	1236
604000	15	491	314	12604	25	568	22758	1226
605000	17	465	332	12552	7	704	23182	1253
606000	13	457	308	12456	58	760	21257	1342
607000	10	380	293	12614	36	726	22555	1356
608000	18	464	360	12410	59	725	21260	1203
609000	17	449	344	12688	59	523	21020	783
610000	21	451	375	12660	53	449	21771	978
611000	14	452	450	12468	83	526	22269	1128
612000	14	371	420	12581	94	494	22015	1143
613000	14	436	413	12517	75	526	22239	1096
614000	17	460	488	12250	94	641	21317	979
615000	15	471	368	12533	110	587	20887	1086
616000	27	475	413	12322	157	614	22225	1393
617000	27	426	372	12440	113	627	21750	1479
618000	11	453	418	12241	133	730	20562	1461
619000	12	419	421	12123	185	809	21352	1898
620000	22	438	326	12308	199	749	21308	1717
621000	12	446	379	12118	232	830	21353	1627
622000	20	435	385	12194	149	826	21572	1966
623000	13	381	330	12146	129	1038	22142	1662
624000	20	422	362	11974	111	1125	20835	2006
625000	21	477	308	12147	120	1003	21879	1543
626000	12	451	268	12210	143	996	20557	1711
627000	16	457	338	11879	195	1160	20590	2029
628000	15	470	406	11419	200	1492	19020	3023
629000	31	458	462	11351	282	1402	19169	2646
630000	18	446	347	11248	359	1609	19872	3464
631000	26	416	434	11504	315	1313	19392	3084
632000	25	365	399	11709	242	1275	20683	2643
633000	19	467	378	11777	170	1224	20889	2291
634000	19	409	409	11367	272	1532	20881	2904
635000	13	449	483	11068	357	1559	19787	3355
636000	32	396	431	11058	408	1671	18769	3810
637000	20	445	365	11134	444	1613	18807	3899
638000	16	423	279	11260	432	1651	18891	3408
639000	27	417	323	11044	399	1814	18766	3436
640000	14	418	354	11103	366	1795	19327	4003
641000	16	440	435	11126	365	1599	20278	3730
642000	25	427	405	10908	423	1851	19718	3510
643000	19	423	472	10748	455	1837	19732	4084
644000	20	449	340	10873	446	1911	18450	3927
645000	22	438	374	10668	415	2099	18772	4278
646000	30	392	296	10522	417	2403	18781	5149
647000	17	419	280	10660	294	2422	18808	4776
648000	24	377	348	10379	317	2586	18484	5285
649000	24	390	331	10703	388	2229	18843	4727
650000	16	470	396	10739	269	2110	18382	3977
651000	17	395	354	10842	239	2196	19566	4274
652000	27	406	318	10816	271	2194	19575	4018
653000	25	434	349	10909	281	2005	18491	3520
654000	19	373	405	11046	338	1837	19996	4337
655000	11	432	351	11183	364	1715	19523	3480
656000	20	451	350	11306	293	1596	19757	3344
657000	20	387	355	11429	271	1591	20536	2842
658000	28	425	305	11496	270	1526	19280	2831
659000	17	506	373	11479	270	1397	19911	2784
660000	14	447	452	11573	179	1307	20017	2445
661000	26	458	422	11680	182	1228	19331	2638
662000	20	444	407	11606	138	1383	21416	2742
663000	33	402	393	11497	217	1461	19764	2633
664000	15	358	395	11609	143	1481	21760	2254
665000	24	440	368	11645	173	1377	20029	2632
666000	22	427	356	11697	348	1190	20590	2662
667000	11	439	266	11908	216	1224	21928	2453
668000	16	461	278	11858	199	1287	20395	2280
669000	14	411	268	11878	187	1336	20950	2530
670000	20	432	441	11713	189	1201	20572	2228
671000	23	429	338	11781	178	1267	20061	2352
672000	13	418	362	11700	179	1317	20849	2922
673000	26	451	309	11824	165	1266	20083	2375
674000	12	381	382	11745	224	1255	20241	2921
675000	21	430	319	11891	233	1167	20706	2227
676000	23	419	336	11793	281	1162	21375	2437
677000	20	422	371	11878	231	1111	21543	2240
678000	25	431	451	11770	190	1125	20963	2393
679000	19	398	370	12116	207	917	21283	2009
680000	19	456	441	11786	283	1017	20879	2053
681000	31	452	314	11775	291	1220	19954	2431
682000	17	434	365	11613	280	1366	20193	3071
683000	19	427	331	11748	306	1221	20640	2299
684000	27	420	306	11726	347	1207	20938	2380
685000	21	447	380	11874	172	1123	20332	2269
686000	15	442	384	11798	294	1092	21843	3015
687000	15	414	405	11734	215	1215	20858	2207
688000	19	426	435	11487	231	1354	20953	2752
689000	23	419	253	11636	230	1507	20508	3118
690000	15	438	430	11232	350	1493	20994	3602
691000	22	461	371	11249	385	1542	20044	3383
692000	23	429	386	11203	398	1592	19451	3124
693000	23	458	282	11409	468	1468	20217	2968
694000	24	401	283	11289	451	1606	19877	3501
695000	23	396	373	11070	376	1788	20325	3651
696000	18	419	362	10837	368	2013	19187	4047
697000	24	470	403	10914	336	1863	19185	3817
698000	23	476	304	10980	358	1896	18434	4062
699000	36	415	439	10674	410	2029	20141	4066
700000	25	357	425	10708	516	1983	17440	4329
701000	15	419	379	10387	400	2410	17458	4376
702000	16	466	361	10680	342	2192	17242	4441
703000	23	475	350	10515	307	2389	18874	4348
704000	22	410	337	10856	317	2059	18981	3750
705000	19	403	321	10954	280	2086	18939	4057
706000	37	399	386	10912	276	2041	19488	3613
707000	21	449	274	10945	280	2129	17921	4622
708000	20	453	347	11011	297	1932	19193	3979
709000	22	406	392	10924	320	1945	19423	3898
710000	24	453	272	11183	278	1899	18951	3993
711000	26	437	390	11014	209	1944	18532	3183
712000	16	458	364	10704	318	2197	19250	4262
713000	35	439	316	10501	355	2398	17220	4517
714000	20	460	384	10132	371	2630	17355	4913
715000	31	384	317	10077	461	2774	18325	5551
716000	31	440	403	10047	531	2570	18228	5237
717000	33	399	379	10226	607	2389	18191	5271
718000	32	421	398	10033	807	2298	17686	6196
719000	38	411	344	10072	664	2509	17597	5169
720000	33	462	423	9805	727	2513	17981	5254
721000	27	438	355	10016	764	2438	17771	5375
722000	33	364	402	9788	743	2669	16761	5567
723000	32	428	382	9775	784	2623	16507	5714
724000	27	433	435	9778	601	2723	18004	5877
725000	27	423	387	9889	508	2777	17701	5119
726000	31	388	310	10107	560	2677	18110	5379
727000	28	405	352	9873	627	2755	17438	6135
728000	26	427	470	9591	541	2942	16780	5831
729000	25	428	355	10072	467	2674	17795	5581
730000	17	399	319	10181	508	2638	17902	4911
731000	15	455	331	10114	575	2565	17474	5078
732000	29	498	271	10424	482	2362	18204	5221
733000	38	415	276	10301	634	2418	18049	5116
734000	37	401	314	10425	510	2360	19079	4341
735000	29	388	269	10662	514	2195	18672	4538
736000	32	421	322	10306	546	2427	17634	4809
737000	37	441	322	9962	606	2675	17010	5850
738000	34	373	432	9943	770	2435	17234	5301
739000	50	429	405	9571	825	2703	16218	5780
740000	23	451	392	9451	911	2804	16386	5900
741000	49	381	329	9370	769	3128	17175	5980
742000	32	471	404	9253	740	3082	15342	6595
743000	23	401	358	9400	682	3132	16526	6968
744000	20	469	289	9542	654	3085	15908	6348
745000	23	460	265	9694	573	3087	17090	5908
746000	24	410	295	9938	510	2905	17070	5715
747000	30	402	328	9405	463	3393	17215	6208
748000	20	492	297	9068	528	3663	16733	7695
749000	25	449	284	9064	612	3633	15962	7510
750000	35	486	283	8927	634	3666	16126	7364
751000	22	371	333	9160	634	3534	16498	6935
752000	25	407	336	9268	504	3498	16339	6838
753000	27	422	384	9106	624	3481	16926	6770
754000	30	402	326	9164	679	3457	15980	6368
755000	20	449	333	8895	625	3723	15183	6762
756000	14	477	290	8695	747	3845	15120	8070
757000	29	376	203	8721	626	4138	14785	8217
758000	29	439	411	8418	638	4096	14101	7976
759000	20	404	279	8648	552	4167	15360	7959
760000	30	427	229	8306	545	4546	14365	8215
761000	22	424	275	8195	606	4579	14382	8877
762000	34	399	333	7710	721	4878	13136	9256
763000	36	401	307	7951	826	4567	13842	9395
764000	25	384	269	7982	981	4436	14472	9069
765000	44	372	351	8272	973	4005	14755	8847
766000	50	379	371	8039	1000	4183	15092	8668
767000	46	406	382	8003	1200	3945	14530	8904
768000	35	441	377	7890	1122	4181	13617	8432
769000	37	426	401	7451	1042	4645	13775	9707
770000	65	424	272	7149	1164	4987	11974	10183
771000	43	385	387	7159	1058	4984	13016	10289
772000	42	374	402	6975	1214	4987	13546	10376
773000	48	430	316	6917	1175	5133	12045	10292
774000	48	439	373	6991	1373	4807	11853	10736
775000	53	408	518	7179	1308	4471	12616	9478
776000	31	369	443	7284	1215	4641	13275	10574
777000	43	446	310	7136	1226	4897	13347	10329
778000	42	398	298	7427	1145	4757	12749	9937
779000	32	388	359	7609	1046	4614	13817	10282
780000	44	354	307	7671	862	4785	13949	10031
781000	45	378	378	7430	1085	4690	12506	10035
782000	49	419	361	7077	1382	4723	13342	10269
783000	63	364	411	6765	1282	5086	12532	10828
784000	46	418	300	6636	1285	5349	11137	10750
785000	44	376	348	6841	1281	5138	13165	11174
786000	52	423	386	6742	1406	5025	12460	10507
787000	53	467	346	6482	1560	5139	11643	10777
788000	66	402	398	6571	1388	5165	11671	10826
789000	73	371	385	6495	1404	5254	11327	11775
790000	62	426	341	6061	1604	5522	10501	11805
791000	65	378	306	6099	1585	5591	10930	12420
792000	124	348	357	5560	1898	5750	10554	12549
793000	62	360	374	5258	1885	6101	8594	14146
794000	70	375	360	5230	1962	6014	9833	13244
795000	66	390	321	5505	1867	5893	9867	11845
796000	62	384	287	5857	1682	5796	10557	12831
797000	68	378	333	6184	1549	5507	10957	11692
798000	58	422	288	5997	1507	5751	10203	12474
799000	69	369	371	5828	1654	5681	10194	12647
800000	71	350	347	5785	1862	5576	10170	12809
801000	53	401	381	5889	1761	5580	10190	12453
802000	63	395	434	5796	1732	5542	10394	12069
803000	69	365	305	5319	1832	6144	9252	12730
804000	54	430	282	5437	1848	6013	9759	13153
805000	59	349	351	5307	1918	6050	9472	13871
806000	41	398	310	5762	1797	5750	10914	12811
807000	60	392	367	6340	1608	5280	10950	12167
808000	48	391	420	6367	1660	5048	11999	11745
809000	49	389	330	6235	1710	5297	10498	11644
810000	68	369	363	5937	1751	5499	10838	12391
811000	56	340	338	5488	1832	5977	10199	12984
812000	71	359	353	5011	2067	6132	9332	13327
813000	62	359	247	4864	2177	6354	8702	14589
814000	86	357	270	4804	2143	6404	8359	14294
815000	76	393	358	4626	2044	6524	8141	14685
816000	95	395	314	4398	2270	6562	7582	15216
817000	107	398	318	4081	2389	6744	8008	15484
818000	96	370	287	4222	2295	6753	7381	15927
819000	68	387	322	4193	2510	6507	7643	15867
820000	117	324	324	4330	2684	6212	8509	16619
821000	87	345	378	4285	2432	6480	8461	15325
822000	91	343	400	3813	2681	6661	6682	17283
823000	93	397	295	3765	2769	6703	6242	16756
824000	63	359	340	4143	2523	6578	7314	15325
825000	89	330	344	3803	2313	7142	7061	16630
826000	83	380	412	3962	2355	6822	7333	15943
827000	84	358	331	3945	2602	6728	7443	15953
828000	77	378	429	4629	2368	6069	8498	15235
829000	85	404	363	5150	2287	5711	10047	14001
830000	103	342	384	5267	2250	5639	9220	14090
831000	75	331	398	5176	2310	5695	9310	13581
832000	85	357	429	5314	2357	5422	10289	12274
833000	76	345	367	5126	2360	5708	8326	13816
834000	82	335	460	5320	2116	5609	9538	13896
835000	64	340	401	5415	2032	5743	9254	13341
836000	89	359	415	5192	2269	5640	9367	12891
837000	93	386	316	4928	2430	5829	9584	13929
838000	73	307	380	4658	2298	6279	9004	13402
839000	85	367	275	4196	2365	6743	7450	14746
840000	92	335	259	4212	2640	6492	7491	15924
841000	76	334	274	4546	2616	6222	8404	14918
842000	89	363	230	4454	2669	6273	7565	15069
843000	95	368	304	4170	2676	6419	6473	15802
844000	106	339	350	4248	2905	6029	8068	15163
845000	98	365	345	4133	2916	6123	7510	14625
846000	86	326	312	3867	2912	6535	7311	16778
847000	85	355	257	4208	2713	6406	7051	16363
848000	79	368	293	4161	2499	6630	7851	16198
849000	72	346	348	3975	2624	6635	7555	15246
850000	84	364	293	3663	2535	7085	6721	16043
851000	88	412	329	3659	2726	6783	6123	15611
852000	109	368	316	3684	2605	6961	6833	16669
853000	104	379	305	3814	2783	6655	6529	16099
854000	72	325	364	3661	2865	6763	6661	15929
855000	80	363	236	3652	2668	7076	6349	15295
856000	91	413	280	3665	2780	6788	7188	15876
857000	84	343	286	3733	2885	6687	7127	16071
858000	73	316	373	3783	2843	6595	7303	16757
859000	96	329	290	3722	3044	6542	6753	16347
860000	92	332	286	3922	2939	6442	7561	15939
861000	115	344	285	3886	2976	6435	7120	15798
862000	71	379	323	3848	2995	6432	7031	16472
863000	78	340	426	3826	2826	6466	6864	16284
864000	111	348	373	3836	3131	6211	6851	15834
865000	120	296	307	3712	3261	6305	6310	16412
866000	104	357	297	3691	3406	6142	6711	15730
867000	87	351	339	3725	3279	6242	6864	16020
868000	105	284	297	3736	3147	6466	6799	16596
869000	79	336	357	3573	3057	6591	7237	17568
870000	75	297	257	3723	3122	6643	7454	15797
871000	114	309	326	3618	3222	6428	6900	15881
872000	96	318	293	3650	3288	6414	7315	17700
873000	114	351	329	3722	3235	6245	7302	16651
874000	118	339	383	3569	3316	6229	6757	16013
875000	121	296	333	3712	3451	6090	6798	16080
876000	114	305	418	3707	3621	5793	7169	16410
877000	125	331	506	3747	2982	6195	7554	16184
878000	112	337	323	3833	3110	6288	6416	15890
879000	94	342	342	3934	3206	6077	8004	15462
880000	147	352	361	3748	3326	6041	7129	15894
881000	110	285	358	3467	3333	6402	6320	16762
882000	101	327	340	3378	3324	6553	6745	16625
883000	120	313	362	3379	3399	6460	5427	16764
884000	106	345	300	3109	3511	6700	5875	17065
885000	136	368	306	3048	3467	6672	5797	16529
886000	114	347	391	3110	3585	6442	5672	16617
887000	108	289	288	3235	3617	6456	6045	17470
888000	111	346	412	3309	3318	6479	6757	16542
889000	104	363	377	3297	3143	6723	6665	16644
890000	109	285	315	3157	2981	7165	5876	17658
891000	111	328	366	3225	3217	6768	6323	17363
892000	113	360	342	3350	3179	6649	6267	16701
893000	107	352	387	3719	3237	6173	6460	16024
894000	85	355	305	3981	2987	6303	6945	16206
895000	103	290	406	3799	3050	6311	6889	15643
896000	144	318	308	3622	3184	6421	6578	15642
897000	109	355	395	3770	2903	6432	7114	15844
898000	105	294	363	3709	3044	6494	7192	16022
899000	97	327	362	3761	2906	6532	7274	16103
900000	71	390	337	3754	2648	6851	6956	15331
901000	104	358	329	3595	2630	6953	6404	16793
902000	96	351	307	3993	2721	6535	7427	15147
903000	88	365	383	3983	2539	6595	7336	16185
904000	100	352	276	3464	2802	7054	6140	15889
905000	91	377	321	3271	2885	7038	6411	15900
906000	100	364	252	2997	2970	7343	5830	17198
907000	88	343	471	3162	2772	7106	6109	16752
908000	106	321	388	3416	2955	6790	6846	17670
909000	105	309	300	3169	3338	6793	5247	17207
910000	91	339	352	3216	3301	6717	6762	16823
911000	106	319	323	3297	3242	6725	5925	17520
912000	98	333	237	3572	3025	6780	6608	15999
913000	95	355	231	3528	2689	7151	6298	16730
914000	92	349	296	3780	2752	6754	6617	16342
915000	87	332	294	3867	2783	6648	7281	16116
916000	97	317	287	3426	2873	7021	6461	17495
917000	95	365	306	3332	2982	6957	5972	17319
918000	118	322	248	3233	3091	7007	6442	17009
919000	110	308	213	2974	3201	7248	5690	17160
920000	123	335	261	3135	3064	7122	5428	17729
921000	86	356	323	3214	2894	7141	6060	16365
922000	82	289	353	3445	2815	6988	6481	16860
923000	114	336	314	3551	2661	7033	6434	15701
924000	71	320	277	3852	2439	7091	7764	16370
925000	66	315	313	3996	2346	6988	7829	16165
926000	102	337	452	3939	2402	6697	7861	15798
927000	79	381	308	3695	2736	6820	7546	16648
928000	98	357	293	3718	2474	7090	6652	16644
929000	92	352	310	3696	2631	6939	7005	16471
930000	74	386	248	3979	2558	6827	7541	15758
931000	89	349	289	3956	2712	6659	6979	15560
932000	109	375	309	4231	2626	6352	6864	15519
933000	92	358	337	4236	2531	6444	7750	15142
934000	82	312	308	4066	2471	6808	7926	15200
935000	85	382	351	3902	2624	6632	6606	15869
936000	98	298	516	3824	2745	6425	7493	15477
937000	101	310	353	3895	3273	6036	7135	16001
938000	98	329	326	3770	3209	6263	6831	16126
939000	128	316	357	4375	3046	5767	8020	14825
940000	105	315	314	4440	3114	5691	8265	14600
941000	92	295	418	4312	2959	5895	8177	15561
942000	116	338	350	4279	2984	5924	8114	14720
943000	82	346	420	3938	3160	6041	7869	15103
944000	116	289	356	3753	3111	6387	7019	15963
945000	89	333	299	3502	3039	6757	6117	16463
946000	101	326	364	3385	3284	6546	6136	16734
947000	113	353	261	3722	3251	6343	7030	16761
948000	105	317	324	3455	3393	6374	6045	16929
949000	94	330	419	3294	3212	6626	6335	16929
950000	89	330	242	3286	3180	6938	6569	16308
951000	88	334	267	3225	3101	7011	7001	17044
952000	107	327	268	3426	3459	6444	6471	18099
953000	102	330	386	3239	3659	6265	6293	17056
954000	102	256	381	3028	3656	6557	6266	17427
955000	107	307	301	2911	3584	6814	5676	18074
956000	151	296	391	2789	3641	6671	5082	17567
957000	121	267	360	2720	3559	6922	5299	17604
958000	120	318	280	2518	3998	6798	4682	18458
959000	122	325	314	2363	3736	7131	4099	18768
960000	162	318	287	2100	4050	7085	4271	19084
961000	139	298	234	2049	4269	7047	3990	19512
962000	121	327	301	2381	3922	6948	4614	18226
963000	132	276	222	2467	4182	6762	4432	19080
964000	123	298	320	2604	3819	6820	5129	17461
965000	133	315	324	2891	3697	6658	4942	18726
966000	137	342	310	2982	3754	6450	5428	18181
967000	104	346	323	2950	3791	6478	5776	18060
968000	107	326	354	3162	3425	6675	6139	16489
969000	117	341	382	3114	3541	6434	5556	16451
970000	120	319	306	3250	3368	6638	6060	17040
971000	126	344	338	3026	3311	6854	5729	16774
972000	93	333	286	3370	3369	6574	6406	16412
973000	82	343	292	2925	3175	7217	5751	17329
974000	119	286	243	2681	3769	6946	4993	18485
975000	125	304	232	2636	4043	6713	4714	18493
976000	111	294	233	2633	3959	6814	5378	19268
977000	122	332	301	2479	4071	6666	4757	18494
978000	118	317	322	2492	4035	6711	5078	18798
979000	112	313	255	2461	4250	6672	4581	18382
980000	99	264	263	2606	4131	6655	5007	18877
981000	109	296	270	2610	3818	6916	4716	18551
982000	142	309	411	2440	3720	6928	5188	17739
983000	122	344	291	2577	3765	6909	4580	18136
984000	120	314	314	2241	4150	6864	4242	18983
985000	135	298	253	2431	4234	6678	4525	18646
986000	147	309	236	2577	4466	6306	5020	18349
987000	137	282	310	2207	4621	6431	3802	17811
988000	142	287	249	2085	4527	6765	4335	19005
989000	179	273	245	2252	4645	6384	4294	19504
990000	140	329	313	2543	4273	6415	4515	18575
991000	126	293	297	2417	4280	6567	4448	18269
992000	145	279	325	2244	4493	6523	4481	19102
993000	145	307	313	2121	4907	6231	4239	17859
994000	151	283	295	2097	5046	6136	4000	19028
995000	171	259	449	1916	4994	6083	3859	19112
996000	170	292	341	1853	5121	6209	3660	19360
997000	194	261	350	1833	5149	6161	3547	18878
998000	173	237	343	1931	5220	6011	3773	19635
999000	202	208	372	2109	5406	5631	4340	19606
