0	0	0	0	14400	0	0	0	0
1000	12	414	351	13159	94	40	22905	226
2000	18	409	435	13023	30	35	23399	92
3000	18	463	392	13060	16	42	22699	68
4000	3	429	302	13301	0	33	22562	55
5000	15	444	367	13153	0	35	23368	65
6000	10	449	382	13128	0	35	23013	95
7000	17	448	324	13237	0	20	22942	61
8000	11	421	408	13160	0	3	22825	5
9000	14	425	373	13062	114	46	22900	269
10000	24	399	426	13027	102	44	21942	185
11000	18	507	351	12972	109	83	22768	304
12000	7	422	355	13029	72	147	22725	332
13000	34	433	437	12854	58	149	23369	368
14000	19	478	447	12811	102	130	22333	474
15000	10	451	472	12761	8	247	22055	381
16000	5	464	291	12988	15	306	22108	518
17000	12	436	370	12767	38	425	22582	947
18000	19	472	472	12522	76	383	22354	1041
19000	33	419	392	12756	57	347	22363	804
20000	7	424	310	12930	39	344	22111	709
21000	15	421	314	12926	44	317	21459	663
22000	10	429	374	12848	5	341	23159	574
23000	13	391	300	12936	16	411	23106	643
24000	8	474	347	12868	28	337	22971	657
25000	13	406	286	12964	43	362	22226	567
26000	12	442	226	12996	67	383	21722	885
27000	14	417	426	12483	127	563	22260	1038
28000	20	428	405	12473	123	559	22217	917
29000	12	439	481	12501	168	364	22431	897
30000	13	457	360	12626	147	401	21072	946
31000	6	441	339	12794	104	391	21983	835
32000	22	472	312	12670	96	481	22084	851
33000	28	435	346	12472	113	647	20833	1288
34000	12	437	338	12478	80	700	21379	1031
35000	13	402	356	12616	67	622	22112	1220
36000	14	450	289	12596	72	646	20758	1528
37000	10	440	299	12562	78	659	21040	1221
38000	16	398	341	12460	66	754	21590	1554
39000	13	440	246	12562	47	774	21894	1342
40000	10	393	264	12428	87	894	21552	1763
41000	10	423	308	12385	81	886	21494	1590
42000	19	406	374	11990	145	1116	20240	2105
43000	9	421	367	12007	161	1111	21163	2015
44000	20	399	397	11962	164	1098	19826	1996
45000	17	448	323	12001	185	1108	20722	2113
46000	14	400	350	12077	204	1009	21799	2156
47000	14	460	330	12211	207	830	20511	1842
48000	19	405	386	12215	207	760	22369	1582
49000	9	422	412	12050	143	979	21306	1529
50000	18	444	301	12136	194	955	21060	1906
51000	25	443	379	12011	144	1003	21145	1979
52000	25	519	329	11874	164	1096	20019	2181
53000	21	383	367	11840	173	1263	20546	2458
54000	13	449	362	11680	182	1337	20197	3099
55000	14	497	317	11976	142	1077	20660	1951
56000	17	429	378	11881	178	1137	20262	2164
57000	24	419	380	11978	177	1031	21441	1838
58000	13	414	344	12018	167	1075	20930	2151
59000	14	380	322	12061	150	1133	20660	1703
60000	7	464	300	12136	143	1014	19454	1836
61000	10	452	381	12370	52	757	22100	1323
62000	7	456	314	12378	114	808	22514	1384
63000	4	461	265	12570	76	736	21647	1376
64000	19	458	346	12475	106	615	21901	1203
65000	18	434	330	12684	106	471	21354	906
66000	6	483	257	13013	38	315	22634	692
67000	11	412	344	12758	77	440	20776	743
68000	7	363	374	12657	143	504	21892	839
69000	11	390	363	12545	118	587	22370	1122
70000	10	417	329	12478	132	672	21809	1301
71000	13	469	336	12496	77	644	22490	1312
72000	15	416	298	12473	153	643	21843	1453
73000	11	402	326	12383	163	776	22411	1210
74000	4	432	478	12220	112	770	21403	1531
75000	35	410	377	12309	105	802	21769	1626
76000	11	418	337	12377	105	763	22360	1429
77000	12	391	428	12308	133	750	21927	1276
78000	24	383	356	12506	133	645	22007	1144
79000	22	448	365	12494	167	548	22177	1350
80000	34	436	400	12418	130	587	21451	1493
81000	13	451	412	12297	103	758	21253	1473
82000	10	402	325	12408	153	760	21114	1377
83000	11	421	350	12218	148	889	21488	1811
84000	18	465	344	12212	176	841	21356	1528
85000	15	438	365	11977	196	1063	21299	2426
86000	31	467	351	11943	212	1023	21316	2278
87000	20	453	360	11592	258	1364	19734	2704
88000	9	385	321	11632	339	1389	20527	3198
89000	15	410	351	11679	243	1342	19863	2057
90000	14	418	409	11538	248	1384	18786	2869
91000	13	467	312	11562	195	1515	19756	2900
92000	21	464	312	11714	234	1323	20437	2466
93000	18	417	365	11833	178	1238	20370	2388
94000	13	425	444	11743	193	1174	20896	2306
95000	20	442	336	11829	148	1242	21041	2095
96000	13	470	322	11806	161	1291	20109	2650
97000	15	445	305	11547	244	1529	20598	2768
98000	29	434	366	11217	270	1727	18906	3006
99000	28	423	350	11406	317	1510	19369	3290
100000	17	427	304	11380	363	1578	21034	3706
101000	22	398	310	11363	334	1623	20136	3390
102000	19	402	370	11133	305	1847	19157	3830
103000	22	428	323	11412	220	1646	20851	2758
104000	15	398	446	11305	244	1572	20736	2828
105000	32	411	413	11181	349	1596	19892	3121
106000	24	434	393	11188	345	1639	19632	3720
107000	12	426	327	11212	390	1686	19446	3828
108000	15	410	454	11230	398	1464	20380	3293
109000	23	440	396	11063	402	1631	19364	3400
110000	20	453	372	11341	311	1521	19784	3056
111000	20	431	329	11554	314	1363	20038	2713
112000	24	444	351	11545	314	1340	20355	2793
113000	9	414	417	11374	210	1597	19982	2929
114000	30	435	308	11505	286	1514	19162	3069
115000	23	395	324	11455	263	1578	19618	3360
116000	17	443	270	11022	175	2138	19973	4426
117000	26	405	419	10940	293	1944	19475	3989
118000	22	418	326	11129	331	1846	18354	3629
119000	21	478	363	10913	280	1971	18643	3665
120000	18	409	335	11098	220	1988	18622	3682
121000	23	422	408	11235	143	1802	19823	3410
122000	16	408	407	11369	257	1551	19899	3476
123000	12	486	374	11421	171	1562	20198	2984
124000	23	398	330	11634	148	1525	19385	2797
125000	11	396	363	11711	222	1336	20082	2471
126000	15	434	348	11632	246	1359	19983	2619
127000	15	410	310	12046	208	1080	20930	2159
128000	14	466	397	11802	181	1152	20293	2160
129000	20	425	348	11801	149	1285	20873	2238
130000	14	458	319	11772	139	1347	20442	2511
131000	22	460	308	11888	152	1232	20960	2232
132000	14	405	436	11909	174	1080	21221	2209
133000	19	447	401	11426	219	1511	19665	2779
134000	20	477	368	11546	131	1488	20063	2495
135000	19	373	400	11541	241	1454	20259	2772
136000	15	483	303	11892	185	1174	19593	2243
137000	17	463	363	11754	153	1247	20279	2266
138000	13	487	302	11800	178	1283	19354	2277
139000	13	457	332	11739	141	1352	21533	2841
140000	22	480	281	11722	105	1454	20299	2854
141000	17	456	263	11579	138	1627	20879	2935
142000	14	402	249	11600	168	1623	20050	2957
143000	16	418	358	11462	177	1617	19543	2743
144000	12	466	300	11695	216	1434	21223	2713
145000	14	402	322	11649	255	1407	20831	3180
146000	20	441	370	11354	246	1609	20139	3146
147000	16	412	357	11205	300	1704	19993	3280
148000	27	437	380	11041	303	1828	19047	3914
149000	21	439	284	11202	237	1897	18738	3601
150000	26	390	379	10953	261	1987	19906	3504
151000	15	469	356	11146	178	1853	19086	3495
152000	17	479	366	11243	217	1704	19607	3444
153000	17	427	357	11444	226	1588	21867	3078
154000	18	439	330	11283	295	1682	20613	3011
155000	23	434	349	11362	309	1545	19377	3360
156000	11	428	391	11358	284	1583	19888	3084
157000	33	517	348	11373	253	1507	19351	3427
158000	15	436	406	11274	267	1614	20146	3327
159000	20	395	316	11389	318	1600	19426	3426
160000	21	449	339	11388	260	1596	19766	3094
161000	14	401	285	11676	183	1535	20327	2595
162000	30	475	377	11179	224	1733	20153	3436
163000	23	423	472	11263	213	1567	19238	2674
164000	11	387	383	11335	285	1600	20001	3400
165000	16	498	317	11471	218	1570	19683	2741
166000	18	396	368	11183	248	1795	20396	3394
167000	26	381	267	11332	188	1842	21084	3564
168000	8	443	344	11272	183	1777	21287	3307
169000	18	433	315	11169	139	1994	18845	3444
170000	14	367	258	11250	107	2087	20935	3346
171000	10	400	374	10999	182	2045	19901	4033
172000	16	393	458	11061	199	1830	19202	3364
173000	21	453	357	11180	243	1784	19542	3169
174000	12	393	304	11464	236	1643	20194	3548
175000	17	463	393	11323	219	1624	20121	3442
176000	13	446	301	11687	145	1432	20730	2789
177000	11	473	330	11466	230	1570	19715	3325
178000	14	477	328	11315	198	1717	20515	3402
179000	13	456	302	11483	229	1569	19267	2912
180000	29	449	366	11403	288	1499	20201	3189
181000	12	454	393	11442	276	1482	18726	2751
182000	23	444	395	11340	203	1617	18879	3288
183000	34	437	344	11081	235	1911	19802	3444
184000	12	415	307	11103	252	1976	18212	3553
185000	31	404	353	10889	285	2070	19222	4290
186000	15	463	356	10662	309	2203	19004	4222
187000	16	457	323	10976	318	1979	18998	3508
188000	16	402	403	10414	319	2470	18640	5038
189000	19	404	350	10373	390	2536	17701	5391
190000	29	408	368	10789	228	2189	18377	4143
191000	23	417	316	10595	310	2397	18326	4456
192000	20	431	288	10508	396	2436	18085	4449
193000	28	386	394	10514	409	2238	17672	4851
194000	38	420	436	10705	423	1957	18212	4276
195000	20	413	314	10896	373	2017	18778	4143
196000	36	428	398	10613	382	2142	18461	4000
197000	20	399	309	10608	446	2230	18839	4709
198000	26	472	289	10583	444	2245	18797	4382
199000	37	441	403	10634	385	2118	17375	3743
200000	23	432	379	10651	385	2122	18642	3957
201000	22	440	398	10524	446	2170	18292	4539
202000	35	477	406	10530	301	2232	18185	4733
203000	30	434	408	10774	315	2045	18939	4318
204000	29	431	404	10757	418	1962	18863	4359
205000	24	389	356	10648	459	2136	18707	4094
206000	23	406	475	10502	331	2230	17761	4809
207000	24	444	385	10749	397	2007	19200	3871
208000	44	408	479	10445	437	2160	18716	4979
209000	31	425	419	10753	487	1856	19154	3798
210000	18	427	335	10482	453	2346	17937	4336
211000	37	431	323	10523	426	2290	18439	4823
212000	35	418	264	10583	502	2290	18729	5063
213000	27	347	348	10333	570	2377	17588	4946
214000	32	455	409	10539	386	2189	18291	4198
215000	21	405	364	10586	330	2352	18346	3900
216000	20	439	370	10500	332	2325	17612	4753
217000	26	399	386	10580	315	2328	18656	4222
218000	18	397	374	10335	329	2573	18180	5660
219000	17	432	395	10551	355	2246	17982	4213
220000	30	427	329	10533	406	2277	17672	4617
221000	18	494	416	10426	426	2212	17184	4975
222000	23	422	334	10289	480	2487	17906	4802
223000	39	460	357	9893	447	2825	17888	5088
224000	17	408	294	10102	495	2742	18670	5299
225000	33	438	348	10090	471	2652	17738	5247
226000	29	463	343	10155	281	2790	17786	5089
227000	21	418	347	10251	368	2627	17780	4890
228000	28	400	310	10257	336	2753	17108	5127
229000	24	488	327	10318	416	2470	17228	5068
230000	29	455	351	10320	419	2431	18748	4677
231000	20	448	361	10358	469	2370	18657	5094
232000	27	489	484	10023	507	2440	17915	4534
233000	25	413	476	10171	510	2381	19043	4902
234000	23	412	368	10332	450	2442	18046	4735
235000	27	385	314	10241	348	2726	17435	5902
236000	14	418	322	10041	467	2789	17712	5351
237000	9	409	324	10023	416	2854	17228	5490
238000	30	421	371	9732	436	3006	17277	5617
239000	45	457	401	9527	537	3022	16074	6213
240000	21	429	288	9825	486	3010	18702	5494
241000	25	485	331	9774	505	2947	16274	5655
242000	17	409	344	9956	481	2855	17291	6137
243000	19	456	379	10228	655	2286	17692	5296
244000	32	412	440	10130	705	2282	18612	4995
245000	37	407	501	9930	658	2438	17167	5253
246000	37	408	452	9820	750	2463	17785	5486
247000	41	389	518	9399	814	2783	17211	6156
248000	24	390	461	9150	773	3184	16600	6989
249000	30	387	391	9396	712	3118	17131	6801
250000	21	421	380	9429	679	3117	16219	6714
251000	31	431	331	9902	637	2726	16581	5842
252000	26	445	449	9686	673	2705	16155	5657
253000	25	421	362	9662	651	2886	16341	6722
254000	42	434	336	9638	646	2913	16208	5960
255000	28	387	319	9756	667	2896	17862	6161
256000	25	391	391	9235	816	3165	16964	6660
257000	32	393	351	8961	697	3594	16723	7036
258000	16	439	374	9431	574	3224	16940	6538
259000	27	428	517	9741	562	2692	17407	5406
260000	42	402	392	9866	620	2695	16962	5410
261000	26	406	319	10342	579	2376	18849	4950
262000	36	421	355	10199	712	2353	18626	4850
263000	42	396	467	10188	644	2233	19206	4718
264000	38	399	411	9846	746	2560	17029	5715
265000	35	425	425	9556	584	2939	16983	6252
266000	37	386	403	9410	863	2921	16490	7288
267000	35	424	410	9201	711	3229	16124	6563
268000	20	398	409	8852	776	3570	15439	7752
269000	29	416	354	8744	815	3684	16183	7147
270000	40	394	376	8529	800	3856	14731	7861
271000	53	348	428	8484	861	3818	14381	7960
272000	40	367	276	8427	908	4041	14781	8710
273000	30	418	336	8299	883	4055	14657	8341
274000	52	416	411	8082	925	4105	13963	8626
275000	41	372	350	8143	944	4176	13659	8940
276000	40	421	384	7841	1016	4292	14268	8645
277000	47	410	317	7871	1023	4371	13914	9108
278000	40	453	303	8132	985	4172	13718	8952
279000	47	435	351	8291	938	3949	14705	8119
280000	29	446	307	8063	887	4328	14309	8777
281000	33	364	377	7857	936	4434	14360	8961
282000	37	416	385	7875	1031	4225	14761	9773
283000	41	425	381	8007	914	4236	13659	8338
284000	41	382	386	7914	1101	4188	13975	8263
285000	52	392	333	7929	1234	4087	14231	9090
286000	36	380	336	7642	1174	4467	13770	9862
287000	57	439	403	7385	1284	4421	12794	9914
288000	62	404	343	7861	1203	4162	13417	9689
289000	31	455	447	7447	1015	4574	13006	8770
290000	50	410	380	7429	1218	4517	13837	10653
291000	57	369	344	7290	1380	4600	12945	10340
292000	45	424	435	7352	1322	4404	13105	9715
293000	50	370	305	7241	1405	4653	13275	9649
294000	57	408	351	7142	1324	4711	12856	9777
295000	50	382	382	7374	1296	4520	13053	9500
296000	51	374	424	7191	1235	4689	13350	10368
297000	59	378	384	7008	1487	4648	12251	9765
298000	52	391	391	6658	1694	4799	12263	11089
299000	65	395	422	6706	1784	4577	12662	10379
300000	63	357	381	6937	1981	4260	12246	11180
301000	77	355	524	6920	1907	4098	12543	9981
302000	52	327	475	7114	1917	4048	13619	9475
303000	62	380	494	6880	2233	3889	12280	9921
304000	74	377	480	6406	2063	4550	12470	10661
305000	66	382	443	6088	1931	5078	10514	12556
306000	70	392	373	6081	1924	5113	10601	11698
307000	63	425	326	5930	1756	5506	10696	11937
308000	66	396	421	5915	1846	5364	10322	11678
309000	83	378	339	5797	1644	5759	11027	11584
310000	75	403	329	5630	1920	5672	10027	12869
311000	92	383	422	5474	1927	5649	10366	12347
312000	54	378	431	5760	1845	5476	10559	13525
313000	54	380	326	5703	1796	5773	11130	13113
314000	45	382	345	5674	1608	5983	10483	12343
315000	52	370	353	5361	1749	6134	10117	13217
316000	47	369	367	4918	1973	6337	9465	13497
317000	66	365	417	4770	2232	6132	8769	14735
318000	68	371	281	4554	2126	6674	8015	14157
319000	88	396	272	4137	2303	6879	7628	14428
320000	88	374	270	4259	2355	6688	7911	14528
321000	91	361	359	4360	2717	6115	8421	15196
322000	78	337	276	4381	2980	5980	8231	15775
323000	78	321	388	4194	2995	5985	8167	15478
324000	119	338	369	3976	2909	6245	7272	16309
325000	90	345	405	3366	3033	6743	6723	15878
326000	115	333	339	3347	3037	6814	6532	16125
327000	98	347	292	3351	3451	6487	6128	17369
328000	117	340	320	3129	3361	6733	5812	16640
329000	114	296	346	2686	3418	7136	4937	18575
330000	104	351	274	2638	3372	7291	4844	17614
331000	86	335	278	2622	3189	7512	4824	17974
332000	94	348	223	2686	3211	7495	5160	18897
333000	98	316	275	2692	3168	7497	4780	17910
334000	109	316	366	2866	3290	7060	5207	17721
335000	124	341	302	2758	3597	6838	5428	18194
336000	127	317	293	2933	3518	6833	5189	17420
337000	142	372	274	2871	3834	6526	5255	17566
338000	131	286	312	2863	3978	6412	5661	18750
339000	128	340	365	3107	3649	6406	6031	16912
340000	138	275	312	3147	3874	6220	5910	17655
341000	147	360	289	3243	3739	6210	5441	17605
342000	117	272	358	2959	3974	6336	5839	18064
343000	122	272	345	2978	4173	6097	6050	17315
344000	117	315	395	2639	4088	6381	5039	18262
345000	160	327	316	2772	4252	6161	5111	18054
346000	147	287	301	2604	4420	6228	4955	17034
347000	164	356	291	2558	4573	6048	5129	18028
348000	140	291	342	2551	4715	5943	4937	17772
349000	137	315	330	2544	4477	6205	4634	18185
350000	142	292	421	2328	4563	6149	5007	18127
351000	183	286	311	2357	4867	5966	4501	18873
352000	136	273	399	2573	4959	5628	4757	18966
353000	171	260	514	2589	4967	5403	5721	18417
354000	142	275	496	2557	4832	5589	5183	18266
355000	167	238	338	2329	5185	5686	4883	17715
356000	152	253	329	2335	4962	5944	4510	18487
357000	177	276	362	2513	5030	5595	4700	18430
358000	172	290	391	2407	5010	5673	5253	17417
359000	153	262	280	2191	4978	6130	4254	19052
360000	186	267	339	2101	5246	5808	4634	18459
361000	155	293	266	1815	4958	6542	3686	19553
362000	131	257	278	1868	4911	6546	3521	19677
363000	141	279	312	1914	5048	6347	3908	19804
364000	149	280	263	1975	4825	6537	3780	18412
365000	183	265	341	2165	4864	6114	4129	18065
366000	157	267	327	1978	5184	6094	4001	18814
367000	155	285	397	2073	4751	6271	4134	18880
368000	150	318	282	2151	4601	6468	4468	19116
369000	184	280	360	2210	4733	6144	4333	18041
370000	168	254	416	2020	4627	6453	4122	19493
371000	180	313	384	1905	4678	6461	3836	20124
372000	149	300	315	1813	4932	6453	3442	19010
373000	152	235	387	1991	4998	6175	4048	19309
374000	151	266	377	1626	4742	6803	3451	19375
375000	163	267	270	1610	5276	6422	2999	20186
376000	188	274	194	1383	5485	6488	2799	19352
377000	138	239	306	1267	5864	6212	2527	20097
378000	172	243	242	1310	5766	6285	2702	20565
379000	174	234	281	1334	5953	6002	3013	20250
380000	157	192	267	1505	6443	5437	3268	20995
381000	191	233	251	1547	6433	5348	3113	20260
382000	170	226	386	1623	6080	5490	3157	20598
383000	177	210	275	1727	6363	5251	3183	19942
384000	182	253	359	1852	6088	5183	3699	19488
385000	186	225	300	2178	5693	5370	4226	18629
386000	175	246	397	2245	5610	5251	4581	18118
387000	162	267	345	1956	5245	5988	4217	18964
388000	183	294	383	1931	5371	5790	3749	18380
389000	152	255	270	2431	5232	5667	4268	18531
390000	169	214	362	2170	5432	5614	4628	18879
391000	170	287	389	2046	5362	5644	4245	19424
392000	164	272	343	1975	5410	5824	3794	19326
393000	186	216	411	1697	5565	5862	3526	18579
394000	178	270	366	1344	5534	6256	2838	19448
395000	147	273	271	1481	5701	6137	3199	19964
396000	141	241	431	1522	5691	5871	3403	20197
397000	185	264	323	1832	5554	5831	3564	19702
398000	151	290	343	2039	5214	5920	3847	18872
399000	158	315	281	1813	5562	5870	3480	19565
400000	129	304	345	2124	5382	5712	3915	18875
401000	148	264	304	2094	5173	5997	4236	20195
402000	178	286	328	2028	5303	5856	4193	17651
403000	168	264	274	1778	5438	6096	3490	19855
404000	168	257	307	1419	5329	6496	3189	18871
405000	183	261	258	1426	5374	6498	2631	19937
406000	162	284	268	1532	5483	6257	3039	19769
407000	173	246	285	1288	6072	5929	2539	20128
408000	192	236	253	1243	5701	6388	2099	19982
409000	178	284	311	1407	5699	6108	2643	18798
410000	210	236	272	1410	6138	5725	2899	19467
411000	150	252	382	1645	5938	5566	3330	20990
412000	181	274	373	1472	6003	5622	3208	18993
413000	187	249	377	1425	6028	5672	2897	19726
414000	199	216	293	1471	6289	5498	3209	19588
415000	157	245	301	1853	5645	5758	3749	19337
416000	179	234	249	1889	5849	5626	3716	20405
417000	166	290	455	1819	5570	5588	3696	19758
418000	194	245	426	1595	5726	5754	3708	19577
419000	181	260	309	1709	5854	5648	3054	19234
420000	147	244	336	1498	5709	6022	3472	19843
421000	173	217	283	1789	5596	5901	3961	18966
422000	170	262	369	2062	5535	5563	4129	18754
423000	191	236	351	1902	5308	5956	4026	18945
424000	172	267	432	2071	5392	5587	3856	18864
425000	166	274	414	1969	5095	6009	4258	18855
426000	124	240	344	2058	5036	6167	4132	19187
427000	177	268	309	2064	5170	5999	4066	20176
428000	147	297	269	2228	4870	6203	3852	19047
429000	133	270	295	2530	4628	6152	4741	18976
430000	115	287	501	2600	4548	5851	5783	17503
431000	158	311	383	2789	4641	5645	5371	16702
432000	145	267	514	2848	4717	5436	6037	17191
433000	143	248	500	2987	4471	5508	6407	16422
434000	134	282	400	2714	4774	5600	5363	17708
435000	172	306	306	2737	4983	5457	4867	16839
436000	151	271	337	2370	5044	5813	4461	18168
437000	147	283	449	1929	5041	6115	4066	18239
438000	162	267	361	1863	4776	6509	3494	19175
439000	159	245	288	1736	4999	6581	3329	19375
440000	155	267	300	2058	4575	6667	4141	17816
441000	160	257	290	2122	4447	6688	4279	19033
442000	124	318	324	2165	4386	6643	4065	18444
443000	150	309	293	2207	4559	6465	4149	18806
444000	150	309	293	1936	4760	6545	3806	19398
445000	145	268	285	2432	4256	6634	4751	18586
446000	113	273	327	2427	4329	6537	4437	17640
447000	145	287	394	2437	4443	6234	4319	18310
448000	145	267	381	2602	4067	6508	4640	17621
449000	125	336	284	2662	4175	6460	4887	18147
450000	135	292	351	2579	3967	6617	4995	17147
451000	114	261	290	2629	4134	6614	4971	18153
452000	123	320	357	2680	4151	6386	5461	17245
453000	120	330	414	2667	4055	6343	4691	17975
454000	109	308	341	2641	3664	6970	4990	18204
455000	116	378	291	2791	3969	6506	5103	17497
456000	125	287	295	2403	4123	6789	4036	19140
457000	120	339	258	2412	4265	6666	3992	18255
458000	122	292	289	2648	4427	6261	5169	17725
459000	143	274	312	2590	4544	6135	4971	18461
460000	148	307	464	2456	4410	6127	4721	18737
461000	126	293	374	2869	4124	6211	5363	17971
462000	156	292	338	2948	4290	5969	5332	16276
463000	134	276	404	2482	4419	6237	4845	18672
464000	147	307	480	2558	4597	5779	5158	17867
465000	144	285	560	2591	4660	5656	4796	16782
466000	140	303	429	2853	4868	5354	5055	16360
467000	136	258	530	2701	4821	5445	5830	17672
468000	172	328	466	2481	4837	5654	4633	17693
469000	136	282	383	2622	4632	5929	5247	17864
470000	145	287	288	2401	4766	6120	4426	18676
471000	187	320	312	2360	4723	6062	4390	17909
472000	149	278	360	2316	4223	6560	4379	19459
473000	109	298	335	2340	4302	6622	4688	18863
474000	123	325	307	2921	3972	6361	5368	17875
475000	123	313	376	2931	3900	6298	5773	17831
476000	98	289	425	3421	3771	5935	6670	15225
477000	114	294	361	3136	3702	6361	6745	17086
478000	123	346	387	3364	3376	6360	6037	17033
479000	111	323	246	3028	3531	6823	5548	17823
480000	110	325	360	3057	3721	6405	5868	17846
481000	151	328	389	2951	3703	6428	5807	17190
482000	99	363	268	2857	3871	6563	5725	17581
483000	120	299	322	2685	4119	6433	4698	17275
484000	134	309	322	2763	4004	6488	5609	17480
485000	122	305	355	2832	3924	6418	5179	17946
486000	122	316	327	2997	4048	6194	5317	18443
487000	130	299	437	3097	4067	5869	5628	18107
488000	153	327	294	3093	4110	6028	5739	17117
489000	136	293	433	2745	4104	6198	4873	17238
490000	115	296	307	2669	4421	6186	5479	18126
491000	151	275	297	2822	4280	6191	5077	18316
492000	134	306	373	2690	4406	6060	4953	17757
493000	151	269	348	2796	4467	5943	5503	17642
494000	129	327	416	2980	4255	5834	5694	16665
495000	161	320	396	2860	4559	5627	5603	16062
496000	161	298	362	2729	4717	5707	5110	17230
497000	186	298	420	2631	4813	5577	5311	17739
498000	173	274	323	2767	4883	5557	5613	17649
499000	171	261	328	2443	4711	6096	4808	17804
500000	155	265	413	2363	5010	5717	4772	17783
501000	161	324	348	2205	4998	5942	4777	17326
502000	146	274	300	2292	5029	5934	4303	18869
503000	154	304	430	2323	4508	6229	4836	17577
504000	132	308	475	2193	4654	6140	4827	18535
505000	154	284	326	2007	5006	6165	3605	19298
506000	155	266	296	1912	5034	6291	3886	18869
507000	143	285	286	2050	4764	6478	3635	18469
508000	169	258	267	1994	4739	6565	3727	18353
509000	150	280	243	1936	5106	6301	3598	20273
510000	183	272	357	1969	4914	6233	4055	18657
511000	184	303	310	2036	4616	6515	3871	18637
512000	136	288	250	1791	4686	6896	3660	19369
513000	150	282	220	1949	4618	6820	3288	18872
514000	137	281	310	1999	4762	6528	3757	19302
515000	123	262	294	1740	4854	6691	3592	17979
516000	143	292	272	2156	4730	6425	4087	18633
517000	155	269	268	2296	5053	5980	4194	19190
518000	173	283	304	2333	5122	5800	4864	18265
519000	135	301	250	2201	4778	6369	4070	19698
520000	159	278	298	2068	4696	6472	4180	19110
521000	158	312	347	1897	4643	6595	4053	18716
522000	169	288	312	1893	4610	6665	3829	18374
523000	140	311	249	1879	4741	6714	3449	19871
524000	129	291	232	2140	4238	7019	3878	19957
525000	117	311	235	2182	4333	6848	3524	19344
526000	124	298	261	2151	4314	6866	4397	19333
527000	137	287	301	2287	4040	6902	4083	18345
528000	114	296	270	2186	4426	6714	4072	19500
529000	147	287	208	2232	4723	6444	4099	19231
530000	146	285	343	2022	4568	6616	3900	18722
531000	149	311	274	2241	4459	6598	4375	18854
532000	122	331	329	2071	4403	6745	4177	20066
533000	132	303	312	2197	4164	6895	4424	18244
534000	149	276	312	2439	4239	6563	4651	17961
535000	122	311	365	2602	3835	6756	5173	17162
536000	97	328	419	2550	3833	6790	5470	17968
537000	112	301	183	2694	3914	6868	5381	18966
538000	95	303	301	2608	3905	6784	4871	17968
539000	115	298	497	2498	3950	6549	5108	17256
540000	144	295	359	2455	4189	6516	4472	17301
541000	143	286	430	2684	4169	6232	4902	17401
542000	136	295	375	2693	4147	6331	5677	16293
543000	136	254	306	2569	4297	6454	4699	17728
544000	146	300	319	2295	4438	6494	4597	19090
545000	149	319	299	2419	4135	6674	4648	17720
546000	157	287	353	2634	4223	6335	4744	18543
547000	141	272	353	2611	4227	6368	5015	18662
548000	168	287	382	2855	4272	5971	4956	17732
549000	133	323	385	2491	4579	6039	4613	18945
550000	168	239	363	2485	4876	5855	4315	18121
551000	143	300	380	2403	4758	5978	5119	18706
552000	149	278	346	2182	4989	6042	4034	18593
553000	121	318	351	1964	5149	6082	3960	20302
554000	183	277	311	1669	5189	6351	3102	20252
555000	170	271	240	1746	5250	6342	3134	20256
556000	171	271	272	1674	5259	6335	3439	20546
557000	166	252	308	1788	5128	6338	3316	19461
558000	166	236	343	1906	5032	6261	3467	19406
559000	144	278	350	2044	5046	6107	4027	19014
560000	153	268	330	2097	4846	6264	3997	19380
561000	151	242	268	2034	4860	6435	4053	20441
562000	148	265	366	2047	5059	6062	3900	19418
563000	165	212	297	1675	5311	6361	3363	20093
564000	169	268	392	1569	5031	6532	2983	19212
565000	194	242	281	2012	5117	6151	4051	17510
566000	160	249	278	2095	5193	6013	3986	18412
567000	165	261	398	1844	5141	6138	3833	19163
568000	154	261	249	1790	5011	6526	3222	20175
569000	158	299	249	1779	4895	6647	3554	19466
570000	145	257	280	1771	5029	6545	3542	18536
571000	187	258	274	1490	4817	6943	3227	20399
572000	124	252	336	1929	4685	6656	3577	18886
573000	137	310	324	2268	4462	6492	4707	18972
574000	127	290	389	2216	4468	6486	4691	18354
575000	149	248	329	1965	4870	6405	3680	19333
576000	151	216	262	1808	5048	6517	3737	19429
577000	134	295	333	1903	4651	6653	4159	19270
578000	126	271	355	2065	4872	6330	3924	19062
579000	161	261	391	2294	4573	6279	4681	18316
580000	108	273	361	2634	4384	6187	4672	18254
581000	154	308	336	2422	4417	6335	4175	17907
582000	147	283	344	2346	4487	6409	4441	18204
583000	161	286	231	2133	4654	6544	3380	18586
584000	152	249	307	2218	4905	6141	4096	19358
585000	123	271	339	2066	4864	6319	4635	19197
586000	147	259	285	1832	5215	6260	3805	18235
587000	165	272	360	2027	5132	6026	4226	20031
588000	145	261	264	2037	5083	6250	4110	18829
589000	153	252	318	2231	4912	6109	4216	18508
590000	167	274	367	2059	4994	6074	4129	19163
591000	170	310	338	1918	5233	5995	4081	19412
592000	204	218	354	2033	5365	5780	4036	19404
593000	178	237	365	1867	5744	5553	3749	18654
594000	190	243	366	1903	5679	5537	4078	17956
595000	188	197	323	1969	5693	5623	3844	19286
596000	147	313	399	1847	5511	5723	3769	19174
597000	161	285	440	1931	5560	5537	4071	19164
598000	197	291	328	1960	5645	5551	3781	18380
599000	175	267	421	1979	5854	5194	4231	18770
600000	189	250	467	1985	5815	5202	4096	19273
601000	170	203	396	1987	5803	5372	3712	19328
602000	185	256	353	2107	5892	5208	4285	17436
603000	146	242	377	1972	5833	5388	4337	19202
604000	203	222	356	1703	6429	5048	3739	18455
605000	181	220	440	1847	5864	5383	3746	18682
606000	165	273	400	1920	5550	5615	3737	19289
607000	158	255	411	2226	5594	5294	4359	18946
608000	193	263	377	1984	5344	5738	4068	18539
609000	190	255	287	1958	5392	5908	3453	19204
610000	173	273	351	1979	5406	5745	4094	18810
611000	197	325	322	2104	5522	5494	3705	18857
612000	179	246	430	2109	5502	5449	4367	18522
613000	160	241	356	1938	5450	5845	3868	20443
614000	192	271	377	2137	5413	5503	4147	18540
615000	178	252	373	2264	5735	5144	4555	18374
616000	173	304	334	2117	5739	5326	4083	19112
617000	174	247	326	2051	5735	5443	4047	19509
618000	208	226	479	1964	6138	4824	4558	18244
619000	202	221	420	1889	6052	5114	4123	17983
620000	181	218	345	2051	5896	5264	4004	18595
621000	188	232	358	1890	6179	5097	3873	20140
622000	179	263	397	1834	5926	5295	3713	18898
623000	138	209	449	1622	5853	5641	3837	19310
624000	205	199	309	1626	6421	5182	3689	19712
625000	201	220	362	1861	6439	4853	3952	18703
626000	188	231	417	1693	6335	5055	3303	19383
627000	186	210	406	1645	6359	5088	3427	19564
628000	191	240	343	1593	6382	5238	3175	19804
629000	200	201	368	1486	6345	5347	3236	19888
630000	183	253	439	1772	6266	4983	3446	19813
631000	179	255	432	1761	6176	5115	3971	19144
632000	213	237	431	1601	6420	4998	3382	19143
633000	193	219	410	1674	5956	5447	3751	20231
634000	151	240	373	1797	5502	5923	3505	19134
635000	187	298	437	2011	5402	5553	3753	18712
636000	157	263	420	2007	5519	5503	4366	18680
637000	156	235	358	1939	5569	5701	3907	18004
638000	170	224	283	1406	5688	6237	2611	20333
639000	128	243	269	1326	5711	6376	3045	20436
640000	183	200	309	1489	5878	5903	2808	19483
641000	169	256	228	1376	5693	6286	2404	21111
642000	189	271	209	1323	5947	6119	2788	20947
643000	178	296	209	1206	6090	6048	2533	20624
644000	176	250	277	1294	5730	6248	2739	19500
645000	196	260	316	1352	5836	5991	2528	20215
646000	183	274	301	1407	5755	6050	2966	20297
647000	170	246	280	1524	5883	5898	3019	20290
648000	168	252	413	1380	6047	5662	3224	19928
649000	195	215	251	1476	6238	5617	3208	20213
650000	220	214	340	1486	6450	5244	3219	19594
651000	193	211	324	1364	6557	5306	3086	20601
652000	207	244	238	1339	6309	5659	2493	20196
653000	180	238	307	1264	6138	5839	2939	20140
654000	218	192	278	1155	6557	5560	2173	20959
655000	197	243	286	1213	6671	5400	2286	20578
656000	243	205	289	1326	6572	5308	2824	20227
657000	236	183	381	1364	6796	4952	3109	20648
658000	230	190	416	1526	6945	4599	3165	19956
659000	215	212	340	1057	7022	5111	2167	20784
660000	224	168	476	1012	7084	4911	2523	22700
661000	204	194	327	1079	7322	4856	2297	19874
662000	201	181	386	1200	7120	4815	2528	20578
663000	199	216	284	1163	7294	4819	2598	20092
664000	203	195	323	1104	7321	4813	2491	19486
665000	231	220	373	1321	7223	4534	2519	19636
666000	209	209	290	1618	7232	4401	3078	18869
667000	225	184	458	1424	6894	4700	3169	19941
668000	208	211	306	1212	7219	4821	2585	20064
669000	222	219	400	1367	6993	4688	2965	19451
670000	209	203	365	1195	7006	4939	2515	21028
671000	207	240	304	1112	7004	5080	2435	21721
672000	184	244	355	1198	6943	5051	2586	19739
673000	194	207	322	1257	6886	5101	3037	20079
674000	214	236	309	1191	6679	5309	2410	20265
675000	203	209	424	1190	6677	5177	2643	20706
676000	219	193	310	1215	6757	5243	2460	20506
677000	237	176	310	1412	6656	5182	3207	20105
678000	213	255	339	1384	6806	4946	2830	19089
679000	220	240	349	1238	6648	5251	2659	19843
680000	217	203	303	1228	6666	5338	2302	21170
681000	186	241	274	1176	6801	5317	2571	20316
682000	195	245	341	1299	6251	5640	3032	19321
683000	167	206	346	1322	6506	5434	2983	19311
684000	189	201	331	1245	6706	5264	3100	20747
685000	195	215	332	1310	6744	5145	2918	19955
686000	245	188	355	1306	6757	5077	2827	20071
687000	174	245	320	1462	6626	5142	2794	20370
688000	236	234	368	1441	6872	4782	3083	20050
689000	179	167	464	1366	6825	4890	3547	20310
690000	214	202	265	1153	7322	4804	2411	20892
691000	259	197	372	1315	7175	4612	2775	19409
692000	239	220	376	1228	6844	4993	2482	19754
693000	262	207	452	1204	6787	4898	2876	19954
694000	234	190	371	1018	7150	4974	2357	19251
695000	229	196	241	1011	7126	5176	1929	21332
696000	192	234	304	956	7037	5238	2066	21161
697000	190	227	351	1191	6618	5359	2809	20335
698000	263	221	352	1104	6827	5115	1836	20421
699000	188	223	313	1020	7027	5194	2100	19800
700000	220	240	334	1345	6805	4953	2916	19487
701000	206	204	357	1309	6990	4878	3038	20662
702000	238	215	263	1378	6942	4911	2726	20643
703000	205	220	318	1224	7127	4877	2739	19685
704000	207	197	335	1080	6912	5211	2591	21729
705000	200	202	371	1103	6723	5285	2185	20554
706000	216	182	364	1142	6973	5085	2521	20209
707000	216	208	352	1097	7246	4828	2470	20818
708000	219	203	344	1366	6909	4909	3127	19655
709000	196	189	368	1227	6697	5276	2663	20539
710000	183	233	386	1570	6386	5214	3743	19752
711000	215	214	356	1544	6579	5015	3173	18929
712000	211	232	451	1601	6590	4796	3976	18736
713000	191	212	406	1647	6823	4646	3851	18935
714000	203	202	387	1553	6851	4727	3102	19367
715000	193	204	324	1219	7011	5006	2749	20795
716000	207	231	320	1564	6652	5023	3334	19199
717000	230	198	396	1254	6680	5127	2794	19979
718000	202	220	350	1290	6753	5137	2994	19965
719000	221	164	344	1005	6859	5380	2042	21385
720000	260	239	346	1053	6641	5401	2102	20357
721000	203	218	328	1029	7002	5168	2436	21201
722000	240	169	306	969	7514	4751	1984	20444
723000	255	208	325	723	7757	4601	1830	21113
724000	287	161	305	812	8196	4160	1566	20239
725000	270	146	301	763	8415	4033	2031	21324
726000	243	154	333	722	8572	3928	1901	21480
727000	281	127	346	737	8659	3776	1860	20441
728000	272	150	410	586	8783	3646	1722	21047
729000	308	156	259	667	8899	3632	1883	20874
730000	281	117	395	552	9205	3324	1605	20565
731000	278	130	407	495	9081	3488	1611	20539
732000	315	142	371	484	9545	3010	1478	20401
733000	296	112	248	569	9593	3102	1461	21185
734000	272	134	343	605	9665	2841	1469	21674
735000	271	113	376	581	9513	3011	1360	21470
736000	293	118	434	540	9557	2897	1654	21734
737000	278	127	472	484	9635	2839	1524	21463
738000	345	108	450	548	9316	2999	1465	19843
739000	270	124	364	581	9614	2907	1386	21978
740000	300	122	318	693	9420	3057	1734	21651
741000	292	139	334	529	9528	3072	1529	20029
742000	238	121	304	591	9249	3497	1598	21845
743000	285	148	398	730	8642	3677	2007	20575
744000	238	143	369	935	8391	3825	2147	20281
745000	263	149	264	854	8852	3550	2027	21161
746000	257	146	311	868	8710	3672	1760	20735
747000	263	142	318	916	8956	3347	2059	20317
748000	249	130	461	1015	8613	3400	2549	20084
749000	239	163	403	1059	8948	3131	2531	20839
750000	223	141	396	907	8744	3525	1658	20870
751000	303	148	424	828	8853	3272	2275	20846
752000	281	157	308	734	8908	3568	1994	20832
753000	259	140	285	622	8983	3677	1599	21872
754000	269	145	367	716	8733	3691	1985	20617
755000	253	132	253	778	8794	3744	1788	21976
756000	280	162	364	798	8379	3933	1818	20289
757000	235	136	301	751	8323	4219	1666	21135
758000	237	144	361	688	8318	4167	1708	20364
759000	248	174	372	866	8037	4174	2183	21038
760000	242	166	387	792	7968	4321	1753	20802
761000	241	154	347	735	8354	4080	1682	22329
762000	282	146	259	694	8529	4052	1917	21131
763000	296	173	284	798	8421	3919	1934	20873
764000	271	175	312	728	8359	4112	1980	22535
765000	246	183	290	657	8313	4286	1610	21131
766000	251	146	238	830	8267	4214	1880	21435
767000	215	149	303	796	8153	4338	1919	20613
768000	186	178	353	830	8044	4333	2049	21049
769000	267	175	287	811	7807	4589	1746	20043
770000	234	217	314	935	7527	4735	2351	20012
771000	213	226	292	1159	7350	4730	2273	19147
772000	219	218	261	1263	7021	5032	2643	20324
773000	187	203	296	1227	6921	5144	2645	20756
774000	185	206	349	1482	6812	4901	3172	18994
775000	200	246	365	1323	6822	4978	2894	19640
776000	179	250	341	1520	6344	5335	2839	19343
777000	186	246	346	1777	5910	5497	3487	19431
778000	172	243	417	1563	6061	5479	3334	19342
779000	188	251	359	1734	6155	5295	3432	19055
780000	192	213	354	1721	6042	5374	3701	19784
781000	165	236	326	1874	5717	5644	3561	19046
782000	166	239	405	1891	5329	5843	3874	18672
783000	147	261	413	2006	5345	5761	3871	19096
784000	153	293	419	2065	5147	5878	4046	18357
785000	156	265	479	2091	4787	6131	4264	17695
786000	143	245	354	1909	4583	6721	3724	19407
787000	105	289	313	2014	4496	6777	4029	19099
788000	140	278	307	2098	4533	6637	4066	19085
789000	117	307	302	2111	4804	6375	4362	19776
790000	131	260	315	1999	4614	6646	4161	19306
791000	167	310	338	2211	4552	6376	4166	18796
792000	154	258	446	2217	4580	6296	4451	18561
793000	149	254	352	2075	4666	6442	4063	19721
794000	150	265	297	2019	4985	6239	3889	18980
795000	144	244	348	2390	4473	6381	4088	18742
796000	151	328	412	1960	4364	6760	4035	17930
797000	168	301	301	1950	4647	6624	3378	18946
798000	125	307	337	2264	4822	6145	4226	18292
799000	160	241	346	2312	4714	6193	4310	18339
800000	154	249	272	2269	4653	6399	4292	19232
801000	164	303	281	2389	4583	6330	4177	18673
802000	143	273	328	2439	4445	6361	4696	19494
803000	147	282	324	2206	4585	6429	3917	18401
804000	158	305	307	2383	4515	6320	4650	17759
805000	137	261	369	2411	4611	6169	4550	17368
806000	157	318	271	2260	4720	6325	4310	18978
807000	182	278	236	2247	4973	6074	4607	18142
808000	184	250	359	2107	4942	6065	4056	19010
809000	143	273	293	1924	5136	6260	3597	19286
810000	186	253	348	1812	5296	6082	3647	18643
811000	166	257	340	1921	5488	5830	4112	19794
812000	161	227	347	1704	6004	5553	2844	20605
813000	187	261	440	1657	5790	5586	3650	17969
814000	168	255	379	1534	5434	6193	2822	19198
815000	162	241	275	1662	5646	6017	3230	19318
816000	168	237	349	1688	5564	5949	3451	19622
817000	181	212	434	1620	5467	6020	3475	19829
818000	191	254	365	1569	5674	5887	3705	19187
819000	178	255	413	1728	5315	6023	3507	19376
820000	152	261	333	2087	5115	6015	4021	18576
821000	142	284	328	2186	4669	6357	4089	18503
822000	167	285	239	2336	4452	6568	4159	18956
823000	115	301	353	2049	4466	6693	4362	19146
824000	160	250	354	2120	4868	6250	3572	19831
825000	145	319	421	1977	4594	6498	4185	18343
826000	134	261	413	2369	4692	6070	4954	18839
827000	160	309	330	2433	4864	5870	4328	16822
828000	142	285	314	2082	5096	6098	4141	18802
829000	141	233	360	1912	5385	5915	4219	19539
830000	157	247	335	2054	5539	5652	4162	19363
831000	161	251	334	2394	5065	5735	4434	18174
832000	157	308	441	2451	4704	5867	4338	17872
833000	129	305	444	2445	4631	5949	4710	18211
834000	127	265	273	2112	4834	6396	3566	19319
835000	136	301	276	2198	4618	6489	4086	18574
836000	118	311	304	2198	4891	6236	4200	17776
837000	143	242	412	2515	4543	6091	5382	18509
838000	130	320	434	2789	4270	5957	5602	17356
839000	130	254	323	2964	4581	5761	5000	17780
840000	137	267	282	2895	4419	6016	5461	18056
841000	130	284	415	2829	4502	5821	5403	17516
842000	132	330	402	2889	4543	5626	5338	18135
843000	146	286	432	2741	4508	5785	5307	17704
844000	142	285	358	2525	4538	6071	4684	17973
845000	139	269	353	2588	4479	6147	5034	18368
846000	175	274	289	2439	4460	6317	4041	18089
847000	116	287	399	2797	4189	6183	5716	17597
848000	138	311	433	2901	4153	5998	5313	17625
849000	116	302	354	2959	3884	6378	5084	17595
850000	116	301	347	2773	3818	6624	5258	17076
851000	142	325	379	2665	3897	6563	5551	17436
852000	102	311	328	2616	4058	6577	5133	18251
853000	133	316	285	2761	4289	6237	5204	18311
854000	124	301	271	2670	4284	6370	5273	18523
855000	153	279	319	2644	4037	6577	4526	17831
856000	117	359	315	2437	4115	6695	4740	17846
857000	118	336	303	2087	4443	6719	4553	18895
858000	137	344	306	1896	4325	7020	3490	18929
859000	147	270	302	1815	4778	6688	3513	19763
860000	161	261	342	1759	4863	6554	3990	19277
861000	131	272	339	2219	5047	5974	4654	18615
862000	135	303	346	1963	4735	6494	4228	19134
863000	148	310	341	2163	4789	6229	3902	18281
864000	98	304	269	2116	4714	6552	4429	19606
865000	148	355	259	2172	4377	6718	4258	18295
866000	126	320	309	2070	4379	6806	4269	19728
867000	141	311	252	1855	4688	6803	3906	19713
868000	164	329	232	1998	4914	6384	4032	18854
869000	150	279	331	1917	5037	6282	3873	18134
870000	178	238	299	1960	4902	6412	3830	18886
871000	170	295	237	1899	5119	6308	3223	19199
872000	131	266	339	1580	5076	6625	3182	19568
873000	179	266	346	1601	5056	6519	3537	19588
874000	148	325	304	1739	4876	6606	3644	19573
875000	152	271	311	1803	4799	6662	3670	19037
876000	171	289	329	1740	5297	6158	3483	20225
877000	170	280	264	1637	5535	6125	3319	20247
878000	152	235	344	1459	5518	6267	3379	19896
879000	154	304	270	1385	5317	6561	2977	19957
880000	165	229	212	1488	5682	6262	2991	20479
881000	168	269	329	1448	5915	5853	2906	19977
882000	187	227	382	1510	6266	5359	3663	18597
883000	179	267	387	1265	6191	5638	2783	18918
884000	192	222	317	1285	6259	5705	2885	20468
885000	173	224	369	1436	6245	5502	3078	19053
886000	181	229	436	1863	6121	5084	4024	18752
887000	183	223	441	1784	5976	5282	3986	18929
888000	196	268	300	1846	5866	5473	4095	20182
889000	197	244	334	1443	5942	5754	3115	20199
890000	158	232	311	1336	6257	5705	2649	20036
891000	174	240	289	1419	6204	5705	2663	20030
892000	175	249	298	1577	5670	6020	3301	19438
893000	181	249	376	1801	5471	5888	3707	20054
894000	175	294	356	1635	5186	6309	3433	18311
895000	164	280	271	1624	5359	6296	3240	19921
896000	167	284	303	1465	5632	6132	2851	19648
897000	152	296	263	1498	5261	6547	2824	19638
898000	185	256	342	1602	5444	6149	3407	20001
899000	154	286	282	1775	5452	6028	3676	19472
900000	169	240	300	1749	5526	6006	3796	19651
901000	197	307	295	1499	5404	6291	3178	20194
902000	177	281	370	1760	5370	6025	3419	19308
903000	157	207	275	1705	5912	5767	3229	19031
904000	161	234	308	1881	5768	5603	3750	20062
905000	191	234	361	1919	5959	5267	3890	17249
906000	149	248	394	1872	5598	5649	3869	18864
907000	189	280	374	2145	5186	5726	4708	18901
908000	134	245	415	1986	5303	5837	4328	19137
909000	174	287	365	2133	5301	5655	3748	18476
910000	176	306	443	2369	5046	5541	4613	17617
911000	186	273	406	2296	4981	5746	4334	18853
912000	172	272	366	1898	5347	5876	3464	19144
913000	162	304	325	1865	5525	5784	3836	20127
914000	153	250	321	1732	5407	6114	3290	19572
915000	148	234	295	1921	5120	6305	3790	19288
916000	145	256	307	2139	5188	5988	4423	19184
917000	160	276	480	2076	4779	6105	4130	17676
918000	184	268	346	2169	5194	5803	3998	19758
919000	149	261	342	1958	5286	5978	4099	20139
920000	173	223	303	1793	5584	5867	3585	20102
921000	185	264	413	1702	5673	5690	3351	19788
922000	189	232	285	1751	5837	5668	3387	20140
923000	188	212	364	1574	6009	5616	2824	20297
924000	189	210	262	1246	6100	5989	2799	20860
925000	184	235	307	1277	6081	5908	2875	20010
926000	167	202	302	1132	5836	6295	2361	20983
927000	163	253	259	1178	5971	6205	2609	20954
928000	185	220	271	1075	5650	6595	2262	20294
929000	198	257	255	1237	5877	6174	2587	20133
930000	187	197	232	1121	5993	6267	2837	20754
931000	199	257	232	1363	6055	5896	2752	18514
932000	159	224	297	1382	5994	5906	2630	20280
933000	189	260	293	1207	6329	5706	2316	20478
934000	178	224	369	1317	6004	5862	2519	19963
935000	164	243	308	1260	5990	6080	2543	19850
936000	176	242	337	1462	5999	5725	3392	19988
937000	205	248	342	1616	5802	5710	3104	19099
938000	158	243	277	1693	5650	5981	3212	19575
939000	183	214	306	1532	5941	5809	3015	20328
940000	187	249	371	1496	5920	5737	3097	19439
941000	178	255	392	1641	5840	5640	3511	19382
942000	164	273	335	1710	5883	5590	3035	18970
943000	199	260	360	1549	5887	5721	3217	19259
944000	164	221	383	1581	5386	6253	3518	19456
945000	173	247	295	1684	5507	6075	3462	19534
946000	193	245	435	1582	5443	5950	3328	19070
947000	194	208	460	1596	5635	5794	3269	19808
948000	137	260	298	1959	5518	5829	3893	18370
949000	176	266	389	2365	5079	5657	4064	19064
950000	155	289	393	2402	5089	5611	4264	18502
951000	143	236	464	1810	5217	6019	3795	19027
952000	181	274	337	2257	5390	5547	4218	18145
953000	187	257	395	2378	5385	5368	4395	18116
954000	132	275	398	2252	5113	5774	4559	18137
955000	162	242	380	2089	5100	5971	3937	19486
956000	147	257	335	2125	5360	5782	4159	19458
957000	147	259	383	2203	5223	5711	4003	18285
958000	163	252	375	1948	5228	5976	3814	18637
959000	155	276	374	1947	5079	6158	3668	18948
960000	169	210	279	1770	5452	6075	3662	18983
961000	202	284	408	1757	5427	5804	3312	19227
962000	170	264	259	1896	5257	6157	3173	19585
963000	162	253	259	1894	5312	6136	3568	19009
964000	163	269	329	1787	5072	6320	3305	19901
965000	170	254	297	1980	5105	6176	3600	20073
966000	165	240	388	1974	5183	6001	4200	19260
967000	134	251	382	2031	5176	5972	3744	18705
968000	157	280	288	1987	5065	6227	3737	19191
969000	155	265	326	1983	5059	6177	4054	19202
970000	132	259	390	2077	4733	6346	4098	18903
971000	126	315	340	2113	4597	6461	4098	19352
972000	128	278	292	2455	4285	6567	4499	19432
973000	115	306	308	2404	4299	6528	4989	18560
974000	137	283	388	2152	4331	6670	4276	18821
975000	110	283	302	2475	4504	6347	4192	18994
976000	141	300	340	2522	4409	6308	4799	19451
977000	143	296	355	2451	4559	6157	4782	18416
978000	136	299	358	2376	4262	6511	4592	18720
979000	117	280	325	2509	4274	6491	4709	18324
980000	137	274	421	2667	3947	6505	5354	18138
981000	137	296	332	2770	4035	6436	5095	18024
982000	114	317	257	2443	4308	6570	4694	18516
983000	164	292	395	2625	4256	6217	5248	17978
984000	125	357	269	2491	4082	6653	4416	18734
985000	118	266	319	2270	4071	6923	4659	18073
986000	113	317	240	2537	4066	6791	4546	17555
987000	146	303	289	2461	4010	6839	5022	17667
988000	152	323	249	2234	4374	6666	3902	19626
989000	124	288	418	2426	4377	6319	4971	17934
990000	157	256	302	2445	4028	6781	4985	18208
991000	131	273	356	2812	3799	6575	5491	18540
992000	95	332	409	2600	3440	7069	5330	17696
993000	109	373	228	2434	3438	7468	4451	18224
994000	126	377	300	2434	3306	7475	4549	17953
995000	90	331	275	2862	3269	7212	4869	18169
996000	90	354	284	2994	3198	7088	5348	17224
997000	102	346	241	3299	3268	6808	6126	16776
998000	103	361	286	3258	3170	6831	5986	16147
999000	113	352	367	3255	3221	6655	5598	16185
