0	0	0	0	14400	0	0	0	0
1000	24	465	520	12822	83	34	22965	180
2000	33	354	740	12613	57	12	22358	154
3000	31	461	878	12358	35	22	21733	147
4000	50	369	1151	12025	17	6	23497	34
5000	42	384	1481	11496	8	0	22992	0
6000	34	372	1476	11476	6	0	21395	10
7000	56	447	1469	11438	12	0	21881	19
8000	46	390	1569	11309	38	25	21961	49
9000	72	423	1465	11328	89	6	21343	227
10000	58	497	1371	11391	66	78	22332	343
11000	38	389	1368	11752	2	22	21804	52
12000	49	414	1224	11788	8	48	22526	68
13000	46	394	1313	11585	80	51	21492	99
14000	44	402	1026	12120	25	49	21865	105
15000	34	413	1076	12021	0	94	22133	112
16000	38	440	1028	12041	1	121	21543	366
17000	41	385	1039	12010	0	158	22445	253
18000	24	373	978	12155	6	143	22320	230
19000	27	429	1280	11565	3	201	22247	377
20000	43	370	1234	11674	23	207	21914	431
21000	53	446	1521	11135	3	191	21663	380
22000	69	361	1618	10993	2	226	23280	361
23000	72	425	1636	11014	0	164	20842	230
24000	28	410	1138	11817	9	189	22281	358
25000	48	371	1123	11851	14	156	22453	362
26000	45	386	1227	11690	26	132	22004	290
27000	49	395	1236	11619	3	218	22104	244
28000	34	363	1325	11587	17	192	22709	436
29000	49	419	1123	11721	0	262	20967	521
30000	38	361	1440	11477	8	91	22700	208
31000	51	451	1468	11162	80	162	19911	341
32000	41	374	1194	11877	54	83	21768	180
33000	41	392	1107	11888	150	64	21854	368
34000	56	389	1155	11675	178	142	22486	502
35000	71	411	1108	11608	106	316	21040	667
36000	48	413	1321	11277	126	277	21537	713
37000	57	350	1404	11192	153	312	21990	695
38000	37	362	1420	11173	69	335	22466	499
39000	50	346	1600	10837	111	403	21852	770
40000	75	434	1216	11203	66	476	20534	1000
41000	39	487	1247	11565	49	209	20747	477
42000	42	393	995	12180	38	68	22148	182
43000	48	372	1358	11663	0	16	21147	30
44000	59	412	1102	12011	40	2	22549	54
45000	36	447	1052	12009	52	22	21745	158
46000	39	455	1072	11918	76	46	22474	267
47000	30	362	1118	11987	32	103	23948	409
48000	49	419	1143	11865	39	86	22185	200
49000	45	403	1296	11621	44	91	20869	180
50000	66	443	1355	11400	45	166	22830	327
51000	27	405	1180	11705	26	204	21501	275
52000	33	443	1116	11918	0	128	22330	128
53000	62	401	1203	11760	13	77	21424	158
54000	48	415	1267	11640	52	126	22529	159
55000	29	334	1175	11927	26	65	22895	254
56000	20	419	1122	11971	0	80	22301	91
57000	39	410	1334	11675	0	27	23121	38
58000	26	412	1024	12212	4	34	22306	51
59000	47	419	1177	11833	96	8	21839	198
60000	59	379	1353	11465	115	144	20678	381
61000	61	368	1634	11136	76	29	21218	113
62000	34	368	1147	11957	20	35	22559	83
63000	35	412	1202	11898	0	25	21325	84
64000	61	443	1124	11860	86	11	21570	247
65000	37	375	1197	11862	74	21	22592	203
66000	44	367	1183	11870	73	42	22860	267
67000	64	358	1386	11540	47	44	21854	167
68000	46	484	1254	11739	14	54	21875	103
69000	45	376	1231	11895	0	31	22977	62
70000	52	422	1347	11620	0	22	21889	6
71000	19	390	1233	11703	143	26	22126	361
72000	61	397	1398	11383	97	97	22013	189
73000	49	389	1734	11005	43	20	21710	128
74000	66	415	1500	11333	56	6	22468	151
75000	71	447	1811	10788	12	62	21695	219
76000	70	369	1723	11016	43	46	21514	113
77000	78	380	1743	11032	26	0	21384	44
78000	57	392	1418	11562	0	0	22827	31
79000	54	363	1478	11238	135	64	21849	299
80000	58	412	1468	11330	83	39	21427	226
81000	70	396	1721	10842	70	144	20606	346
82000	64	370	1887	10626	61	111	20592	279
83000	71	404	1641	11088	72	28	22077	178
84000	65	368	1720	10975	61	66	20808	252
85000	56	363	1424	11540	35	54	21877	172
86000	52	504	1071	11892	41	67	19863	149
87000	43	368	1359	11638	12	67	21623	135
88000	38	402	1133	11957	15	91	22271	147
89000	61	415	1510	11373	0	57	21222	72
90000	38	334	1469	11512	1	38	23019	70
91000	58	413	1434	11431	35	24	21727	71
92000	44	390	1322	11757	0	49	21397	75
93000	29	371	1289	11823	0	15	22037	33
94000	37	390	1216	11923	0	48	22115	91
95000	28	447	1078	12051	0	52	21173	181
96000	34	480	1277	11736	0	23	22555	59
97000	46	431	1401	11622	0	21	23407	44
98000	41	381	1321	11640	102	0	22419	39
99000	54	398	1325	11550	84	63	21488	189
100000	45	423	1392	11396	98	68	22045	189
101000	40	392	1396	11554	57	16	21782	172
102000	64	363	1430	11456	35	73	22035	154
103000	67	304	1685	11024	51	145	22601	337
104000	71	347	2104	10306	33	123	20719	324
105000	71	397	2052	10439	0	49	20017	54
106000	71	377	2067	10547	0	7	20568	10
107000	75	404	1808	10824	64	0	22092	96
108000	62	393	1505	11306	43	19	21937	95
109000	78	367	1806	10932	15	35	20765	86
110000	66	452	1534	11330	0	15	22137	95
111000	71	323	1680	11230	0	3	22635	34
112000	61	395	1342	11652	43	11	21373	61
113000	33	444	1260	11757	28	5	22599	9
114000	51	400	1467	11435	15	9	22060	14
115000	57	427	1475	11394	59	10	21162	115
116000	55	417	1317	11545	86	83	22522	205
117000	42	356	1185	11748	66	121	22581	360
118000	66	379	1563	11161	12	134	21051	305
119000	40	435	1453	11336	0	91	20258	166
120000	29	454	1532	11326	2	57	21267	135
121000	45	334	1718	11122	0	29	21641	49
122000	86	385	1822	10837	16	6	20769	56
123000	44	411	1730	10884	111	45	22204	363
124000	24	448	1512	11398	30	27	21528	131
125000	69	384	1637	11093	23	12	21281	26
126000	69	414	1935	10556	123	1	22075	146
127000	54	354	1976	10460	193	87	20632	592
128000	92	351	2035	10401	30	31	20811	89
129000	61	398	1527	11220	30	105	21926	152
130000	55	411	1614	11169	0	28	21084	117
131000	51	390	1744	11101	0	0	21456	1
132000	93	360	1800	10830	19	42	20890	139
133000	92	342	1780	10940	46	1	21527	55
134000	52	396	1754	11082	9	0	21483	38
135000	40	392	1790	10885	63	13	21016	167
136000	71	390	1812	10692	102	144	20791	409
137000	71	425	1870	10656	81	77	21701	348
138000	72	369	1677	10842	101	177	21848	479
139000	57	326	1909	10565	125	124	21002	329
140000	55	363	1782	10668	115	290	20916	644
141000	54	387	1440	11062	181	337	20494	889
142000	61	343	1424	11028	163	442	21492	966
143000	51	349	1479	10909	178	417	21157	1030
144000	53	405	1714	10482	134	451	20100	826
145000	72	395	1861	10159	140	532	21056	977
146000	66	366	1761	10485	119	434	21046	899
147000	71	400	1776	10561	50	404	20647	704
148000	88	379	1584	10528	128	579	21197	1325
149000	70	428	1454	10889	156	406	20394	861
150000	65	416	1587	10552	217	504	19864	1218
151000	53	318	1553	10680	124	595	20929	1321
152000	56	404	1363	10729	119	752	21122	1467
153000	86	392	1419	10712	126	687	20493	1151
154000	66	417	1685	10343	204	585	20725	1432
155000	79	428	1500	10577	180	663	21410	1428
156000	59	374	1432	10408	328	795	20560	1894
157000	67	412	1506	9936	479	923	19580	2683
158000	74	372	1622	9765	467	939	20059	2451
159000	78	383	1596	9604	638	1011	18618	2581
160000	89	329	1965	9680	433	612	19592	1889
161000	87	346	1753	9870	606	586	18737	1937
162000	58	454	1653	9818	508	771	18570	2080
163000	62	401	1516	10071	328	1018	19227	2697
164000	57	362	1752	9785	325	967	20006	1983
165000	56	403	1963	9416	199	1095	19270	1845
166000	55	334	1574	10075	439	869	19440	2331
167000	82	389	1475	9824	518	1089	19494	2490
168000	56	385	1301	10069	456	1203	20526	2803
169000	78	442	1435	10113	314	1000	19854	2122
170000	69	394	1445	10534	278	749	20185	1992
171000	74	357	1385	10374	359	896	20284	2177
172000	39	404	1577	9925	349	1037	20539	2204
173000	59	343	1466	9840	439	1254	19990	3065
174000	46	386	1291	10225	402	1188	21008	2357
175000	69	401	1193	10125	340	1456	18856	2900
176000	52	377	1292	9937	349	1555	18925	2966
177000	47	375	1399	9791	404	1437	18853	3298
178000	66	433	1158	9766	441	1686	19038	3199
179000	50	371	1154	9636	484	1914	18416	4508
180000	49	440	1307	9146	473	2070	18419	4280
181000	68	415	1273	9494	547	1717	18012	3674
182000	73	404	1368	9101	454	2027	17966	4182
183000	61	313	1439	9025	501	2091	18464	4028
184000	78	416	1206	9097	492	2238	17615	4613
185000	50	388	1339	9261	447	2014	18113	4068
186000	53	336	1386	9045	627	1975	17942	4782
187000	80	404	1129	9071	595	2254	16740	4605
188000	55	370	1337	8805	524	2383	17049	4873
189000	47	398	1582	8496	675	2181	16341	5103
190000	92	363	1346	8253	688	2663	15829	5678
191000	65	436	1081	8233	686	3148	16174	6644
192000	85	385	1181	8515	728	2633	16277	5722
193000	64	375	1034	8543	823	2798	16353	6270
194000	52	424	1192	8237	793	2923	16143	6478
195000	54	437	1248	7972	703	3120	16000	6615
196000	67	364	1364	8025	786	2905	15462	6071
197000	68	401	1127	7934	868	3222	15284	7281
198000	84	359	1158	8097	767	3108	15005	7018
199000	77	386	1027	8071	810	3349	15932	7058
200000	52	379	1218	8501	564	2890	15463	5548
201000	52	439	1060	9088	635	2362	16591	4937
202000	48	454	990	9599	721	1850	18738	4253
203000	48	417	1110	9052	865	2110	16489	5065
204000	70	400	1107	8639	844	2584	16748	5748
205000	48	364	1274	9028	760	2055	16942	4550
206000	79	404	1333	8381	679	2624	16734	5726
207000	63	333	1028	8688	865	2695	16427	5685
208000	68	402	1140	8426	1010	2557	15886	5817
209000	64	382	1174	8476	878	2589	16558	5664
210000	53	374	1117	8820	950	2278	17093	5384
211000	85	372	1334	8761	855	2040	16873	4948
212000	80	401	1201	8768	839	2248	16646	5353
213000	70	388	1461	8517	670	2300	17109	5098
214000	66	377	1373	8692	654	2273	17024	4306
215000	64	410	1123	8710	850	2396	16510	5593
216000	48	391	959	9353	492	2484	18256	5274
217000	48	393	1054	9497	375	2305	17475	4461
218000	72	459	1116	9060	518	2417	17886	4668
219000	97	369	1370	8903	520	2136	16536	4129
220000	98	357	1740	8252	754	2097	16980	4952
221000	127	374	2186	7461	799	1947	15470	4186
222000	112	310	2332	7318	1040	1706	16504	5005
223000	113	337	1899	7663	829	2292	15730	5533
224000	66	334	1503	8533	705	2267	17715	5578
225000	80	322	1777	8158	609	2281	17108	4367
226000	96	432	1525	8812	513	1958	17150	4593
227000	45	385	1323	9297	412	2032	18294	4317
228000	63	391	1227	9592	468	1818	17187	4033
229000	65	393	1406	9385	460	1739	18856	3478
230000	73	369	1421	9648	425	1492	18738	3885
231000	48	370	1505	9656	253	1539	18411	3173
232000	58	376	1323	9901	427	1411	19001	3271
233000	57	462	1443	9454	406	1619	18725	3348
234000	43	397	1179	9447	564	1933	18000	4033
235000	71	377	1356	8891	704	2103	17978	3930
236000	57	372	1395	8713	724	2166	17255	5330
237000	65	372	1569	7937	850	2522	16787	5897
238000	63	367	1453	8080	1304	2142	16325	6202
239000	66	359	1341	8793	1140	1776	16673	4899
240000	81	349	1661	8577	1161	1476	16994	4217
241000	105	379	1662	8505	884	1693	17290	4675
242000	68	398	1685	8505	744	1883	17403	4892
243000	70	405	1434	8883	685	1883	17481	4288
244000	63	372	1573	8471	614	2155	16981	4970
245000	93	379	1501	8261	680	2402	16984	5161
246000	65	330	1142	8377	938	2762	15170	5987
247000	52	384	1174	7987	704	3273	15567	6863
248000	59	385	987	8107	819	3334	15912	7440
249000	52	420	1074	8282	855	2939	15260	6772
250000	74	409	1291	8245	857	2650	15402	6108
251000	81	336	1331	7882	972	2940	15284	7041
252000	86	402	1185	8031	863	2961	15785	6351
253000	60	345	1062	7875	1212	3051	14503	7103
254000	94	425	1409	7945	1040	2537	15437	6118
255000	84	384	1456	8258	1014	2270	16444	5413
256000	84	319	1505	8177	1087	2216	16168	5654
257000	121	410	1598	8462	817	1848	17334	4876
258000	86	381	1926	8375	631	1711	16903	4034
259000	81	437	1824	8402	609	1799	18037	3478
260000	81	409	1457	9057	595	1814	18075	3774
261000	75	383	1344	9021	629	1946	17275	4485
262000	82	342	1270	9196	602	2003	18680	4302
263000	72	312	1473	8987	698	1883	17420	4673
264000	72	381	1449	8354	632	2562	16911	5322
265000	56	390	1548	8430	685	2225	15982	4744
266000	94	378	1319	8652	724	2281	16330	5106
267000	81	365	1319	8561	790	2392	16473	5424
268000	77	374	1363	8486	689	2494	16821	5435
269000	99	376	1769	8277	866	1812	16360	4611
270000	59	360	1450	8970	471	2087	17611	3853
271000	76	393	1440	8976	562	1953	17605	4432
272000	67	417	1549	8663	703	1941	17763	4357
273000	58	314	1616	8264	998	2048	17167	4866
274000	70	372	1794	8157	869	1923	17110	4710
275000	66	317	1813	8253	773	2017	16338	5050
276000	120	389	2026	7395	849	2297	15953	5630
277000	95	354	1799	7883	810	2249	15788	4475
278000	95	359	1650	8239	885	2037	16942	5014
279000	107	393	1622	8453	927	1761	17608	4561
280000	61	324	1569	8360	935	2103	16778	5186
281000	85	381	1311	8464	713	2505	17237	5326
282000	65	399	1361	8153	669	2808	16305	6482
283000	41	403	1251	8317	738	2764	16056	5789
284000	73	403	1422	8031	810	2659	16487	5514
285000	81	443	1423	8161	718	2587	15056	6116
286000	78	416	1504	7759	840	2715	14543	6132
287000	66	372	1405	8024	957	2620	15303	6520
288000	107	374	1409	7596	1056	2872	15416	6917
289000	103	358	1203	7786	1233	2848	15553	7207
290000	82	361	1568	7447	1182	2728	15258	6903
291000	99	329	1412	7327	1342	2953	14218	6941
292000	92	326	1458	6762	1557	3151	14920	8032
293000	76	335	1442	6933	1458	3207	14276	7762
294000	69	322	1527	6899	1016	3517	14779	7893
295000	77	287	1715	6882	937	3327	15275	6847
296000	64	371	1480	7421	942	3134	15380	7244
297000	82	400	1378	7681	1054	2826	15372	6132
298000	124	322	1765	7543	1276	2070	15629	5282
299000	163	358	1738	7062	1547	2270	14442	6036
300000	110	351	1918	6750	1319	2622	14519	6641
301000	97	357	2038	6673	1265	2591	14815	6120
302000	106	299	2143	6909	1209	2291	15051	6323
303000	132	310	2047	7072	1235	2211	15143	6310
304000	109	318	1646	7606	1320	2261	15844	5660
305000	93	348	1369	7750	1134	2740	15842	6724
306000	78	356	1520	7487	1018	2934	14600	7152
307000	68	418	1559	7172	1181	2975	15427	7162
308000	90	329	1512	7568	1316	2581	16233	6789
309000	81	389	1550	7871	1070	2420	15589	5919
310000	91	362	1591	7788	1080	2428	15850	5566
311000	93	299	1634	7558	1079	2574	15603	5507
312000	95	354	1541	7913	918	2532	15505	5814
313000	75	347	1499	7851	719	2854	15856	6034
314000	101	319	1605	7631	875	2746	15878	6169
315000	66	401	1581	8139	640	2517	15940	5473
316000	93	361	1550	8283	503	2545	16864	5413
317000	75	353	1383	8712	513	2337	17057	4125
318000	73	369	1263	8890	569	2389	17686	5448
319000	86	361	1424	8569	603	2365	16794	4913
320000	60	331	1464	8394	551	2587	16983	5427
321000	78	366	1398	8846	580	2131	17215	4839
322000	51	407	1311	9118	632	1955	17104	4694
323000	93	365	1357	8598	810	2225	16704	4742
324000	55	392	1340	8976	610	2129	17715	4144
325000	72	401	1515	9111	662	1631	17903	4399
326000	62	387	1106	10240	394	1444	18727	3373
327000	34	417	1032	10365	286	1536	18869	2684
328000	62	383	1053	10450	283	1414	19848	2783
329000	44	442	1059	10612	298	1145	19575	2904
330000	51	390	1230	10178	341	1366	20443	2904
331000	37	428	1185	10395	152	1359	19674	2841
332000	44	406	902	10933	230	1237	19515	2566
333000	57	395	963	10772	225	1282	19555	2991
334000	25	395	843	11189	158	1117	20045	2216
335000	36	390	931	10805	213	1362	20299	2461
336000	40	418	1054	10437	254	1471	20785	3136
337000	31	368	888	10159	342	1927	18217	4110
338000	41	417	1090	9830	358	1854	18019	3709
339000	40	387	1108	10098	394	1636	19524	3352
340000	58	435	1336	9809	346	1445	19161	2961
341000	57	376	1467	9837	171	1507	20093	3052
342000	41	357	1169	10141	204	1616	19153	3179
343000	42	482	1120	10116	257	1613	19211	3054
344000	48	409	1405	9929	259	1441	18793	3068
345000	57	394	1687	9398	507	1228	18282	2638
346000	75	411	1300	9675	447	1579	18401	3622
347000	52	337	1639	9033	424	1778	18353	3386
348000	75	415	1582	8607	518	2075	18122	4307
349000	77	431	1518	8660	667	1998	18048	4057
350000	92	324	1680	8625	442	2106	16546	4443
351000	72	361	1376	9342	664	1629	19146	3851
352000	65	368	1667	8371	480	2292	16653	4300
353000	73	378	1278	9018	622	2212	17555	4445
354000	79	394	1659	8227	594	2379	16353	5295
355000	57	388	1409	8544	961	2017	17090	5208
356000	95	433	1536	8236	970	2044	16383	5222
357000	75	422	1426	8623	840	2032	17004	4963
358000	68	374	1413	8713	881	1980	17393	4940
359000	66	376	1399	8657	1012	1927	17074	5042
360000	62	379	1551	8061	1043	2252	16613	5571
361000	97	334	1650	7676	1104	2394	15477	5715
362000	79	376	1598	8177	930	2168	15850	5082
363000	133	416	1666	8227	841	1943	17411	4625
364000	84	323	1651	8137	838	2240	16829	5382
365000	74	310	1607	8232	1040	2101	16769	4994
366000	90	375	1445	8278	970	2205	16444	4898
367000	81	411	1673	8152	759	2191	15914	4962
368000	66	418	1486	8706	725	1966	18026	4958
369000	40	385	1307	9403	648	1729	17863	3749
370000	66	370	1161	9524	622	1820	17655	4213
371000	62	388	1233	9389	817	1618	17967	3964
372000	44	476	1000	9363	630	2168	17028	4831
373000	66	406	1176	9149	595	2195	17431	4689
374000	44	425	1053	9123	704	2262	17209	4651
375000	75	373	1252	8775	929	2067	17581	4854
376000	87	338	1415	8708	839	2012	17081	4522
377000	94	378	1576	8250	970	2040	16699	5303
378000	78	385	1487	8219	1096	2122	16570	5621
379000	92	362	1688	7830	1197	2046	15169	5623
380000	87	373	1803	8020	897	2024	15819	5137
381000	101	321	1639	8405	1055	1750	17541	5249
382000	91	342	1593	8065	1408	1824	15904	5246
383000	114	318	1586	7895	1580	1795	16262	5634
384000	101	284	2135	7626	1185	1691	16514	5375
385000	113	305	2488	7115	922	1884	15987	4823
386000	150	320	2699	6587	1013	1781	14661	4758
387000	143	311	2455	7120	1099	1716	15300	4830
388000	91	340	1859	8204	882	1684	18531	4404
389000	108	370	1780	7909	1348	1682	16508	5291
390000	104	320	1935	7895	1043	1822	16676	4656
391000	118	314	2168	7479	891	2032	17134	5091
392000	133	333	1918	7592	1008	2085	15957	4844
393000	96	311	2071	7932	754	1926	17783	4393
394000	117	383	1882	7930	751	2039	15686	4924
395000	95	351	2072	7934	612	1910	16978	4423
396000	59	398	2044	8280	734	1612	17933	3603
397000	84	418	1567	8754	777	1783	17686	4673
398000	113	398	1394	8497	883	2119	16933	4849
399000	102	358	1229	8914	851	2038	16797	4781
400000	50	354	1227	8607	817	2470	16096	6130
401000	67	390	1206	8793	661	2475	17262	5580
402000	53	370	1229	9055	715	2079	17945	4446
403000	57	326	1353	8913	865	1968	17180	5026
404000	54	341	1373	9184	813	1671	18081	4582
405000	85	393	1613	8510	659	2030	17109	4848
406000	105	357	1726	8284	747	1993	16512	4854
407000	74	358	1337	8925	825	1964	17961	4932
408000	86	400	1688	8784	502	1763	18356	3533
409000	84	342	1395	8962	800	1848	16692	5051
410000	91	388	1720	8335	1007	1538	17949	3972
411000	114	317	1868	8093	1071	1712	16459	4987
412000	88	382	1580	8086	1115	2026	17003	5138
413000	113	368	1344	8378	996	2232	16491	5633
414000	105	317	1689	8259	917	1966	16347	5498
415000	65	404	1349	8712	771	2188	17670	5350
416000	52	354	1129	9472	655	1905	17833	4607
417000	63	345	1390	9321	604	1735	17343	3895
418000	50	347	1348	9475	490	1749	18270	4022
419000	61	353	1330	9737	491	1514	18532	3416
420000	45	407	1593	9515	370	1472	18109	2986
421000	53	337	1585	9523	422	1420	18869	3401
422000	56	369	1616	9847	293	1183	20707	2205
423000	110	354	1703	9145	620	1308	19119	3285
424000	65	403	1408	9481	586	1495	18122	3334
425000	61	391	1336	9587	645	1451	18128	3477
426000	86	407	1356	9348	750	1529	18257	3724
427000	78	356	1754	8530	702	1720	18364	4170
428000	73	403	1671	8983	497	1631	17320	3957
429000	79	404	1535	8977	769	1637	18740	4065
430000	162	337	1937	8104	1100	1352	17495	4051
431000	113	326	2133	8070	998	1327	16977	4172
432000	105	336	1734	8622	926	1475	19068	3919
433000	82	417	1721	8716	817	1462	17896	3680
434000	81	368	1457	9403	757	1393	17748	3370
435000	82	419	1368	9040	617	1936	18048	4168
436000	69	381	1460	9126	544	1772	17875	4480
437000	57	417	1369	9535	390	1695	19162	3638
438000	59	380	1221	9684	435	1772	19520	4120
439000	49	400	1173	10026	240	1650	19729	3485
440000	79	454	1183	9925	255	1622	18411	2950
441000	64	382	1126	9734	446	1824	18673	3539
442000	48	411	1347	9363	577	1744	19132	3919
443000	62	398	1455	9063	459	1977	18084	3777
444000	63	366	1741	8642	422	2018	18159	4271
445000	78	406	1492	8885	413	2150	17501	4450
446000	66	408	1558	8761	490	2039	17715	4161
447000	65	337	1573	8939	520	1893	18688	4316
448000	78	326	1620	8460	691	2204	17188	4684
449000	112	456	1440	7944	961	2478	15893	5807
450000	83	313	1351	8266	934	2466	16747	5874
451000	73	422	1520	8531	717	2068	16591	5129
452000	88	394	1344	8549	780	2300	16605	4768
453000	89	377	1735	8179	771	2089	17511	5548
454000	94	383	1610	8017	715	2497	14811	4972
455000	100	329	1712	7807	971	2304	16292	5487
456000	101	301	1420	7964	1017	2530	15833	5940
457000	130	399	1721	6973	1197	2741	14881	6901
458000	89	313	1855	6745	1320	2811	15050	6491
459000	94	341	1489	7477	1217	2702	15383	7036
460000	115	321	1788	7618	1120	2239	15550	6006
461000	90	348	1455	7588	1354	2575	14565	6119
462000	76	323	1411	7947	1327	2381	15714	6454
463000	124	343	1592	7195	1490	2469	14993	6479
464000	97	322	1552	6979	1799	2601	13952	7831
465000	131	316	1752	6728	1679	2594	13704	6694
466000	102	374	1667	6460	1548	3115	14205	8056
467000	126	377	1834	6398	1991	2416	13681	7177
468000	219	291	1990	6216	2157	2114	14117	7531
469000	151	314	1913	6078	1872	2782	13902	7661
470000	113	295	1847	5765	1989	3115	12703	8065
471000	107	336	1474	6463	1804	3210	12767	9014
472000	125	347	1430	6507	1678	3331	13942	9041
473000	136	354	1565	6608	1868	2792	12932	8110
474000	153	296	1687	6347	2026	2690	13718	8126
475000	111	367	1488	6369	1925	3031	13433	8043
476000	130	338	1159	6732	1960	3195	13349	9033
477000	110	374	1441	6754	1541	3197	14001	8158
478000	125	307	1506	6336	1752	3339	12780	9417
479000	95	302	1431	6633	1880	3177	14157	8663
480000	90	316	1280	6683	1759	3373	13371	8855
481000	128	359	1516	6300	1720	3226	13568	8152
482000	86	333	1167	6635	1727	3595	13522	9366
483000	135	335	1482	6525	1778	3060	12919	8476
484000	112	342	1772	5993	1738	3297	12719	8168
485000	159	319	1790	5429	1711	3770	12406	8680
486000	103	384	1509	5118	1649	4581	10584	10263
487000	112	386	1653	5231	1720	4215	11394	9188
488000	101	393	1174	6028	1661	4170	12451	10083
489000	81	351	1118	6344	1925	3763	12429	9912
490000	112	331	1181	6538	1683	3702	12752	8928
491000	104	348	1351	6635	1697	3397	13806	9278
492000	69	355	1176	6705	1534	3750	13148	9376
493000	87	400	1182	6249	1450	4202	11950	9956
494000	112	377	981	6051	1761	4383	11866	11003
495000	81	394	982	5957	1625	4595	12011	10022
496000	78	353	1265	6387	1048	4382	12425	9654
497000	79	435	1161	6980	1209	3769	13945	8765
498000	72	358	1055	7709	1108	3319	15199	7790
499000	97	319	1184	7152	1394	3413	14708	7882
500000	51	309	1240	7203	1440	3332	14026	8279
501000	69	331	1055	7050	1349	3778	13462	8481
502000	89	323	1074	7272	1399	3441	15074	8493
503000	113	311	1052	7198	1405	3485	14330	7984
504000	85	429	1300	6635	1579	3451	13082	8534
505000	127	288	1654	6152	1443	3601	13698	8788
506000	87	345	1284	6453	1609	3696	13391	8931
507000	98	387	1166	6343	1568	3941	12003	8856
508000	130	284	1583	5605	1841	3856	12211	9553
509000	82	391	1461	5342	2098	4023	11759	10133
510000	92	377	1349	5016	2071	4572	11175	10992
511000	122	325	1342	4676	2296	4632	10684	12618
512000	134	338	1409	4673	2226	4598	10209	11392
513000	96	325	1318	5070	2093	4565	10676	11154
514000	124	312	1383	4626	2355	4632	10549	11571
515000	140	298	1343	4607	2297	4737	10527	12059
516000	127	296	1136	4298	2604	5072	8222	12921
517000	117	283	1142	4724	2431	4829	9633	12121
518000	129	296	1108	4485	2562	5034	9780	13468
519000	122	326	962	4828	2805	4616	9915	13106
520000	154	283	1031	4476	3056	4545	10167	12445
521000	125	305	1186	4658	3028	4217	9929	12185
522000	134	324	1090	5036	2785	4209	10865	11454
523000	124	252	1177	5195	2150	4609	11577	11262
524000	122	336	993	4717	2486	4962	9463	12684
525000	143	335	1056	4215	2798	5057	9161	13456
526000	124	332	811	4363	2539	5541	8630	14065
527000	129	305	989	4194	2566	5435	9364	14464
528000	109	353	1137	4422	2219	5339	8977	13044
529000	138	294	1386	3986	2568	5061	9151	13144
530000	122	301	1266	3831	2553	5371	9001	12979
531000	130	313	1100	4035	2793	5219	8610	13304
532000	133	326	1272	4129	2958	4731	9260	12840
533000	165	321	1198	4074	2964	4794	8950	13841
534000	89	309	1142	3894	2844	5280	8129	13560
535000	130	290	1340	3932	2818	4936	9270	13302
536000	155	324	1432	4292	2758	4365	9561	12048
537000	167	247	1390	4310	2790	4490	9954	12355
538000	162	271	1716	4425	2737	3916	10189	10682
539000	137	277	1802	4228	2959	3734	10469	11331
540000	168	227	1831	4377	2859	3659	10966	11174
541000	167	355	1657	4423	2962	3672	10976	11392
542000	190	282	1770	4295	3274	3366	10399	11406
543000	172	324	1897	4506	2698	3502	10674	10693
544000	174	323	1699	4281	2817	3897	10805	11761
545000	135	231	1699	4624	3080	3393	11049	11317
546000	169	274	1560	4409	3550	3378	9786	11416
547000	191	282	1421	4227	3525	3665	9583	11370
548000	169	287	1549	3749	3717	3842	8616	12736
549000	195	266	1467	3354	3589	4441	8258	13983
550000	178	285	1191	2873	4269	4686	7055	14388
551000	158	264	1259	2949	4192	4634	6392	15626
552000	181	287	1150	2919	4114	4866	7053	15213
553000	193	293	1111	3190	3787	4952	7425	14762
554000	154	300	1145	3476	3562	4896	7999	14051
555000	178	256	1550	3359	3665	4240	8440	14252
556000	146	223	1558	3402	3869	4122	8871	13467
557000	148	269	1295	3520	4183	4068	7929	14748
558000	153	220	1621	3109	4016	4132	9122	14358
559000	226	265	1555	2273	4555	4335	7414	14694
560000	244	270	1750	2302	4808	3721	6589	13538
561000	262	206	1839	2006	5110	3582	6805	14073
562000	224	196	1615	2040	5548	3505	6392	16411
563000	220	228	1424	1916	5988	3571	5615	17014
564000	260	195	1256	2028	6120	3561	5524	16527
565000	282	195	1391	2122	5371	3939	6201	15121
566000	199	211	1405	2670	4689	4174	6988	14262
567000	223	215	1320	2582	4904	4153	7346	14911
568000	235	247	1371	2278	5281	3960	6307	16258
569000	242	249	1285	1717	5542	4409	4889	16988
570000	237	288	1241	1664	5349	4621	5244	15547
571000	215	231	1179	1637	5909	4338	4809	17393
572000	247	176	1447	1352	6146	4018	4860	16617
573000	248	240	1487	1564	5662	3998	5039	16181
574000	253	188	1653	1465	6136	3514	5183	16126
575000	284	150	1635	1422	6421	3212	5180	16610
576000	297	162	1748	1686	6358	2906	6307	16200
577000	222	179	1596	1830	6115	3353	5949	15858
578000	225	189	1814	1914	5550	3345	6801	15390
579000	200	197	1419	2681	5248	3654	6749	14702
580000	200	232	1678	2553	4668	3857	6488	14575
581000	211	278	1606	2869	4476	3750	7216	14518
582000	203	262	1689	2538	4611	3806	7307	14511
583000	233	217	1633	2375	4707	4064	6759	15329
584000	204	261	1463	2587	4418	4403	6943	14314
585000	203	325	1240	2694	4179	4794	7045	15284
586000	198	287	1314	2689	3947	4926	6760	15402
587000	173	269	1227	3238	4105	4449	7284	14402
588000	173	281	1274	3209	4165	4334	7574	14457
589000	208	225	1143	3172	4593	4132	8125	14319
590000	155	261	1369	2803	4222	4578	7266	14809
591000	205	234	1502	2856	4588	3893	7854	14206
592000	181	210	1255	3016	4665	4163	7110	15496
593000	195	265	1416	3265	4593	3661	8745	14000
594000	178	226	1148	3021	5035	3863	7482	16065
595000	226	298	1178	2706	5018	4114	6245	15841
596000	200	260	1366	2402	4609	4528	6252	15947
597000	194	220	1200	2326	5103	4446	6109	16649
598000	182	296	1101	2181	4878	4879	5440	17232
599000	187	212	1257	2606	4540	4584	6476	15991
600000	199	254	1164	2613	4649	4540	6645	16531
601000	234	242	1196	2412	4493	4872	6357	15591
602000	164	260	983	2768	4360	5067	5836	16753
603000	223	249	1261	2456	4133	5140	6439	15397
604000	180	294	1133	2433	4367	5115	5596	16227
605000	180	221	1158	2795	4040	5134	6585	15812
606000	217	265	1370	2814	4317	4473	6608	14629
607000	240	249	1498	2579	4085	4642	6842	15610
608000	174	246	1194	2714	4549	4589	6420	16821
609000	244	286	1325	2844	4401	4247	7221	14402
610000	204	256	1347	2948	4679	3927	8113	14303
611000	225	227	1673	3022	4220	3790	7423	13373
612000	211	223	1531	3081	3974	4252	8467	13361
613000	191	200	1355	2904	4541	4188	7073	15278
614000	169	244	1749	2682	4375	4060	7760	13934
615000	181	229	1570	2783	4181	4294	7211	14198
616000	213	335	1555	2859	3942	4390	7963	13727
617000	220	219	1308	2562	4598	4522	6535	15042
618000	197	277	1132	2366	4729	4806	5784	15651
619000	191	238	1320	2491	4589	4598	6202	15550
620000	239	207	1274	2376	5080	4207	6083	15741
621000	208	247	1283	2403	5247	4028	6025	15518
622000	215	187	1200	2185	5767	3923	5730	16191
623000	216	231	1409	2342	5044	4150	5983	15754
624000	248	189	1528	1982	4988	4390	5960	15768
625000	232	180	1540	2078	5388	3899	5946	15487
626000	233	191	1504	1849	5919	3592	5306	16370
627000	282	189	1525	1808	5565	3819	5475	15421
628000	202	135	1384	1408	6239	4021	4838	17984
629000	232	174	1297	1553	6529	3621	5001	16962
630000	299	206	1287	1128	6581	3885	4302	18689
631000	287	192	1006	1282	6787	3949	4048	17508
632000	232	190	1195	1444	6685	3679	4592	18138
633000	195	200	1238	1479	6410	3896	4183	16980
634000	265	206	1044	1577	6320	4116	4396	17808
635000	260	191	1226	1633	6200	3971	5253	16661
636000	268	154	1252	1581	6389	3733	4618	17064
637000	269	220	1294	1520	6048	4015	4861	17151
638000	264	173	1058	1893	6604	3546	4727	17214
639000	187	241	1290	1885	5895	3934	5517	16054
640000	233	196	1316	1691	6380	3583	5177	16443
641000	344	131	1495	1322	6686	3217	4794	16696
642000	287	181	1520	1705	6140	3422	5658	16235
643000	205	184	1266	1888	5648	4206	5874	16132
644000	213	241	1478	2198	5323	3823	6160	15636
645000	262	203	1378	2153	5722	3638	6514	15153
646000	268	228	1413	2256	5740	3394	6607	15467
647000	191	210	1505	2368	5506	3541	6558	15919
648000	198	207	1581	2626	4917	3683	7559	15205
649000	223	194	1302	2779	5206	3659	6340	15116
650000	202	288	1302	2370	5115	4149	6235	15274
651000	164	252	1247	2764	4929	4100	6639	15149
652000	253	212	1260	2707	4791	4178	7356	15759
653000	190	245	1452	2689	4761	3954	7352	14758
654000	178	208	1465	2508	4870	4086	7477	14334
655000	216	199	1595	2106	4934	4169	6716	14819
656000	188	275	1611	2230	3941	4989	5486	14696
657000	189	254	1195	2608	4565	4617	6024	14507
658000	164	235	1000	2502	4421	5258	5392	16788
659000	152	264	1023	2525	4437	5209	6101	16948
660000	206	259	1039	2249	5022	4762	6216	16821
661000	186	233	986	2067	5065	5096	5412	16727
662000	183	222	895	2413	5147	4806	5769	16641
663000	261	252	1200	2230	4982	4497	6237	16673
664000	204	221	1437	2264	4912	4336	6235	15402
665000	239	247	1240	2271	5652	3811	5919	15605
666000	210	224	1019	1972	6163	4009	5058	16821
667000	237	210	1162	2162	5409	4282	5814	16738
668000	205	253	1060	1667	5197	5185	4814	17302
669000	202	219	864	1522	5836	5075	3774	18628
670000	225	209	806	1310	5893	5278	3491	19756
671000	212	208	893	1493	5792	5054	3973	18287
672000	229	256	1011	1602	5487	4970	4110	18031
673000	237	217	1023	1609	5705	4778	4553	18709
674000	258	155	1109	1652	5791	4550	4095	17422
675000	280	235	988	1514	6102	4407	4342	17664
676000	216	183	1208	1858	5870	4106	5057	16487
677000	249	190	1417	1357	6184	3946	4987	17409
678000	249	140	1331	1523	6786	3382	4817	16954
679000	236	202	1359	1227	6698	3648	4508	17504
680000	262	191	1015	1288	7065	3684	3678	17995
681000	294	115	1382	1184	6717	3568	3982	18117
682000	263	190	1477	1271	6718	3412	5003	16862
683000	259	154	1314	1160	6965	3523	4056	17952
684000	321	144	1363	1005	6892	3577	3879	18498
685000	241	165	1283	1201	6630	3955	4481	17773
686000	271	164	1363	1428	6186	3943	5363	17239
687000	256	154	1474	1453	6007	3945	5393	17943
688000	245	194	1345	1426	6317	3868	4741	16226
689000	267	167	1271	1487	6113	4097	4955	17384
690000	292	212	1058	1491	6435	3957	4094	17711
691000	300	248	1073	1529	6213	4125	3462	17452
692000	253	196	1174	1488	6631	3735	4560	16986
693000	224	180	1084	1455	6868	3729	4509	18519
694000	281	214	1201	1257	7044	3419	4342	18128
695000	278	168	1124	1184	7300	3448	3562	18673
696000	286	146	1559	1040	6989	3213	3988	18120
697000	256	152	1112	1342	7205	3406	4529	17459
698000	250	133	1205	996	7376	3483	3691	19276
699000	305	136	1493	1162	6881	3291	4346	17646
700000	306	135	1195	970	7239	3545	3741	17889
701000	323	119	1198	892	7439	3470	3847	18691
702000	240	125	1465	1225	7163	3148	4381	17437
703000	296	235	1320	1054	7388	3062	4225	17117
704000	311	138	1569	823	7489	2916	3989	17792
705000	314	186	1500	906	7095	3256	3792	17317
706000	299	133	1460	809	6994	3525	4031	18045
707000	323	161	1291	726	7429	3410	3625	17336
708000	239	181	1241	738	7254	3773	2918	18623
709000	279	145	963	935	7438	3821	2852	19499
710000	280	173	1001	1192	7294	3651	3436	18650
711000	324	163	1512	994	6816	3444	3828	18010
712000	283	158	1546	1148	6965	3067	4413	16945
713000	270	168	1467	1099	6942	3360	4155	17641
714000	284	138	1588	1192	6804	3231	4641	16412
715000	261	127	1332	908	7713	3052	4208	18291
716000	306	147	1220	1175	7736	2858	4044	18461
717000	278	170	1266	1451	7468	2771	4260	17245
718000	284	127	1249	1262	7601	2908	4399	19098
719000	267	118	1168	1428	7718	2760	4166	18301
720000	279	123	1202	1205	7963	2604	4075	18114
721000	352	102	903	855	8895	2491	3171	19274
722000	281	123	1145	886	7989	3020	3424	18601
723000	300	98	1161	973	8173	2753	3449	18680
724000	345	102	1415	853	7882	2577	3912	17175
725000	349	165	1251	704	7690	3276	3485	17864
726000	344	98	1113	733	8033	3056	3075	19042
727000	287	121	1214	532	8478	2812	3185	19205
728000	324	86	1203	330	8319	3130	2383	17999
729000	356	114	1188	451	8362	2895	2459	19649
730000	295	103	1073	789	8440	2760	3168	18924
731000	311	90	1351	541	8593	2435	3119	19097
732000	350	104	1422	357	8679	2344	2783	19937
733000	336	113	1197	519	9136	2111	2820	18610
734000	326	91	1017	492	9396	2129	2429	19901
735000	356	115	1353	500	8977	2015	3014	17616
736000	327	86	1144	691	9350	1839	3139	19083
737000	330	79	1179	561	9613	1651	2401	18917
738000	355	79	1342	452	9045	2032	2789	18864
739000	267	95	1287	451	8974	2282	2745	18674
740000	343	77	1038	268	9669	2120	2223	19576
741000	373	125	1088	214	9334	2265	2103	19434
742000	325	99	1110	294	9759	1858	2088	19037
743000	380	82	1122	309	9488	2037	2573	19490
744000	371	105	1151	327	9557	1913	2248	20165
745000	327	87	1194	371	9503	1903	2475	19422
746000	318	85	1232	489	9369	1907	2983	18635
747000	366	57	1315	396	9161	2066	2980	18744
748000	342	78	1168	480	9363	1967	2682	18765
749000	368	112	1176	598	9059	2026	2758	18470
750000	386	94	1195	380	9538	1703	2706	18548
751000	400	60	1460	400	9202	1716	3100	18186
752000	333	90	1427	303	9346	1848	2797	18047
753000	328	54	1374	385	9336	1765	2986	18521
754000	342	84	1325	386	9255	1948	3063	18641
755000	376	64	1029	440	9519	2026	2527	19998
756000	301	99	992	388	9572	2173	2540	19116
757000	337	96	930	387	9584	2164	2229	20595
758000	349	68	795	210	9976	2200	1941	20585
759000	370	77	804	299	10017	2093	1993	20813
760000	422	83	770	218	10004	2077	1777	19849
761000	386	67	1009	324	9626	2073	2166	20747
762000	362	83	870	253	9807	2147	1865	20590
763000	376	68	871	358	9840	2054	2296	20189
764000	338	111	945	406	9755	1976	2459	20268
765000	334	63	919	192	10347	1686	1846	21254
766000	326	58	898	225	10480	1607	2238	20711
767000	394	56	1145	206	9891	1720	2221	19449
768000	352	46	676	118	10641	1850	1772	21277
769000	369	69	766	175	10725	1513	1689	20654
770000	383	60	825	259	10925	1137	1892	19985
771000	404	58	1404	226	10141	1013	2621	19646
772000	420	48	1375	206	10322	897	2964	18949
773000	412	36	1117	240	10448	1150	2123	19578
774000	402	66	1526	283	9983	882	3325	18676
775000	396	28	1336	296	10468	805	2726	19462
776000	409	23	1237	175	10727	753	2421	20055
777000	376	34	887	169	11154	937	1871	19851
778000	458	27	980	219	10818	944	2461	19299
779000	369	46	1607	247	9782	1044	3106	19302
780000	335	52	1469	240	10125	955	2858	19060
781000	371	34	1354	190	10338	996	2954	19580
782000	387	69	1005	156	10773	1076	1904	20279
783000	388	54	1200	161	10721	813	2085	19501
784000	430	39	1555	304	10065	733	2778	18961
785000	457	50	1503	496	9938	699	3891	17738
786000	408	32	1500	602	9689	883	3897	17815
787000	376	64	1524	517	9770	912	3339	17807
788000	363	73	1572	383	9577	1175	3139	18445
789000	421	67	1792	314	9028	1392	3306	18412
790000	365	63	1766	385	9379	1136	3713	18559
791000	387	68	2207	444	8739	982	4539	15352
792000	401	55	1955	417	9140	985	4073	16650
793000	436	36	1645	250	9594	1067	2919	17805
794000	424	33	1582	178	10132	828	2968	18859
795000	390	36	1453	224	10293	807	2684	19445
796000	395	18	1357	224	10518	702	2970	19944
797000	414	21	1130	228	10919	726	2003	19767
798000	350	36	1377	163	10529	798	2711	19002
799000	350	56	1140	131	10839	939	1950	19853
800000	359	20	1250	110	10817	788	2310	19122
801000	393	39	1087	142	11063	735	2173	20606
802000	418	13	1116	153	11222	524	2211	19078
803000	461	23	1029	83	11392	422	1845	18735
804000	467	14	1014	87	11322	511	1703	19488
805000	447	21	1103	79	11389	332	2054	20680
806000	390	30	1422	163	10799	437	2328	19533
807000	477	20	1461	344	10603	340	2811	18409
808000	396	20	1374	154	10955	337	2595	18729
809000	483	18	1632	161	10388	363	2922	18244
810000	427	30	1480	102	10704	417	2866	18708
811000	402	13	1444	138	10686	490	2973	19649
812000	432	22	1331	113	11031	381	2623	18530
813000	453	19	1936	6	9883	545	3430	17693
814000	445	16	1718	49	10250	482	2790	18264
815000	486	8	1055	75	11241	481	1955	20106
816000	426	14	1225	18	11312	358	2254	20109
817000	435	10	1160	38	11388	372	1624	19105
818000	410	10	1473	17	11041	265	2307	20108
819000	381	19	1154	135	11493	242	2041	20149
820000	433	5	1091	49	11599	194	2084	20372
821000	445	1	1217	15	11421	215	1922	20052
822000	418	1	1241	26	11525	100	2059	20331
823000	478	10	1648	8	10743	174	2694	19262
824000	369	4	1826	16	10517	156	2902	17364
825000	449	3	1487	0	10979	257	2573	19276
826000	423	5	1327	10	11211	244	2417	18467
827000	419	12	1415	5	11090	241	2322	18842
828000	466	13	1382	4	11048	302	2382	19126
829000	417	12	1518	10	10869	338	2747	19152
830000	445	5	1546	26	10736	427	2918	19770
831000	410	10	1590	94	10634	348	2782	19634
832000	390	5	1633	53	10684	352	2539	19224
833000	387	18	2070	40	9949	359	3751	17482
834000	405	15	1899	41	10060	455	3531	17486
835000	424	32	1342	70	10753	680	2727	19231
836000	424	43	1406	160	10596	594	2277	18860
837000	395	23	1201	164	11086	492	2331	19247
838000	378	40	909	219	11267	699	2067	21350
839000	397	36	1299	146	10617	806	2253	19797
840000	393	19	1326	181	10704	647	2461	19488
841000	446	33	1206	155	10958	580	2168	19863
842000	491	19	1198	131	11011	438	1912	19986
843000	407	30	1449	95	10759	440	2293	18302
844000	490	38	1247	63	10567	823	2313	19214
845000	376	29	1233	142	11058	571	2447	20371
846000	424	13	1488	110	10691	456	2726	18980
847000	397	2	1296	45	11237	302	2163	19577
848000	374	28	1301	53	10999	537	2583	19278
849000	455	25	1269	49	10998	505	2367	18873
850000	398	33	1472	58	10690	534	2429	18942
851000	410	34	1325	150	10905	464	2484	19019
852000	386	27	1256	100	11144	413	2295	19572
853000	476	18	1188	32	11377	192	1940	19236
854000	518	4	988	18	11615	236	1840	19935
855000	511	18	1033	27	11559	297	1554	19784
856000	459	7	1234	71	11367	160	2408	19746
857000	468	14	1613	56	10812	123	2768	18182
858000	396	7	1689	26	10886	93	2846	17618
859000	423	3	1508	101	10911	208	2450	17830
860000	418	3	1543	12	11003	153	2741	18997
861000	381	1	2130	33	10196	28	3753	16909
862000	392	1	1727	55	10801	24	2790	18632
863000	424	0	1695	0	10901	16	2664	18800
864000	402	0	1650	0	11009	0	3046	18720
865000	470	0	1503	0	11162	0	2101	19139
866000	455	0	1246	0	11620	0	2112	19506
867000	489	0	1199	0	11615	0	1998	19774
868000	378	0	928	0	12226	0	1678	20162
869000	438	0	1103	0	11865	0	1856	19676
870000	458	0	1187	0	11709	0	1801	19275
871000	430	0	877	0	12170	0	1657	20828
872000	391	0	1135	0	11888	0	2004	19912
873000	398	0	969	0	12121	0	1954	20809
874000	458	0	1146	0	11789	0	2002	19990
875000	367	0	1220	0	11715	0	2441	19531
876000	389	0	1291	0	11572	0	2364	20680
877000	431	0	1149	0	11821	0	1897	19125
878000	444	0	1405	0	11375	0	2438	18276
879000	437	0	1304	0	11485	0	2546	19694
880000	441	0	1338	0	11379	0	2341	20187
881000	433	0	1177	0	11787	0	1955	19124
882000	419	0	1495	0	11256	0	2431	18711
883000	455	0	1361	0	11372	0	2291	18829
884000	434	0	1380	0	11414	0	2111	18919
885000	424	0	1228	0	11643	0	2702	19784
886000	476	0	1209	0	11634	0	1977	19640
887000	448	0	1390	0	11378	0	2335	19831
888000	452	0	1441	0	11303	0	2400	18313
889000	454	0	1563	0	11114	0	2528	18508
890000	430	0	1516	0	11223	0	2523	17919
891000	398	0	1267	0	11620	0	2405	19503
892000	450	0	1539	0	11171	0	2966	18482
893000	448	0	1440	0	11320	0	2279	18986
894000	478	0	1406	0	11335	0	2186	19099
895000	413	0	1385	0	11427	0	2739	18642
896000	436	0	1663	0	10926	0	2676	18690
897000	454	0	1481	0	11199	0	2725	18777
898000	379	0	1742	0	10935	0	2778	18958
899000	473	0	1307	0	11473	0	2153	19686
900000	395	0	1235	0	11738	0	2052	19778
901000	449	0	1134	0	11820	0	1913	19408
902000	426	0	1028	0	11991	0	1621	19874
903000	382	0	1267	0	11688	0	2058	19698
904000	441	0	1142	0	11775	0	1774	19080
905000	429	0	1012	0	12041	0	1619	20152
906000	502	0	934	0	12009	0	1465	19803
907000	345	0	1012	0	12155	0	1769	20395
908000	390	0	1246	0	11728	0	2264	20206
909000	438	0	1293	0	11537	0	2199	19783
910000	446	0	1220	0	11688	0	2060	21247
911000	442	0	1539	0	11136	0	2832	19150
912000	527	0	1225	0	11556	0	2208	19441
913000	452	0	1380	0	11311	0	2327	19488
914000	463	0	1479	0	11145	0	2453	18834
915000	506	0	1497	0	11154	0	2484	18783
916000	435	0	1351	0	11475	0	1938	19245
917000	428	0	1162	0	11745	0	1969	20553
918000	418	0	1079	0	11922	0	2006	19402
919000	456	0	1539	0	11114	0	2621	18547
920000	468	0	1834	0	10612	0	3062	18511
921000	394	0	1849	0	10648	0	3327	17922
922000	435	0	2036	0	10368	0	3218	17946
923000	434	0	1899	0	10496	0	3496	17896
924000	490	0	1602	0	10929	0	2619	18917
925000	459	0	1255	0	11563	0	1925	20300
926000	431	0	1289	0	11564	0	1990	19783
927000	410	0	1141	0	11764	0	1617	20047
928000	437	0	1075	0	11890	0	1955	20923
929000	432	0	877	0	12227	0	1416	20122
930000	385	0	924	0	12196	0	1403	20910
931000	481	0	1065	0	11925	0	1838	20415
932000	369	0	1299	0	11693	0	2053	19202
933000	417	0	1415	0	11427	0	2350	19488
934000	405	0	1368	0	11454	0	2170	19880
935000	484	0	1460	0	11161	0	2615	19419
936000	427	0	1494	0	11239	0	2442	20674
937000	455	0	1258	0	11610	0	2001	18885
938000	446	0	1093	0	11884	0	1731	20219
939000	458	0	1304	0	11522	0	2215	20295
940000	439	0	1269	0	11530	0	2050	19807
941000	407	0	1247	0	11706	0	2379	20268
942000	507	0	1326	0	11319	0	2042	19941
943000	481	0	1395	0	11347	0	2149	19759
944000	471	0	1261	0	11570	0	2059	20015
945000	469	0	1048	0	11850	0	2149	19880
946000	383	0	919	0	12231	0	1468	19903
947000	403	0	1087	0	11902	0	2081	20551
948000	430	0	1039	0	11962	0	1882	21238
949000	448	0	846	0	12226	0	1343	20565
950000	416	0	761	0	12440	0	1236	21068
951000	455	0	853	0	12254	0	1602	20581
952000	390	0	1009	0	12050	0	1672	20519
953000	367	0	1394	0	11527	0	1803	19848
954000	397	0	1082	0	11891	0	1991	19620
955000	392	0	1247	0	11698	0	2186	19655
956000	449	0	1430	0	11286	0	2269	18940
957000	415	0	1473	0	11271	0	2399	19585
958000	510	0	1417	0	11251	0	2544	19033
959000	443	0	1360	0	11385	0	2216	19325
960000	375	0	1589	0	11163	0	2788	19134
961000	390	0	1782	0	10858	0	2996	17642
962000	458	0	1708	0	10905	0	2824	18442
963000	483	0	1583	0	10997	0	2660	18668
964000	407	0	1886	0	10656	0	3132	18215
965000	564	0	1892	0	10350	0	3472	17688
966000	414	0	1514	0	11228	0	2666	18954
967000	438	0	1608	0	11047	0	2786	18598
968000	430	0	1549	0	11072	0	2722	18941
969000	407	0	1394	0	11527	0	2358	19495
970000	485	0	1048	0	11855	0	1696	19931
971000	473	0	1206	0	11636	0	1812	19433
972000	410	0	1087	0	11949	0	1951	20780
973000	480	0	1333	0	11394	0	2038	19043
974000	506	0	1429	0	11234	0	2461	19073
975000	493	0	1346	0	11390	0	2250	19257
976000	425	0	1388	0	11443	0	2154	18213
977000	463	0	1152	0	11739	0	2092	19219
978000	452	0	1059	0	11818	0	2057	19814
979000	463	0	1055	0	11896	0	1710	20107
980000	421	0	1313	0	11523	0	2199	19984
981000	405	0	1310	0	11566	0	2408	19647
982000	442	0	1325	0	11421	0	2581	20338
983000	438	0	1216	0	11658	0	1754	19856
984000	414	0	918	0	12185	0	1744	19378
985000	414	0	1086	0	11950	0	1720	21004
986000	468	0	1056	0	11899	0	1629	19827
987000	450	0	1141	0	11849	0	1706	19209
988000	416	0	1017	0	11986	0	1614	19531
989000	388	0	998	0	12104	0	1573	20855
990000	413	0	998	0	12073	0	1689	21319
991000	472	0	1167	0	11671	0	2095	19390
992000	520	0	1543	0	11014	0	2801	17437
993000	411	0	1369	0	11438	0	2619	19537
994000	408	0	1194	0	11780	0	1981	19751
995000	437	0	1244	0	11678	0	1755	19756
996000	507	0	1412	0	11268	0	2759	19378
997000	501	0	1490	0	11114	0	2559	19013
998000	444	0	1414	0	11339	0	2507	19472
999000	420	0	1251	0	11555	0	2321	20004
