0	0	0	0	14400	0	0	0	0
1000	78	1531	677	11416	93	2	34735	415
2000	141	1114	1207	10946	34	48	34871	187
3000	137	964	1675	10453	12	45	34077	122
4000	187	780	2266	9497	109	0	34796	49
5000	209	778	2489	9128	55	30	33605	229
6000	128	615	3011	8508	38	126	32470	544
7000	194	568	3328	7945	0	0	32889	3
8000	236	550	3332	7810	37	0	33251	62
9000	189	633	3381	7780	85	0	33732	136
10000	146	587	3194	8207	5	7	34059	70
11000	195	522	2962	8642	30	1	33156	140
12000	346	574	3292	7760	18	0	32057	60
13000	244	594	3599	7401	70	6	31019	127
14000	291	415	3802	7056	54	0	31551	181
15000	296	348	4073	6486	114	4	31792	274
16000	242	449	3922	6899	169	0	31780	474
17000	233	365	4414	6073	25	16	30231	75
18000	194	332	4229	6331	95	0	31778	269
19000	265	363	4767	5236	32	0	30069	96
20000	349	350	4362	5928	63	0	30273	173
21000	286	284	4753	5162	268	63	29599	1039
22000	280	295	4732	5075	226	114	27613	1291
23000	210	269	5167	4528	149	30	27319	484
24000	327	331	4923	4622	138	11	28338	521
25000	333	240	5488	3799	48	0	27002	97
26000	448	343	4908	4564	0	0	27891	9
27000	349	241	5281	4112	11	0	27219	30
28000	375	166	5708	3048	15	0	25824	132
29000	323	219	5892	2759	0	0	25083	15
30000	386	193	5461	3747	0	0	26533	1
31000	458	185	5317	3801	82	0	26256	253
32000	411	369	5307	3789	0	10	27132	42
33000	349	291	5476	3475	0	80	26715	331
34000	396	172	5454	3489	0	0	26937	2
35000	368	141	5741	2970	65	0	25550	234
36000	278	221	5797	3013	37	0	24816	213
37000	308	357	5862	2622	34	0	24950	36
38000	556	166	5680	2793	0	0	24667	12
39000	482	94	5998	1655	56	0	22311	132
40000	444	92	6141	1350	0	0	20854	3
41000	574	165	5852	1223	0	0	21746	2
42000	472	149	5927	1447	21	0	20783	41
43000	388	190	5964	2144	62	0	23935	62
44000	442	118	5903	2046	14	0	23673	74
45000	537	148	5693	2158	106	0	22977	419
46000	471	182	5983	1467	16	0	22569	242
47000	674	71	5950	976	37	0	20032	140
48000	536	29	5891	398	30	0	18023	64
49000	501	72	5958	489	0	0	18421	5
50000	596	42	5879	480	25	0	18150	0
51000	442	50	6197	1002	98	0	19835	129
52000	407	53	6190	585	211	0	19245	572
53000	587	66	6033	798	20	0	19030	55
54000	653	15	5945	455	0	0	18159	15
55000	783	41	5822	436	0	0	18126	11
56000	454	39	5939	180	68	0	17594	81
57000	795	16	5570	48	32	0	16262	26
58000	810	0	5610	0	145	0	16262	585
59000	546	0	5707	0	0	0	17273	9
60000	649	0	5547	0	0	0	15721	0
61000	551	0	5739	0	0	0	16571	0
62000	703	0	5414	0	0	0	16881	0
63000	634	0	5901	0	0	0	16997	0
64000	733	0	5544	0	0	0	16410	0
65000	541	0	5793	0	0	0	16836	0
66000	520	0	5646	0	0	0	16681	0
67000	573	0	5787	0	0	0	17341	0
68000	679	0	5794	0	0	0	16722	0
69000	629	0	5687	0	0	0	17197	0
70000	794	0	5442	0	0	0	16540	0
71000	780	0	5710	0	0	0	17589	0
72000	695	0	5797	0	0	0	15927	0
73000	834	0	5550	0	0	0	15568	0
74000	549	0	5767	0	0	0	17043	0
75000	598	0	5843	0	0	0	16549	0
76000	1048	0	5258	0	0	0	15426	0
77000	804	0	5618	0	0	0	16134	0
78000	553	0	5895	0	0	0	17038	0
79000	435	0	5736	0	0	0	17148	0
80000	571	0	5662	0	0	0	16733	0
81000	609	0	5654	0	0	0	17046	0
82000	689	0	5775	0	0	0	17008	0
83000	423	0	5827	0	0	0	17401	0
84000	691	0	5675	0	0	0	17267	0
85000	616	0	5641	0	0	0	16634	0
86000	488	0	5895	0	0	0	15693	0
87000	529	0	5686	0	0	0	17136	0
88000	699	0	5663	0	0	0	15775	0
89000	819	0	5414	0	0	0	16056	0
90000	825	0	5573	0	0	0	15619	0
91000	527	0	5725	0	0	0	16297	0
92000	485	0	5861	0	0	0	17083	0
93000	654	0	5714	0	0	0	15583	0
94000	596	0	5766	0	0	0	17452	0
95000	869	0	5552	0	0	0	16401	0
96000	722	0	5686	0	0	0	15586	0
97000	493	0	5810	0	0	0	16542	0
98000	732	0	5685	0	0	0	17559	0
99000	556	0	5635	0	0	0	17291	0
100000	528	0	5804	0	0	0	17578	0
101000	795	0	5545	0	0	0	15818	0
102000	536	0	5845	0	0	0	17692	0
103000	546	0	5638	0	0	0	16221	0
104000	766	0	5525	0	0	0	16595	0
105000	506	0	5781	0	0	0	16813	0
106000	555	0	5657	0	0	0	16482	0
107000	519	0	5688	0	0	0	16893	0
108000	724	0	5615	0	0	0	15532	0
109000	577	0	5890	0	0	0	17060	0
110000	631	0	5726	0	0	0	17547	0
111000	669	0	5585	0	0	0	16208	0
112000	533	0	6021	0	0	0	16196	0
113000	784	0	5728	0	0	0	15524	0
114000	841	0	5480	0	0	0	15985	0
115000	649	0	5652	0	0	0	16219	0
116000	542	0	5703	0	0	0	16195	0
117000	582	0	5668	0	0	0	16288	0
118000	623	0	5682	0	0	0	16607	0
119000	617	0	5801	0	0	0	17205	0
120000	694	0	5555	0	0	0	17073	0
121000	436	0	5957	0	0	0	17570	0
122000	755	0	5602	0	0	0	15881	0
123000	729	0	5634	0	0	0	16452	0
124000	343	0	5895	0	0	0	17897	0
125000	736	0	5762	0	0	0	17251	0
126000	755	0	5602	0	0	0	17112	0
127000	840	0	5486	0	0	0	16294	0
128000	694	0	5791	0	0	0	16258	0
129000	773	0	5798	0	0	0	15917	0
130000	610	0	5891	0	0	0	16752	0
131000	443	0	6005	0	0	0	17730	0
132000	468	0	5827	0	0	0	16475	0
133000	675	0	5621	0	0	0	16068	0
134000	541	0	5832	0	0	0	17341	0
135000	925	0	5374	0	0	0	16418	0
136000	761	0	5669	0	0	0	16441	0
137000	964	0	5380	0	0	0	15706	0
138000	744	0	5485	0	0	0	15425	0
139000	852	0	5547	0	0	0	16253	0
140000	675	0	5690	0	0	0	16507	0
141000	930	0	5401	0	0	0	15291	0
142000	626	0	5767	0	0	0	16928	0
143000	634	0	5618	0	0	0	16020	0
144000	670	0	5680	0	0	0	16391	0
145000	637	0	5818	0	0	0	17059	0
146000	887	0	5479	0	0	0	15631	0
147000	1027	0	5408	0	0	0	15028	0
148000	636	0	5666	0	0	0	17219	0
149000	732	0	5593	0	0	0	15251	0
150000	502	0	5845	0	0	0	16483	0
151000	649	0	5788	0	0	0	15536	0
152000	722	0	5550	0	0	0	16078	0
153000	609	0	5628	0	0	0	16608	0
154000	697	0	5533	0	0	0	16915	0
155000	729	0	5379	0	0	0	16316	0
156000	770	0	5691	0	0	0	16939	0
157000	498	0	5840	0	0	0	16434	0
158000	530	0	6011	0	0	0	16901	0
159000	623	0	5870	0	0	0	16512	0
160000	617	0	5859	0	0	0	16834	0
161000	289	0	6027	0	0	0	17934	0
162000	626	0	5820	0	0	0	16529	0
163000	515	0	5957	0	0	0	17932	0
164000	603	0	5626	0	0	0	17485	0
165000	786	0	5482	0	0	0	15371	0
166000	601	0	5857	0	0	0	16700	0
167000	578	0	5743	0	0	0	16997	0
168000	658	0	5712	0	0	0	16975	0
169000	650	0	5666	0	0	0	15959	0
170000	497	0	5883	0	0	0	16451	0
171000	674	0	5670	0	0	0	17708	0
172000	698	0	5890	0	0	0	16019	0
173000	773	0	5691	0	0	0	16570	0
174000	480	0	5787	0	0	0	17502	0
175000	390	0	5929	0	0	0	17185	0
176000	629	0	5906	0	0	0	16356	0
177000	649	0	5832	0	0	0	16216	0
178000	609	0	5745	0	0	0	15888	0
179000	435	0	6000	0	0	0	17914	0
180000	630	0	5762	0	0	0	16457	0
181000	504	0	5848	0	0	0	17330	0
182000	602	0	5643	0	0	0	17162	0
183000	822	0	5304	0	0	0	16570	0
184000	532	0	5741	0	0	0	16217	0
185000	904	0	5480	0	0	0	15267	0
186000	383	0	5916	0	0	0	18226	0
187000	546	0	5837	0	0	0	16547	0
188000	697	0	5809	0	0	0	17238	0
189000	603	0	5510	0	0	0	16549	0
190000	649	0	5655	0	0	0	17370	0
191000	378	0	5913	0	0	0	17282	0
192000	778	0	5484	0	0	0	15419	0
193000	513	0	5702	0	0	0	16496	0
194000	509	0	5830	0	0	0	17231	0
195000	557	0	5625	0	0	0	17470	0
196000	553	0	5807	0	0	0	16715	0
197000	561	0	5694	0	0	0	17875	0
198000	531	0	5978	0	0	0	16944	0
199000	723	0	5799	0	0	0	16486	0
200000	447	0	5745	0	0	0	16517	0
201000	462	0	5815	0	0	0	17348	0
202000	461	0	5860	0	0	0	17041	0
203000	450	0	5892	0	0	0	17427	0
204000	494	0	5914	0	0	0	15680	0
205000	511	0	5813	0	0	0	17739	0
206000	655	0	5636	0	0	0	16458	0
207000	673	0	5699	0	0	0	16864	0
208000	633	0	5717	0	0	0	16188	0
209000	797	0	5585	0	0	0	16463	0
210000	709	0	5718	0	0	0	16632	0
211000	848	0	5603	0	0	0	15574	0
212000	524	0	5950	0	0	0	16588	0
213000	566	0	5779	0	0	0	16127	0
214000	620	0	5973	0	0	0	17595	0
215000	515	0	5943	0	0	0	17563	0
216000	579	0	5771	0	0	0	16565	0
217000	410	0	5964	0	0	0	17852	0
218000	906	0	5435	0	0	0	16326	0
219000	671	0	5566	0	0	0	16046	0
220000	669	0	5664	0	0	0	17003	0
221000	794	0	5770	0	0	0	17178	0
222000	842	0	5597	0	0	0	15698	0
223000	893	0	5546	0	0	0	15198	0
224000	695	0	5652	0	0	0	16591	0
225000	601	0	5770	0	0	0	15491	0
226000	712	0	5689	0	0	0	16109	0
227000	531	0	5813	0	0	0	17424	0
228000	771	0	5732	0	0	0	15568	0
229000	802	0	5644	0	0	0	16954	0
230000	865	0	5495	0	0	0	16086	0
231000	897	0	5424	0	0	0	16048	0
232000	829	0	5609	0	0	0	15302	0
233000	566	0	5696	0	0	0	16855	0
234000	526	0	5793	0	0	0	16984	0
235000	695	0	5696	0	0	0	16120	0
236000	597	0	5762	0	0	0	16428	0
237000	563	0	5813	0	0	0	16778	0
238000	818	0	5593	0	0	0	16196	0
239000	638	0	5601	0	0	0	15476	0
240000	622	0	5741	0	0	0	16422	0
241000	595	0	5695	0	0	0	16401	0
242000	801	0	5478	0	0	0	16361	0
243000	456	0	5766	0	0	0	16295	0
244000	563	0	5910	0	0	0	16530	0
245000	597	0	5954	0	0	0	15927	0
246000	750	0	5522	0	0	0	15397	0
247000	556	0	5748	0	0	0	17220	0
248000	709	0	5688	0	0	0	16643	0
249000	679	0	5698	0	0	0	17288	0
250000	673	0	5710	0	0	0	16801	0
251000	733	0	5560	0	0	0	15681	0
252000	875	0	5413	0	0	0	15952	0
253000	642	0	5659	0	0	0	16505	0
254000	798	0	5704	0	0	0	15766	0
255000	592	0	5803	0	0	0	16787	0
256000	602	0	5922	0	0	0	17387	0
257000	588	0	5816	0	0	0	17642	0
258000	838	0	5543	0	0	0	15058	0
259000	697	0	5577	0	0	0	16213	0
260000	482	0	5819	0	0	0	17128	0
261000	474	0	5905	0	0	0	16955	0
262000	730	0	5597	0	0	0	17115	0
263000	667	0	5786	0	0	0	16262	0
264000	903	0	5469	0	0	0	16856	0
265000	611	0	5735	0	0	0	15996	0
266000	774	0	5706	0	0	0	15855	0
267000	656	0	5510	0	0	0	16467	0
268000	641	0	5659	0	0	0	16450	0
269000	599	0	5835	0	0	0	16132	0
270000	757	0	5483	0	0	0	17420	0
271000	456	0	5902	0	0	0	17667	0
272000	645	0	5787	0	0	0	17457	0
273000	698	0	5661	0	0	0	16461	0
274000	553	0	5904	0	0	0	16686	0
275000	690	0	5642	0	0	0	16295	0
276000	640	0	5548	0	0	0	16423	0
277000	610	0	5698	0	0	0	15909	0
278000	562	0	5827	0	0	0	15646	0
279000	552	0	5749	0	0	0	17316	0
280000	527	0	5653	0	0	0	16908	0
281000	766	0	5618	0	0	0	15390	0
282000	791	0	5569	0	0	0	16140	0
283000	559	0	5935	0	0	0	17437	0
284000	683	0	5704	0	0	0	16041	0
285000	668	0	5757	0	0	0	17623	0
286000	593	0	5664	0	0	0	15957	0
287000	770	0	5544	0	0	0	15841	0
288000	693	0	5746	0	0	0	17366	0
289000	496	0	5728	0	0	0	17051	0
290000	518	0	5931	0	0	0	17945	0
291000	708	0	5746	0	0	0	16699	0
292000	568	0	5695	0	0	0	17374	0
293000	324	0	5915	0	0	0	17927	0
294000	478	0	5909	0	0	0	16193	0
295000	484	0	5844	0	0	0	17057	0
296000	676	0	5791	0	0	0	16367	0
297000	575	0	5698	0	0	0	16791	0
298000	528	0	5850	0	0	0	16136	0
299000	648	0	5705	0	0	0	16068	0
300000	749	0	5438	0	0	0	16347	0
301000	784	0	5522	0	0	0	16831	0
302000	670	0	5719	0	0	0	16763	0
303000	463	0	5862	0	0	0	17063	0
304000	452	0	5800	0	0	0	16900	0
305000	734	0	5577	0	0	0	16482	0
306000	752	0	5436	0	0	0	16535	0
307000	349	0	6100	0	0	0	17299	0
308000	519	0	5928	0	0	0	16307	0
309000	483	0	5860	0	0	0	17048	0
310000	588	0	5678	0	0	0	16618	0
311000	429	0	5851	0	0	0	16785	0
312000	499	0	5903	0	0	0	17506	0
313000	639	0	5785	0	0	0	17883	0
314000	553	0	5660	0	0	0	17099	0
315000	613	0	5777	0	0	0	16573	0
316000	686	0	5941	0	0	0	16679	0
317000	427	0	5948	0	0	0	17578	0
318000	911	0	5410	0	0	0	15198	0
319000	889	0	5463	0	0	0	15944	0
320000	575	0	5781	0	0	0	16494	0
321000	472	0	5857	0	0	0	16695	0
322000	808	0	5520	0	0	0	17026	0
323000	442	0	5933	0	0	0	17691	0
324000	448	0	5754	0	0	0	17235	0
325000	631	0	5779	0	0	0	16945	0
326000	766	0	5843	0	0	0	15783	0
327000	597	0	5878	0	0	0	16371	0
328000	721	0	5592	0	0	0	16738	0
329000	664	0	5681	0	0	0	15541	0
330000	610	0	5598	0	0	0	16373	0
331000	678	0	5766	0	0	0	17065	0
332000	419	0	6017	0	0	0	17755	0
333000	786	0	5519	0	0	0	16330	0
334000	519	0	5812	0	0	0	16660	0
335000	495	0	5823	0	0	0	16584	0
336000	465	0	5771	0	0	0	17161	0
337000	585	0	5724	0	0	0	17230	0
338000	598	0	5619	0	0	0	17003	0
339000	673	0	5739	0	0	0	14967	0
340000	675	0	5590	0	0	0	15382	0
341000	459	0	5827	0	0	0	16244	0
342000	576	0	5842	0	0	0	16764	0
343000	627	0	5726	0	0	0	16616	0
344000	737	0	5636	0	0	0	17172	0
345000	525	0	5823	0	0	0	16172	0
346000	540	0	5755	0	0	0	16746	0
347000	536	0	5695	0	0	0	16581	0
348000	532	0	5777	0	0	0	17408	0
349000	741	0	5612	0	0	0	16746	0
350000	706	0	5440	0	0	0	16024	0
351000	739	0	5566	0	0	0	16755	0
352000	623	0	5741	0	0	0	16770	0
353000	669	0	5649	0	0	0	16581	0
354000	729	0	5629	0	0	0	16469	0
355000	498	0	5761	0	0	0	17572	0
356000	817	0	5632	0	0	0	16611	0
357000	594	0	5859	0	0	0	15910	0
358000	609	0	5622	0	0	0	16551	0
359000	702	0	5787	0	0	0	15711	0
360000	359	0	5895	0	0	0	16601	0
361000	713	0	5694	0	0	0	15863	0
362000	824	0	5449	0	0	0	15643	0
363000	571	0	5645	0	0	0	17381	0
364000	541	0	5784	0	0	0	17301	0
365000	645	0	5850	0	0	0	16716	0
366000	542	0	5840	0	0	0	17548	0
367000	526	0	5791	0	0	0	16547	0
368000	909	0	5496	0	0	0	15723	0
369000	634	0	5759	0	0	0	16806	0
370000	797	0	5514	0	0	0	16584	0
371000	640	0	5831	0	0	0	15631	0
372000	548	0	5796	0	0	0	16511	0
373000	706	0	5626	0	0	0	16400	0
374000	608	0	5650	0	0	0	16761	0
375000	573	0	5732	0	0	0	17387	0
376000	611	0	5703	0	0	0	15911	0
377000	729	0	5565	0	0	0	16237	0
378000	779	0	5499	0	0	0	16734	0
379000	690	0	5705	0	0	0	17065	0
380000	979	0	5413	0	0	0	15985	0
381000	441	0	5888	0	0	0	18124	0
382000	541	0	5807	0	0	0	17097	0
383000	656	0	5700	0	0	0	16396	0
384000	485	0	5734	0	0	0	16538	0
385000	367	0	5964	0	0	0	17276	0
386000	533	0	5817	0	0	0	16984	0
387000	614	0	5576	0	0	0	17212	0
388000	577	0	5831	0	0	0	16549	0
389000	785	0	5514	0	0	0	16127	0
390000	494	0	5781	0	0	0	16586	0
391000	599	0	5821	0	0	0	16711	0
392000	641	0	5632	0	0	0	16629	0
393000	707	0	5691	0	0	0	15998	0
394000	707	0	5695	0	0	0	17196	0
395000	673	0	5898	0	0	0	17167	0
396000	468	0	5825	0	0	0	17351	0
397000	586	0	5723	0	0	0	16398	0
398000	529	0	5745	0	0	0	17527	0
399000	607	0	5672	0	0	0	17972	0
400000	514	0	5842	0	0	0	17257	0
401000	626	0	5759	0	0	0	16583	0
402000	592	0	5694	0	0	0	16474	0
403000	534	0	5776	0	0	0	17372	0
404000	623	0	5670	0	0	0	16524	0
405000	491	0	5941	0	0	0	17961	0
406000	553	0	5607	0	0	0	17352	0
407000	618	0	5913	0	0	0	16239	0
408000	714	0	5690	0	0	0	16301	0
409000	813	0	5489	0	0	0	16936	0
410000	746	0	5630	0	0	0	16900	0
411000	536	0	5717	0	0	0	16358	0
412000	623	0	5624	0	0	0	16760	0
413000	526	0	5848	0	0	0	17161	0
414000	604	0	5540	0	0	0	16249	0
415000	680	0	5640	0	0	0	16336	0
416000	739	0	5625	0	0	0	15839	0
417000	649	0	5490	0	0	0	16230	0
418000	519	0	5709	0	0	0	16459	0
419000	592	0	5873	0	0	0	16309	0
420000	613	0	5666	0	0	0	16149	0
421000	661	0	5665	0	0	0	16399	0
422000	606	0	5866	0	0	0	17303	0
423000	691	0	5807	0	0	0	16686	0
424000	535	0	6080	0	0	0	16693	0
425000	392	0	6025	0	0	0	17633	0
426000	515	0	5889	0	0	0	17064	0
427000	532	0	5680	0	0	0	17357	0
428000	642	0	5628	0	0	0	16633	0
429000	630	0	5680	0	0	0	17343	0
430000	716	0	5513	0	0	0	16308	0
431000	924	0	5590	0	0	0	16153	0
432000	672	0	5869	0	0	0	15888	0
433000	505	0	5953	0	0	0	17125	0
434000	598	0	5876	0	0	0	17380	0
435000	752	0	5717	0	0	0	16592	0
436000	755	0	5529	0	0	0	15698	0
437000	607	0	5915	0	0	0	15794	0
438000	601	0	5767	0	0	0	16937	0
439000	618	0	5756	0	0	0	15662	0
440000	493	0	5889	0	0	0	16176	0
441000	902	0	5522	0	0	0	15326	0
442000	632	0	5756	0	0	0	16519	0
443000	557	0	5930	0	0	0	16604	0
444000	517	0	5794	0	0	0	17018	0
445000	643	0	5725	0	0	0	16408	0
446000	651	0	5696	0	0	0	15921	0
447000	575	0	5746	0	0	0	17258	0
448000	631	0	5616	0	0	0	17378	0
449000	696	0	5650	0	0	0	16332	0
450000	735	0	5635	0	0	0	16237	0
451000	623	0	5791	0	0	0	16517	0
452000	731	0	5722	0	0	0	15775	0
453000	608	0	5577	0	0	0	16891	0
454000	711	0	5778	0	0	0	16110	0
455000	539	0	5826	0	0	0	16793	0
456000	676	0	5598	0	0	0	17257	0
457000	811	0	5608	0	0	0	15158	0
458000	566	0	5731	0	0	0	17260	0
459000	464	0	5708	0	0	0	17909	0
460000	806	0	5523	0	0	0	16412	0
461000	634	0	5798	0	0	0	17091	0
462000	728	0	5701	0	0	0	16928	0
463000	660	0	5768	0	0	0	15913	0
464000	607	0	5761	0	0	0	16832	0
465000	776	0	5286	0	0	0	16785	0
466000	633	0	5739	0	0	0	16776	0
467000	661	0	5848	0	0	0	15612	0
468000	731	0	5621	0	0	0	16217	0
469000	504	0	5821	0	0	0	15664	0
470000	902	0	5564	0	0	0	15257	0
471000	529	0	5835	0	0	0	16264	0
472000	665	0	5437	0	0	0	16268	0
473000	567	0	5770	0	0	0	17373	0
474000	542	0	5843	0	0	0	17187	0
475000	444	0	6003	0	0	0	16839	0
476000	581	0	5683	0	0	0	16872	0
477000	646	0	5641	0	0	0	16581	0
478000	721	0	5575	0	0	0	16613	0
479000	731	0	5568	0	0	0	16048	0
480000	587	0	5841	0	0	0	16565	0
481000	783	0	5718	0	0	0	16439	0
482000	543	0	5830	0	0	0	16723	0
483000	843	0	5525	0	0	0	15889	0
484000	632	0	5610	0	0	0	16490	0
485000	864	0	5426	0	0	0	15683	0
486000	561	0	5677	0	0	0	17042	0
487000	577	0	5762	0	0	0	16195	0
488000	782	0	5595	0	0	0	16819	0
489000	926	0	5519	0	0	0	16398	0
490000	495	0	5933	0	0	0	17143	0
491000	408	0	5963	0	0	0	16479	0
492000	596	0	5802	0	0	0	16636	0
493000	495	0	5881	0	0	0	16411	0
494000	556	0	5745	0	0	0	16542	0
495000	524	0	5803	0	0	0	16981	0
496000	751	0	5636	0	0	0	17402	0
497000	697	0	5671	0	0	0	16699	0
498000	829	0	5361	0	0	0	17303	0
499000	504	0	5832	0	0	0	17343	0
500000	514	0	5838	0	0	0	16643	0
501000	672	0	5751	0	0	0	16211	0
502000	892	0	5432	0	0	0	16836	0
503000	724	0	5651	0	0	0	15734	0
504000	673	0	5500	0	0	0	16340	0
505000	890	0	5452	0	0	0	15167	0
506000	534	0	5839	0	0	0	17109	0
507000	600	0	5873	0	0	0	16780	0
508000	566	0	5608	0	0	0	16832	0
509000	627	0	5733	0	0	0	16997	0
510000	865	0	5600	0	0	0	15334	0
511000	820	0	5567	0	0	0	16042	0
512000	723	0	5416	0	0	0	15455	0
513000	682	0	5559	0	0	0	17439	0
514000	745	0	5582	0	0	0	16033	0
515000	774	0	5560	0	0	0	16375	0
516000	969	0	5314	0	0	0	15316	0
517000	757	0	5515	0	0	0	16262	0
518000	561	0	5850	0	0	0	17147	0
519000	734	0	5646	0	0	0	16726	0
520000	554	0	5708	0	0	0	16296	0
521000	399	0	6032	0	0	0	16976	0
522000	405	0	6077	0	0	0	17000	0
523000	602	0	5731	0	0	0	16622	0
524000	551	0	6076	0	0	0	16311	0
525000	797	0	5605	0	0	0	16491	0
526000	707	0	5592	0	0	0	16226	0
527000	566	0	5582	0	0	0	16012	0
528000	697	0	5565	0	0	0	15984	0
529000	701	0	5676	0	0	0	16751	0
530000	599	0	5600	0	0	0	16005	0
531000	614	0	5692	0	0	0	16682	0
532000	821	0	5555	0	0	0	15886	0
533000	585	0	5717	0	0	0	17684	0
534000	685	0	5585	0	0	0	16323	0
535000	744	0	5690	0	0	0	15292	0
536000	575	0	5781	0	0	0	17402	0
537000	538	0	5896	0	0	0	16034	0
538000	791	0	5561	0	0	0	16895	0
539000	588	0	5797	0	0	0	17188	0
540000	833	0	5425	0	0	0	16318	0
541000	637	0	5767	0	0	0	16710	0
542000	890	0	5586	0	0	0	16019	0
543000	571	0	5740	0	0	0	17738	0
544000	1125	0	5151	0	0	0	15351	0
545000	819	0	5611	0	0	0	15184	0
546000	805	0	5635	0	0	0	14811	0
547000	614	0	5746	0	0	0	17177	0
548000	734	0	5510	0	0	0	16094	0
549000	582	0	5674	0	0	0	15896	0
550000	522	0	5765	0	0	0	16750	0
551000	638	0	5966	0	0	0	16336	0
552000	491	0	5935	0	0	0	17226	0
553000	586	0	5655	0	0	0	16119	0
554000	807	0	5547	0	0	0	16743	0
555000	437	0	6066	0	0	0	16953	0
556000	719	0	5651	0	0	0	17433	0
557000	744	0	5622	0	0	0	16138	0
558000	718	0	5525	0	0	0	15931	0
559000	871	0	5593	0	0	0	16357	0
560000	1035	0	5386	0	0	0	14877	0
561000	624	0	5693	0	0	0	16354	0
562000	475	0	5978	0	0	0	16648	0
563000	543	0	5855	0	0	0	17541	0
564000	784	0	5601	0	0	0	16588	0
565000	575	0	5793	0	0	0	16388	0
566000	718	0	5554	0	0	0	16735	0
567000	576	0	5599	0	0	0	15727	0
568000	675	0	5625	0	0	0	16602	0
569000	290	0	6113	0	0	0	17590	0
570000	606	0	5776	0	0	0	17471	0
571000	462	0	6055	0	0	0	17148	0
572000	628	0	5792	0	0	0	16398	0
573000	631	0	5659	0	0	0	16538	0
574000	556	0	5780	0	0	0	16351	0
575000	558	0	5741	0	0	0	16671	0
576000	544	0	5820	0	0	0	17669	0
577000	661	0	5809	0	0	0	16017	0
578000	485	0	5961	0	0	0	18190	0
579000	699	0	5774	0	0	0	16402	0
580000	538	0	5866	0	0	0	17416	0
581000	737	0	5590	0	0	0	16741	0
582000	475	0	5919	0	0	0	17012	0
583000	571	0	5831	0	0	0	15466	0
584000	548	0	5720	0	0	0	16331	0
585000	672	0	5752	0	0	0	16544	0
586000	728	0	5653	0	0	0	16925	0
587000	704	0	5592	0	0	0	16100	0
588000	598	0	5857	0	0	0	16633	0
589000	823	0	5514	0	0	0	15874	0
590000	481	0	5692	0	0	0	16341	0
591000	892	0	5559	0	0	0	15796	0
592000	682	0	5548	0	0	0	16134	0
593000	896	0	5372	0	0	0	15371	0
594000	910	0	5426	0	0	0	16795	0
595000	727	0	5546	0	0	0	16348	0
596000	383	0	5886	0	0	0	18865	0
597000	649	0	5714	0	0	0	16482	0
598000	608	0	5644	0	0	0	16925	0
599000	566	0	5852	0	0	0	15715	0
600000	537	0	5624	0	0	0	16188	0
601000	821	0	5578	0	0	0	16043	0
602000	636	0	5771	0	0	0	16175	0
603000	634	0	5713	0	0	0	17291	0
604000	965	0	5460	0	0	0	16604	0
605000	646	0	5837	0	0	0	17196	0
606000	638	0	5637	0	0	0	16924	0
607000	567	0	5733	0	0	0	16500	0
608000	711	0	5471	0	0	0	17396	0
609000	502	0	5901	0	0	0	16479	0
610000	758	0	5600	0	0	0	15761	0
611000	413	0	5881	0	0	0	16809	0
612000	675	0	5630	0	0	0	16244	0
613000	619	0	5807	0	0	0	18129	0
614000	576	0	5895	0	0	0	17285	0
615000	548	0	5805	0	0	0	17343	0
616000	604	0	5756	0	0	0	16773	0
617000	644	0	5708	0	0	0	16932	0
618000	700	0	5619	0	0	0	16824	0
619000	626	0	5677	0	0	0	15887	0
620000	790	0	5592	0	0	0	15778	0
621000	629	0	5842	0	0	0	16289	0
622000	587	0	5646	0	0	0	16769	0
623000	702	0	5553	0	0	0	16694	0
624000	655	0	5625	0	0	0	16600	0
625000	478	0	5790	0	0	0	18339	0
626000	830	0	5585	0	0	0	15614	0
627000	685	0	5530	0	0	0	15480	0
628000	554	0	5847	0	0	0	16226	0
629000	759	0	5527	0	0	0	16770	0
630000	994	0	5368	0	0	0	15721	0
631000	677	0	5458	0	0	0	15652	0
632000	803	0	5444	0	0	0	16491	0
633000	590	0	5635	0	0	0	16783	0
634000	530	0	5824	0	0	0	17241	0
635000	474	0	5801	0	0	0	16415	0
636000	519	0	5696	0	0	0	16988	0
637000	572	0	5700	0	0	0	16571	0
638000	791	0	5521	0	0	0	15462	0
639000	793	0	5533	0	0	0	16416	0
640000	540	0	5777	0	0	0	15168	0
641000	681	0	5843	0	0	0	16689	0
642000	693	0	5649	0	0	0	16531	0
643000	667	0	5783	0	0	0	16071	0
644000	953	0	5299	0	0	0	15961	0
645000	824	0	5616	0	0	0	16039	0
646000	650	0	5595	0	0	0	16655	0
647000	582	0	5595	0	0	0	16367	0
648000	473	0	5951	0	0	0	18015	0
649000	662	0	5698	0	0	0	17888	0
650000	379	0	6016	0	0	0	17190	0
651000	439	0	5912	0	0	0	17751	0
652000	668	0	5669	0	0	0	16310	0
653000	752	0	5618	0	0	0	15545	0
654000	524	0	5738	0	0	0	16831	0
655000	627	0	5727	0	0	0	17189	0
656000	679	0	5741	0	0	0	17807	0
657000	579	0	5683	0	0	0	16660	0
658000	461	0	5779	0	0	0	17051	0
659000	599	0	5830	0	0	0	16429	0
660000	382	0	6031	0	0	0	17262	0
661000	508	0	5748	0	0	0	17377	0
662000	471	0	5879	0	0	0	17560	0
663000	571	0	5712	0	0	0	16611	0
664000	562	0	5647	0	0	0	16875	0
665000	689	0	5445	0	0	0	17268	0
666000	764	0	5660	0	0	0	16480	0
667000	640	0	5673	0	0	0	16358	0
668000	645	0	5774	0	0	0	16627	0
669000	629	0	5843	0	0	0	16892	0
670000	558	0	5705	0	0	0	15997	0
671000	649	0	5704	0	0	0	16918	0
672000	651	0	5600	0	0	0	17074	0
673000	557	0	5876	0	0	0	17190	0
674000	427	0	5808	0	0	0	16689	0
675000	768	0	5429	0	0	0	15866	0
676000	646	0	5771	0	0	0	16278	0
677000	646	0	5682	0	0	0	17932	0
678000	769	0	5639	0	0	0	15994	0
679000	462	0	5870	0	0	0	15809	0
680000	598	0	5592	0	0	0	17563	0
681000	565	0	5801	0	0	0	16694	0
682000	583	0	5804	0	0	0	16952	0
683000	622	0	5654	0	0	0	17882	0
684000	784	0	5608	0	0	0	16603	0
685000	622	0	5657	0	0	0	16464	0
686000	668	0	5541	0	0	0	16492	0
687000	490	0	5703	0	0	0	16046	0
688000	514	0	5731	0	0	0	16958	0
689000	738	0	5470	0	0	0	16824	0
690000	697	0	5745	0	0	0	16309	0
691000	680	0	5835	0	0	0	17465	0
692000	596	0	5768	0	0	0	16471	0
693000	524	0	5921	0	0	0	17410	0
694000	661	0	5718	0	0	0	17140	0
695000	567	0	5738	0	0	0	16249	0
696000	496	0	5821	0	0	0	16878	0
697000	564	0	5804	0	0	0	17578	0
698000	782	0	5462	0	0	0	15941	0
699000	602	0	5686	0	0	0	17035	0
700000	619	0	5705	0	0	0	17272	0
701000	590	0	5767	0	0	0	17167	0
702000	489	0	5825	0	0	0	16798	0
703000	671	0	5648	0	0	0	16506	0
704000	641	0	5801	0	0	0	16717	0
705000	629	0	5600	0	0	0	16105	0
706000	490	0	5959	0	0	0	16860	0
707000	995	0	5319	0	0	0	15161	0
708000	682	0	5568	0	0	0	16536	0
709000	740	0	5516	0	0	0	16206	0
710000	758	0	5659	0	0	0	16314	0
711000	719	0	5576	0	0	0	15283	0
712000	623	0	5564	0	0	0	16571	0
713000	404	0	5932	0	0	0	16478	0
714000	841	0	5425	0	0	0	16560	0
715000	465	0	5882	0	0	0	16503	0
716000	568	0	5744	0	0	0	17854	0
717000	778	0	5544	0	0	0	16815	0
718000	671	0	5552	0	0	0	16225	0
719000	610	0	5858	0	0	0	16884	0
720000	829	0	5452	0	0	0	14978	0
721000	766	0	5528	0	0	0	16567	0
722000	670	0	5624	0	0	0	16807	0
723000	400	0	5987	0	0	0	16068	0
724000	438	0	6000	0	0	0	17163	0
725000	516	0	5803	0	0	0	17003	0
726000	548	0	5795	0	0	0	16794	0
727000	609	0	5592	0	0	0	15913	0
728000	432	0	5820	0	0	0	17102	0
729000	566	0	5830	0	0	0	16128	0
730000	605	0	5617	0	0	0	17113	0
731000	551	0	5790	0	0	0	17951	0
732000	522	0	5662	0	0	0	16948	0
733000	684	0	5664	0	0	0	16473	0
734000	714	0	5680	0	0	0	16311	0
735000	457	0	5977	0	0	0	17442	0
736000	672	0	5552	0	0	0	16468	0
737000	626	0	5724	0	0	0	16957	0
738000	1006	0	5373	0	0	0	16354	0
739000	818	0	5546	0	0	0	16560	0
740000	585	0	5690	0	0	0	16939	0
741000	565	0	5776	0	0	0	17168	0
742000	761	0	5618	0	0	0	17434	0
743000	717	0	5685	0	0	0	16647	0
744000	488	0	5824	0	0	0	16457	0
745000	599	0	5751	0	0	0	17332	0
746000	552	0	5839	0	0	0	16971	0
747000	753	0	5458	0	0	0	16215	0
748000	435	0	5789	0	0	0	15811	0
749000	729	0	5573	0	0	0	15326	0
750000	534	0	5899	0	0	0	18018	0
751000	966	0	5259	0	0	0	15247	0
752000	719	0	5663	0	0	0	16554	0
753000	656	0	5617	0	0	0	16493	0
754000	526	0	5746	0	0	0	17029	0
755000	559	0	5749	0	0	0	16075	0
756000	660	0	5717	0	0	0	16948	0
757000	590	0	5869	0	0	0	16962	0
758000	651	0	5588	0	0	0	17010	0
759000	899	0	5350	0	0	0	15935	0
760000	1101	0	5076	0	0	0	14646	0
761000	609	0	5906	0	0	0	15884	0
762000	736	0	5514	0	0	0	15475	0
763000	557	0	5893	0	0	0	17858	0
764000	764	0	5447	0	0	0	16300	0
765000	713	0	5535	0	0	0	16571	0
766000	596	0	6025	0	0	0	16730	0
767000	535	0	5931	0	0	0	17267	0
768000	541	0	6016	0	0	0	16636	0
769000	549	0	5668	0	0	0	16680	0
770000	525	0	5870	0	0	0	18005	0
771000	748	0	5677	0	0	0	15870	0
772000	499	0	5884	0	0	0	16369	0
773000	702	0	5504	0	0	0	15694	0
774000	872	0	5297	0	0	0	15736	0
775000	552	0	5695	0	0	0	16635	0
776000	765	0	5578	0	0	0	16169	0
777000	643	0	5779	0	0	0	15935	0
778000	661	0	5709	0	0	0	16522	0
779000	575	0	5705	0	0	0	17197	0
780000	596	0	5759	0	0	0	16994	0
781000	828	0	5596	0	0	0	16285	0
782000	706	0	5662	0	0	0	15818	0
783000	788	0	5681	0	0	0	16509	0
784000	677	0	5763	0	0	0	16699	0
785000	480	0	5937	0	0	0	16417	0
786000	483	0	5981	0	0	0	17193	0
787000	505	0	5744	0	0	0	16949	0
788000	711	0	5539	0	0	0	16499	0
789000	699	0	5687	0	0	0	15832	0
790000	587	0	5738	0	0	0	17267	0
791000	580	0	5853	0	0	0	17307	0
792000	718	0	5645	0	0	0	15291	0
793000	688	0	5645	0	0	0	16232	0
794000	792	0	5381	0	0	0	15919	0
795000	759	0	5595	0	0	0	16881	0
796000	551	0	5941	0	0	0	17023	0
797000	724	0	5628	0	0	0	15926	0
798000	654	0	5713	0	0	0	16882	0
799000	765	0	5575	0	0	0	15675	0
800000	665	0	5744	0	0	0	16544	0
801000	740	0	5630	0	0	0	16397	0
802000	648	0	5710	0	0	0	16625	0
803000	714	0	5744	0	0	0	16323	0
804000	501	0	5746	0	0	0	16969	0
805000	400	0	5809	0	0	0	16069	0
806000	601	0	5685	0	0	0	16350	0
807000	694	0	5544	0	0	0	16175	0
808000	684	0	5601	0	0	0	16478	0
809000	524	0	5810	0	0	0	16706	0
810000	584	0	5873	0	0	0	16388	0
811000	549	0	5981	0	0	0	16875	0
812000	604	0	5850	0	0	0	16869	0
813000	348	0	5887	0	0	0	18071	0
814000	465	0	5790	0	0	0	17354	0
815000	644	0	5632	0	0	0	16590	0
816000	580	0	5437	0	0	0	16486	0
817000	797	0	5637	0	0	0	16429	0
818000	776	0	5584	0	0	0	16846	0
819000	444	0	5934	0	0	0	15686	0
820000	844	0	5707	0	0	0	15797	0
821000	627	0	5646	0	0	0	16226	0
822000	858	0	5534	0	0	0	16369	0
823000	624	0	5787	0	0	0	17420	0
824000	601	0	5671	0	0	0	16217	0
825000	716	0	5521	0	0	0	16311	0
826000	583	0	5722	0	0	0	16565	0
827000	543	0	5888	0	0	0	16344	0
828000	567	0	6011	0	0	0	16386	0
829000	481	0	5832	0	0	0	16965	0
830000	598	0	5811	0	0	0	16575	0
831000	731	0	5638	0	0	0	17478	0
832000	826	0	5548	0	0	0	15317	0
833000	740	0	5758	0	0	0	17008	0
834000	839	0	5540	0	0	0	15725	0
835000	705	0	5589	0	0	0	16999	0
836000	821	0	5363	0	0	0	16589	0
837000	682	0	5753	0	0	0	16202	0
838000	602	0	5807	0	0	0	16430	0
839000	771	0	5531	0	0	0	16024	0
840000	646	0	5949	0	0	0	16637	0
841000	559	0	5749	0	0	0	16899	0
842000	670	0	5652	0	0	0	17158	0
843000	565	0	5832	0	0	0	17063	0
844000	578	0	5805	0	0	0	17102	0
845000	816	0	5544	0	0	0	17085	0
846000	733	0	5683	0	0	0	15927	0
847000	797	0	5570	0	0	0	15739	0
848000	423	0	6016	0	0	0	16206	0
849000	540	0	5815	0	0	0	16952	0
850000	613	0	5814	0	0	0	16875	0
851000	808	0	5520	0	0	0	15983	0
852000	693	0	5754	0	0	0	16673	0
853000	765	0	5656	0	0	0	16474	0
854000	660	0	5684	0	0	0	15933	0
855000	565	0	5827	0	0	0	17128	0
856000	630	0	5912	0	0	0	16782	0
857000	603	0	5697	0	0	0	16783	0
858000	704	0	5657	0	0	0	16742	0
859000	581	0	5797	0	0	0	17404	0
860000	675	0	5878	0	0	0	17209	0
861000	551	0	5785	0	0	0	16464	0
862000	598	0	5706	0	0	0	16550	0
863000	674	0	5687	0	0	0	16593	0
864000	481	0	5796	0	0	0	17527	0
865000	801	0	5616	0	0	0	15712	0
866000	619	0	5946	0	0	0	17066	0
867000	931	0	5306	0	0	0	15149	0
868000	524	0	5745	0	0	0	16472	0
869000	568	0	5900	0	0	0	16653	0
870000	520	0	5781	0	0	0	16729	0
871000	611	0	5672	0	0	0	15905	0
872000	617	0	5744	0	0	0	16819	0
873000	513	0	5742	0	0	0	16920	0
874000	711	0	5690	0	0	0	16582	0
875000	281	0	5974	0	0	0	17164	0
876000	798	0	5505	0	0	0	17262	0
877000	491	0	5731	0	0	0	17196	0
878000	570	0	5806	0	0	0	16536	0
879000	635	0	5678	0	0	0	15926	0
880000	590	0	5763	0	0	0	16929	0
881000	552	0	5711	0	0	0	16594	0
882000	645	0	5683	0	0	0	16533	0
883000	425	0	5792	0	0	0	17623	0
884000	662	0	5698	0	0	0	17371	0
885000	609	0	5726	0	0	0	16457	0
886000	495	0	5926	0	0	0	16667	0
887000	927	0	5435	0	0	0	14832	0
888000	590	0	5816	0	0	0	16217	0
889000	471	0	5802	0	0	0	17219	0
890000	563	0	5852	0	0	0	17088	0
891000	709	0	5774	0	0	0	16498	0
892000	801	0	5628	0	0	0	16193	0
893000	435	0	5968	0	0	0	17363	0
894000	606	0	5651	0	0	0	17097	0
895000	846	0	5388	0	0	0	14952	0
896000	712	0	5504	0	0	0	14902	0
897000	564	0	5896	0	0	0	17071	0
898000	704	0	5597	0	0	0	17115	0
899000	593	0	5740	0	0	0	17302	0
900000	368	0	5801	0	0	0	17142	0
901000	821	0	5400	0	0	0	16112	0
902000	550	0	5822	0	0	0	16416	0
903000	558	0	5828	0	0	0	16515	0
904000	724	0	5632	0	0	0	15803	0
905000	725	0	5609	0	0	0	16292	0
906000	690	0	5678	0	0	0	16664	0
907000	868	0	5512	0	0	0	15780	0
908000	808	0	5576	0	0	0	16330	0
909000	479	0	5903	0	0	0	17560	0
910000	583	0	5853	0	0	0	15997	0
911000	712	0	5695	0	0	0	15775	0
912000	783	0	5481	0	0	0	16691	0
913000	489	0	5987	0	0	0	17066	0
914000	675	0	5640	0	0	0	16635	0
915000	589	0	5790	0	0	0	16728	0
916000	531	0	5825	0	0	0	17932	0
917000	540	0	5910	0	0	0	17347	0
918000	823	0	5799	0	0	0	15327	0
919000	725	0	5636	0	0	0	15970	0
920000	547	0	5828	0	0	0	16119	0
921000	1001	0	5402	0	0	0	16294	0
922000	698	0	5736	0	0	0	16593	0
923000	597	0	5841	0	0	0	16035	0
924000	395	0	5803	0	0	0	15984	0
925000	598	0	5898	0	0	0	17600	0
926000	676	0	5685	0	0	0	16066	0
927000	799	0	5503	0	0	0	15449	0
928000	751	0	5560	0	0	0	18139	0
929000	632	0	5891	0	0	0	15415	0
930000	530	0	5847	0	0	0	16879	0
931000	608	0	5743	0	0	0	16078	0
932000	623	0	5747	0	0	0	16440	0
933000	524	0	5917	0	0	0	17145	0
934000	512	0	5808	0	0	0	16960	0
935000	570	0	5762	0	0	0	17191	0
936000	496	0	5877	0	0	0	17318	0
937000	456	0	5986	0	0	0	17860	0
938000	652	0	5665	0	0	0	17399	0
939000	705	0	5534	0	0	0	16754	0
940000	678	0	5779	0	0	0	16834	0
941000	820	0	5529	0	0	0	16179	0
942000	410	0	5998	0	0	0	18061	0
943000	506	0	5755	0	0	0	16807	0
944000	829	0	5561	0	0	0	16549	0
945000	490	0	5906	0	0	0	16711	0
946000	445	0	5805	0	0	0	16708	0
947000	654	0	5645	0	0	0	16575	0
948000	476	0	6040	0	0	0	16524	0
949000	769	0	5569	0	0	0	16648	0
950000	837	0	5573	0	0	0	15341	0
951000	713	0	5782	0	0	0	15939	0
952000	667	0	5687	0	0	0	16421	0
953000	503	0	5846	0	0	0	16715	0
954000	857	0	5478	0	0	0	17146	0
955000	744	0	5615	0	0	0	16152	0
956000	432	0	5728	0	0	0	17000	0
957000	859	0	5445	0	0	0	16124	0
958000	462	0	5740	0	0	0	17856	0
959000	642	0	5485	0	0	0	16975	0
960000	538	0	5785	0	0	0	16902	0
961000	702	0	5720	0	0	0	16882	0
962000	741	0	5772	0	0	0	16978	0
963000	436	0	5865	0	0	0	16827	0
964000	499	0	5925	0	0	0	17447	0
965000	767	0	5445	0	0	0	16287	0
966000	579	0	5721	0	0	0	17478	0
967000	615	0	5775	0	0	0	18014	0
968000	618	0	5852	0	0	0	16250	0
969000	751	0	5600	0	0	0	15753	0
970000	737	0	5736	0	0	0	16048	0
971000	553	0	5865	0	0	0	16695	0
972000	490	0	5969	0	0	0	16566	0
973000	643	0	5607	0	0	0	16539	0
974000	514	0	5691	0	0	0	16658	0
975000	608	0	5656	0	0	0	17475	0
976000	402	0	5929	0	0	0	17199	0
977000	743	0	5769	0	0	0	15610	0
978000	538	0	5843	0	0	0	17215	0
979000	675	0	5438	0	0	0	17283	0
980000	405	0	6007	0	0	0	16588	0
981000	607	0	5940	0	0	0	17504	0
982000	608	0	5835	0	0	0	16566	0
983000	393	0	5970	0	0	0	17406	0
984000	621	0	5774	0	0	0	16637	0
985000	543	0	5781	0	0	0	16378	0
986000	798	0	5673	0	0	0	15653	0
987000	671	0	5671	0	0	0	16719	0
988000	490	0	5895	0	0	0	18009	0
989000	636	0	5692	0	0	0	16314	0
990000	509	0	5915	0	0	0	16192	0
991000	434	0	5738	0	0	0	18067	0
992000	536	0	5712	0	0	0	17062	0
993000	545	0	5836	0	0	0	16849	0
994000	895	0	5485	0	0	0	16160	0
995000	557	0	5660	0	0	0	17024	0
996000	588	0	5801	0	0	0	16763	0
997000	676	0	5752	0	0	0	16870	0
998000	673	0	5642	0	0	0	17618	0
999000	1048	0	5386	0	0	0	16322	0
