0	0	0	0	14400	0	0	0	0
1000	6	435	337	13094	93	78	22182	304
2000	20	406	349	13071	105	78	21933	370
3000	13	366	321	13162	101	96	23281	464
4000	24	416	407	12997	79	39	23420	265
5000	14	408	496	12884	100	62	23811	298
6000	11	445	352	13076	55	111	23096	340
7000	8	438	381	13007	8	186	22538	407
8000	12	451	397	12983	13	161	23330	423
9000	10	401	317	13243	3	97	23258	240
10000	9	473	333	13093	2	135	23785	297
11000	12	484	245	13104	0	266	22036	493
12000	15	448	394	12824	0	309	22066	627
13000	6	432	317	12942	19	337	22333	688
14000	9	472	422	12792	17	298	22253	447
15000	17	450	393	12889	3	264	22926	448
16000	6	424	340	12963	8	320	23139	654
17000	17	445	325	12929	49	327	22243	600
18000	14	431	325	12987	41	266	22251	609
19000	17	464	353	12825	75	271	23265	569
20000	11	436	330	12902	89	277	22155	512
21000	11	437	363	12805	78	340	22480	532
22000	8	488	441	12618	104	310	21717	637
23000	20	414	304	12980	52	301	23384	510
24000	12	425	318	12796	59	419	22515	691
25000	12	412	317	12805	54	470	22381	839
26000	14	462	418	12625	49	452	22898	963
27000	21	441	328	12726	26	515	22210	829
28000	9	504	264	12859	27	426	21736	787
29000	17	405	380	12831	72	312	23065	562
30000	12	452	375	12875	50	234	22102	594
31000	10	434	401	12959	13	199	22318	309
32000	12	428	394	12938	4	225	23484	305
33000	9	450	369	12944	20	263	22688	437
34000	27	460	452	12872	77	137	22000	298
35000	12	501	374	12989	32	126	22195	289
36000	25	457	371	12968	60	138	22061	355
37000	13	454	426	12869	47	175	22986	376
38000	14	427	386	13030	27	135	22671	302
39000	13	450	402	12969	43	140	22707	281
40000	13	529	342	12993	29	118	22358	327
41000	14	432	351	13087	25	117	22361	316
42000	6	465	305	13135	10	182	22664	395
43000	12	419	319	13143	16	146	23592	325
44000	10	413	286	13178	7	189	22547	442
45000	20	470	349	13037	27	140	21724	356
46000	9	417	317	13145	21	136	22923	238
47000	17	467	388	12992	22	155	21460	282
48000	4	422	353	13099	5	124	22284	279
49000	13	436	318	13165	5	119	22370	109
50000	13	448	441	12985	29	73	23292	124
51000	9	472	323	13162	26	32	22945	46
52000	9	422	310	13273	31	21	22692	109
53000	6	470	304	13229	14	70	21327	125
54000	10	473	325	13162	11	67	22924	132
55000	17	468	364	13070	5	87	23872	215
56000	7	423	447	13032	1	71	22756	169
57000	9	415	315	13279	5	73	23442	93
58000	11	453	344	13143	1	65	22604	101
59000	6	417	429	13056	1	69	23597	36
60000	15	414	375	13198	0	15	23329	14
61000	10	415	422	13166	1	22	23379	88
62000	17	436	324	13290	0	3	23642	2
63000	16	451	382	13145	0	6	23065	13
64000	18	426	481	12973	66	15	22629	202
65000	21	477	432	12939	66	65	22940	225
66000	16	420	449	12967	28	129	23053	165
67000	15	405	413	12983	26	158	22189	367
68000	19	428	443	12969	33	109	22244	184
69000	20	432	313	13118	41	144	22625	258
70000	16	386	320	12992	39	341	22621	530
71000	9	465	329	12912	35	270	21597	594
72000	16	441	395	12885	14	264	23398	406
73000	10	479	420	12772	31	300	23641	572
74000	14	493	377	12869	36	219	22181	393
75000	14	504	494	12655	46	240	21801	485
76000	33	445	535	12541	71	307	21161	592
77000	20	460	404	12704	111	352	22678	871
78000	15	440	406	12672	128	368	22518	903
79000	26	434	441	12662	153	255	22498	866
80000	23	409	324	12877	129	294	23199	707
81000	16	456	397	12675	133	345	21531	595
82000	14	469	352	12823	101	286	22172	685
83000	25	433	408	12784	78	270	22753	601
84000	12	439	332	12827	146	284	22154	811
85000	12	471	353	12647	101	459	22042	929
86000	12	479	370	12521	76	552	21876	976
87000	16	423	366	12536	56	611	22709	849
88000	12	430	388	12519	66	651	21728	1058
89000	12	458	342	12501	36	701	21997	1229
90000	18	403	368	12491	53	696	23049	1217
91000	11	462	301	12480	72	718	20940	1104
92000	8	436	345	12539	67	626	21930	1183
93000	13	442	306	12518	113	687	20846	1348
94000	4	394	339	12481	109	727	22302	1441
95000	24	441	374	12358	72	760	20969	1381
96000	7	428	424	12190	104	849	21310	1802
97000	11	455	403	12163	83	891	21562	1605
98000	14	462	514	12018	91	853	22594	1459
99000	25	425	490	12112	116	798	21693	1479
100000	10	435	388	12317	98	753	21669	1593
101000	9	447	409	12362	154	632	22631	1419
102000	21	465	367	12277	96	784	22519	1666
103000	14	469	448	12216	128	713	21177	1552
104000	11	423	297	12368	107	866	21685	1626
105000	11	458	338	12255	155	858	20911	2056
106000	7	414	403	12090	177	927	21789	1910
107000	16	400	368	12367	132	754	22406	1700
108000	16	421	416	12486	112	582	21431	1599
109000	6	482	362	12414	66	671	21525	1253
110000	9	439	362	12455	94	676	21798	1336
111000	13	481	309	12481	88	708	20896	1372
112000	11	437	329	12417	54	847	22470	1340
113000	18	420	284	12379	61	891	21041	1684
114000	14	446	373	12265	90	776	22050	1438
115000	15	462	361	12432	134	636	22092	1245
116000	16	446	391	12284	185	691	21867	1475
117000	22	418	515	12312	195	488	21604	890
118000	15	389	365	12703	99	418	23683	786
119000	18	423	357	12741	75	382	22848	985
120000	8	468	383	12769	33	354	21839	652
121000	4	430	340	12953	23	315	23091	492
122000	14	428	337	12884	29	354	22570	545
123000	4	420	397	12794	21	350	23462	633
124000	11	448	322	12977	13	243	22916	367
125000	21	414	414	12789	10	331	23322	452
126000	20	416	434	12682	16	413	22447	913
127000	9	464	330	12747	20	499	22172	815
128000	15	431	440	12422	62	643	21274	859
129000	13	411	373	12612	38	596	21835	898
130000	14	439	348	12698	44	496	22255	955
131000	14	395	300	12700	110	543	21710	1118
132000	17	396	374	12767	113	354	22625	771
133000	12	420	368	12794	37	389	22356	721
134000	17	482	298	12932	14	358	22888	611
135000	15	431	362	12905	15	302	22018	567
136000	10	424	339	12873	19	381	22603	438
137000	16	508	295	12752	66	432	22059	789
138000	18	417	422	12682	96	339	23554	814
139000	8	428	339	12796	166	334	21915	699
140000	14	430	371	12683	149	382	21454	770
141000	25	435	323	12592	184	477	21901	987
142000	21	456	330	12540	85	596	21919	1099
143000	14	430	380	12551	42	585	21753	1230
144000	3	417	326	12499	95	728	22199	1401
145000	13	421	309	12527	105	697	22143	1484
146000	13	404	305	12588	120	644	21891	1550
147000	12	467	349	12403	101	685	21148	1531
148000	14	415	285	12491	98	789	20460	1504
149000	17	460	303	12213	83	996	21180	1992
150000	10	452	260	12057	119	1151	21408	1955
151000	18	422	381	11885	80	1211	21484	2185
152000	21	418	400	11970	150	1055	20847	2009
153000	19	454	402	11684	272	1210	20201	2118
154000	22	414	400	11676	243	1229	21687	2647
155000	17	431	375	12126	247	840	21176	1845
156000	19	493	409	12059	245	763	21894	1565
157000	20	376	402	12059	271	891	21292	1997
158000	24	410	387	12186	308	683	20982	1490
159000	13	413	394	12238	183	784	21626	1736
160000	28	457	369	12274	217	690	22620	1424
161000	23	436	306	12358	230	719	22078	1800
162000	9	450	271	12566	134	671	21334	1298
163000	8	430	333	12478	144	684	20886	1700
164000	24	436	396	12265	128	778	20727	1339
165000	18	385	386	12297	194	716	20888	1620
166000	16	388	423	12253	125	776	21898	1352
167000	15	386	281	12581	126	679	21948	1308
168000	28	401	415	12267	229	679	20868	1687
169000	24	434	398	12267	235	647	21103	1781
170000	20	466	401	12260	220	667	20251	1638
171000	14	395	391	12353	137	715	21447	1483
172000	11	438	401	12237	143	815	21279	1437
173000	18	406	381	12169	181	876	22177	2027
174000	28	455	445	12014	260	800	20686	1682
175000	18	462	338	12188	264	767	20124	1656
176000	23	386	421	12169	228	764	21016	1516
177000	20	404	381	12274	238	673	21325	1676
178000	17	464	516	12092	150	741	20944	1515
179000	7	428	352	12248	114	906	21457	1495
180000	15	487	315	12234	86	933	21201	1715
181000	16	419	328	12283	93	905	22379	1371
182000	17	401	364	12205	110	936	21518	1800
183000	7	439	340	12332	127	768	21677	1816
184000	12	460	384	12324	127	714	20798	1538
185000	6	471	261	12640	131	607	21276	1299
186000	17	451	401	12259	153	706	21492	1343
187000	13	440	324	12363	120	780	20719	1543
188000	22	420	328	12102	140	991	22037	1811
189000	15	421	343	12172	65	1069	21075	1881
190000	12	421	369	12047	120	1057	20371	1915
191000	7	475	293	11992	140	1171	20838	2334
192000	24	399	314	11807	220	1261	21769	2312
193000	23	400	362	11669	203	1353	21123	2320
194000	13	428	325	11696	132	1463	19923	2715
195000	13	440	337	11691	167	1374	21269	2389
196000	24	419	378	11724	259	1223	20812	2329
197000	21	419	492	11659	284	1118	20671	2532
198000	29	469	449	11551	269	1200	20370	2389
199000	17	482	330	11734	218	1271	20872	2415
200000	22	453	336	11554	245	1417	20021	2828
201000	9	388	415	11702	195	1327	20441	2728
202000	19	479	281	11765	205	1324	20118	2551
203000	22	490	358	11657	189	1299	19789	2413
204000	15	429	413	11687	276	1210	19077	2315
205000	15	405	381	11728	278	1219	20415	2357
206000	21	445	332	11762	264	1216	20352	2387
207000	20	431	220	11998	202	1246	20099	2167
208000	14	423	319	11789	149	1369	20755	2751
209000	17	434	279	11644	224	1490	20444	2884
210000	10	463	296	11813	235	1260	20783	2606
211000	20	451	373	11903	147	1132	21366	2087
212000	17	406	343	12111	169	993	20109	1952
213000	22	424	388	11845	167	1167	20468	2078
214000	26	412	333	11959	145	1155	21039	2530
215000	17	450	331	11747	228	1255	20343	2637
216000	17	430	369	12148	197	852	21845	1762
217000	23	439	328	12189	160	920	21309	1732
218000	11	418	422	12120	167	858	21093	1699
219000	18	419	352	12033	155	1052	22131	2363
220000	13	441	300	11788	246	1283	19672	2679
221000	20	448	373	11951	132	1103	20262	2349
222000	17	431	364	11905	188	1134	19423	2299
223000	11	422	278	12044	174	1153	20794	2351
224000	23	443	412	11722	188	1188	20557	2463
225000	8	464	361	12196	74	943	20562	1725
226000	10	411	313	12344	96	867	21115	1751
227000	26	409	307	12272	63	993	21164	1782
228000	19	487	305	12078	99	1029	21335	1596
229000	13	412	324	12273	75	969	21402	1938
230000	27	418	360	12226	131	862	21999	1971
231000	11	478	347	12098	124	992	21903	1730
232000	14	460	302	12121	156	1008	20359	1977
233000	26	461	357	11939	187	1013	20593	2397
234000	24	397	322	11948	189	1171	20261	2214
235000	15	460	354	11877	147	1194	20012	2075
236000	21	466	312	11990	144	1115	21440	1894
237000	15	411	262	12047	129	1231	21003	2121
238000	16	489	304	12045	89	1121	19708	1985
239000	10	444	339	11853	96	1273	20670	2394
240000	12	461	251	11971	44	1348	21389	2382
241000	15	420	328	11929	81	1277	20544	2427
242000	22	457	377	11988	100	1099	20470	2219
243000	16	468	353	12064	105	1050	20287	1972
244000	18	443	344	12172	138	878	20424	1743
245000	21	406	454	12072	92	921	21340	1735
246000	8	406	386	12155	82	1007	21422	1878
247000	22	423	411	11977	115	1033	21230	2166
248000	11	375	411	11880	143	1203	20924	2506
249000	26	474	330	12022	126	1069	21123	2488
250000	13	471	357	12026	105	1037	21682	2043
251000	6	452	330	12244	135	908	21284	1840
252000	19	411	422	12265	52	837	20152	1564
253000	11	441	314	12447	99	756	21234	1556
254000	20	402	381	12242	149	846	20270	1848
255000	14	415	427	12155	76	911	21795	1684
256000	25	405	383	12096	125	979	21848	1539
257000	13	416	428	11879	162	1089	20291	2094
258000	21	408	302	12156	162	984	20204	1953
259000	19	443	453	11818	157	1101	20795	1805
260000	15	439	324	12248	153	846	20409	1650
261000	16	442	318	12192	90	992	20540	1501
262000	14	456	393	12235	100	804	21151	1513
263000	17	451	285	12369	126	841	21417	1647
264000	19	384	369	12304	124	846	20114	1590
265000	14	401	325	12316	104	862	21480	1399
266000	13	461	381	11983	143	1061	20588	1803
267000	22	393	411	12031	112	1022	21773	2429
268000	15	443	402	11855	161	1153	20533	1879
269000	27	436	321	11808	279	1188	19798	2338
270000	17	412	347	12065	158	1075	21404	2316
271000	19	458	342	11909	126	1208	20876	2270
272000	12	418	418	11928	149	1080	20781	2156
273000	16	416	305	12053	158	1105	22114	2102
274000	23	422	344	11798	271	1160	20238	2236
275000	9	414	342	11480	296	1524	20899	2970
276000	11	422	313	11673	161	1473	19156	2678
277000	13	413	365	11438	219	1575	19770	3110
278000	17	434	388	11529	187	1486	20650	3106
279000	14	468	381	11465	194	1527	20531	2734
280000	19	420	370	11212	306	1677	19990	3194
281000	23	458	360	11376	332	1490	19371	3096
282000	35	448	312	11324	345	1569	19681	3294
283000	21	425	429	11366	225	1543	19659	2902
284000	18	417	363	11454	213	1562	20495	3037
285000	12	389	324	11398	189	1758	19129	3236
286000	21	437	329	11541	171	1570	20228	3074
287000	13	462	376	11587	174	1396	20302	2977
288000	18	397	317	11824	176	1333	19789	2117
289000	17	468	349	11795	119	1285	20547	2371
290000	19	419	370	11898	122	1175	21241	2163
291000	14	385	326	12230	108	991	21208	1804
292000	9	480	342	12251	80	909	22285	1416
293000	8	451	382	12315	52	826	21118	1538
294000	16	433	446	12032	90	951	20302	1688
295000	17	424	334	12191	130	955	20360	1931
296000	13	452	347	12186	115	928	21363	1622
297000	11	473	292	11983	133	1173	21638	2310
298000	18	426	326	11752	289	1243	20856	2430
299000	12	427	355	11505	160	1590	20499	3056
300000	16	474	309	11239	215	1800	19762	3324
301000	21	398	299	11185	318	1827	18747	3521
302000	26	459	361	11150	231	1757	19278	3311
303000	18	433	347	11236	178	1815	20075	3107
304000	27	453	379	11024	214	1907	19384	3262
305000	30	421	419	10660	356	2118	18347	3993
306000	27	385	515	10923	345	1740	19621	3272
307000	29	411	466	11038	400	1633	20800	3687
308000	26	431	413	10786	411	1912	19132	3814
309000	22	480	365	10954	317	1897	18805	3751
310000	15	438	263	11499	191	1656	20354	3434
311000	14	427	366	11542	177	1493	20186	2656
312000	13	383	328	11369	279	1667	20482	3326
313000	18	439	413	11233	323	1551	20138	3206
314000	23	396	333	11541	318	1426	20104	2870
315000	11	409	427	11193	322	1627	19825	3302
316000	26	415	392	11271	268	1645	19735	3387
317000	30	423	436	11339	177	1575	20397	2870
318000	14	474	387	11374	196	1589	19265	3104
319000	39	381	447	11186	320	1594	20489	2830
320000	30	472	423	11172	310	1572	19187	3386
321000	29	406	378	11347	287	1605	18647	3630
322000	10	420	312	11393	259	1674	19560	3408
323000	30	438	395	11358	269	1542	19192	2972
324000	26	400	397	11258	335	1606	19767	3176
325000	47	386	471	10989	488	1597	19135	3772
326000	24	459	463	11214	339	1486	19786	2865
327000	15	415	327	11466	346	1487	21172	2906
328000	25	469	356	11338	321	1542	18552	3245
329000	31	462	442	11643	249	1176	20757	2548
330000	27	470	494	11308	184	1437	20027	2640
331000	15	432	317	11568	229	1509	19288	2664
332000	26	458	375	11424	225	1514	19382	2957
333000	17	439	363	11387	273	1527	20452	3249
334000	10	432	316	11406	201	1681	20891	3205
335000	11	406	318	11239	205	1883	20305	3050
336000	21	408	380	11319	226	1649	19209	3143
337000	17	446	388	11510	300	1354	19824	2972
338000	11	421	423	11547	312	1307	20106	2904
339000	18	394	392	11618	251	1342	20676	2439
340000	26	477	422	11451	202	1423	21157	3304
341000	17	463	365	11690	146	1364	20274	2695
342000	17	398	267	11531	169	1704	19399	3535
343000	9	431	292	11727	170	1429	19852	2768
344000	22	429	399	11238	194	1735	18594	3196
345000	21	441	352	11090	270	1853	18869	3547
346000	19	435	367	11176	204	1856	17968	3195
347000	14	404	441	11306	228	1582	20363	3199
348000	24	437	380	11298	256	1636	19558	2963
349000	13	465	294	11506	310	1473	21089	2841
350000	13	378	376	11558	352	1333	20681	2691
351000	19	412	455	11426	247	1393	20662	2469
352000	15	380	405	11393	184	1656	20231	2811
353000	12	413	318	11836	121	1403	20631	2728
354000	18	416	322	11444	222	1619	21399	3295
355000	26	381	371	11613	261	1377	20596	2900
356000	30	481	510	11326	284	1312	20538	2603
357000	18	493	332	11687	254	1293	19967	2635
358000	26	491	337	11661	246	1314	20368	2772
359000	15	407	317	11781	180	1341	20484	2806
360000	16	421	352	11877	151	1219	21360	2386
361000	11	438	350	12020	126	1083	20763	2118
362000	15	408	340	11972	146	1167	21559	1982
363000	16	450	277	12273	145	915	21916	1620
364000	19	412	326	12304	184	804	21206	1541
365000	17	453	432	12212	115	769	21293	1477
366000	17	477	469	12053	120	852	20601	1529
367000	25	427	366	12127	91	977	21248	1877
368000	9	405	341	12229	155	918	21430	1823
369000	17	450	398	12061	99	988	21634	1894
370000	14	452	288	12344	86	908	22201	1814
371000	14	469	250	12359	131	856	20685	1631
372000	13	449	219	12200	133	1090	20778	2079
373000	16	431	256	12344	145	896	21482	1879
374000	9	437	271	12437	155	786	21141	1665
375000	20	426	288	12410	148	779	21377	1638
376000	8	420	420	12357	61	783	21950	1472
377000	13	434	254	12553	90	734	21409	1740
378000	11	470	399	12431	76	633	21908	1056
379000	17	428	351	12438	125	652	22553	1129
380000	12	415	329	12455	171	669	22117	1215
381000	15	395	421	12489	176	498	22024	1437
382000	14	441	357	12487	153	600	21067	1209
383000	8	438	378	12328	182	660	21544	1482
384000	24	428	305	12379	158	792	21085	1432
385000	22	448	373	12215	130	856	21230	1742
386000	21	461	291	12255	145	892	20152	1750
387000	20	462	362	12216	166	771	21740	1718
388000	20	359	412	12291	166	786	22314	1556
389000	15	457	366	12160	151	900	21332	1668
390000	15	433	324	12024	138	1127	22319	1892
391000	14	409	374	11917	98	1206	20924	2168
392000	16	390	324	12017	125	1173	20180	2278
393000	19	459	402	11997	178	979	20936	1875
394000	8	419	332	12125	117	1037	20523	1846
395000	21	480	351	12078	144	950	20674	1781
396000	5	454	393	12047	98	1019	21165	1731
397000	25	472	355	12066	114	1024	20741	1569
398000	14	456	379	11968	81	1108	20524	2345
399000	8	462	358	12003	168	1018	20863	1931
400000	23	400	461	11913	230	970	21000	2144
401000	16	393	436	11833	235	1097	20504	2407
402000	12	418	411	11750	221	1174	20643	2525
403000	20	429	416	11965	133	1032	21171	1738
404000	15	429	301	12239	129	926	21149	1699
405000	14	434	455	12121	103	862	21333	1629
406000	5	398	396	12284	131	784	22667	1450
407000	16	414	436	12318	116	690	21812	1364
408000	27	417	471	12510	79	473	22530	990
409000	27	434	373	12542	133	495	21938	994
410000	15	451	388	12623	107	454	21725	929
411000	18	470	403	12618	79	416	21876	892
412000	13	448	449	12492	76	542	21800	889
413000	7	460	344	12735	88	392	21711	777
414000	9	408	363	12805	138	320	22646	885
415000	11	421	396	12743	110	335	21643	644
416000	22	480	359	12803	57	318	21764	704
417000	16	463	335	12680	54	491	21520	972
418000	14	383	368	12677	24	564	22438	930
419000	8	444	428	12453	72	554	21472	1197
420000	14	414	340	12593	56	618	23106	1092
421000	12	391	307	12831	38	479	21753	1209
422000	7	462	269	12837	12	508	21280	682
423000	6	453	331	12668	49	551	21861	938
424000	6	441	354	12514	74	661	21703	1226
425000	10	460	375	12377	55	732	22937	1424
426000	15	416	317	12379	84	854	22022	1231
427000	19	427	349	12252	81	884	21172	1678
428000	15	451	371	12563	40	607	22579	862
429000	11	505	377	12442	72	634	20827	1070
430000	21	454	409	12465	65	617	22283	1275
431000	7	467	380	12488	97	562	22634	1077
432000	14	465	326	12304	110	857	20316	1422
433000	11	465	353	12220	142	857	21867	1781
434000	10	406	327	12142	153	1017	21285	2067
435000	8	432	269	12350	148	865	21735	1630
436000	12	414	390	12409	88	716	20909	1539
437000	21	444	282	12431	85	794	21778	1363
438000	10	456	330	12483	68	708	21863	1369
439000	12	419	317	12537	94	640	23054	1166
440000	9	423	364	12319	126	794	22851	1726
441000	10	443	329	12270	113	861	20901	1317
442000	14	436	397	12218	163	754	23371	1371
443000	23	417	309	12342	186	778	20860	1446
444000	21	457	412	12268	103	731	22067	1356
445000	12	423	334	12516	80	679	22397	1227
446000	7	443	361	12617	63	544	21999	1050
447000	20	489	401	12421	103	593	21616	1365
448000	13	426	277	12734	62	552	22080	1105
449000	23	419	306	12611	65	645	22735	1166
450000	13	444	345	12582	57	604	21809	1113
451000	10	441	355	12473	84	645	21636	1242
452000	13	387	372	12833	17	416	22154	1035
453000	30	443	375	12826	17	348	21617	669
454000	20	475	298	12891	45	335	22410	688
455000	4	441	243	13177	29	225	23518	566
456000	10	443	317	13031	22	202	23688	388
457000	9	438	316	13004	24	262	22708	619
458000	5	442	286	13125	49	148	23410	257
459000	8	422	318	13089	44	201	22105	469
460000	9	444	377	12951	98	203	22405	491
461000	22	472	356	12800	75	285	22203	604
462000	10	437	286	12994	60	292	22938	849
463000	21	434	343	12908	63	292	22287	529
464000	12	467	384	12844	72	259	22362	529
465000	12	403	400	12891	70	230	21896	555
466000	8	425	313	12919	103	291	21917	629
467000	12	440	364	12818	77	349	21877	656
468000	13	459	350	12961	27	228	22239	554
469000	18	413	408	12975	4	207	21459	312
470000	6	417	297	13159	9	195	23347	496
471000	10	453	352	13079	5	158	22432	327
472000	9	454	305	13114	0	152	22759	226
473000	10	474	317	13093	9	180	22041	333
474000	23	468	334	13069	2	149	22949	224
475000	7	437	328	13174	2	95	23620	147
476000	8	456	324	13112	0	132	22091	276
477000	10	460	306	13109	15	165	22621	252
478000	6	454	328	13213	0	77	22822	69
479000	15	369	373	13156	1	101	23304	96
480000	16	430	430	12817	32	247	21478	478
481000	13	427	411	12880	52	225	22564	546
482000	12	479	279	13127	31	145	22858	464
483000	18	406	359	13032	36	175	23127	445
484000	19	448	388	13043	67	85	23578	417
485000	12	430	395	13105	26	35	22120	79
486000	18	496	381	13068	20	45	21088	136
487000	13	449	341	13150	25	71	22510	144
488000	10	410	299	13315	16	36	22966	95
489000	14	469	457	13016	3	48	22663	99
490000	13	402	467	12986	1	74	22684	148
491000	14	480	378	13061	0	83	23039	98
492000	13	399	403	13124	0	63	23370	58
493000	8	445	332	13244	10	17	23937	26
494000	11	460	339	13240	0	11	22389	1
495000	8	470	388	13158	0	10	23094	27
496000	17	445	509	12850	130	27	23156	230
497000	23	431	442	12972	100	38	23415	264
498000	11	399	414	12994	123	83	22169	365
499000	23	437	385	12942	108	163	21433	521
500000	13	422	323	13004	62	221	22090	586
501000	15	419	426	12737	56	344	22334	585
502000	11	466	400	12653	70	431	22470	775
503000	7	448	307	12998	22	283	22687	532
504000	18	457	393	12768	47	325	22230	555
505000	11	422	383	12839	95	299	22209	750
506000	20	440	435	12695	71	359	22963	687
507000	14	518	505	12568	68	302	21490	593
508000	13	454	361	12951	8	243	22238	530
509000	10	484	293	13064	19	195	22585	488
510000	10	432	273	13157	4	221	21801	348
511000	14	458	298	13126	11	177	21818	346
512000	8	472	351	13043	12	136	23374	137
513000	17	448	317	13140	19	97	22192	197
514000	8	445	336	13112	12	126	23044	355
515000	7	469	336	13111	25	138	22912	225
516000	26	462	307	13032	25	195	22746	285
517000	22	399	320	13141	34	130	22637	267
518000	24	463	352	13012	13	129	23042	261
519000	7	461	330	12970	12	268	22904	381
520000	9	492	312	12915	15	325	22400	607
521000	10	393	415	12800	17	399	23194	748
522000	15	426	342	12788	21	451	22144	841
523000	14	485	378	12673	17	418	21837	884
524000	10	509	338	12575	38	560	20987	874
525000	14	449	292	12637	77	613	21614	1349
526000	6	418	250	12883	46	489	23044	1049
527000	4	478	267	12836	35	444	22889	716
528000	18	427	413	12658	46	456	22560	1056
529000	12	456	336	12696	89	441	21034	857
530000	14	435	355	12690	53	500	22187	906
531000	14	447	261	12766	34	533	21771	1000
532000	5	482	306	12790	25	492	21731	685
533000	15	436	416	12766	18	399	21849	690
534000	12	452	303	12822	23	457	21991	827
535000	8	429	348	12935	25	312	23201	784
536000	12	443	341	12815	28	372	23265	614
537000	13	445	312	12926	11	337	22653	702
538000	11	421	288	12984	19	365	21916	451
539000	21	429	419	12786	24	333	22755	622
540000	9	432	370	12882	42	294	22275	502
541000	11	430	314	12977	73	250	23194	571
542000	19	470	390	12820	43	270	22031	643
543000	10	456	318	12960	33	313	22563	588
544000	6	433	340	12910	39	327	22165	647
545000	10	409	361	12991	10	255	24364	550
546000	8	440	265	13065	39	263	21488	561
547000	6	475	361	12932	3	220	23215	304
548000	13	439	342	13022	15	195	21450	470
549000	25	439	374	13062	25	107	22912	311
550000	12	478	333	13140	12	75	23574	126
551000	14	471	374	13033	40	92	22513	199
552000	11	447	325	13124	46	83	21928	169
553000	9	428	373	13066	58	112	23593	286
554000	15	429	355	13085	56	97	23077	279
555000	8	421	375	13019	56	157	22042	348
556000	15	455	420	12960	18	152	23044	257
557000	12	396	373	13025	0	159	23449	257
558000	13	395	453	13066	1	52	23415	54
559000	14	450	415	13066	13	80	23857	157
560000	15	456	407	13065	22	33	22405	113
561000	13	418	349	13208	17	49	22773	69
562000	8	447	348	13221	0	65	21788	111
563000	7	430	458	13069	2	48	23325	81
564000	7	441	424	13095	0	43	22573	88
565000	12	448	397	13138	0	42	23115	16
566000	9	427	360	13161	0	49	22998	35
567000	10	469	468	12905	0	86	22167	87
568000	11	423	368	13176	0	28	23042	56
569000	9	473	336	13207	0	10	23966	8
570000	12	403	386	13227	0	15	23399	16
571000	13	417	354	13135	90	5	23327	184
572000	13	451	372	13137	54	40	23467	110
573000	10	454	352	13097	50	74	21989	148
574000	8	480	265	13153	87	118	22146	346
575000	12	407	413	12890	97	200	23225	476
576000	9	412	336	13066	72	203	23291	485
577000	10	425	352	12899	71	232	24052	499
578000	10	446	311	12977	70	240	22231	559
579000	19	429	400	12816	76	267	23287	500
580000	23	426	353	12851	67	318	22850	697
581000	19	454	350	12832	62	335	23000	755
582000	20	441	356	12887	82	248	22221	410
583000	12	430	363	12847	100	276	21905	549
584000	10	437	278	12859	107	402	21873	989
585000	15	491	284	12735	111	417	21290	993
586000	15	461	320	12804	102	369	22049	993
587000	19	395	346	12791	115	361	22502	737
588000	11	492	319	12819	78	344	23281	722
589000	13	473	386	12913	50	209	21992	279
590000	13	428	328	12952	70	232	22328	618
591000	10	489	386	12895	28	211	21284	335
592000	12	433	385	12952	12	219	22572	457
593000	9	473	336	13067	23	168	22748	446
594000	15	427	363	13024	6	215	22380	251
595000	7	447	342	13043	11	182	23125	310
596000	7	457	351	13118	7	110	23262	243
597000	9	423	347	13142	10	87	21791	174
598000	10	378	375	13211	0	71	23425	122
599000	29	508	318	13146	2	68	22925	119
600000	15	478	384	12963	0	132	23532	220
601000	11	431	386	13001	1	193	22628	414
602000	7	441	438	13019	13	98	23530	235
603000	11	468	317	13134	35	105	23367	424
604000	21	461	294	13083	38	150	22753	340
605000	12	439	391	12882	30	282	22834	576
606000	7	429	359	13003	7	233	22559	404
607000	24	454	332	12933	37	231	23128	431
608000	11	460	317	12974	64	227	22117	377
609000	23	428	489	12791	53	216	22577	306
610000	13	406	342	12984	22	265	22616	519
611000	8	441	350	12964	30	270	23104	477
612000	14	481	373	12905	15	235	22673	377
613000	9	438	405	12743	24	415	22096	798
614000	12	468	336	12791	43	401	21670	518
615000	9	441	388	12797	48	373	21804	689
616000	19	427	482	12546	68	448	21451	814
617000	17	470	379	12759	67	325	23007	531
618000	16	436	319	12712	129	389	21686	970
619000	20	437	392	12475	50	632	21563	946
620000	14	431	287	12783	82	488	21459	885
621000	20	430	324	12750	79	420	22729	937
622000	16	494	376	12334	89	708	21970	1347
623000	31	401	358	12315	69	881	20215	1683
624000	16	426	316	12341	54	914	21963	1207
625000	9	429	394	12510	60	642	21498	1057
626000	30	480	472	12377	94	525	21452	1026
627000	11	438	371	12526	115	580	21471	1369
628000	14	440	375	12475	115	599	21532	1587
629000	8	424	580	12126	116	666	21402	1443
630000	17	436	397	12409	151	585	22320	1537
631000	15	398	406	12620	164	422	21598	1240
632000	9	402	401	12732	102	350	22816	927
633000	5	445	395	12558	52	543	21593	956
634000	18	439	414	12638	30	498	22434	768
635000	18	438	341	12702	54	494	22465	1069
636000	19	457	461	12259	87	708	22134	1179
637000	19	454	478	12002	151	814	21227	1731
638000	20	467	430	11886	161	1052	20389	2075
639000	20	446	427	11908	155	1046	20581	2234
640000	25	441	348	11907	183	1140	20894	2163
641000	26	467	378	11995	173	978	20591	1812
642000	21	489	346	11858	290	1031	20573	2148
643000	24	409	359	11868	232	1135	20685	2447
644000	22	457	336	11950	164	1106	20982	2217
645000	14	414	287	11857	222	1300	20914	2567
646000	16	505	356	11668	173	1308	20764	2381
647000	16	462	350	11771	131	1316	19819	2394
648000	16	444	374	11785	154	1233	20586	2491
649000	26	432	363	11967	115	1101	20455	1900
650000	14	428	334	12200	152	932	20506	2041
651000	14	436	366	12162	129	908	19748	1467
652000	22	466	356	12184	92	913	21048	1473
653000	17	460	324	12095	130	1006	19928	1981
654000	15	410	489	11819	195	1024	20821	2455
655000	18	427	516	11585	319	1103	21231	2020
656000	14	451	424	11845	204	1029	20985	1978
657000	15	451	372	11783	199	1171	20886	2342
658000	13	416	406	11820	151	1235	20883	2336
659000	13	433	442	11769	111	1215	20941	2101
660000	10	405	366	11536	204	1504	19928	3244
661000	20	405	418	11220	361	1549	20376	2891
662000	31	413	385	11300	369	1524	19931	3461
663000	23	420	378	11322	265	1634	19821	3107
664000	11	455	366	11380	251	1599	20834	3269
665000	21	391	293	11073	254	2016	19121	3836
666000	16	448	267	11160	216	1985	18686	3671
667000	16	393	299	11343	275	1779	19468	3710
668000	18	416	287	11285	398	1670	19115	3680
669000	22	448	380	11044	251	1856	19913	3675
670000	23	440	396	10953	318	1901	19133	3565
671000	14	404	329	11137	300	1872	20146	3543
672000	19	407	345	11445	216	1603	20635	2839
673000	28	470	373	11306	184	1667	19412	3091
674000	8	417	357	11348	308	1654	19282	3257
675000	24	453	355	11428	285	1494	19743	3351
676000	34	456	352	11274	296	1619	19408	2948
677000	19	480	460	11009	357	1684	19197	3099
678000	22	414	407	11569	231	1313	20833	2320
679000	27	461	355	11689	211	1312	20325	2707
680000	14	453	349	11776	144	1326	20162	2503
681000	10	443	376	11770	176	1267	20645	2247
682000	19	469	328	11915	221	1091	20538	2081
683000	16	382	401	11798	209	1203	20698	2370
684000	6	425	358	11921	186	1128	21350	2413
685000	26	423	444	11864	126	1120	20626	2002
686000	14	429	312	11709	161	1416	20469	2818
687000	17	418	340	11740	185	1348	21928	2455
688000	20	438	386	11607	193	1392	19751	2801
689000	25	422	344	11496	219	1506	20339	2716
690000	14	448	314	11448	183	1638	19041	2839
691000	17	435	285	11618	184	1509	20881	2455
692000	17	447	343	11571	160	1478	20416	2943
693000	22	407	334	11811	128	1332	20619	2294
694000	9	457	366	11857	118	1250	20126	2068
695000	18	465	366	11669	188	1345	19726	2412
696000	9	450	288	11873	179	1275	21137	2594
697000	18	474	396	11505	191	1405	19966	2707
698000	14	439	286	11611	157	1553	20180	3077
699000	16	428	372	11356	131	1704	19018	3003
700000	11	416	297	11557	107	1704	20756	3102
701000	13	439	422	11342	142	1662	20109	3117
702000	23	444	407	11565	133	1446	19991	2921
703000	11	416	367	11635	164	1460	19623	2660
704000	15	483	346	11261	150	1799	18830	3194
705000	16	456	291	11544	235	1515	20395	2788
706000	24	490	445	11604	249	1204	19880	2510
707000	22	453	298	11797	259	1207	19634	2268
708000	14	408	389	11867	183	1168	20595	2576
709000	18	438	319	11815	201	1261	19849	2438
710000	14	435	320	11484	234	1576	20913	2947
711000	20	452	299	11450	225	1613	20362	3186
712000	14	420	287	11473	241	1600	19826	2653
713000	19	417	363	11443	156	1668	19363	3243
714000	12	447	388	11170	179	1796	19157	3331
715000	19	446	288	11535	149	1645	19859	3036
716000	17	402	289	11453	179	1762	20001	3138
717000	19	423	306	11353	186	1776	19322	3714
718000	28	432	328	11360	310	1588	20171	3114
719000	20	424	383	11301	313	1585	19514	3441
720000	25	407	383	11602	299	1291	20837	2623
721000	28	468	404	11276	294	1489	18610	3053
722000	15	470	400	11100	304	1742	19428	3391
723000	31	428	360	11021	269	1938	19130	3771
724000	9	442	392	10941	223	1994	18909	4060
725000	14	382	433	10853	214	2050	19157	3934
726000	16	456	400	10786	228	2093	18332	4122
727000	7	406	418	10799	240	2135	19647	4130
728000	23	454	321	10695	213	2351	18297	4794
729000	12	417	302	10645	339	2345	19072	4513
730000	15	423	317	10713	184	2385	19400	4693
731000	19	425	240	10821	231	2383	18611	4047
732000	9	402	276	10702	254	2437	19112	4693
733000	25	431	328	10817	272	2171	18457	3942
734000	18	379	384	10920	330	1995	19149	4131
735000	19	420	325	11138	374	1770	19896	4000
736000	48	388	387	10943	395	1847	19092	3649
737000	18	419	322	11130	407	1757	19755	3391
738000	24	434	313	11036	422	1791	18913	3689
739000	26	455	376	10957	495	1727	18742	3416
740000	22	401	394	11086	449	1676	19370	4076
741000	32	374	389	11099	353	1771	20065	3636
742000	22	384	371	11107	428	1738	19541	3372
743000	30	491	488	10952	351	1674	19299	3015
744000	29	400	454	11046	346	1695	18733	3350
745000	19	415	340	11164	375	1736	19116	3706
746000	21	401	276	11332	402	1643	19752	3459
747000	18	360	378	11279	427	1569	20141	3320
748000	18	444	295	11170	311	1805	19732	3659
749000	7	415	335	11228	294	1780	20034	3544
750000	20	407	410	11145	327	1672	19233	3285
751000	18	431	318	11192	348	1726	19613	3709
752000	22	505	377	11265	250	1620	20278	2943
753000	15	394	439	11195	335	1639	19792	3153
754000	10	454	305	11301	330	1671	19811	3156
755000	24	417	385	11216	328	1637	20238	3568
756000	22	465	435	11092	336	1659	19949	3041
757000	12	497	319	11090	454	1709	18909	3776
758000	24	442	402	10692	483	1980	18928	4323
759000	28	383	354	10334	484	2465	17657	4962
760000	52	420	468	10039	584	2388	17399	5355
761000	34	400	369	10318	468	2415	18245	4803
762000	21	423	444	10355	523	2262	18609	4306
763000	28	419	438	10294	469	2359	17928	4825
764000	28	425	440	9778	725	2570	17389	5435
765000	40	437	372	9637	663	2888	17230	5632
766000	37	391	383	9441	652	3114	16197	6402
767000	26	454	270	9525	602	3232	16481	6133
768000	21	408	299	9197	763	3380	16073	6732
769000	25	443	320	9461	630	3140	16722	7184
770000	29	392	339	9683	424	3179	16616	6391
771000	29	407	335	9465	466	3313	16880	5964
772000	18	409	304	9237	543	3560	17151	6744
773000	22	441	268	9283	560	3501	16361	6747
774000	28	474	312	9573	499	3150	16334	5976
775000	33	405	294	9816	576	2935	16824	5645
776000	21	394	369	9587	620	2982	17780	6514
777000	25	437	352	9624	612	2994	16857	5552
778000	24	399	342	9639	562	3080	17529	6501
779000	42	405	403	9454	537	3174	16673	6265
780000	45	435	434	9553	536	2973	16651	5925
781000	33	400	408	9291	567	3285	16337	7005
782000	31	413	313	9415	497	3382	16448	6234
783000	29	435	284	9637	541	3120	17367	6075
784000	31	417	354	9492	732	3047	15897	6841
785000	16	465	346	9490	677	3040	16237	6051
786000	37	415	373	9239	603	3331	16983	6699
787000	36	465	425	9194	615	3239	16891	6494
788000	38	442	316	9434	607	3201	16716	6255
789000	34	415	360	9129	706	3388	15413	7432
790000	31	426	416	9368	695	3038	16129	5662
791000	32	401	336	9433	721	3109	16588	6292
792000	27	428	350	9447	704	3126	15299	7015
793000	30	424	273	9366	851	3110	16933	6790
794000	32	490	291	9446	709	3096	16988	5748
795000	25	389	333	9306	775	3196	16300	7208
796000	35	393	422	9192	725	3254	16492	6605
797000	13	371	313	9165	801	3407	16403	7201
798000	41	431	372	9039	637	3507	16054	7070
799000	16	395	348	9292	582	3399	15620	6507
800000	25	412	246	9220	695	3490	16525	7572
801000	35	400	324	8823	851	3601	15413	7845
802000	32	368	387	9029	801	3380	16831	6991
803000	23	364	393	8803	662	3747	16023	6943
804000	42	416	301	8799	818	3685	14971	7799
805000	47	401	438	8653	878	3582	15772	7177
806000	30	427	359	8616	950	3596	15378	8090
807000	40	367	461	8319	1070	3715	14776	7282
808000	63	417	438	8364	1065	3572	14818	8262
809000	47	368	421	8572	1065	3550	15820	7817
810000	42	418	435	8218	1028	3871	15375	8583
811000	51	404	360	7960	1160	4071	14000	8817
812000	50	373	384	7820	1140	4247	14070	9063
813000	39	374	365	8266	990	4012	14518	7700
814000	38	441	364	8353	777	4022	14447	7991
815000	40	371	395	8082	717	4405	13994	8614
816000	38	392	302	8049	770	4484	14680	9755
817000	43	462	319	8171	829	4220	14151	8867
818000	21	401	269	8202	668	4525	14489	8406
819000	33	452	302	8261	786	4232	13805	8332
820000	40	436	366	8020	784	4358	14981	8937
821000	57	381	346	8072	981	4158	14265	9013
822000	47	405	414	7999	1031	4101	13872	9039
823000	42	403	443	8275	1069	3729	14210	8391
824000	45	438	386	8436	1010	3685	14360	7938
825000	54	443	367	8513	904	3743	14568	8298
826000	32	433	367	8554	940	3678	14368	7601
827000	37	429	392	8768	879	3482	15234	7773
828000	50	377	390	8725	830	3632	15404	7768
829000	33	456	349	8652	741	3798	14691	7767
830000	38	362	394	8451	895	3856	15291	7722
831000	41	413	332	8762	812	3659	15406	7353
832000	51	411	391	8904	802	3432	14826	7008
833000	30	374	387	8782	883	3576	15175	7740
834000	27	407	326	8984	820	3500	15938	7190
835000	29	365	408	8654	769	3759	15506	7444
836000	30	400	399	8771	610	3781	15218	7813
837000	30	365	348	9011	669	3602	15246	7437
838000	29	395	387	8810	671	3706	15356	7755
839000	20	461	291	8873	728	3676	15098	7567
840000	30	384	382	8892	739	3561	16175	7614
841000	43	387	366	9069	822	3333	16310	6865
842000	28	442	365	9059	663	3461	15973	6864
843000	30	403	390	8965	686	3523	15918	7162
844000	30	478	301	8985	711	3559	15425	7921
845000	34	422	321	8816	815	3642	15665	7382
846000	39	456	339	8651	827	3734	14780	7813
847000	19	392	419	8197	792	4202	14990	8806
848000	53	348	484	8245	976	3847	14468	8228
849000	47	466	316	8400	1073	3767	14423	8164
850000	43	434	408	8600	1046	3493	14304	8380
851000	46	468	326	8746	899	3539	15725	7403
852000	30	406	268	9150	870	3373	15631	7331
853000	35	417	401	8900	934	3324	14712	7525
854000	55	453	414	9083	826	3166	15951	6829
855000	31	428	427	9440	702	2988	17443	5674
856000	37	449	398	9586	612	2933	17020	6199
857000	37	360	406	9703	534	2961	18018	5480
858000	34	407	309	9764	583	2928	17086	6444
859000	46	387	365	9521	722	2976	16904	6202
860000	28	369	335	9438	633	3241	15846	7118
861000	14	421	294	9416	551	3365	16420	6261
862000	22	475	287	9477	520	3288	15982	6715
863000	16	411	269	9759	633	2986	17370	5937
864000	25	395	341	9973	575	2718	17269	5903
865000	18	417	419	10147	560	2422	17446	5417
866000	33	429	301	10124	565	2613	18233	5432
867000	30	411	391	9862	513	2809	17519	5449
868000	37	411	348	9514	551	3171	17508	5789
869000	27	410	346	9346	759	3117	16029	6077
870000	48	419	317	9013	857	3347	15733	6691
871000	40	383	432	8724	962	3436	15910	7567
872000	39	439	407	8670	900	3538	14790	7785
873000	52	422	379	8998	967	3188	15868	6486
874000	40	384	431	8737	1143	3250	15164	7440
875000	27	424	486	8493	1042	3475	14423	7805
876000	48	386	352	8404	931	3888	15869	8150
877000	36	415	323	8529	1001	3764	15335	7937
878000	61	403	326	8311	997	3950	14203	8410
879000	36	421	368	8025	1052	4124	14413	8099
880000	42	401	376	8241	971	3983	14294	8516
881000	38	423	363	8461	1000	3719	13762	7600
882000	33	424	395	8426	1000	3767	13875	8196
883000	21	407	334	8407	904	3982	14949	7833
884000	61	436	389	8429	941	3729	13879	7346
885000	57	362	445	8379	935	3784	14856	8756
886000	26	514	295	8466	929	3823	15954	8277
887000	29	374	358	8342	957	3976	13807	8981
888000	41	386	407	8565	925	3688	15347	7789
889000	42	386	375	8185	1139	3921	14593	8860
890000	43	431	386	8087	1048	3965	15435	8542
891000	50	401	354	8287	1113	3839	14783	8285
892000	43	404	375	8387	993	3809	15479	8196
893000	31	425	342	8691	824	3718	14698	8222
894000	31	396	312	8448	847	4013	14978	7899
895000	39	382	314	8428	1018	3874	14959	8637
896000	31	433	401	7838	988	4301	13828	8578
897000	45	365	499	7726	1195	4068	14733	8768
898000	51	384	363	7673	1062	4484	13244	8700
899000	42	427	309	7969	1097	4218	14092	9746
900000	45	417	367	8020	996	4154	13719	8758
901000	44	401	373	7808	1024	4357	12958	9388
902000	50	376	353	7861	1011	4383	13891	9030
903000	41	387	338	8222	1034	4051	14779	8864
904000	31	411	437	7997	949	4173	14483	8982
905000	62	408	508	8434	1120	3391	15094	7226
906000	47	428	497	8341	1067	3574	14125	7388
907000	45	424	435	8568	1101	3431	14439	7548
908000	50	370	377	8530	1145	3547	14835	7673
909000	64	429	376	8308	1158	3666	14678	7919
910000	38	387	496	8102	1060	3861	14989	8519
911000	50	406	439	8218	1138	3753	14792	8674
912000	51	399	322	8333	1037	3859	14747	8171
913000	36	391	343	8349	877	4080	13825	8294
914000	37	411	331	8454	960	3832	15047	7624
915000	34	414	378	8501	820	3890	15688	7796
916000	28	417	395	8428	847	3866	15130	8051
917000	32	410	352	8764	858	3610	16069	7827
918000	27	421	286	8879	634	3817	15537	7601
919000	29	411	273	9073	606	3705	15109	7219
920000	29	408	224	8903	707	3801	15631	7794
921000	26	372	361	8528	779	3969	15406	7911
922000	50	387	388	8109	901	4174	13996	8730
923000	39	470	316	8091	1002	4102	14177	9342
924000	54	382	306	7928	1128	4218	14407	8480
925000	32	367	357	7763	1109	4405	13479	9108
926000	37	381	377	7603	1105	4488	14095	9092
927000	34	428	357	8083	907	4204	13816	8790
928000	33	396	433	7941	930	4273	14648	9272
929000	38	399	349	7955	951	4323	13755	9066
930000	37	362	380	7597	1001	4632	14179	10083
931000	39	424	312	7513	1128	4621	13074	9616
932000	26	409	371	7057	1051	5093	12268	10464
933000	33	446	367	6776	1077	5354	12492	10964
934000	38	369	284	6992	1233	5136	13204	10666
935000	47	393	355	6392	1437	5406	12329	10878
936000	56	369	403	6120	1694	5314	11428	11589
937000	81	376	328	6292	1869	5072	10596	12122
938000	66	385	367	5934	1842	5422	10352	12104
939000	55	420	324	5994	1716	5522	10410	12387
940000	65	358	358	6129	1740	5393	10650	12045
941000	53	371	438	6118	1619	5311	11365	12978
942000	64	408	325	6204	1655	5381	11168	12759
943000	51	329	377	6223	1632	5407	11743	11785
944000	69	357	355	5894	1849	5511	10905	12000
945000	76	404	367	5667	1837	5691	9654	12745
946000	62	361	326	5610	1872	5794	9470	13267
947000	58	365	356	5573	1999	5668	10399	13461
948000	76	379	352	5343	1736	6086	9301	12803
949000	61	342	347	5635	1975	5689	9699	13153
950000	68	403	295	5872	1853	5547	10102	12431
951000	69	373	361	5953	1875	5340	11306	12408
952000	55	410	354	6015	1752	5436	10491	11655
953000	67	322	480	5657	1800	5596	10055	12884
954000	63	342	362	5891	1639	5716	10920	12764
955000	60	374	446	5729	1900	5461	10504	12311
956000	69	311	298	5677	1921	5759	9338	13564
957000	60	416	412	5865	1793	5417	10572	12022
958000	57	372	471	6141	1578	5312	11943	11701
959000	47	415	306	6194	1706	5383	10837	11766
960000	63	408	365	6271	1663	5220	10855	11588
961000	49	369	299	6286	1697	5358	11211	11756
962000	54	344	329	5752	1799	5783	9931	13091
963000	59	390	388	5501	1803	5880	10707	13076
964000	64	379	389	5583	1862	5710	10605	12193
965000	65	385	385	5549	1999	5611	10432	13207
966000	67	434	306	5478	2086	5670	9685	12646
967000	65	369	273	5413	2096	5857	9897	13371
968000	86	395	338	5447	2147	5559	9198	13043
969000	66	417	443	5512	1827	5698	10130	12774
970000	67	359	330	5777	1797	5740	10301	12622
971000	61	349	322	5542	1834	5920	10059	13016
972000	54	371	333	5230	1753	6278	9726	12990
973000	55	406	210	5278	1914	6250	8843	13811
974000	85	352	354	4928	1934	6301	8912	14778
975000	63	403	341	5005	1878	6352	9461	13509
976000	76	412	337	5424	1956	5808	9159	12931
977000	41	322	288	5410	2143	5851	9409	13500
978000	75	372	305	4940	2194	6134	9001	13268
979000	77	381	333	4683	2206	6352	8106	14705
980000	66	366	316	4837	2171	6291	9074	14258
981000	60	392	282	4383	2246	6689	7442	14636
982000	93	355	265	4089	2533	6682	6816	15782
983000	97	340	327	3957	2854	6428	7683	15566
984000	101	333	283	3968	2759	6600	6845	16083
985000	85	348	275	4210	2696	6432	8130	15899
986000	114	297	409	4015	3086	6018	7193	15614
987000	88	325	341	4037	3007	6228	7205	16819
988000	112	385	331	4217	2989	5960	7901	14674
989000	102	330	409	4201	2994	5922	7462	15497
990000	120	316	388	4482	3100	5549	8298	15189
991000	85	331	392	4252	3257	5681	7306	14966
992000	102	338	346	4193	3042	5954	7584	15153
993000	89	348	346	4329	2823	6089	7922	14317
994000	78	405	411	4231	2838	6020	8043	14511
995000	119	321	389	4034	2903	6237	7202	15123
996000	94	353	266	4131	3081	6094	7440	15622
997000	103	304	465	4397	2756	5852	8598	14878
998000	68	325	377	4673	2551	6002	8589	13968
999000	99	308	420	4439	2748	5933	7716	14503
