0	0	0	0	14400	0	0	0	0
1000	13	240	589	12998	30	18	38394	129
2000	27	251	922	12467	18	10	37637	54
3000	19	227	1206	11993	109	0	36949	28
4000	40	282	1237	11916	72	12	37050	356
5000	35	181	2007	10941	3	17	37317	117
6000	51	225	1832	11147	0	0	36921	12
7000	21	249	1431	11680	9	9	35157	64
8000	43	299	1645	11346	0	18	33778	60
9000	50	273	1826	10961	0	14	34472	24
10000	46	229	2103	10601	65	1	35055	117
11000	30	222	1616	11425	0	0	36371	6
12000	49	202	1835	11045	0	0	37491	17
13000	49	201	2206	10478	54	12	36038	408
14000	46	212	2382	10218	0	36	35294	51
15000	53	197	2494	9970	0	0	34731	3
16000	60	222	2887	9369	0	7	33702	19
17000	95	214	3040	8996	31	16	32280	156
18000	66	218	2502	9932	47	59	34611	263
19000	61	208	2753	9464	55	101	34766	437
20000	52	217	2503	10042	23	0	34357	140
21000	51	221	2288	10220	159	6	34291	336
22000	61	231	2352	10143	80	13	33643	425
23000	93	219	2835	9421	1	33	34861	201
24000	41	247	2075	10669	0	67	34805	187
25000	42	252	2253	10324	2	15	34655	78
26000	53	205	2604	9847	4	0	35206	27
27000	83	184	2872	9398	0	0	35110	1
28000	42	221	2669	9601	60	55	33860	448
29000	67	204	3020	8971	38	234	33682	573
30000	53	156	2876	9200	34	248	33262	626
31000	35	211	2224	10175	128	245	34990	995
32000	62	207	2497	9750	25	305	32959	1194
33000	61	200	2755	9576	76	31	33240	228
34000	43	180	2411	10190	0	60	34813	126
35000	69	223	2762	9546	0	30	34488	39
36000	35	241	1949	10863	2	42	35667	38
37000	51	218	1807	11023	91	9	35362	197
38000	53	182	1993	10720	41	67	34686	142
39000	56	217	2024	10754	23	55	35222	206
40000	45	253	2065	10564	2	107	34874	318
41000	34	256	2049	10730	0	22	34885	57
42000	39	251	1872	10923	62	12	36656	176
43000	46	245	2327	10205	19	16	34771	80
44000	54	180	2695	9777	0	22	33512	26
45000	44	219	2696	9629	0	109	33528	273
46000	41	203	2254	9591	5	782	34423	1747
47000	45	217	2096	9613	86	966	32275	2751
48000	30	198	2325	8646	245	1401	30314	4895
49000	98	191	3369	7420	349	804	29724	3446
50000	72	235	3195	8070	347	381	30112	2193
51000	101	193	3209	7106	724	933	29453	4658
52000	50	187	2777	7506	863	1287	28238	5630
53000	76	211	2248	7791	1063	1558	28538	7219
54000	79	186	2548	7152	1634	1043	27518	7273
55000	74	242	2082	7684	839	2127	27478	7223
56000	53	216	2286	7670	690	1941	27688	7609
57000	61	169	2435	8613	331	1232	31014	4766
58000	105	195	2322	8176	750	1243	29885	4973
59000	40	159	2564	7846	704	1469	28641	7043
60000	46	173	2208	8283	447	1803	29688	6509
61000	54	246	2200	7845	1072	1502	29324	7703
62000	70	206	2458	7651	898	1547	29013	6818
63000	90	168	2444	7146	1112	1858	26939	7654
64000	69	209	1929	6870	1461	2659	23755	10824
65000	72	190	1917	6902	1573	2466	25203	10476
66000	62	164	1968	6476	1585	2899	23664	11964
67000	68	228	2164	6104	1493	2912	22876	11937
68000	70	155	1864	5901	1877	3333	21692	13529
69000	84	209	1857	5943	1588	3511	21914	14500
70000	65	206	2092	6427	1503	2784	24418	11835
71000	101	193	2062	6376	1745	2583	23291	12367
72000	98	184	2569	6642	1280	1866	26817	9074
73000	79	186	2770	6519	1223	1787	25454	8946
74000	74	166	3220	6700	976	1252	28492	6125
75000	56	195	2765	7983	442	1104	28407	4764
76000	55	166	2171	8865	250	1521	29927	4856
77000	73	205	2203	8621	589	1277	29671	5312
78000	39	186	2065	8499	587	1733	27697	6365
79000	35	232	1657	8601	855	1930	28449	8093
80000	93	156	2657	6648	1285	1911	25529	9679
81000	141	137	2576	6283	1394	2144	25003	9560
82000	45	212	2358	6809	951	2513	26425	9718
83000	86	192	2386	7173	641	2321	27365	8430
84000	74	191	2415	7030	475	2621	26578	8573
85000	57	248	2318	6959	551	2727	26198	8708
86000	44	233	2348	8187	314	1729	28627	5762
87000	45	229	1969	8015	392	2487	28001	8194
88000	58	213	1800	7934	769	2443	28174	8777
89000	48	212	1678	8388	513	2506	28069	8123
90000	58	231	2187	7814	600	2062	28447	7204
91000	102	213	2336	7713	905	1544	28550	6720
92000	68	263	2266	8342	305	1621	29540	6780
93000	26	201	2143	8754	273	1628	30325	5324
94000	37	221	1759	8818	327	2019	29806	5591
95000	22	185	1593	9775	129	1651	31029	4609
96000	29	258	1282	11013	108	835	32960	3088
97000	47	224	1442	11129	128	463	36359	1892
98000	27	270	1423	11018	78	589	32918	2304
99000	42	236	1600	11009	118	318	34553	1374
100000	42	213	1667	10924	118	338	33634	1385
101000	26	246	1814	10804	55	295	35686	1053
102000	40	236	1989	10540	95	237	33801	882
103000	32	231	1921	10527	69	401	34481	1236
104000	43	228	1752	10481	90	683	33882	2265
105000	31	222	2052	10136	9	635	34544	1694
106000	42	244	1566	10612	77	831	33177	2359
107000	51	252	1760	10062	113	990	32934	2960
108000	38	234	1950	9789	181	952	33825	2747
109000	71	219	2056	9741	422	539	32030	2893
110000	73	215	2522	9204	159	544	31915	2330
111000	101	185	3636	7138	311	595	30323	2186
112000	103	199	3236	7512	575	604	30657	3530
113000	85	137	3498	7000	737	647	28843	3547
114000	101	178	3123	6648	654	1620	27130	6419
115000	80	195	2670	6647	997	2109	26351	8213
116000	99	206	2401	6278	1413	2443	23905	10438
117000	88	152	3189	5468	1058	2356	23544	9398
118000	81	190	2904	6647	1009	1670	26235	8222
119000	72	232	2418	7272	781	1976	25920	8113
120000	39	234	2196	8372	516	1692	28954	5819
121000	41	226	2097	8880	290	1544	30212	5097
122000	107	180	2963	7430	619	1151	29888	4747
123000	42	167	2394	7714	723	1815	27708	6464
124000	51	193	2303	7554	931	1962	28509	8044
125000	59	178	2435	7665	663	1887	28791	7025
126000	54	205	2131	8647	744	1254	30171	5770
127000	72	179	2357	8133	704	1390	29556	5543
128000	45	254	2467	8096	407	1554	28254	5340
129000	45	201	1958	8614	736	1592	27653	7408
130000	41	220	1910	8781	647	1622	29209	6565
131000	63	229	2378	7930	736	1546	28738	6588
132000	88	193	2317	7392	964	1964	27586	8834
133000	42	181	1789	7929	1118	2165	27687	7355
134000	54	216	1931	7550	1166	2208	26935	8814
135000	65	199	1747	8247	1065	1885	27786	8520
136000	118	224	2313	7643	852	1801	27299	7738
137000	56	209	2576	7653	837	1399	28021	5869
138000	70	167	2515	7473	1245	1316	28467	6694
139000	99	150	3142	6660	1007	1322	25685	7150
140000	73	172	2845	8267	617	628	31468	3592
141000	49	208	2841	8475	277	723	30002	3445
142000	63	201	2530	8794	342	845	30838	3163
143000	57	196	2693	8685	308	668	30163	3349
144000	52	222	2417	9158	218	678	32289	2601
145000	58	168	2815	8553	381	680	31258	2537
146000	62	189	2869	8555	102	712	32007	1963
147000	44	208	2550	9044	59	848	32656	2415
148000	95	234	3432	7294	243	824	30559	2783
149000	65	191	2999	7939	261	1021	29913	2715
150000	92	188	2882	8219	388	807	30513	3868
151000	73	239	2930	7998	382	865	30558	2839
152000	71	195	2587	8135	322	1373	30141	4410
153000	76	231	2811	8039	270	1213	29658	3855
154000	51	203	2103	8951	314	1393	30855	4607
155000	52	234	2432	7882	435	1858	29450	6070
156000	50	164	2148	7888	856	1903	28538	7245
157000	68	185	1963	7833	927	2120	28469	8067
158000	60	195	1830	8039	834	2288	26400	8421
159000	70	215	2209	7800	740	1957	27745	7753
160000	72	210	2381	7624	803	1754	26913	7163
161000	40	231	2441	7509	793	1833	27569	7519
162000	79	148	2713	7271	921	1411	29028	6169
163000	88	187	2805	7547	884	1053	27571	5648
164000	98	182	2690	7082	1026	1488	27063	7253
165000	78	173	3287	6049	872	1757	26125	7797
166000	93	191	2851	6092	1712	1616	25496	9031
167000	91	133	2834	5797	2037	1590	23315	11830
168000	149	166	2953	5513	1661	1988	23646	9671
169000	93	162	2422	6259	1491	2351	24596	10621
170000	82	167	2517	5575	1816	2621	23537	12021
171000	108	226	2602	6017	1663	2081	23035	11191
172000	103	168	2653	6716	1555	1461	26050	8701
173000	73	184	3149	6537	934	1417	27570	5785
174000	113	173	3586	5685	1355	1144	25262	6478
175000	123	136	3703	5057	1637	1313	24060	8429
176000	113	169	4146	4772	1423	994	26396	5945
177000	89	123	3933	5574	1027	983	26106	5600
178000	94	176	3291	6481	1075	1136	27143	6418
179000	88	193	3344	5736	1197	1516	25689	7159
180000	102	131	3278	5976	1625	1159	26392	7570
181000	91	198	2931	5810	1534	1880	24916	8949
182000	78	174	3119	7002	1184	814	28060	5395
183000	118	199	3621	5879	1427	731	26490	5846
184000	109	183	3563	5960	1353	889	25651	5973
185000	104	143	3065	6249	1782	1026	24513	8379
186000	111	170	3417	6334	1059	1098	27326	6240
187000	106	206	3251	6305	930	1401	26174	6460
188000	86	175	3352	6619	904	1071	27369	6274
189000	88	202	3611	6007	670	1515	28795	5830
190000	76	177	3276	7214	307	1189	29154	4521
191000	102	172	2852	7346	502	1591	29252	6235
192000	62	218	2522	8409	515	1117	28760	4691
193000	76	222	2577	7737	606	1461	28966	5296
194000	82	218	2326	7887	905	1488	28170	6271
195000	88	179	2367	6739	1505	1972	24941	9718
196000	80	236	2359	6472	1154	2631	24327	10608
197000	99	218	2401	6889	1020	2204	25952	9786
198000	80	235	2418	6772	1159	2124	25160	8897
199000	128	164	3087	6787	867	1373	26621	6333
200000	88	154	3701	5629	1166	1217	25471	6452
201000	71	220	3435	5819	724	1920	26393	6858
202000	114	198	3389	5110	813	2527	24163	8420
203000	123	211	3551	5556	579	1999	26155	6653
204000	124	152	3216	6573	675	1537	26790	6369
205000	49	211	2461	7769	653	1677	27848	7001
206000	90	181	2502	7697	927	1396	27979	6248
207000	47	229	2573	8420	456	998	30497	4046
208000	62	243	2655	7483	565	1669	28701	5459
209000	76	194	2503	7113	568	2303	27253	7074
210000	85	256	2792	6456	877	2136	26122	8396
211000	74	163	2604	6642	1168	2083	25875	8282
212000	85	176	2836	6608	862	1965	25623	8147
213000	132	171	3495	5389	967	1893	25539	8366
214000	126	155	3216	6610	892	1217	26299	6541
215000	84	196	3056	7255	488	1387	28538	4688
216000	76	201	2547	7580	937	1396	28018	5759
217000	84	146	2643	7838	1041	932	28344	5715
218000	87	129	3203	7236	787	807	28501	4377
219000	91	224	2932	7612	906	699	29293	4227
220000	85	215	2423	7967	919	1249	29235	6186
221000	60	175	2319	8204	746	1415	29531	5625
222000	45	241	2140	8593	805	1211	29892	5486
223000	48	208	1741	8825	566	1840	28907	6475
224000	35	205	1485	8762	537	2363	29274	8219
225000	47	254	1567	8545	638	2294	27331	8199
226000	59	211	1790	8340	789	2001	28283	7412
227000	62	214	1922	8286	791	1880	28973	7402
228000	83	252	2058	7964	1042	1615	29438	7165
229000	100	182	2450	7418	1178	1484	27802	7314
230000	52	220	2415	8177	861	1193	29466	6634
231000	84	187	3070	7718	331	1056	29947	3760
232000	71	173	2995	7819	423	921	29917	3407
233000	68	188	3521	7313	380	669	29862	2891
234000	102	149	3703	7439	241	247	31144	1462
235000	91	163	3983	6955	213	291	31850	1171
236000	133	189	3527	7476	132	551	29878	1920
237000	53	202	2956	8701	115	441	33358	1580
238000	39	209	2890	9234	66	106	34930	560
239000	48	194	2654	9571	22	116	34324	426
240000	81	235	3329	8614	64	1	32226	284
241000	63	148	3184	9010	1	0	34762	25
242000	66	225	2841	9456	0	13	34332	3
243000	65	182	2954	9225	2	65	33363	215
244000	63	197	3438	8495	0	93	33497	279
245000	56	177	3060	8718	56	282	32337	667
246000	65	215	3133	8454	99	397	31180	1837
247000	54	201	2806	8847	115	610	32378	1589
248000	49	224	2601	9295	199	361	32488	1493
249000	70	259	2487	9479	251	302	32261	1341
250000	63	190	2982	8980	65	139	33879	902
251000	65	190	2844	9353	88	8	34151	386
252000	66	191	2500	9904	78	6	34393	187
253000	68	171	2497	10042	0	47	33576	134
254000	55	252	2653	9682	5	32	34019	156
255000	73	202	2460	9887	5	190	34842	596
256000	52	243	1905	10779	0	114	33795	427
257000	36	226	2540	9790	0	148	35183	325
258000	119	155	3480	8246	0	0	31953	4
259000	77	224	3666	7850	71	1	33161	188
260000	56	141	3445	8450	15	0	34762	87
261000	104	234	3939	7491	0	0	32104	23
262000	104	154	4048	7232	154	0	31986	645
263000	120	194	3873	7469	0	0	31763	1
264000	65	153	3495	8287	81	11	32020	234
265000	58	215	3554	8135	24	9	31279	167
266000	107	182	3623	8072	0	0	31584	3
267000	79	228	3185	8787	50	5	32539	185
268000	80	193	2518	9801	19	125	33983	385
269000	35	192	2350	9916	165	221	35133	866
270000	44	211	2106	10454	57	125	35265	514
271000	44	226	2142	10577	1	118	35898	259
272000	53	231	2199	10414	14	84	35816	307
273000	29	223	1977	10842	0	2	34873	26
274000	27	230	1491	11593	37	23	35982	140
275000	61	216	1722	11238	31	13	36215	32
276000	28	241	1472	11726	17	0	35144	109
277000	40	246	1547	11416	121	7	36132	297
278000	51	275	1755	11140	28	0	35290	71
279000	30	238	1909	10826	124	22	35814	291
280000	80	225	2412	10044	21	67	35085	357
281000	32	246	1982	10851	0	0	35302	1
282000	62	301	1863	10888	102	35	34126	395
283000	40	219	1932	10958	0	0	36675	1
284000	33	201	2016	10794	37	16	36292	267
285000	32	271	1917	10786	82	42	35717	248
286000	58	251	2246	10343	35	27	36042	335
287000	51	206	1877	10933	117	8	35515	250
288000	39	210	1621	11311	121	30	35766	464
289000	51	245	2190	10506	38	6	35646	172
290000	45	217	2578	9858	0	0	34841	5
291000	79	141	2936	9268	36	19	34122	264
292000	42	211	3025	8988	34	84	33797	302
293000	118	189	3678	8002	0	0	31706	1
294000	102	176	3319	8496	51	56	32124	264
295000	76	154	3239	8681	1	120	33435	240
296000	63	162	3640	7850	66	166	30480	690
297000	64	171	4020	7309	4	143	31788	294
298000	137	135	4272	6946	0	0	31349	6
299000	145	104	4156	7122	0	0	30311	1
300000	72	221	3694	7931	67	0	32197	209
301000	114	196	3583	8181	0	0	32853	17
302000	49	200	2856	9409	33	17	34560	163
303000	67	198	2533	9929	157	15	34198	451
304000	76	209	2414	9976	88	36	33740	321
305000	55	195	2783	9411	37	90	34366	396
306000	64	209	2466	10016	67	78	33741	150
307000	48	237	2874	9252	60	0	34931	242
308000	79	196	2780	9297	97	135	34017	653
309000	65	204	3320	8566	0	82	33037	180
310000	56	195	2524	9824	21	144	34573	383
311000	64	214	3178	8566	5	271	33093	545
312000	69	182	2815	9415	2	102	34211	417
313000	49	214	2472	9575	19	409	33452	1082
314000	58	201	1931	10626	57	275	33811	1103
315000	47	219	1947	10817	0	181	35131	494
316000	66	222	2566	9859	20	26	34669	82
317000	51	214	2185	10575	0	19	34298	196
318000	24	206	1585	11570	8	10	35748	58
319000	36	228	2000	10836	20	53	36527	245
320000	43	247	2374	10017	40	147	35081	577
321000	94	188	3102	8778	77	63	34015	341
322000	47	236	2288	10045	221	136	33215	1180
323000	74	195	2827	9123	76	267	34954	965
324000	48	186	2350	9886	221	192	33689	833
325000	45	188	2416	9596	182	439	34420	1583
326000	84	205	2169	9688	172	721	32427	2539
327000	49	196	2474	9260	271	582	32491	2634
328000	67	198	1920	10157	365	407	34126	2146
329000	63	221	1640	10775	193	399	33994	1488
330000	39	249	2019	10192	141	400	34532	1568
331000	38	202	1897	10513	67	461	34849	1353
332000	46	211	1357	11123	186	564	34859	2111
333000	32	203	1550	11013	232	395	34542	2042
334000	49	208	2084	10296	39	333	34073	1124
335000	34	276	2030	10614	46	144	35602	720
336000	56	189	2519	9840	59	136	33999	592
337000	50	268	2271	10273	0	53	34840	158
338000	59	190	3055	9040	33	0	34164	222
339000	57	185	2392	10254	29	19	34382	132
340000	90	193	3018	9083	68	0	34255	30
341000	64	197	3077	8979	124	14	33187	360
342000	60	224	3014	9105	0	0	33252	1
343000	51	222	2111	10603	34	0	34691	161
344000	35	240	2066	10685	67	1	35077	264
345000	48	190	2272	10371	2	18	34861	61
346000	54	171	2407	10185	1	20	35413	167
347000	49	224	2047	10636	124	6	35071	213
348000	47	218	2306	10083	184	76	34751	774
349000	73	246	2746	9335	181	34	34096	490
350000	39	247	2774	9334	128	129	32817	622
351000	68	223	2587	9772	60	15	33363	336
352000	56	170	2514	9960	147	1	34453	357
353000	57	259	2137	10253	234	25	34090	629
354000	64	176	2151	10417	170	19	34167	443
355000	28	198	3153	8887	95	18	32714	249
356000	56	172	3494	8459	0	0	32446	2
357000	78	202	3664	8007	47	0	32200	37
358000	60	230	3576	8068	118	1	32685	161
359000	112	201	3507	7933	100	128	30895	633
360000	89	229	2937	9115	48	137	33296	582
361000	88	233	3356	8189	60	350	32558	950
362000	47	250	2844	9050	156	205	32328	1197
363000	70	184	2560	9731	79	183	33318	768
364000	43	206	2537	9774	30	146	34392	611
365000	83	187	2280	10179	88	0	35760	223
366000	28	202	2425	10208	8	20	35173	120
367000	61	209	2827	9401	44	11	35245	221
368000	36	211	2413	10189	0	0	35816	4
369000	44	185	2676	9619	89	7	34727	301
370000	40	279	2208	10347	114	44	34668	486
371000	45	241	2154	10395	63	114	33302	592
372000	49	197	2358	9987	97	147	34036	648
373000	53	223	2185	10402	11	161	35554	579
374000	46	230	2373	9707	37	446	33535	1530
375000	56	237	3102	8538	11	354	32772	809
376000	53	166	2851	9286	34	127	33818	390
377000	90	233	2742	9283	12	287	33972	586
378000	46	214	2150	9756	357	466	32612	1775
379000	58	208	2549	9276	212	485	33076	2128
380000	54	232	2526	9612	303	123	32926	1373
381000	68	193	3198	8598	80	202	33992	771
382000	84	163	3285	8537	8	76	32714	379
383000	69	171	3167	8809	0	44	33161	117
384000	66	192	3245	8808	11	0	33879	31
385000	54	127	3120	9067	9	23	34305	148
386000	89	240	2480	10025	46	5	33933	115
387000	74	209	2146	10452	120	0	35408	376
388000	57	177	2317	10320	9	0	34851	93
389000	40	236	2379	10124	31	16	34860	176
390000	42	240	2339	10242	0	0	34783	1
391000	38	226	2477	10080	0	5	33773	58
392000	66	167	3137	9001	40	2	33973	107
393000	79	228	2384	9896	17	266	33571	660
394000	37	219	2027	10300	110	419	32519	957
395000	60	242	2009	9987	66	742	32784	2202
396000	55	245	1915	9816	167	942	31603	3004
397000	35	256	2019	9608	82	1044	32590	2753
398000	66	244	2292	8730	133	1456	30067	4437
399000	78	182	2810	7599	529	1392	27228	5144
400000	42	178	1782	9330	549	1327	33071	5067
401000	52	224	1949	9631	412	835	33028	3600
402000	48	158	2292	8914	417	1063	31408	3499
403000	73	179	2311	8858	254	1264	31599	4589
404000	72	187	2501	9226	229	565	33619	2348
405000	45	250	2352	9510	207	563	32778	2348
406000	44	207	2333	9806	74	420	33923	1467
407000	58	240	2348	9731	161	303	32891	1180
408000	51	180	2400	9981	174	151	35026	859
409000	44	236	2054	10382	149	128	34562	991
410000	45	191	2156	10175	166	243	34378	1177
411000	74	177	2419	9593	427	175	34288	1696
412000	66	215	2677	8984	229	483	31513	2081
413000	70	169	3680	7629	243	397	31488	1311
414000	94	172	4546	5669	205	515	29213	2071
415000	82	163	4187	5889	155	1007	28678	3123
416000	145	72	5341	4601	77	196	27519	738
417000	125	173	4370	5752	222	708	28015	2080
418000	159	106	4686	5752	163	395	27327	1922
419000	130	158	4456	6093	1	453	30130	1705
420000	73	173	3463	7910	142	323	31646	1337
421000	91	209	2763	8081	816	595	30962	3790
422000	76	234	2563	8424	673	816	29486	3816
423000	60	189	2622	8306	436	1091	30075	3939
424000	75	159	2675	8506	354	894	31185	3589
425000	95	185	2688	8067	442	1054	29019	3736
426000	30	178	2311	8634	384	1439	30752	5084
427000	72	256	2472	8463	411	1099	31017	4021
428000	50	265	1927	9305	438	1108	31238	4366
429000	52	171	2075	9508	275	931	32722	3538
430000	41	240	1747	9658	300	1274	30298	4295
431000	45	238	1971	9645	153	1004	33136	3362
432000	28	191	1587	10529	196	791	34480	2552
433000	32	251	1589	10709	184	598	34088	3038
434000	17	248	1639	10701	235	521	34280	1972
435000	40	256	1491	11018	117	482	33440	1587
436000	47	212	1988	10168	221	404	35108	2471
437000	46	203	1819	10223	162	770	34347	2685
438000	42	223	1950	10017	157	686	31731	2624
439000	40	219	1950	10527	53	411	34545	1604
440000	41	224	2659	9444	25	330	32100	850
441000	64	234	2117	10071	57	501	33651	2030
442000	34	239	2008	10146	136	579	32000	1869
443000	57	225	2287	9780	288	227	34403	1657
444000	29	185	1986	10398	208	340	33830	1559
445000	62	215	2159	9978	126	400	32321	1867
446000	80	218	2934	9013	87	174	33668	480
447000	65	224	2599	9801	103	12	34466	327
448000	68	209	2617	9700	13	24	34642	237
449000	41	196	2170	10491	48	10	34031	222
450000	70	192	2801	9422	62	3	34536	292
451000	57	233	2478	10058	47	1	36158	115
452000	58	196	2600	9933	38	12	34189	132
453000	70	257	3137	8749	91	0	33777	151
454000	81	191	3534	8232	8	23	33501	30
455000	64	240	2811	9462	0	0	34836	30
456000	46	206	2464	10052	23	0	35536	54
457000	51	194	2531	9995	0	2	35282	50
458000	55	242	2162	10418	0	86	34098	147
459000	35	191	2050	10639	0	84	35376	393
460000	45	215	2372	10156	0	18	35151	161
461000	62	194	2364	10162	62	13	34151	310
462000	53	236	2786	9420	140	12	34620	485
463000	58	177	3036	9054	108	73	34311	396
464000	67	269	2917	8991	33	253	33567	997
465000	68	201	2472	9787	27	264	34116	757
466000	48	265	2315	10088	26	125	35075	460
467000	37	250	1944	10803	34	155	35305	628
468000	31	234	1840	11062	62	11	36312	213
469000	30	272	1767	11163	0	0	35916	14
470000	28	173	2202	10468	116	0	34688	260
471000	49	248	1685	11218	34	0	36594	112
472000	48	226	1660	11304	9	17	37874	44
473000	36	213	2690	9620	66	2	36018	89
474000	54	217	2441	9844	137	30	34578	364
475000	28	268	1976	10621	195	19	34289	596
476000	35	207	2091	10641	4	12	35158	97
477000	30	225	1742	11358	0	0	36969	5
478000	34	194	1545	11495	117	30	36208	229
479000	62	230	2088	10563	95	14	35343	359
480000	34	253	1922	10844	44	52	34435	395
481000	41	192	2560	10010	0	9	34363	22
482000	86	214	2768	9525	66	24	33216	222
483000	34	217	2785	9577	0	0	34201	1
484000	82	138	2967	9113	95	46	35302	282
485000	69	201	3263	8700	60	29	34157	199
486000	73	242	3243	8313	405	27	31613	1178
487000	107	245	3762	7346	335	45	30519	1102
488000	143	210	4109	6826	91	180	30268	989
489000	139	148	4005	7178	98	148	31554	597
490000	39	187	2875	9096	114	215	34397	1222
491000	70	182	2857	8844	187	475	31693	1923
492000	72	192	2763	8964	201	502	32523	2147
493000	74	223	2938	8989	25	231	32263	1097
494000	69	187	3073	8847	0	231	31469	712
495000	48	201	2817	9249	0	286	32907	708
496000	59	207	2418	9862	23	302	35422	1124
497000	45	221	2538	9488	45	423	31967	1243
498000	48	210	2428	9734	121	265	34617	996
499000	48	166	2218	10112	219	160	34593	982
500000	57	212	2557	9567	81	216	33737	848
501000	76	202	2465	9729	125	251	32968	1179
502000	62	244	2445	9658	102	293	34656	1187
503000	54	202	2543	9239	206	497	33128	1777
504000	71	195	2477	9271	34	751	32518	2385
505000	44	208	1923	10473	158	328	34738	1300
506000	23	196	2212	10005	280	295	33592	1588
507000	37	212	1819	10381	211	614	32779	2139
508000	56	229	1886	10401	92	480	34206	1769
509000	61	229	2305	9498	238	618	32616	2191
510000	70	205	2675	9182	205	376	33033	1235
511000	53	201	2107	9724	531	370	32272	2809
512000	42	207	2223	9659	365	482	32459	2526
513000	63	187	2491	8287	315	1409	29796	4481
514000	53	265	1966	8471	504	1905	28824	7616
515000	51	229	2132	8670	406	1621	30257	5922
516000	61	242	2199	8539	555	1322	29342	5264
517000	39	201	2306	8293	649	1479	29772	6218
518000	41	169	2197	9120	338	1196	31069	3999
519000	45	285	1929	9080	285	1552	30930	4907
520000	48	208	1622	9984	292	1212	32015	4150
521000	34	214	1537	10156	180	1237	32299	4067
522000	41	221	1657	10006	239	1143	33297	3643
523000	30	237	1653	10239	179	990	33512	2894
524000	35	255	1703	10411	137	807	33569	2309
525000	66	224	2401	9719	82	333	33449	1193
526000	56	220	2799	8955	76	436	31148	1540
527000	38	220	2260	9822	59	566	34951	1884
528000	54	253	2505	9771	143	122	33884	1023
529000	45	232	2483	9392	487	197	31934	1590
530000	58	169	2698	9418	126	167	33526	1096
531000	40	234	2788	9307	90	163	33289	834
532000	53	244	1962	10304	272	262	34975	1135
533000	42	235	1695	10329	493	521	33967	2383
534000	46	189	1800	9979	694	458	34500	3119
535000	62	211	2097	9629	681	384	31950	2990
536000	64	175	2794	8887	530	175	33068	2049
537000	55	178	2996	8804	196	231	32882	1193
538000	72	251	2705	9368	142	153	34790	1010
539000	50	266	2447	9796	7	329	32909	549
540000	88	189	2631	9065	6	642	33757	1668
541000	53	206	2738	8657	84	872	32293	2896
542000	48	238	2498	8347	435	1230	31008	3932
543000	55	231	1950	9125	471	1344	30681	5026
544000	53	204	1617	9410	606	1452	30410	5729
545000	42	222	1729	9670	418	1166	31326	4875
546000	70	152	1862	9526	326	1192	30142	4496
547000	40	199	2320	8684	391	1335	30314	4765
548000	93	184	3217	7177	669	938	29808	4353
549000	124	199	3076	6957	1372	559	28003	4607
550000	102	140	3273	6694	1339	620	27517	5932
551000	45	219	3230	7080	734	866	27694	4661
552000	89	178	2883	7697	803	948	27954	4685
553000	97	168	3119	6701	984	1243	27361	6392
554000	103	177	2868	6957	1253	1214	27208	7024
555000	94	170	2981	7532	644	1048	28931	5232
556000	46	231	2693	8579	394	718	31742	2747
557000	44	200	2475	9165	306	620	31858	2734
558000	44	197	2243	9448	136	739	32058	2664
559000	65	192	2172	9477	220	867	32846	2662
560000	48	246	2077	9080	398	1151	31263	3849
561000	24	252	1671	9815	138	1463	31682	4406
562000	36	210	1461	10290	226	1184	33225	3974
563000	21	231	1568	9990	97	1428	33311	4238
564000	55	199	1890	9361	363	1307	30931	5461
565000	53	175	2143	8378	592	1621	28897	6312
566000	50	200	2038	8454	693	1665	29152	6376
567000	72	173	2374	8327	935	1007	28789	5441
568000	54	230	2951	7941	744	635	29981	3745
569000	66	249	2718	8284	641	674	31618	3543
570000	75	196	2939	7816	387	1045	30618	3940
571000	53	244	2702	8405	246	931	30307	3831
572000	25	225	1773	10302	177	777	33121	2435
573000	32	188	1981	10163	63	706	33132	1858
574000	34	236	1627	10919	8	497	33473	1546
575000	53	244	2109	10007	54	512	35262	1980
576000	38	185	1846	10476	96	542	33901	1678
577000	79	290	2093	9870	214	520	32925	1746
578000	60	214	2271	10113	90	203	33397	893
579000	46	202	2678	9425	232	119	32890	1251
580000	59	189	2487	9431	475	77	33419	1469
581000	46	164	2308	9622	155	673	32581	2153
582000	75	235	2101	9507	293	880	31684	3331
583000	32	233	1767	9369	583	1254	31097	4863
584000	46	209	1618	9435	551	1410	30863	5115
585000	50	217	2044	9105	568	1050	31062	4598
586000	38	247	1879	9648	408	928	31621	3568
587000	41	186	2365	8638	507	1107	31594	4346
588000	55	184	2612	8600	348	942	30837	4144
589000	77	185	2561	9054	474	384	32390	1680
590000	43	192	2078	9834	506	486	32968	2673
591000	60	178	1624	10397	493	509	34579	2896
592000	51	205	1975	9811	231	876	32586	3471
593000	67	202	2378	8905	310	1047	30919	3713
594000	62	239	2480	8662	236	1065	31733	3507
595000	28	270	1955	9742	177	941	33149	3752
596000	57	199	2201	9258	160	1065	32712	4010
597000	36	232	1830	9792	182	1097	32529	3376
598000	32	260	1802	9346	350	1461	30980	4857
599000	54	235	2078	8655	293	1726	31509	4997
600000	40	191	1842	8774	466	1906	29881	6975
601000	42	219	2095	8348	346	2012	29441	6772
602000	46	191	2221	7946	292	2316	29486	7793
603000	33	203	2201	8112	426	1982	29326	6225
604000	63	183	2640	7682	575	1443	29757	6102
605000	78	198	2922	7302	716	1324	30041	5461
606000	55	200	2684	7025	358	2392	26628	7764
607000	86	209	2772	6309	679	2479	25420	8670
608000	78	157	2638	6506	1722	1642	25343	8898
609000	105	181	3089	6662	626	1500	27198	6142
610000	130	171	3241	6536	918	1289	27321	6389
611000	96	202	2954	7077	1044	1051	28325	5565
612000	67	208	2814	7905	409	1218	28252	5069
613000	83	157	2592	8337	373	1146	30397	3907
614000	93	155	2755	7987	573	1066	30314	4588
615000	90	172	2927	7844	598	793	30055	3764
616000	43	191	2611	8851	394	626	31561	3270
617000	67	216	2467	8956	285	780	31936	2976
618000	45	214	2738	8710	411	575	31243	2769
619000	78	167	3857	6672	611	400	29785	3092
620000	85	140	3112	7615	749	663	31260	4019
621000	119	193	3014	7199	625	1236	27772	5095
622000	102	188	3333	6933	496	1048	27206	4179
623000	101	192	3459	7617	233	534	28694	2670
624000	53	198	3143	8303	153	564	33389	1863
625000	78	216	3358	8264	46	187	31755	617
626000	74	187	2907	9156	1	214	33528	503
627000	59	207	3098	8936	2	25	33615	100
628000	77	234	2925	9272	0	0	33861	2
629000	84	217	2425	9992	12	0	35023	14
630000	55	228	2288	10315	22	3	34285	113
631000	48	211	2263	10254	185	4	35200	609
632000	45	164	2749	9641	8	38	35204	86
633000	80	185	2355	10207	58	1	34856	115
634000	35	206	2257	10404	30	5	36741	110
635000	44	211	2352	10147	126	4	35796	326
636000	40	219	1846	10913	26	134	35974	482
637000	48	239	1925	11007	30	10	34736	136
638000	42	200	1975	10904	0	0	35582	5
639000	68	236	2014	10733	64	48	34197	281
640000	51	214	2043	10558	141	59	33953	567
641000	37	215	2109	10461	18	174	35592	538
642000	58	248	1948	10885	0	3	34383	43
643000	37	241	1611	11429	1	7	36066	69
644000	31	244	1454	11670	3	16	35630	81
645000	31	209	1509	11466	4	152	35974	300
646000	50	228	1784	10971	11	168	35153	203
647000	35	233	1915	10890	2	165	36221	314
648000	34	205	1968	10825	0	76	35192	268
649000	54	254	2079	10622	28	58	36188	96
650000	26	210	1730	11234	0	64	34922	128
651000	32	239	2044	10397	0	339	36583	575
652000	33	239	1984	10590	8	231	36469	510
653000	42	227	1532	11106	4	436	35239	935
654000	27	193	1506	11216	84	325	35460	1253
655000	35	233	1185	11507	22	567	34715	1476
656000	13	245	1252	11338	79	657	36283	1839
657000	33	205	1946	10380	101	493	34092	1953
658000	33	234	1925	10764	15	221	35640	517
659000	30	210	2045	10649	0	205	33532	788
660000	35	210	1654	11230	2	199	35242	429
661000	27	237	2236	10280	25	242	34535	737
662000	49	229	2503	9724	29	308	34185	1096
663000	29	268	1995	10551	26	291	34089	1152
664000	85	207	2910	9200	33	183	34515	664
665000	86	194	3091	8884	40	85	32855	289
666000	85	205	2748	9225	22	246	33858	749
667000	47	262	2700	9542	24	161	32944	620
668000	64	204	3579	8171	11	70	32308	353
669000	71	186	3465	8351	55	0	33539	134
670000	75	181	3331	8527	48	76	31321	261
671000	63	217	3026	9111	0	60	34620	166
672000	70	147	3651	7964	135	1	32715	236
673000	57	228	3606	7890	248	49	31920	710
674000	148	160	3587	7621	250	310	31052	1483
675000	41	200	3173	8921	0	40	33705	241
676000	99	174	3434	8427	28	0	32952	184
677000	164	215	3443	8130	2	0	32092	32
678000	73	147	3832	7755	85	10	32690	224
679000	66	209	3022	9142	0	36	33607	99
680000	61	215	2587	9800	0	1	34104	78
681000	66	235	2591	9597	0	125	34376	335
682000	50	221	2395	10188	0	10	33863	66
683000	58	203	2410	10205	21	3	34570	159
684000	48	200	2660	9698	60	18	32560	232
685000	57	189	3038	8890	195	29	32985	675
686000	89	189	3421	8182	265	9	31914	916
687000	104	182	4437	6419	177	3	30437	611
688000	73	166	3527	8225	31	0	33022	21
689000	113	134	4304	6750	0	135	29090	301
690000	105	190	4258	6969	0	49	31265	62
691000	166	188	4125	6956	0	123	31138	549
692000	103	174	3928	7521	45	5	31851	66
693000	54	209	3894	7648	14	0	32199	108
694000	111	202	3430	8317	2	69	32407	68
695000	66	235	3437	7896	67	496	30700	1144
696000	71	254	3398	8220	128	136	31730	666
697000	85	228	3460	8344	0	0	32995	4
698000	71	188	3018	9021	147	10	33276	263
699000	45	182	3271	8526	94	88	34386	383
700000	65	187	3230	8740	101	82	32908	636
701000	58	218	2809	9499	113	7	34189	190
702000	56	234	2537	9842	0	3	33679	22
703000	67	184	2466	9857	105	50	34552	442
704000	53	260	2213	10226	126	91	35246	551
705000	57	222	2675	9648	0	35	34944	30
706000	41	247	1966	10784	69	0	34580	112
707000	44	220	2227	10480	1	0	35764	7
708000	60	226	2290	10241	98	4	34382	177
709000	48	229	2209	10285	76	154	34284	619
710000	42	270	2300	10083	13	196	34208	495
711000	36	211	2163	10510	0	61	34407	350
712000	61	214	2833	9416	0	23	33625	90
713000	47	207	2500	9982	44	0	34886	95
714000	56	172	3058	9002	102	13	34698	240
715000	42	167	2844	9522	65	10	33558	166
716000	68	176	3056	9169	22	0	33560	69
717000	97	211	3516	8239	45	7	31153	162
718000	75	202	3337	8464	49	65	32506	250
719000	109	226	3847	7573	19	50	30938	228
720000	108	160	4369	6725	25	0	29984	65
721000	130	169	4286	6686	49	12	31353	313
722000	75	156	3920	7610	0	6	32495	41
723000	85	165	4054	7189	105	0	31364	413
724000	66	160	3527	8005	153	118	33579	898
725000	63	188	3226	8596	149	110	32113	767
726000	54	244	3082	8846	113	81	33886	649
727000	106	238	3241	8355	83	211	32948	615
728000	83	192	3309	8444	7	211	33340	508
729000	75	177	2760	9326	54	218	32826	717
730000	51	200	2165	10066	194	349	34201	1369
731000	36	239	2401	9762	61	338	34079	1052
732000	49	246	2355	9907	12	254	33620	777
733000	30	224	2043	10559	45	122	35506	375
734000	56	237	1450	11196	174	339	35445	972
735000	25	253	1366	11298	96	446	36497	1397
736000	18	254	1321	11062	171	725	35352	1905
737000	27	236	1203	10965	139	1062	34163	3116
738000	35	266	1441	10579	245	865	33312	2840
739000	34	203	1738	10645	159	434	34526	1583
740000	46	230	2025	10258	57	441	34137	1151
741000	30	178	2193	10005	58	574	34679	1345
742000	52	246	2460	9095	43	872	32354	2644
743000	37	176	3113	8536	99	418	32712	1886
744000	50	168	2578	9714	132	157	34167	755
745000	55	232	2369	9779	36	381	32382	1008
746000	45	264	2343	9873	30	398	32615	1341
747000	53	225	2026	10227	174	390	34776	1474
748000	42	168	2588	9585	181	155	32744	1235
749000	61	232	2896	9101	104	154	33634	701
750000	73	187	2966	9086	100	9	33405	316
751000	57	219	2719	9476	115	20	33235	348
752000	31	209	2609	9829	0	14	35384	25
753000	52	199	2369	10189	41	4	34649	206
754000	39	213	1735	11152	69	5	35876	107
755000	55	259	2398	10095	35	14	34432	227
756000	44	241	2213	10395	53	0	35172	82
757000	51	199	2142	10468	138	15	34599	367
758000	76	216	2832	9345	83	0	33250	29
759000	50	181	2786	9363	113	12	35537	277
760000	60	222	2594	9793	49	4	34337	147
761000	72	244	2410	10038	0	0	34179	1
762000	92	223	2790	9272	98	0	33740	318
763000	34	180	2639	9708	47	113	34358	509
764000	39	227	2160	10496	35	121	34772	351
765000	74	204	2279	10031	8	311	34553	756
766000	51	266	1873	10688	16	298	34764	837
767000	47	185	1941	10446	79	376	35301	1336
768000	37	206	1849	10665	167	222	35392	1081
769000	48	200	2188	10361	54	141	35052	325
770000	53	195	2470	9661	129	334	32886	1090
771000	43	199	2312	9818	53	460	34574	1465
772000	42	229	2005	10576	33	220	35349	865
773000	30	230	1424	11580	2	249	37012	599
774000	20	241	1444	11532	79	99	36892	510
775000	39	232	1374	11619	121	139	35094	662
776000	29	242	1316	11788	40	95	36334	338
777000	32	247	1208	11875	103	93	37129	492
778000	41	260	1601	11178	43	148	36954	583
779000	48	252	1703	11060	51	190	35866	731
780000	52	220	2094	10379	46	257	35529	990
781000	33	248	1751	10634	30	555	34370	1787
782000	41	223	1463	11042	135	474	35264	1550
783000	50	227	1624	10879	14	537	35430	1756
784000	54	209	1753	10401	206	657	33215	2691
785000	51	258	1867	10332	112	573	32073	2071
786000	17	219	1824	10494	80	606	34537	2235
787000	37	241	1641	10897	22	456	35298	1317
788000	49	256	1840	10344	10	678	33513	1412
789000	31	272	1616	10539	101	827	33577	2880
790000	31	230	1556	10498	224	883	33455	3156
791000	25	232	1411	11011	50	733	33988	2065
792000	37	241	1563	10729	71	725	34572	2130
793000	45	179	1667	10642	37	735	34423	2555
794000	20	247	1330	11167	27	671	33597	1613
795000	32	247	1591	10869	159	434	36637	1380
796000	45	278	2083	9993	56	590	32533	1528
797000	31	249	1808	10610	43	458	32785	1476
798000	62	233	2581	8898	298	603	31697	2063
799000	67	233	2472	9136	249	640	32524	2881
800000	77	205	2478	8868	438	612	30954	2811
801000	59	221	2076	9165	714	837	32153	3996
802000	43	221	2072	9570	533	595	33031	3148
803000	82	179	3015	8177	384	600	30834	2814
804000	76	171	3176	8215	427	357	31859	2127
805000	93	188	3370	7328	600	598	29124	4061
806000	81	183	2967	8202	579	387	29634	2671
807000	57	260	2767	8152	657	648	32068	2873
808000	50	165	2325	8646	837	917	30600	4333
809000	94	162	3054	7404	565	1164	29613	4804
810000	94	219	3437	6984	717	672	28199	3271
811000	88	214	2617	7612	923	1237	28169	6651
812000	43	199	2634	7709	831	1307	27510	5677
813000	77	228	2806	7219	773	1456	28495	6127
814000	91	205	2885	6883	1056	1437	27288	6730
815000	110	151	3218	6437	966	1480	26309	6651
816000	56	138	3464	5299	1322	1847	24373	9024
817000	87	143	3487	5612	1099	1701	25288	7988
818000	103	169	2682	6025	1398	2339	24224	10065
819000	101	185	2483	6284	1170	2539	23877	10549
820000	80	195	2828	6019	1222	2250	25966	9329
821000	102	177	2918	5578	1527	2308	23550	10452
822000	106	144	3456	4826	1327	2292	22966	10414
823000	90	139	2893	6198	1766	1395	24827	8983
824000	92	185	3843	5543	885	1308	25624	6713
825000	130	201	3608	5772	757	1537	24540	6206
826000	88	141	3476	6105	1024	1265	26227	6472
827000	106	187	3368	6556	782	1140	27728	5773
828000	50	194	2474	7352	1215	1525	29194	7470
829000	67	216	2146	7048	1159	2360	25397	10049
830000	60	152	2412	6838	945	2471	27077	9126
831000	54	198	2184	7450	827	2270	26155	8103
832000	96	154	2808	6925	1123	1441	27121	7274
833000	59	225	2679	8006	747	996	29060	5225
834000	89	238	2542	8475	460	968	31159	4081
835000	60	227	2553	8089	484	1380	30468	4424
836000	68	193	2877	8211	396	831	30891	3233
837000	65	210	2827	8869	438	236	31691	2429
838000	123	271	3200	8194	184	442	31928	1606
839000	82	249	2619	9109	48	621	32647	1572
840000	46	176	2415	9892	51	196	35593	667
841000	51	294	2270	10237	0	39	34831	104
842000	40	214	2015	10784	0	0	35465	1
843000	29	228	1752	11180	35	14	35827	266
844000	30	267	1566	11330	157	86	35935	723
845000	24	196	1865	11020	73	17	35683	230
846000	53	256	2400	10036	27	145	34269	541
847000	36	215	2303	10330	17	38	35000	141
848000	34	232	2035	10708	0	50	34406	172
849000	52	224	1991	10876	0	15	36292	23
850000	69	264	2392	10004	111	2	33123	214
851000	80	207	2468	10029	27	1	34029	44
852000	64	206	2734	9551	30	0	35410	66
853000	57	260	2985	8885	76	60	32820	442
854000	70	130	3185	8680	85	116	33797	785
855000	69	207	2688	9702	25	49	34049	299
856000	73	155	3113	9108	0	0	33408	1
857000	41	166	2643	9820	77	0	34318	69
858000	57	233	2402	10060	62	33	33424	270
859000	60	210	2348	9973	82	137	33888	535
860000	36	254	2418	9559	23	572	33309	1528
861000	60	234	2458	9567	65	514	32070	1681
862000	25	234	1924	10697	3	311	35067	978
863000	35	269	1965	10711	11	84	33695	217
864000	18	189	1698	11336	0	50	35889	232
865000	41	242	1715	11248	0	0	36974	1
866000	59	202	2158	10495	8	38	36718	141
867000	62	221	1810	11016	71	0	35101	93
868000	56	193	1913	11007	2	0	37155	6
869000	21	225	1380	11833	49	16	36697	214
870000	32	248	1350	11766	53	7	37229	176
871000	37	268	1652	11258	3	72	34492	246
872000	35	202	2203	10304	6	239	35190	939
873000	44	197	2561	9875	0	90	34010	298
874000	41	264	1991	10483	13	296	34654	905
875000	35	222	1910	10640	60	289	34563	865
876000	27	240	1711	11054	2	285	34174	1046
877000	41	195	1829	10838	0	302	36154	669
878000	33	187	2020	10318	101	407	33491	1216
879000	32	233	1881	10268	93	686	33808	2505
880000	43	229	1817	10707	27	368	36351	1205
881000	39	267	1821	10851	1	186	37197	753
882000	36	233	1765	10994	7	175	34993	508
883000	30	261	1600	11294	7	208	35958	613
884000	26	225	1695	11330	1	8	35739	81
885000	56	216	2126	10490	52	0	34434	89
886000	35	244	1638	11246	120	1	34856	320
887000	57	246	2002	10745	1	23	36786	157
888000	30	216	1903	10904	80	0	36429	192
889000	46	213	2501	9898	26	69	34114	441
890000	26	231	1952	10526	106	315	34148	1193
891000	34	257	2062	9971	255	494	33375	1841
892000	56	258	1814	10326	89	720	32563	2516
893000	17	220	1601	10102	44	1405	34000	3530
894000	61	217	2410	9158	85	888	31357	3068
895000	49	200	2492	9288	91	644	31078	1823
896000	31	189	2259	9711	89	702	33008	1872
897000	24	236	1927	9997	194	735	33608	2894
898000	38	287	1956	9491	332	991	32311	3463
899000	67	200	1960	9623	513	794	32017	4107
900000	59	240	2056	9693	253	766	31851	3326
901000	54	266	1763	9887	227	1065	33747	3066
902000	61	205	2334	9208	161	955	31722	2814
903000	42	239	2548	9008	114	788	31653	2283
904000	58	214	2320	9324	363	638	31714	2679
905000	69	205	2445	9273	347	407	32556	2555
906000	44	201	2132	10105	262	266	33319	1208
907000	48	205	2152	9912	142	491	33126	1505
908000	67	200	2261	9929	72	399	32307	1394
909000	51	190	2560	9522	11	401	33859	1336
910000	52	210	1955	10756	13	126	34423	532
911000	29	201	1768	11059	3	182	36616	631
912000	37	242	1957	10806	17	69	36097	178
913000	31	236	1734	11037	99	104	36332	403
914000	34	232	1826	10908	85	213	36066	695
915000	54	180	2154	10195	124	287	34863	992
916000	58	271	1913	10507	50	390	34014	1203
917000	35	172	2289	10075	5	298	35198	1013
918000	52	192	2700	9326	44	296	33500	1190
919000	69	213	2896	8994	48	257	33502	495
920000	64	238	3132	8742	67	137	31814	546
921000	115	102	4032	7327	0	16	32138	46
922000	84	193	3198	8639	61	4	32828	328
923000	64	177	3175	8880	60	55	33139	250
924000	83	177	3495	8151	207	0	32605	583
925000	75	176	4135	7058	89	150	31560	407
926000	108	200	3925	7643	0	0	31969	4
927000	57	227	3059	8676	262	108	32433	780
928000	61	238	2573	9558	120	180	33236	726
929000	61	200	2689	9533	44	124	33255	544
930000	67	170	2908	9246	0	28	34828	141
931000	69	228	2706	9512	77	0	34097	140
932000	61	230	2968	9187	43	2	32583	138
933000	45	220	2444	10129	0	0	35543	4
934000	63	214	2559	9909	14	8	34161	114
935000	68	182	2936	9357	0	0	35328	3
936000	117	163	3484	8062	242	12	32756	652
937000	70	214	2845	9357	100	24	31960	752
938000	66	189	2765	9211	98	239	34110	822
939000	40	198	1971	10255	87	638	34558	1959
940000	34	205	2030	10362	74	381	34697	1327
941000	41	226	2034	10268	52	415	33673	1317
942000	62	268	2377	9665	104	350	32546	1670
943000	73	195	2352	9897	237	138	33709	812
944000	40	234	2517	9546	164	247	35629	1448
945000	59	222	2261	10081	28	212	34056	598
946000	30	222	2222	10383	11	128	34678	410
947000	44	176	2352	10230	15	82	34644	258
948000	67	231	2715	9562	0	116	34572	388
949000	64	167	3084	9024	0	45	34747	159
950000	134	194	3611	7819	14	183	31644	562
951000	117	177	3907	7309	10	166	31295	448
952000	58	210	2971	8674	53	432	32113	1323
953000	47	206	2563	9599	30	258	33995	971
954000	76	212	2947	8859	250	136	32112	1344
955000	73	188	3271	8386	244	83	32032	1164
956000	92	216	2963	8911	85	92	33818	538
957000	68	215	2989	8936	273	20	31640	820
958000	60	148	3393	8600	45	0	33551	135
959000	88	252	3968	7302	99	0	32139	271
960000	70	190	3892	7592	5	7	32500	83
961000	84	149	3449	8460	0	0	32919	7
962000	81	195	2799	9467	0	14	33668	70
963000	73	206	2459	10030	0	0	35083	1
964000	47	187	2962	9213	35	25	33182	267
965000	39	218	1724	11215	58	39	36289	234
966000	29	188	1831	11228	0	0	34565	2
967000	33	243	2202	10467	32	1	35724	148
968000	32	239	1949	10875	49	3	34267	126
969000	61	259	2350	10228	0	0	35856	6
970000	43	235	1909	10860	31	2	35029	198
971000	49	275	1705	11233	0	0	35588	2
972000	13	196	1706	11273	84	35	36873	322
973000	43	229	1754	11093	74	28	35459	231
974000	33	296	1597	11397	14	3	35833	103
975000	47	258	1949	10872	9	0	34994	111
976000	31	183	1907	10935	61	0	35697	52
977000	39	252	2182	10423	74	39	33771	440
978000	42	271	1896	10942	7	9	35744	123
979000	56	224	1878	10972	81	0	36006	105
980000	49	230	2030	10649	86	33	34823	215
981000	42	207	1848	10997	140	31	34708	572
982000	46	236	2247	10394	87	30	34549	214
983000	52	257	2264	10247	0	88	34762	301
984000	43	212	2039	10587	52	157	34821	404
985000	39	212	2431	10037	58	120	34635	507
986000	78	238	2502	9776	0	205	35404	475
987000	60	225	2672	9527	4	248	33834	722
988000	59	176	2612	9463	57	311	33427	1053
989000	37	211	2276	10133	55	163	35224	709
990000	32	190	1811	10890	38	261	35238	881
991000	38	185	1524	11372	36	295	35159	922
992000	31	221	2013	10513	30	300	34272	955
993000	44	225	1875	10863	3	194	35595	519
994000	36	215	2157	10510	0	70	33853	236
995000	46	206	2687	9735	0	35	34145	127
996000	75	188	2879	9353	0	33	34752	65
997000	53	197	2872	9433	71	4	33704	191
998000	34	233	2127	10495	133	0	35176	441
999000	45	244	2261	10122	34	202	33292	537
