0	0	0	0	14400	0	0	0	0
1000	18	237	660	12755	114	41	36948	336
2000	27	183	1199	12025	26	103	35984	389
3000	24	212	1142	12150	22	86	37838	311
4000	38	234	1591	11465	0	51	36512	126
5000	31	220	1896	11013	42	0	36033	47
6000	26	252	1962	10941	0	2	37447	3
7000	39	240	1962	10934	14	5	36219	112
8000	25	236	1687	11299	49	13	34945	162
9000	17	216	1696	11358	23	6	35631	23
10000	41	244	2153	10620	0	15	35112	121
11000	36	217	2653	9702	1	129	33543	218
12000	45	242	1870	10863	44	134	35683	352
13000	28	214	1770	11082	22	110	36373	439
14000	24	190	1873	10807	104	255	35822	1042
15000	46	243	1838	10871	76	160	35478	940
16000	28	239	1459	11495	47	116	36165	421
17000	41	214	1571	11423	0	86	37033	277
18000	42	164	1933	10887	8	46	36310	175
19000	28	241	1546	11463	0	86	35401	275
20000	44	208	2174	10527	0	31	35859	101
21000	37	190	2275	10331	0	130	36756	293
22000	32	162	2227	10494	0	13	35840	55
23000	31	243	1790	11082	59	1	35794	127
24000	47	198	2254	10382	1	19	35256	46
25000	56	200	3233	8848	0	11	34641	10
26000	69	143	2707	9582	91	0	34840	343
27000	78	227	2600	9787	17	9	32906	152
28000	84	210	2908	9183	126	2	34252	332
29000	88	153	3733	7868	18	2	32505	70
30000	64	142	3081	9171	4	0	33618	22
31000	40	260	2597	9795	57	1	33457	167
32000	54	214	2107	10538	88	1	36261	349
33000	43	225	2017	10616	178	39	34549	632
34000	41	183	2615	9879	18	51	35316	197
35000	75	178	2889	9040	166	186	33517	1219
36000	55	216	2934	8789	369	263	32691	1621
37000	82	229	3549	7761	254	207	30412	1272
38000	84	160	3374	8313	82	191	31776	491
39000	133	205	4035	7313	0	118	31372	370
40000	82	196	3668	7933	29	81	33198	371
41000	58	218	3255	8633	4	10	32343	28
42000	32	213	2829	9461	21	0	33760	192
43000	47	180	2356	10177	133	17	36767	447
44000	22	221	1765	11066	134	25	35474	544
45000	41	242	2569	9889	8	0	33220	58
46000	79	166	3064	9034	49	0	33605	251
47000	83	186	2836	9347	86	22	33839	541
48000	64	215	2827	9393	17	2	34373	190
49000	76	170	3188	8846	54	17	32757	172
50000	59	169	2702	9702	77	11	34117	265
51000	49	229	2107	10571	32	15	32925	214
52000	64	223	2599	9825	0	0	34764	11
53000	94	142	3063	8817	254	32	34365	614
54000	54	122	3749	7584	379	60	31731	1455
55000	115	178	3414	8100	311	8	32060	763
56000	81	220	3483	8248	79	46	33076	446
57000	90	227	3482	8226	0	0	34495	25
58000	63	194	2946	9239	24	4	32692	150
59000	55	240	2429	10034	82	14	34015	187
60000	43	248	2527	9898	58	0	34605	194
61000	59	173	2899	9418	16	11	33828	138
62000	52	233	2871	9384	12	0	33320	79
63000	48	157	2231	10541	7	0	35284	97
64000	56	220	2152	10627	0	0	35363	1
65000	49	207	2573	9878	17	20	34482	264
66000	89	234	2417	10040	12	3	34899	135
67000	60	278	2191	10302	146	1	35082	173
68000	47	180	2157	10574	2	2	34351	54
69000	53	190	2552	9853	21	9	34781	106
70000	46	203	2290	10313	0	28	34895	131
71000	39	197	2121	10505	21	100	36231	263
72000	43	222	2444	10032	3	104	36222	191
73000	50	189	2682	9857	0	0	34962	16
74000	37	194	2248	10494	11	0	35058	38
75000	44	200	2541	9709	244	23	33533	630
76000	71	193	2843	9233	172	1	33738	599
77000	103	223	3570	8083	6	0	31894	19
78000	172	155	4514	6527	0	0	30698	4
79000	79	178	4338	6791	74	0	31779	200
80000	84	148	3696	7969	0	5	31891	45
81000	108	233	3726	7716	106	27	32329	360
82000	104	187	3363	8477	45	55	33311	380
83000	71	162	3887	7710	25	2	32481	130
84000	106	198	3597	8044	14	0	32191	88
85000	105	153	3703	7896	0	5	33522	40
86000	92	161	4333	6843	1	0	31150	16
87000	56	110	4220	7065	0	0	33731	4
88000	85	152	4543	6544	4	0	30820	66
89000	85	185	3909	7521	63	0	30902	339
90000	113	239	4179	6911	31	0	30743	47
91000	99	178	4107	7090	66	0	31396	203
92000	115	188	3941	7350	25	0	31041	110
93000	91	224	3517	8143	162	41	32942	619
94000	92	245	3085	8920	50	0	33383	185
95000	67	165	3274	8504	116	14	33252	309
96000	48	213	2178	10416	47	73	35976	207
97000	67	220	2475	10141	3	28	33700	142
98000	52	233	2029	10679	0	135	35002	335
99000	45	205	2383	10170	0	44	34511	161
100000	61	204	2539	9959	0	0	33194	1
101000	88	251	3687	7707	155	110	30885	463
102000	72	164	3699	7373	375	312	30637	2068
103000	103	189	3469	7809	526	59	30424	1966
104000	97	182	3527	7848	391	9	31647	1202
105000	68	217	3227	7932	411	428	30261	2492
106000	59	199	2635	8975	373	449	33271	2604
107000	72	209	2094	10279	62	326	33749	1288
108000	31	205	1671	10834	50	525	35149	1941
109000	41	252	1849	10195	60	855	34912	2489
110000	52	218	2285	9654	118	519	32770	1726
111000	44	201	1806	10537	194	430	33840	1699
112000	36	244	1726	10479	34	774	33719	2580
113000	39	214	2616	8917	180	749	32639	2631
114000	87	161	2551	8734	538	651	32461	3181
115000	77	194	3112	7810	384	699	30960	3006
116000	93	163	3290	7318	263	1074	30901	3303
117000	69	229	2921	8359	200	700	30149	2681
118000	94	283	3517	6816	531	914	29312	3490
119000	123	161	3689	6834	343	659	30026	3143
120000	62	269	3276	7900	105	615	31451	1849
121000	113	183	3488	8086	213	70	29449	925
122000	72	255	3722	7401	25	458	30643	1115
123000	59	193	3323	7972	64	568	32541	1773
124000	100	204	3187	8294	318	232	31837	1679
125000	61	193	3061	8686	131	325	31861	1551
126000	56	186	2423	9591	122	478	33705	1467
127000	50	183	2318	9594	282	428	33947	1719
128000	98	190	2682	9263	308	107	33381	1169
129000	73	199	2536	9601	151	251	32772	932
130000	61	246	2065	10578	0	120	35331	278
131000	63	249	1930	10766	2	120	34746	431
132000	49	185	1943	10711	55	152	35186	627
133000	56	242	2108	10289	129	213	33544	941
134000	38	257	2026	10479	17	337	35315	996
135000	28	259	1968	10545	6	328	34231	825
136000	38	201	1710	11200	0	68	36289	289
137000	34	206	2080	10672	0	48	37147	117
138000	71	239	2596	9735	0	70	34617	139
139000	49	213	2481	9965	2	34	34754	16
140000	62	223	3388	8317	1	174	31327	554
141000	75	167	3058	9074	0	38	32694	140
142000	78	135	3896	7581	92	0	32185	156
143000	119	143	4712	6084	39	0	29934	162
144000	112	166	3637	8094	33	0	31082	88
145000	84	155	3829	7740	81	0	30999	141
146000	73	151	3426	8414	58	0	34334	75
147000	64	165	3187	8981	51	0	33100	206
148000	78	192	2686	9717	42	4	33955	179
149000	57	202	3402	8590	0	2	32925	39
150000	80	243	2590	9749	2	0	34911	5
151000	70	197	2758	9590	12	0	32988	54
152000	45	198	2770	9542	0	0	33503	4
153000	57	230	2053	10698	70	0	35015	214
154000	36	241	2175	10539	1	5	36033	53
155000	34	211	2103	10613	51	3	37168	152
156000	24	233	1696	11268	34	19	36901	171
157000	25	249	2008	10804	26	29	34784	242
158000	45	187	2071	10723	22	12	35117	119
159000	47	233	2151	10459	21	1	35349	70
160000	61	190	2295	10326	50	3	34890	259
161000	72	154	2298	10245	130	0	35163	137
162000	52	192	2660	9695	35	49	34038	346
163000	90	170	3186	8732	61	0	33470	29
164000	48	233	2528	9899	0	0	35098	9
165000	46	213	2287	10258	39	57	35627	161
166000	49	208	2167	10610	0	0	35570	3
167000	38	203	2093	10722	10	1	35647	43
168000	38	217	1809	11110	4	32	36542	79
169000	78	207	2538	9863	0	47	35011	100
170000	55	277	2855	9402	0	0	34189	22
171000	28	232	2305	10380	18	5	33616	76
172000	69	215	2823	9466	54	0	33377	187
173000	93	288	3164	8682	43	19	32498	281
174000	55	231	2239	10431	0	0	34036	1
175000	38	211	1910	10970	32	1	34968	102
176000	42	217	1887	10966	60	0	36814	98
177000	44	194	1581	11520	15	0	36718	4
178000	60	203	1870	10934	55	4	35656	106
179000	35	210	2313	10235	84	0	35923	135
180000	75	188	2725	9598	34	0	35162	173
181000	62	208	2327	10285	32	0	33075	31
182000	29	219	2088	10756	0	0	36002	2
183000	68	228	2467	9918	130	3	33025	467
184000	50	219	2258	10334	18	42	36345	177
185000	60	215	2255	10120	159	48	32257	632
186000	42	240	2099	10633	42	38	36106	342
187000	40	289	1522	11580	0	0	35589	11
188000	31	282	1787	11159	43	0	35253	117
189000	31	245	1583	11494	1	0	36045	35
190000	36	257	1468	11527	125	2	35319	284
191000	28	235	1595	11437	16	25	36769	97
192000	29	215	1422	11744	0	55	36558	146
193000	31	257	1606	11424	0	13	36999	26
194000	36	222	1910	11064	0	2	34498	23
195000	45	178	2475	10040	0	137	34759	435
196000	67	212	2043	10729	3	0	36441	5
197000	30	214	2011	10742	58	3	37111	140
198000	40	236	2269	10451	34	3	32944	114
199000	50	224	2523	9986	0	0	34044	6
200000	74	223	2602	9625	86	14	34421	369
201000	44	181	2601	9713	110	70	33448	480
202000	79	204	2399	9840	128	131	36310	1007
203000	66	189	3115	8745	29	215	33369	626
204000	69	188	2889	9171	87	178	32737	710
205000	40	215	2580	9670	24	259	33921	592
206000	37	213	1979	10734	0	157	34881	398
207000	58	206	2321	10192	36	116	34612	283
208000	54	182	2325	10235	0	98	35840	199
209000	46	200	2150	10073	8	483	34744	1074
210000	44	219	2257	9758	12	586	34855	1544
211000	60	217	2285	9704	101	626	34268	2010
212000	62	191	2549	9354	114	489	33431	1154
213000	42	207	2098	9682	259	669	33520	2784
214000	43	220	1713	10389	291	647	34356	2668
215000	48	215	1665	10639	349	332	35382	1924
216000	75	186	2299	9706	462	255	34345	2286
217000	76	226	2802	8730	284	414	32152	1867
218000	93	140	3237	8223	224	336	32463	1143
219000	95	219	2496	9251	273	401	32084	2036
220000	64	220	3195	8481	127	325	32060	1608
221000	90	188	3366	8325	46	299	32427	934
222000	53	169	3593	7993	17	182	32110	543
223000	72	192	3267	8213	72	395	31943	1419
224000	85	177	3450	8173	3	221	31777	767
225000	62	185	3278	8481	12	252	32137	880
226000	44	179	2643	9591	23	261	33907	916
227000	44	164	2968	9082	6	244	33076	579
228000	47	207	2815	9268	40	249	33485	508
229000	91	216	3157	8812	95	42	33262	378
230000	52	215	3102	8894	93	26	33401	256
231000	55	188	2319	10141	140	11	34233	442
232000	53	206	2597	9581	158	144	33232	990
233000	69	218	2850	9246	176	29	35072	638
234000	55	206	2594	9553	160	74	35130	542
235000	57	193	3010	8849	297	100	33388	1057
236000	56	249	2717	9579	82	15	33872	275
237000	86	174	2483	10016	8	7	33852	86
238000	65	195	2488	9857	191	25	34101	407
239000	105	173	3071	8949	4	78	32716	161
240000	64	192	2726	9371	2	178	34727	360
241000	50	260	2154	10343	14	192	34575	408
242000	29	254	1626	11346	0	80	35583	386
243000	31	239	2267	10277	2	87	33457	283
244000	45	206	2883	9459	0	0	33234	5
245000	35	242	2179	10515	52	0	35336	57
246000	39	229	2073	10651	67	12	34629	217
247000	53	232	2487	9901	60	0	36146	71
248000	50	177	2298	10415	0	0	35637	10
249000	34	234	2001	10728	49	9	36784	101
250000	32	254	2080	10747	12	1	35883	54
251000	77	223	2496	9989	5	8	33763	72
252000	50	211	2359	10231	37	1	35229	290
253000	54	229	2337	10028	88	2	35436	204
254000	53	227	1835	10817	141	142	33287	927
255000	38	194	2139	10436	140	129	34960	757
256000	42	200	2565	9859	47	32	34721	444
257000	49	152	3038	9083	0	176	34200	317
258000	56	255	2970	8860	4	245	32707	605
259000	57	187	2467	10000	0	99	33667	337
260000	45	191	2522	9953	87	10	34571	199
261000	79	205	2797	9596	0	0	33752	18
262000	80	166	2759	9526	63	16	34153	322
263000	60	232	2773	9509	0	8	33248	18
264000	53	197	2398	10207	0	0	35687	1
265000	45	231	2050	10693	41	0	35584	68
266000	35	242	1712	11328	21	15	37525	146
267000	47	195	1957	10906	110	10	35336	370
268000	38	229	1733	11233	28	8	35354	120
269000	42	242	1631	11164	48	110	34905	540
270000	37	248	1463	11379	14	252	35830	1014
271000	30	234	1804	10803	2	351	35482	888
272000	27	207	2346	10250	4	69	35454	298
273000	49	241	2677	9778	0	16	33580	58
274000	56	238	2152	10543	6	12	36382	65
275000	47	243	1772	11131	36	0	35948	82
276000	47	212	2157	10552	78	3	36529	182
277000	42	245	1969	10800	26	6	35497	22
278000	58	233	1904	10889	8	21	34687	147
279000	41	207	1840	11146	0	0	37164	3
280000	31	178	1755	10938	240	90	36040	654
281000	37	190	2121	10455	186	71	35222	811
282000	42	247	2185	10363	162	29	36855	556
283000	64	201	1910	10918	33	26	36024	220
284000	58	252	1877	10922	46	11	34994	200
285000	38	238	2001	10835	0	0	34752	14
286000	54	216	2605	9815	0	0	34613	3
287000	58	219	2153	10552	0	0	35411	2
288000	32	274	1814	11033	48	34	36217	133
289000	23	278	1702	11189	67	25	35927	440
290000	61	202	2296	9910	182	256	34287	1479
291000	47	207	2516	9548	126	310	33306	1234
292000	35	210	2003	10467	230	222	33556	1025
293000	36	268	1268	11563	133	253	34898	1418
294000	48	238	1632	11193	111	88	35252	523
295000	41	226	1757	10996	153	106	35931	860
296000	36	248	1779	10745	211	223	33931	1295
297000	49	198	1909	10391	267	289	34111	1529
298000	52	245	1862	10710	144	229	35220	920
299000	42	259	1880	10746	7	253	36019	765
300000	34	244	2152	10346	5	249	32869	798
301000	38	197	2684	9484	6	297	34866	529
302000	56	242	2410	9777	130	152	35592	598
303000	46	244	2706	9423	35	205	34285	734
304000	79	198	2314	9820	213	282	33416	1312
305000	47	232	1999	10418	85	212	33453	932
306000	51	236	1883	10925	4	85	33869	417
307000	50	208	2341	10379	0	0	37049	1
308000	33	251	2064	10660	37	20	34797	187
309000	50	192	2382	10259	7	0	36019	24
310000	63	166	2975	9109	165	24	32895	449
311000	45	182	2486	9806	216	39	35616	806
312000	36	227	2208	10150	182	120	34864	1035
313000	60	200	2431	9223	712	222	33818	1929
314000	95	232	2864	8080	580	762	29515	3964
315000	44	176	2745	7896	459	1338	29134	5094
316000	54	179	2491	8873	110	1193	31066	3873
317000	91	229	2933	7731	293	1168	29634	4415
318000	112	263	2277	8401	534	1328	30123	5440
319000	57	174	2514	8706	260	1058	31269	3315
320000	62	188	2263	8777	348	1254	31453	4715
321000	93	241	2854	7755	448	1128	29641	4182
322000	71	193	2412	9109	468	552	32546	3043
323000	54	191	2229	9527	239	694	32381	2654
324000	86	247	3032	7353	322	1388	29484	4704
325000	102	132	3347	6227	499	1883	27373	6187
326000	125	199	3254	5925	1048	1788	26071	7186
327000	93	165	2568	7323	1138	1463	25988	7040
328000	114	210	2423	7368	1095	1600	26436	7415
329000	107	215	2435	6763	1425	1849	24734	9242
330000	72	182	2244	7695	1299	1469	27343	7452
331000	107	176	2591	7479	1025	1315	28138	5357
332000	67	165	2688	7916	833	1032	29700	5350
333000	76	185	2202	8719	484	1351	30569	4918
334000	62	235	2698	7983	211	1505	30106	4878
335000	69	216	2576	8009	196	1625	30395	5472
336000	60	228	2368	8528	384	1252	30971	4122
337000	55	232	2017	8708	673	1361	28119	5405
338000	45	247	2069	8577	533	1620	29336	6175
339000	60	223	2109	8477	551	1621	29489	6010
340000	56	173	1839	8348	875	1824	29535	7657
341000	42	214	1972	8006	704	2184	27430	8442
342000	56	238	2153	7996	1080	1545	27439	7529
343000	47	207	2181	8284	663	1557	29464	6431
344000	49	190	1893	8920	916	1248	30514	5953
345000	69	232	1806	8887	837	1399	29997	6047
346000	61	203	2183	9081	466	1060	31563	4276
347000	66	220	2767	8242	227	1020	31088	3911
348000	73	196	2648	8462	557	745	29574	2953
349000	64	212	2819	7968	550	1046	30472	4271
350000	72	243	2566	9160	142	515	32292	2127
351000	45	242	2306	9808	99	402	34076	1502
352000	34	237	2034	10548	97	186	34331	565
353000	33	234	1944	10528	207	197	34267	951
354000	48	212	2315	9830	225	237	34030	1343
355000	47	225	2643	9397	99	257	33473	1132
356000	33	271	2177	10471	15	88	34270	339
357000	38	198	1826	11044	80	25	36226	154
358000	72	223	1854	10780	76	210	34691	675
359000	34	196	2279	10300	11	72	34879	227
360000	53	190	2664	9736	40	20	34107	74
361000	69	264	2758	9500	8	56	33091	492
362000	70	199	2168	10336	13	195	34297	529
363000	53	235	1855	10728	16	284	35475	1021
364000	53	241	1809	10535	14	592	33348	1569
365000	56	243	2218	9938	28	444	34285	1708
366000	59	243	2216	10250	0	146	32823	491
367000	44	207	1456	11438	33	266	36674	568
368000	15	302	1506	11491	2	121	36260	388
369000	29	242	1688	11237	2	117	34913	449
370000	45	222	1818	10897	83	161	34770	434
371000	44	244	2198	10166	144	194	33425	1090
372000	55	275	2110	10476	2	148	34790	391
373000	32	158	2171	10652	0	16	35092	26
374000	33	260	1975	10856	0	2	36581	6
375000	48	203	1763	11168	44	12	36150	121
376000	24	257	2150	10512	94	1	34204	208
377000	41	226	1932	10964	0	0	36151	15
378000	28	253	1820	11086	16	0	36628	74
379000	41	224	1846	11000	80	19	35460	238
380000	34	223	1524	11380	27	211	35604	441
381000	51	230	1690	11147	5	210	35264	592
382000	26	217	1379	11769	0	98	36885	183
383000	16	272	1257	12004	0	2	36691	27
384000	21	223	1448	11661	133	13	36747	361
385000	33	223	1439	11525	109	104	35340	495
386000	48	236	1700	11130	53	95	35746	406
387000	37	225	2106	10606	35	24	35523	188
388000	47	170	2343	10173	92	16	35071	211
389000	71	229	2438	10092	65	1	34652	201
390000	44	261	2768	9451	0	0	33758	32
391000	60	184	3195	8951	0	0	32962	7
392000	80	203	2944	9190	0	12	34840	38
393000	50	171	3148	9044	0	16	33652	43
394000	47	198	3012	9106	0	102	33271	363
395000	56	237	2601	9782	7	118	34026	340
396000	55	212	2526	9914	44	59	34695	276
397000	53	190	2776	9566	8	77	33693	199
398000	72	241	2808	9519	0	48	33676	162
399000	55	246	2040	10712	0	45	35344	158
400000	46	227	2123	10493	1	135	34238	637
401000	38	245	1784	11045	3	52	35670	72
402000	33	267	1903	10946	6	16	35079	87
403000	38	278	1720	11197	25	14	35726	182
404000	40	241	1965	10879	0	26	35928	31
405000	46	266	2454	9964	58	12	35526	213
406000	98	249	3246	8712	50	2	32570	168
407000	44	228	2917	9380	0	0	34559	4
408000	83	166	3569	8163	131	3	32277	392
409000	63	169	3043	8676	284	139	33121	1451
410000	64	252	2910	8757	349	184	32344	1729
411000	87	176	2965	8559	580	143	32968	1545
412000	93	169	2927	8893	240	142	32823	1281
413000	78	221	2623	9571	21	283	33727	793
414000	34	228	2186	10477	7	97	34243	340
415000	34	240	2454	10036	0	25	34410	104
416000	36	190	2397	10198	23	0	34562	87
417000	38	204	2572	9936	3	0	34218	26
418000	66	184	2037	10784	37	0	34956	135
419000	40	205	2224	10429	19	0	33266	52
420000	53	215	2549	9804	29	2	35064	54
421000	53	209	2566	9827	14	34	35173	44
422000	51	192	2291	10353	9	67	34572	241
423000	33	238	2348	10208	1	122	34900	309
424000	37	219	1975	10730	7	156	35791	642
425000	21	235	1994	10169	156	564	32797	1882
426000	36	237	1837	10217	206	702	33268	2338
427000	64	323	1548	10612	230	549	33185	2103
428000	63	237	1990	10245	139	400	33868	1603
429000	23	187	1633	10855	231	479	34252	1634
430000	32	254	1712	10707	64	495	34351	1278
431000	32	210	2086	10327	102	339	35496	1499
432000	23	210	1797	10631	96	455	34633	1382
433000	43	202	1995	10251	21	584	33307	1494
434000	42	213	1986	9862	118	899	32197	2943
435000	60	211	2049	10001	120	619	33513	2368
436000	49	256	2124	9937	80	628	32729	1939
437000	55	261	2049	9934	45	681	34019	1734
438000	27	266	1703	10050	286	970	33007	3369
439000	64	217	2037	9642	95	963	32360	3056
440000	55	200	2146	9455	207	911	32203	3094
441000	34	233	1871	9245	542	1229	30074	5383
442000	46	217	2264	9109	561	768	32025	3762
443000	48	184	2630	8987	248	597	30991	2629
444000	20	222	2097	10328	122	218	34630	999
445000	33	226	1678	11072	100	232	34564	883
446000	35	183	1847	10741	12	361	34637	857
447000	46	225	1512	11156	5	435	34624	1055
448000	23	277	1794	10875	21	259	34381	732
449000	65	213	2046	10413	2	368	34404	1105
450000	32	261	2035	10257	28	480	35157	1061
451000	50	231	2150	10311	70	145	35837	821
452000	45	194	2436	9937	155	15	35072	365
453000	73	225	2287	9987	365	17	34814	853
454000	55	196	2643	9673	74	85	34632	667
455000	38	223	2456	9995	30	13	33631	123
456000	44	266	2171	10491	0	35	34251	35
457000	26	208	1752	11166	4	130	34960	310
458000	46	207	1858	11045	0	64	35224	349
459000	45	207	1793	11163	1	26	36563	73
460000	32	200	2107	10581	116	4	35607	232
461000	42	220	2049	10312	293	87	35469	931
462000	71	210	2538	9383	266	295	32397	1760
463000	63	184	2270	9636	246	484	32477	2095
464000	38	241	1883	10425	349	247	33585	1289
465000	56	194	2138	9975	311	390	32913	1969
466000	44	198	2104	9813	413	525	33003	2624
467000	44	265	1978	10271	152	421	33823	1674
468000	61	167	2238	9687	278	548	32777	2005
469000	49	181	2799	8876	187	560	31795	1985
470000	59	164	2753	8474	367	838	29263	3102
471000	93	189	3466	7525	300	537	30813	2709
472000	58	207	3297	6898	451	1287	28119	4402
473000	69	170	4056	5699	463	1193	27629	4880
474000	70	142	3550	6470	424	1366	28147	5197
475000	56	172	2987	7535	490	1232	29544	4320
476000	58	216	2539	9000	349	693	31849	2808
477000	43	181	2046	9868	509	435	34341	2905
478000	64	218	2081	9946	461	330	33299	2108
479000	68	245	2285	9688	472	199	33611	1546
480000	55	182	2611	9598	79	228	33960	1047
481000	56	179	1994	10322	54	473	35052	1363
482000	39	231	2300	9986	15	415	35060	1501
483000	49	192	2457	9919	22	182	33287	809
484000	49	196	2429	10024	172	9	35501	587
485000	69	201	2950	9293	0	1	34182	33
486000	78	172	3505	8162	106	26	32009	322
487000	115	162	3922	7557	31	0	32776	110
488000	73	214	3711	7916	41	1	30748	77
489000	68	185	2751	9525	51	30	33001	193
490000	101	189	2835	9305	21	132	34371	313
491000	86	189	2842	9258	96	84	33284	443
492000	35	189	2144	10207	152	253	35176	1017
493000	49	232	2825	9033	183	183	33111	756
494000	81	180	2860	9079	256	90	33500	827
495000	44	150	2976	8707	225	313	31872	1536
496000	70	180	3045	8170	526	437	31929	2535
497000	66	167	3166	7646	509	764	30099	3362
498000	123	172	3544	7474	350	276	31911	2069
499000	92	189	3710	7169	347	420	29111	1856
500000	52	190	2967	8547	391	280	31540	1619
501000	72	196	2683	9346	149	257	32979	1285
502000	57	255	2648	8812	214	737	31433	2774
503000	65	220	2292	9093	275	1022	31118	3333
504000	77	232	2260	8441	537	1359	29973	5169
505000	61	190	2214	8475	644	1374	29955	5383
506000	59	221	2139	9156	305	1132	29764	4385
507000	59	180	2362	9535	201	604	33087	2396
508000	43	212	2522	9541	92	443	32824	1472
509000	69	189	2643	9077	310	409	31980	2119
510000	58	205	2599	9371	196	243	33625	1258
511000	78	198	2557	9118	374	391	32234	1893
512000	50	244	2140	9776	339	401	33058	2106
513000	39	242	2120	9875	516	225	32763	2138
514000	57	248	2188	9765	313	389	32897	1882
515000	51	252	1971	10354	235	279	32993	1531
516000	72	204	2605	9092	361	406	32056	2438
517000	64	213	2724	9206	170	362	33167	989
518000	61	195	2891	8946	76	340	33129	1051
519000	57	222	2667	9353	78	363	33341	1303
520000	57	203	2283	10211	13	141	34419	457
521000	69	192	1965	10787	16	106	34376	511
522000	27	249	1369	11608	5	145	34484	345
523000	44	226	1817	10901	6	193	35385	506
524000	70	183	2431	9869	49	247	33240	795
525000	57	239	1905	10556	14	319	33969	792
526000	47	213	2249	10411	3	61	36328	207
527000	59	241	2370	10196	3	50	35226	156
528000	66	209	2418	10002	68	0	36592	65
529000	59	182	2542	10014	32	5	34435	137
530000	72	199	2686	9720	17	0	34712	7
531000	78	198	2831	9414	41	0	34639	159
532000	53	248	2520	10043	0	0	34713	6
533000	50	205	2845	9470	40	4	32266	119
534000	42	195	2757	9337	205	30	34010	676
535000	49	221	2607	9607	124	149	32707	944
536000	56	233	2995	9251	59	29	33818	370
537000	52	186	2487	10041	42	20	35195	115
538000	48	286	2839	9413	0	14	33293	10
539000	37	245	2027	10707	14	0	35155	20
540000	69	177	2788	9617	0	0	35076	1
541000	67	178	2172	10397	77	2	34781	217
542000	31	246	1891	11037	35	2	37042	120
543000	56	207	1908	10957	9	2	35803	84
544000	34	193	2788	9355	149	79	34719	424
545000	56	169	3412	8452	13	102	33433	328
546000	86	164	2954	9172	6	81	33651	237
547000	57	215	2730	9534	65	0	34380	150
548000	64	180	3555	8281	44	22	33576	216
549000	86	194	3506	8216	0	15	32760	78
550000	111	120	3729	7909	34	9	32355	106
551000	93	173	3411	8398	63	0	31632	61
552000	124	209	3100	8916	2	6	33041	60
553000	53	202	3018	8984	127	4	32757	170
554000	52	242	2418	10123	45	0	34700	54
555000	44	197	3085	8976	80	3	33674	269
556000	45	189	2316	10338	13	5	33933	146
557000	47	234	2255	10379	22	1	35444	116
558000	63	181	2559	9865	60	0	34785	125
559000	40	228	2032	10668	80	45	35714	216
560000	44	227	2080	10629	53	51	36784	308
561000	67	192	2211	10438	0	0	35314	9
562000	57	271	2273	10341	39	11	35329	131
563000	40	208	2105	10691	0	45	34625	150
564000	36	236	1765	11173	0	7	36221	3
565000	57	281	1939	10782	44	0	35002	172
566000	39	213	2288	10346	31	0	35112	77
567000	45	202	2152	10509	92	53	36459	370
568000	28	243	2047	10745	38	38	36307	250
569000	72	246	2419	10083	75	8	34423	125
570000	44	200	2274	10433	10	14	35413	49
571000	60	207	2183	10487	0	41	35399	215
572000	30	228	1971	10878	47	43	34284	243
573000	47	214	2287	10205	87	137	32082	930
574000	61	158	3153	9009	1	2	33856	127
575000	108	219	3501	8072	137	27	31772	363
576000	67	217	3167	8924	31	3	33063	59
577000	89	181	3002	8981	151	4	34209	377
578000	70	209	2831	8945	378	172	32795	1546
579000	74	191	2884	9081	210	104	33354	825
580000	68	168	2786	9573	3	50	33535	348
581000	65	212	3369	8657	0	0	34186	1
582000	106	162	3591	7984	92	2	31783	95
583000	77	185	3549	8181	86	21	33037	379
584000	89	205	3225	8733	50	4	34405	128
585000	86	233	3477	8288	60	0	32794	119
586000	71	130	3901	7659	99	0	32606	145
587000	64	166	3896	7709	0	28	31652	108
588000	56	253	3578	8203	0	0	32018	2
589000	97	219	4184	6958	80	10	29426	190
590000	112	202	4324	6681	59	68	30537	321
591000	128	188	4033	7207	0	0	31810	4
592000	101	117	4684	6153	80	0	30328	351
593000	138	113	5300	4964	26	3	30718	96
594000	244	219	4361	6316	165	3	29856	381
595000	88	155	4241	6831	204	25	28779	366
596000	102	201	3723	7531	369	29	31705	849
597000	61	240	2515	9188	699	60	32165	1727
598000	50	221	2465	9418	334	338	32843	1797
599000	51	209	2150	10106	180	255	33934	1252
600000	49	216	2437	10004	4	130	35383	353
601000	52	240	2625	9656	47	125	34289	318
602000	72	183	2734	9023	134	489	32109	2048
603000	78	195	2697	9193	242	257	34916	1527
604000	39	199	2799	8945	191	394	32367	1467
605000	41	184	2211	10006	152	323	33667	1683
606000	37	216	1709	10936	49	342	34914	876
607000	33	228	1674	11264	20	136	36488	581
608000	37	239	1448	11597	0	105	37416	319
609000	31	248	1806	11067	0	69	36902	99
610000	29	215	1503	11375	2	279	36227	724
611000	30	244	1617	11364	0	105	36238	361
612000	36	280	1434	11669	0	17	36384	69
613000	43	260	1439	11538	89	2	37013	274
614000	33	233	1453	11540	151	37	34876	549
615000	29	260	1615	11188	151	74	35971	761
616000	28	203	1590	11154	242	130	35561	897
617000	50	199	1771	10752	223	222	36635	1463
618000	63	184	1986	10590	195	136	34308	735
619000	70	195	2278	10192	165	93	34804	983
620000	57	243	2809	9145	112	199	35233	1005
621000	50	244	2819	8935	77	474	34224	950
622000	64	251	2364	9818	57	316	34090	919
623000	50	241	2313	9845	232	222	32591	1355
624000	66	212	2472	9512	299	319	33463	1413
625000	87	184	2708	8621	594	364	31262	2306
626000	95	176	3064	8107	609	411	31604	3173
627000	96	171	3298	7312	799	579	29567	3708
628000	72	241	2569	8418	546	819	31095	3871
629000	68	250	2861	8260	381	674	30863	2712
630000	89	237	3222	8015	502	292	31433	1883
631000	52	178	2670	8395	721	684	31394	3493
632000	68	198	2527	8388	673	888	29336	4531
633000	61	238	1988	8950	298	1578	31380	5453
634000	46	209	1949	9489	376	1129	31983	4257
635000	69	195	2552	8937	361	684	31573	2974
636000	66	220	2922	8097	328	814	30445	3308
637000	93	206	2840	7764	781	871	29377	4635
638000	90	158	3077	7990	701	483	31107	3452
639000	91	193	2972	7727	981	459	28776	4392
640000	87	175	3065	7889	1014	237	28976	3932
641000	96	146	3831	6782	750	235	29323	2715
642000	102	169	3485	7123	869	272	29775	3431
643000	74	169	3611	7302	781	93	29476	2575
644000	109	140	4068	6604	586	48	30549	1960
645000	85	183	4149	6763	222	43	31072	637
646000	124	187	3730	7029	732	75	29249	1852
647000	66	168	3724	7376	570	109	30669	1971
648000	60	156	2864	8873	428	168	32007	1352
649000	49	226	2061	10283	134	274	34540	1021
650000	51	209	2089	10235	106	398	33432	1395
651000	47	231	1802	10802	142	249	34513	1370
652000	41	226	1844	10617	219	194	35555	1015
653000	59	246	2191	9797	225	408	32836	1501
654000	58	231	2248	9710	142	545	32621	1948
655000	45	252	2200	10108	20	392	33302	1142
656000	38	213	2524	9159	44	806	32008	2730
657000	54	231	2355	9397	94	691	31671	2539
658000	53	269	2492	9153	141	633	32704	2229
659000	60	186	2704	9012	139	535	33099	2079
660000	89	181	2799	8490	234	739	31277	3238
661000	67	227	2705	8235	279	1092	29034	3577
662000	78	226	3116	7764	154	993	31877	3146
663000	72	198	3220	7826	279	737	30057	3187
664000	71	194	2940	7952	207	1114	31152	3105
665000	94	224	2505	8739	212	885	32214	3281
666000	73	202	2260	8912	418	1010	31170	4244
667000	70	208	2099	8337	576	1747	27925	6017
668000	78	207	2237	8077	766	1578	28400	6795
669000	82	187	2188	7826	981	1690	27026	7971
670000	97	190	2376	7205	1085	1893	26752	8301
671000	54	226	1983	8249	865	1772	26541	8044
672000	62	201	2178	7865	826	1799	27549	7598
673000	67	283	2353	7693	764	1640	28501	5570
674000	66	227	2473	7401	1300	1358	25759	8245
675000	96	156	3127	6470	1075	1346	25567	6691
676000	58	168	3223	6098	608	2076	25179	8310
677000	111	144	3122	5798	1162	2058	24586	8150
678000	76	149	3060	5055	995	3113	22533	11091
679000	86	143	3274	4515	1586	2548	21112	11246
680000	96	162	3245	5496	1419	1940	22837	9068
681000	78	213	2294	6527	1780	1999	24766	10696
682000	79	211	2151	7611	1046	1956	26467	7909
683000	33	225	1977	7681	820	2353	27537	8167
684000	108	189	2522	6586	997	2343	24990	9652
685000	83	225	2714	6632	1014	1948	25142	7984
686000	52	226	2245	7391	949	2118	27093	8251
687000	60	195	2210	7521	993	1974	26930	8520
688000	74	239	1868	7655	1033	2247	25874	8889
689000	47	242	1954	7850	658	2407	27024	7911
690000	59	212	2507	6817	752	2417	26733	8360
691000	83	224	2531	7193	743	2022	27384	7996
692000	61	226	1796	7901	1012	2258	27196	8442
693000	71	170	2149	6934	1147	2541	25533	9861
694000	71	196	2131	6821	1065	2757	24612	11360
695000	73	200	2151	6626	1074	2903	23896	11566
696000	67	166	2455	6080	1189	2817	23903	11255
697000	91	195	1981	6101	1539	3209	21699	12401
698000	99	187	1876	5960	1832	3201	22936	13344
699000	73	180	2265	5769	1563	3065	22145	12845
700000	76	230	1910	6519	1080	3353	23546	13343
701000	88	222	1629	6764	1226	3311	22856	12701
702000	47	208	1647	6378	1841	3141	23336	14043
703000	74	213	1812	6269	2129	2681	22017	13143
704000	90	214	1404	6219	2307	3192	21005	13896
705000	84	200	2024	6037	1786	2937	23012	12944
706000	83	189	1542	5853	1771	3927	19510	15744
707000	80	222	1816	5997	1269	3788	22245	14367
708000	67	197	1496	6376	1202	4019	21650	15033
709000	64	211	1538	6251	1533	3703	21415	13765
710000	74	172	2050	6074	1560	3065	22934	13022
711000	89	195	2000	6386	1350	3033	23457	12600
712000	39	230	1649	6558	1368	3514	21167	13974
713000	65	208	1858	6688	1663	2717	24154	11125
714000	109	239	2800	5924	1296	2152	24642	9488
715000	91	208	2475	6524	1820	1646	25619	9719
716000	64	153	2606	7220	1191	1501	26666	7756
717000	86	202	2062	8168	1269	1222	28946	6835
718000	37	198	1408	9044	1068	1683	30672	6999
719000	39	235	1725	8029	1053	2143	26869	8308
720000	42	191	1465	7975	1245	2444	24671	10655
721000	43	230	1551	7952	1131	2400	26056	9539
722000	50	218	1545	8431	760	2402	28630	8680
723000	71	233	1793	7848	1001	2256	27812	9267
724000	78	213	2299	7181	1078	2012	25996	8569
725000	81	178	2622	6839	1015	1920	26575	8208
726000	66	204	2418	6522	1232	2308	24830	10403
727000	67	188	2453	7364	1422	1364	27363	7437
728000	69	206	2652	6451	1461	1786	24903	8003
729000	90	208	2769	5827	1295	2377	24505	10905
730000	87	201	2132	6490	1384	2672	25245	11589
731000	66	205	2404	5624	2043	2530	22818	12527
732000	87	161	2508	5914	1667	2448	24946	12205
733000	86	200	2461	6012	2100	1838	23859	11271
734000	102	155	2846	6440	1632	1389	24548	8356
735000	87	157	2389	7124	1674	1359	26089	8548
736000	87	197	2564	8169	943	772	29704	5119
737000	64	252	2364	8566	1005	598	29159	4806
738000	60	236	3079	8101	389	481	30946	2840
739000	78	268	3115	8190	320	305	31283	1922
740000	95	234	3277	8027	389	271	31750	1536
741000	54	207	2264	9659	367	399	33264	2113
742000	51	251	2016	10011	126	660	33738	2102
743000	51	194	2087	9713	250	788	33210	2760
744000	27	270	1514	10057	472	1033	33345	4179
745000	47	229	1664	9921	462	1053	32422	4315
746000	57	218	1772	10139	435	617	33783	3472
747000	46	220	2268	9579	397	488	32464	2595
748000	58	284	2547	9007	226	636	31840	2615
749000	92	237	2640	9121	144	403	31354	2201
750000	82	155	3096	8314	275	476	31639	2139
751000	80	183	3384	8174	73	354	32881	1176
752000	104	211	3246	8071	90	526	30229	1422
753000	48	199	2454	9266	190	664	32450	2195
754000	40	176	2419	8916	409	861	32455	2996
755000	59	169	2394	9184	385	614	33270	2846
756000	45	217	2002	10049	194	633	32961	2531
757000	47	206	2022	9394	454	1017	31737	4001
758000	62	217	2391	8929	771	563	30984	3875
759000	74	177	3425	7692	421	299	30514	2573
760000	58	207	2673	9322	126	200	32366	1074
761000	102	144	2943	8697	345	240	32300	1455
762000	83	197	2714	8440	411	826	30986	3234
763000	57	199	2377	8988	215	888	31134	3492
764000	53	232	2120	9276	267	1089	31973	3423
765000	56	186	2511	9122	271	602	32320	2203
766000	103	209	3052	8485	312	218	31094	1522
767000	92	169	3456	7394	266	776	30089	2879
768000	99	178	2643	8571	312	862	30117	3515
769000	77	183	2755	8386	439	767	30421	3804
770000	54	226	2510	8482	527	951	29320	4293
771000	72	241	2485	7854	732	1430	27917	5188
772000	62	193	2923	6838	898	1574	28011	7055
773000	34	138	2923	6500	1096	1829	25468	8226
774000	90	170	2867	7232	617	1587	27324	5977
775000	65	237	2818	7519	371	1516	29498	5542
776000	53	193	2753	8018	354	1260	30652	4169
777000	59	211	2556	8299	477	1240	29469	4455
778000	36	173	2911	8192	221	1043	29802	3770
779000	43	250	2077	8701	526	1425	29433	5287
780000	35	256	1822	9164	430	1496	29784	5384
781000	69	240	1881	8843	741	1384	28961	6004
782000	73	188	2163	8751	683	1099	29472	4946
783000	45	269	1785	8883	627	1581	28937	6134
784000	26	191	1586	9684	277	1560	29735	5070
785000	32	267	1679	9966	225	1229	30682	4553
786000	60	215	2093	9160	157	1307	32685	4133
787000	44	215	1995	9121	252	1500	30708	4686
788000	46	231	1342	9866	342	1766	30639	5773
789000	48	239	1653	8840	401	2071	28382	6739
790000	41	242	1574	9083	341	2089	27407	6698
791000	33	192	1818	8511	397	2256	28515	7743
792000	50	209	1452	8899	408	2446	29115	8035
793000	31	222	1675	8781	355	2219	27511	7044
794000	49	198	1974	8415	399	2133	28365	6776
795000	43	243	1708	9101	302	1808	28727	5670
796000	55	191	1926	9083	355	1544	30357	5398
797000	58	234	2084	9249	357	979	32127	4171
798000	53	234	2182	8885	545	1039	30972	4338
799000	82	178	2750	8255	642	718	30647	3953
800000	56	297	2096	9049	435	1100	30836	4435
801000	85	260	2262	8745	428	1080	30651	4149
802000	66	229	2576	8562	417	872	30666	4033
803000	69	186	2574	7980	530	1345	29336	4635
804000	95	208	3105	7669	364	853	30445	3835
805000	110	158	3235	7623	460	670	31964	3152
806000	71	287	2970	8638	318	183	30222	1730
807000	63	193	2411	9840	135	178	34905	1019
808000	69	235	2500	9833	62	112	34205	459
809000	82	193	2912	9366	11	42	34612	215
810000	91	157	3266	8506	109	10	33399	248
811000	65	249	2871	9018	220	85	32583	1070
812000	49	136	2214	10020	452	108	34084	1124
813000	79	238	2395	9456	403	264	33417	1400
814000	45	198	2471	9903	139	89	36106	819
815000	54	183	2214	10282	170	91	35025	565
816000	45	255	1940	10566	107	182	34321	1019
817000	75	191	2223	10301	30	145	33094	649
818000	61	276	2393	9946	0	60	33867	87
819000	56	230	2700	9674	0	46	34001	129
820000	83	199	3223	8771	0	14	32791	45
821000	90	194	2709	9435	138	1	34345	533
822000	50	212	2738	9539	9	21	34103	108
823000	73	245	2636	9579	1	117	34254	440
824000	35	254	2037	10421	21	322	33355	726
825000	27	196	2211	10334	39	182	35303	690
826000	43	172	2769	9449	3	211	33972	657
827000	41	255	1766	10936	0	235	35074	709
828000	30	200	1842	11152	0	30	35084	123
829000	37	267	1937	10794	0	71	35501	109
830000	18	229	2061	10572	3	180	35526	379
831000	26	188	2225	10426	62	52	36342	245
832000	48	266	2087	10469	100	63	34877	564
833000	35	184	2117	10330	287	129	33626	820
834000	53	261	1857	10457	463	122	34970	1407
835000	70	204	2584	9284	287	346	34210	1889
836000	68	210	2411	9159	459	482	32659	2545
837000	31	227	1664	10483	399	479	35146	2432
838000	51	232	1685	9933	254	1072	33974	3672
839000	37	211	1899	9513	464	1046	31979	4114
840000	44	199	1952	9248	381	1357	31185	4357
841000	67	230	2110	8756	372	1499	30047	5406
842000	61	195	3065	7517	512	1006	28884	4289
843000	68	182	2978	7616	809	783	28591	4693
844000	107	220	2487	7979	681	1241	30471	4910
845000	97	202	2516	8370	359	1188	29960	4911
846000	69	187	2326	8264	391	1722	29956	5630
847000	49	242	1879	8890	470	1727	29412	6079
848000	43	213	1701	9609	425	1289	31262	5019
849000	36	203	1946	9411	488	1083	30708	4539
850000	32	249	1753	9852	272	1068	32193	3885
851000	24	210	1649	10201	352	879	33374	3067
852000	54	269	2337	9367	263	633	32568	2754
853000	63	227	2612	9100	297	407	31763	2111
854000	77	195	2573	9251	224	426	33727	1949
855000	61	219	2619	9400	184	276	32879	1809
856000	81	187	3280	8505	70	92	32667	359
857000	62	232	2566	9463	38	364	33962	1321
858000	66	222	3159	8742	59	92	32828	573
859000	57	196	2369	10241	19	38	34344	204
860000	62	259	2304	10094	10	137	34469	410
861000	30	274	2156	10377	1	233	34758	622
862000	88	230	2941	8990	74	157	33920	555
863000	79	143	3680	7945	13	172	32289	369
864000	66	194	3492	8235	0	120	32004	121
865000	71	179	2839	9306	44	141	34214	408
866000	97	232	3551	8104	0	84	33158	363
867000	66	241	2927	9270	3	0	35218	3
868000	80	163	3908	7610	52	6	33488	280
869000	77	176	3724	7844	180	11	31979	655
870000	37	175	2842	9432	61	0	34394	217
871000	61	175	2802	9457	72	0	35394	51
872000	39	190	2484	10080	0	0	34752	2
873000	65	217	2523	9965	86	7	33695	298
874000	55	234	2134	10377	176	43	33509	854
875000	27	238	2257	10215	24	179	33631	629
876000	56	196	2903	9219	4	191	33916	650
877000	87	190	3423	8443	0	0	32518	9
878000	84	203	3427	8253	86	1	32508	223
879000	80	223	3499	8217	121	52	32364	322
880000	90	214	2916	9178	74	7	34433	263
881000	40	239	2769	9492	19	64	34230	102
882000	87	231	2782	9427	5	131	33359	328
883000	79	211	2508	9862	2	83	34532	211
884000	54	249	2206	10268	41	115	33375	397
885000	54	232	2246	10131	49	222	33740	639
886000	58	160	2629	9658	22	231	34369	729
887000	55	216	3134	8950	0	71	34000	217
888000	72	182	2830	9408	120	1	33252	247
889000	53	225	2706	9594	6	41	34120	185
890000	99	211	3189	8789	34	1	34310	122
891000	55	252	3200	8799	0	0	32973	1
892000	76	189	2838	9302	112	1	33527	292
893000	53	215	2316	10176	121	13	34022	388
894000	73	224	2593	9617	135	59	34133	485
895000	48	196	2705	9529	50	38	36107	282
896000	49	225	2339	10054	63	148	34784	468
897000	61	222	2192	10257	114	140	34635	903
898000	75	197	2892	9290	21	0	34994	212
899000	38	179	2322	10374	0	0	36206	6
900000	53	215	1790	11025	54	31	34853	301
901000	67	235	2394	10052	96	3	34021	318
902000	66	214	2932	8879	115	310	33374	1257
903000	72	175	3216	8613	101	158	32210	873
904000	50	222	2526	9515	138	319	33657	1517
905000	60	257	3090	8690	102	219	32022	992
906000	77	194	3405	8300	15	200	31617	519
907000	80	190	3414	8314	52	129	31024	794
908000	63	233	3004	9060	34	117	34059	412
909000	61	250	2801	9096	179	147	33274	1049
910000	46	239	2264	9713	373	342	32648	2346
911000	67	151	2267	9634	380	429	32417	2388
912000	62	196	2031	10112	366	304	33277	1990
913000	55	215	1917	10002	401	561	33877	2427
914000	36	210	1854	9812	374	915	31179	3755
915000	32	237	1536	10112	173	1285	32691	3961
916000	42	234	1827	9704	136	1293	31268	4122
917000	20	231	1820	9820	250	1107	32718	3759
918000	30	277	1549	10290	164	1062	33343	3229
919000	34	201	1525	10444	239	911	32637	3657
920000	30	247	2068	9639	78	1052	32715	2869
921000	57	251	1955	10214	49	617	32953	1737
922000	44	203	2122	9775	146	759	33356	2348
923000	54	200	2297	9372	262	702	32873	2261
924000	43	243	2056	9647	187	899	33773	3401
925000	49	198	2345	9174	333	836	33755	2891
926000	59	223	2238	8980	289	1218	31055	3914
927000	42	167	1996	9230	326	1329	30824	4759
928000	60	256	2213	9074	220	1136	31588	3605
929000	58	231	1930	9575	134	1120	31871	4546
930000	41	210	2125	9530	221	953	31768	3019
931000	73	218	2430	8799	429	954	31476	3836
932000	81	216	2493	8663	429	805	31123	3068
933000	60	191	2324	8999	654	717	31667	3484
934000	68	227	2496	9138	431	461	31819	2671
935000	70	188	2293	9655	313	355	32996	2036
936000	72	196	2531	9400	133	466	32701	1866
937000	89	188	2975	8418	93	713	31111	1596
938000	64	221	2765	8678	137	807	30973	2769
939000	73	179	2837	8469	156	874	32160	2670
940000	31	229	2327	9012	220	1084	31756	3273
941000	49	204	2409	9125	180	876	31048	2917
942000	72	229	2111	9681	213	791	31557	2667
943000	54	241	1838	10356	162	575	33755	2152
944000	34	211	2150	10055	203	436	34678	2120
945000	70	207	2232	9829	177	505	32874	1875
946000	53	245	1971	9544	380	893	31710	3231
947000	88	266	2058	9638	318	717	32282	2845
948000	31	212	1797	10143	177	935	32554	3139
949000	40	252	1982	10043	87	725	33117	2811
950000	32	185	2336	9766	16	529	34065	1576
951000	90	206	2785	8312	287	991	30993	2976
952000	62	240	3123	7879	175	865	31032	2807
953000	48	206	2623	8903	273	644	33335	2522
954000	53	240	2335	9498	182	597	33123	2462
955000	86	245	2515	9261	57	624	32650	2259
956000	45	224	2625	9225	135	430	32541	1709
957000	41	239	1719	10600	84	575	34109	1948
958000	40	191	2090	9914	92	758	33182	2270
959000	48	216	2281	9310	374	673	31848	2944
960000	36	220	2200	9567	315	668	32742	3202
961000	42	235	3049	7847	303	1004	31011	3583
962000	105	187	3638	7524	15	577	31284	1808
963000	99	203	3352	7866	14	648	31754	1763
964000	71	169	3797	7260	47	498	30942	1571
965000	101	150	4029	7324	34	8	30863	208
966000	104	190	3891	7480	61	0	29762	118
967000	103	177	3858	7702	0	0	31779	9
968000	88	207	3318	8499	134	28	32950	430
969000	75	234	3430	8337	26	6	32240	210
970000	45	230	2845	9414	4	50	34117	201
971000	51	184	2441	10026	112	11	34374	332
972000	65	209	2923	9314	34	1	35002	111
973000	66	173	3355	8376	218	1	31882	519
974000	64	170	3472	8200	199	26	33393	792
975000	72	170	3512	8236	82	116	32568	375
976000	104	207	3333	8561	0	0	32963	30
977000	76	171	4194	7054	0	0	31358	83
978000	91	174	3587	8029	57	1	32007	81
979000	92	176	3735	7882	0	1	32198	75
980000	99	134	3694	7949	110	0	32286	376
981000	77	166	4481	6554	172	10	31673	682
982000	61	172	3434	8234	99	103	32763	433
983000	85	250	2986	8995	173	24	33551	610
984000	71	213	3140	8244	358	281	32828	1399
985000	95	204	3422	7840	215	327	32312	1807
986000	58	183	3205	8653	127	170	32149	923
987000	80	191	3466	7367	599	352	28983	2172
988000	81	140	3236	7405	979	386	28667	4084
989000	79	174	2834	7991	1005	492	30245	3800
990000	85	158	2881	7644	910	881	30191	5018
991000	62	194	2982	7742	851	652	30263	4609
992000	158	148	2748	6994	1664	910	27151	6524
993000	121	121	3627	5108	2033	767	25630	8277
994000	147	114	3890	4370	2235	1137	21971	10053
995000	129	158	3535	4635	1459	2118	22027	9257
996000	154	152	3755	4289	1552	2056	22104	9273
997000	112	171	2684	4698	2397	2548	20531	13607
998000	82	218	2009	4609	2454	3623	19502	16617
999000	83	169	2004	5841	1928	3046	22454	14138
