0	0	0	0	14400	0	0	0	0
1000	8	482	557	12709	103	64	22572	276
2000	52	398	1342	11559	10	162	22810	298
3000	49	391	1522	11408	0	9	21624	26
4000	50	392	1618	11169	52	52	21443	65
5000	47	456	1304	11592	35	93	21538	271
6000	28	442	1148	11827	12	108	22629	89
7000	35	413	1252	11786	16	66	22166	142
8000	63	375	1510	11351	0	101	21222	78
9000	51	407	1895	10679	0	72	21895	174
10000	79	339	2147	10291	19	70	22000	214
11000	64	376	1327	11540	63	118	20727	366
12000	27	447	1587	11239	0	45	21104	105
13000	27	427	1314	11703	0	33	21585	96
14000	48	442	1342	11623	1	64	22155	86
15000	55	335	1298	11761	0	59	22212	76
16000	65	447	1240	11717	7	53	21895	78
17000	60	382	1367	11639	0	24	22472	73
18000	53	443	1458	11417	0	27	21742	119
19000	57	359	1583	11317	0	21	22935	100
20000	47	323	1671	11165	1	95	21887	167
21000	38	362	1421	11518	0	90	21453	152
22000	30	439	1358	11309	11	313	20990	615
23000	59	389	1426	11273	44	225	21796	527
24000	48	400	1361	11428	22	245	21353	458
25000	66	410	1388	11455	30	121	21771	265
26000	29	444	1125	11811	32	167	21435	424
27000	45	391	1053	12074	7	93	21154	170
28000	32	412	1159	11888	0	84	22044	138
29000	35	398	998	12216	0	82	22051	120
30000	54	442	1023	12062	24	11	21690	81
31000	41	435	1197	11801	1	61	21169	101
32000	42	367	1279	11800	3	34	21935	58
33000	35	449	1014	11991	203	38	22514	363
34000	54	451	1071	11956	82	61	23525	182
35000	57	425	1484	11387	25	42	23148	127
36000	71	388	1563	11241	42	46	21502	98
37000	52	459	1457	11394	13	24	21876	83
38000	72	377	1846	10769	32	2	21043	98
39000	51	374	1533	11305	79	19	21692	221
40000	76	336	1739	11005	0	29	21168	68
41000	47	337	1870	10899	83	2	23607	82
42000	91	410	2041	10534	1	1	21452	2
43000	72	374	2116	10315	57	9	21035	200
44000	72	384	2112	10441	10	3	21221	39
45000	66	465	1745	10987	0	0	21611	4
46000	40	372	1657	11285	23	0	21321	32
47000	63	371	1474	11301	124	5	22022	86
48000	47	396	1501	11464	0	0	21239	1
49000	41	460	1294	11670	98	3	22233	206
50000	67	437	1449	11409	59	23	21751	82
51000	47	439	1539	11301	13	37	21605	132
52000	28	373	1185	11969	0	20	22158	52
53000	48	437	1215	11805	25	5	22094	55
54000	49	409	1334	11664	0	0	22902	4
55000	46	435	1367	11600	23	2	22854	47
56000	82	390	1814	10824	52	30	20584	117
57000	51	377	1868	10808	46	34	21303	125
58000	67	332	1374	11502	66	104	22121	216
59000	51	348	1354	11666	24	65	22462	209
60000	81	405	1543	11341	0	3	21336	19
61000	37	415	1739	11083	45	8	22319	101
62000	46	390	1560	11336	10	0	21800	15
63000	79	357	1860	10844	9	0	21255	39
64000	80	411	2005	10567	0	0	21870	3
65000	53	401	1560	11228	56	1	21965	73
66000	105	406	1642	10989	125	25	21353	250
67000	45	431	1711	10936	83	20	19815	211
68000	55	361	1604	11064	50	236	21125	488
69000	39	345	2041	10424	50	233	21265	598
70000	56	390	1643	10540	65	534	21870	699
71000	59	365	1349	10720	258	722	19670	1536
72000	70	376	1481	10455	367	670	21285	1639
73000	62	368	1682	9813	469	818	21136	1973
74000	69	433	1734	9697	200	1088	20374	2111
75000	68	376	1407	10055	199	1319	19373	2214
76000	40	393	1279	10014	319	1502	19816	3082
77000	58	427	1431	9900	348	1212	19196	3326
78000	75	365	1893	9336	356	1149	18925	2674
79000	69	461	1110	10386	351	1218	18734	2741
80000	37	428	1065	10427	258	1466	19094	2681
81000	72	345	1734	9507	231	1380	18646	3129
82000	55	440	1374	10477	139	1035	18523	1838
83000	60	426	1337	10474	205	938	21116	2096
84000	89	388	1712	9913	280	879	20354	1660
85000	64	402	1517	10113	342	948	18456	2155
86000	44	407	1704	9829	284	966	20240	1768
87000	51	403	1757	9956	371	758	19396	1970
88000	47	430	1520	9834	356	1108	18969	2491
89000	68	370	1338	9829	371	1487	18301	2877
90000	75	379	1227	9987	400	1429	19098	3252
91000	48	409	889	9885	572	1937	19209	3563
92000	51	443	1132	9605	260	2134	17982	3686
93000	54	444	1242	9483	480	1903	18317	3731
94000	72	341	1158	9672	414	1898	17708	4234
95000	61	426	916	9836	347	2133	17643	4488
96000	61	425	1010	9747	516	1936	17255	4441
97000	77	350	1533	9083	483	1808	17200	4029
98000	78	442	1445	9224	442	1843	17689	3706
99000	48	416	1215	9536	438	1921	18629	3858
100000	39	425	889	10199	317	1919	18536	3660
101000	47	457	898	10466	98	1752	19101	3652
102000	43	390	1019	10821	165	1223	20161	2045
103000	54	414	1365	10165	252	1253	20025	2431
104000	55	424	1559	9829	372	1122	19313	2544
105000	83	349	1636	9315	281	1610	18260	3042
106000	49	456	1013	10328	283	1530	19350	2922
107000	48	384	1226	9956	335	1613	18313	3625
108000	55	405	1133	9740	428	1861	18061	3454
109000	53	338	1395	9323	523	1824	18395	4029
110000	70	400	1528	7953	287	3151	16688	5257
111000	90	362	1597	7880	576	2796	15554	6099
112000	69	410	1183	8268	665	3035	16354	6183
113000	80	338	1401	8209	786	2599	16235	5783
114000	66	408	1529	8048	704	2646	16653	5660
115000	86	358	1578	8118	815	2400	15993	6368
116000	91	381	1827	7314	1206	2402	16288	6347
117000	109	346	1473	7093	1681	2680	14077	6381
118000	96	339	1605	6484	1253	3525	14268	7676
119000	97	383	1889	5683	1329	3715	13042	8416
120000	87	387	2001	5303	1082	4226	12632	8808
121000	92	373	1912	5208	1274	4226	12350	9230
122000	117	377	1691	5151	1617	4346	12761	10495
123000	105	324	1529	5576	1525	4282	12578	9895
124000	88	372	1451	6142	997	4374	13254	8700
125000	86	371	1519	6257	1221	3906	12947	8327
126000	118	309	1591	5856	1275	4144	12710	9167
127000	121	356	1518	5583	1246	4561	11901	9225
128000	91	405	1730	6350	996	3713	12878	8225
129000	121	303	1816	6380	1158	3349	13468	7161
130000	132	270	2105	6018	1352	3096	13096	7750
131000	117	347	1893	7066	1458	2226	15196	6684
132000	106	304	1879	7725	794	2318	15967	5612
133000	103	354	1479	8192	997	2279	16638	5947
134000	89	376	1591	8339	857	2037	17332	4582
135000	132	354	1721	8877	695	1501	17117	3710
136000	131	359	2127	8983	525	854	17749	2263
137000	57	368	1923	8793	527	1466	19005	3045
138000	72	384	1373	8677	630	2297	16179	5189
139000	89	357	1255	8658	595	2539	16984	5909
140000	57	372	1116	8465	917	2705	15190	6568
141000	76	321	1200	7970	1159	2814	15666	6519
142000	120	333	1609	7594	1034	2579	15767	6655
143000	79	301	1708	8261	758	2139	17242	4371
144000	73	279	1563	7755	925	2716	16043	6314
145000	69	355	1223	8142	908	2857	15365	6269
146000	50	344	1404	7591	1066	3038	15776	6715
147000	83	306	1598	7229	1249	2874	14657	6739
148000	107	374	1680	7445	1274	2428	14447	6501
149000	77	344	1872	7018	1205	2667	14030	7174
150000	85	357	1946	6415	1284	3044	14398	6850
151000	101	335	1885	6003	1405	3427	12700	8614
152000	79	347	1679	6082	1391	3704	13421	9412
153000	71	352	1455	6340	1114	4063	13471	8802
154000	75	441	1115	6870	1209	3866	13756	8374
155000	67	457	896	7868	1031	3405	15691	7229
156000	55	425	930	8218	892	3137	15263	7108
157000	44	358	938	8418	752	3185	15990	6461
158000	98	391	1055	8130	847	3095	15615	6271
159000	57	424	1208	8614	825	2413	16775	5493
160000	71	398	1529	8501	528	2300	17452	4274
161000	64	408	1383	8942	446	2193	17147	4193
162000	48	416	1042	8721	763	2686	15585	5827
163000	73	401	1370	8828	619	2132	16985	4514
164000	78	401	1308	8993	533	2216	17353	4342
165000	82	449	1426	9163	433	1864	17586	3921
166000	65	385	1758	9162	370	1515	17687	3216
167000	56	431	1243	9993	355	1466	19061	2930
168000	47	401	1398	9822	381	1350	19608	2701
169000	61	395	1446	9842	408	1253	19382	2735
170000	86	379	1293	9995	278	1471	18545	3225
171000	57	434	1307	9880	455	1316	18588	3040
172000	50	408	1677	10082	148	936	20385	1929
173000	37	405	1158	10700	116	1141	20298	2495
174000	25	413	752	11394	56	1195	21131	1777
175000	42	396	867	10912	165	1368	20316	2981
176000	35	353	869	10354	158	2001	18963	3715
177000	37	373	955	10418	238	1691	19709	3688
178000	39	407	946	10095	225	1974	18060	3394
179000	28	409	793	10142	322	2097	18604	3951
180000	78	441	934	9433	538	2292	16784	4947
181000	72	434	1077	9428	491	2079	18576	4067
182000	40	402	952	9790	351	2175	18074	3845
183000	55	408	1111	9774	399	1891	18455	3995
184000	79	410	961	9939	371	1919	18845	4059
185000	52	409	1131	9853	199	1966	19051	3936
186000	51	387	1116	9916	360	1829	17896	3876
187000	45	411	1120	9950	456	1647	18556	3502
188000	43	412	939	10459	443	1386	19291	3243
189000	74	397	1262	9898	343	1504	18382	3177
190000	34	454	950	10123	419	1730	18141	3511
191000	65	405	1173	9582	561	1702	18977	4162
192000	72	426	1091	9586	552	1889	17145	4709
193000	46	374	956	9195	410	2709	18179	5047
194000	42	364	1073	8679	700	2727	16227	5480
195000	64	351	1365	8513	684	2518	17384	5889
196000	78	362	1054	9070	792	2305	16481	4945
197000	75	438	1084	9040	825	2100	17858	4898
198000	84	361	1359	9045	637	1955	17607	4049
199000	92	379	1660	8669	793	1656	18515	4866
200000	56	384	1406	9114	541	1883	17537	3908
201000	71	384	1812	8316	841	1807	17724	4341
202000	93	341	1849	8514	727	1589	17618	3878
203000	141	367	2180	7795	868	1587	16898	4677
204000	121	415	1825	7941	1135	1685	16235	4797
205000	100	386	1823	7936	1102	1814	16437	4967
206000	100	391	1519	8263	1063	2043	16457	4868
207000	87	352	1893	8232	845	1724	17036	4516
208000	84	412	1351	8943	828	1787	17890	4362
209000	121	392	1430	8579	956	1945	16142	4461
210000	107	388	1751	8282	696	2025	17331	4094
211000	105	429	1342	8536	588	2475	15835	5557
212000	49	433	1215	8724	435	2727	16920	4675
213000	77	427	1122	8527	596	2858	15615	6104
214000	61	414	1205	8221	735	2902	16842	6515
215000	103	326	1588	7829	844	2581	15746	6374
216000	105	367	1570	7677	936	2684	15747	5959
217000	87	336	1484	8165	1029	2261	16126	5542
218000	63	410	1326	8303	838	2481	15722	5749
219000	82	427	1004	8618	913	2614	16309	5644
220000	45	413	1242	8502	664	2638	16631	5457
221000	82	362	1472	8794	654	2032	18275	4456
222000	99	383	1529	8444	801	2109	17138	4479
223000	83	357	1668	8402	771	1986	18275	4619
224000	120	408	1870	7882	832	2087	16747	5285
225000	111	397	1443	7765	1098	2601	15632	5905
226000	112	301	1682	7059	1278	2845	14844	7054
227000	115	362	1929	6560	1399	2741	14769	6782
228000	139	320	2055	6741	1605	2209	14780	6845
229000	78	326	1429	7973	1694	1970	15475	6336
230000	103	350	1788	8069	1093	1799	16406	5373
231000	114	374	1977	7379	1014	2165	15834	5875
232000	95	437	1579	7740	930	2593	16279	5958
233000	82	351	1710	7980	789	2392	16599	5519
234000	74	390	1243	7783	1057	2978	14657	6973
235000	68	335	1536	7590	914	2933	15718	6632
236000	92	315	1507	7503	999	2913	15291	7127
237000	141	381	1692	7620	1171	2261	15032	5322
238000	64	326	1620	8215	977	2040	15893	5445
239000	94	400	1935	7982	993	1714	17894	4733
240000	122	362	1960	8539	739	1337	17452	3687
241000	63	390	1685	8882	412	1783	17493	3734
242000	64	395	1679	9473	212	1481	18656	2746
243000	65	343	1341	10067	333	1317	19022	2289
244000	31	444	1035	10118	301	1718	19321	3203
245000	73	395	1165	9011	504	2447	16712	4867
246000	69	412	1293	8667	412	2673	16158	5177
247000	57	384	1334	8840	409	2402	18536	5311
248000	60	423	1353	9195	405	2069	17357	4244
249000	58	320	1860	9369	331	1188	18555	2716
250000	37	424	1448	9944	168	1367	19395	2989
251000	85	379	1520	9626	476	1297	18982	3490
252000	72	389	1859	8630	511	1730	17477	3475
253000	89	390	1605	8850	587	1849	17753	3658
254000	113	345	1971	8243	609	1769	17383	4235
255000	70	356	1615	8714	877	1656	17176	4542
256000	65	438	1364	9650	612	1313	18627	3549
257000	93	378	1529	8692	669	2000	17783	4317
258000	83	383	1358	8954	564	2132	17496	4308
259000	63	337	1670	8615	740	1861	17496	4209
260000	67	411	1431	8573	999	1905	16852	4868
261000	89	356	1484	8862	643	1961	17562	4280
262000	101	417	1686	8244	943	1934	17507	5137
263000	76	393	1478	7665	1053	2715	14387	6628
264000	72	398	1174	8509	1026	2367	16269	5748
265000	70	411	1095	8861	707	2479	17129	4976
266000	78	410	1169	9644	461	1791	18647	4120
267000	58	396	1428	9268	404	1899	17918	3743
268000	52	381	1132	9637	452	1944	18152	4129
269000	43	414	1125	10278	251	1486	18979	2816
270000	64	354	1392	10177	278	1109	19217	2674
271000	97	329	1554	10233	294	828	20501	1799
272000	53	420	1520	10351	240	786	20739	1718
273000	73	402	1203	10497	403	982	20456	2413
274000	55	455	1249	10655	137	1034	19711	2244
275000	36	398	1306	10628	131	1036	19929	1809
276000	41	382	1231	10464	242	1096	20352	2362
277000	54	405	1208	10774	228	869	20607	1966
278000	76	391	1393	10291	325	953	21004	1773
279000	116	368	1503	10007	432	996	18775	2771
280000	43	456	1284	9996	326	1456	18930	3384
281000	44	337	1270	10115	370	1359	19243	3030
282000	72	415	1379	10148	293	1195	19262	2848
283000	38	493	1311	10466	177	1055	19700	2401
284000	47	358	1362	10764	157	740	20950	1569
285000	51	355	1317	10653	253	873	19494	1592
286000	54	433	1394	10907	116	588	21107	1041
287000	45	355	1648	10281	80	939	19705	1570
288000	91	379	1755	9600	238	1112	18564	2319
289000	87	349	1581	9883	122	1306	19638	2349
290000	54	350	1553	10297	152	954	20387	1924
291000	48	442	1468	10386	140	902	20004	1798
292000	43	419	1386	10347	168	1099	19609	2320
293000	55	380	1305	10938	113	699	21152	1518
294000	54	338	1548	10153	167	1158	19875	1985
295000	40	448	1212	10023	158	1664	17964	3065
296000	59	420	1222	9759	290	1762	19364	3294
297000	52	400	998	9825	439	1960	17906	4022
298000	42	403	1211	10254	187	1504	20358	3343
299000	64	328	1211	10383	60	1492	19624	2385
300000	49	383	1252	10354	99	1426	19559	2323
301000	52	350	1330	10114	137	1487	19566	2686
302000	69	361	1377	10187	324	1114	20028	2201
303000	83	440	1571	9990	378	809	19556	1966
304000	62	331	1639	10172	347	712	20114	2316
305000	71	407	1625	9882	277	1037	19097	1751
306000	89	329	1645	10014	456	757	19886	2260
307000	131	344	1901	9240	597	899	18031	2357
308000	123	304	2330	8740	440	932	18737	2492
309000	97	359	2532	8611	341	829	18237	1846
310000	94	378	2026	9554	331	620	19977	1526
311000	82	391	1671	9965	540	615	20682	1774
312000	78	366	1801	10092	488	416	19439	1506
313000	60	421	1711	10378	258	413	19973	1234
314000	56	398	1729	10665	102	279	21299	639
315000	66	395	2120	10009	54	300	19024	624
316000	68	341	1764	10925	1	143	21471	294
317000	59	428	1542	11221	50	110	22053	264
318000	64	340	1869	10629	121	154	19899	418
319000	74	432	1844	10579	75	179	21396	393
320000	77	394	1626	10997	96	117	20982	506
321000	62	383	1465	11066	183	232	20616	766
322000	74	386	2233	10049	158	58	21191	443
323000	49	363	1944	10564	165	82	21047	388
324000	86	382	2033	10228	199	111	20543	464
325000	32	394	1538	11199	123	144	20552	518
326000	59	480	1447	10900	284	309	19513	745
327000	57	392	1475	10662	147	707	20406	1315
328000	77	377	1783	9900	209	828	18826	1811
329000	54	403	1375	10753	155	677	21047	1403
330000	43	472	1344	11041	54	531	20808	1000
331000	51	450	1164	10942	172	803	20699	1406
332000	40	364	1024	11320	182	817	19730	1639
333000	38	431	910	11461	148	711	21439	1430
334000	32	471	950	11195	166	911	19675	2030
335000	39	419	1231	10689	194	965	19474	1884
336000	61	420	1384	10690	238	692	20774	1730
337000	70	354	1368	10780	172	729	21295	1499
338000	48	368	1460	10755	170	659	21739	1530
339000	65	397	1455	10813	116	566	20668	1119
340000	70	401	1566	10893	76	345	20866	758
341000	38	452	1470	10983	123	343	21569	626
342000	37	377	1209	11566	2	359	21406	533
343000	48	433	1303	11446	24	283	21461	575
344000	42	338	1508	11359	10	141	21412	216
345000	52	337	1316	11707	9	54	22053	130
346000	37	414	1176	11936	0	24	23093	79
347000	36	362	1035	12216	3	34	21894	24
348000	42	362	1151	11962	16	61	22985	130
349000	45	426	1019	12157	0	26	22700	51
350000	22	446	953	12291	1	1	22619	22
351000	32	394	1074	12099	38	0	21958	66
352000	44	402	1202	11792	127	8	22484	196
353000	59	406	1363	11564	71	21	22446	181
354000	49	407	1493	11241	24	105	21447	257
355000	42	424	1244	11523	0	286	21894	482
356000	31	446	1037	11874	21	330	22231	564
357000	36	348	1266	11498	52	360	22842	660
358000	34	393	1438	11520	0	60	22924	130
359000	24	444	1129	11955	0	40	22840	73
360000	66	416	1348	11590	0	21	22440	36
361000	72	414	1996	10597	0	0	20669	2
362000	75	413	1497	11264	129	45	21623	440
363000	84	335	2070	10474	46	7	21793	53
364000	34	461	1556	11348	0	0	21962	4
365000	30	362	1209	12003	4	5	21848	57
366000	32	410	1271	11754	87	14	21081	92
367000	42	408	1118	12035	0	13	22720	26
368000	29	408	1033	12049	71	10	22295	111
369000	31	438	1022	12009	122	50	21167	457
370000	44	382	1268	11707	71	43	22057	261
371000	96	314	1732	10988	26	32	21543	95
372000	70	416	1885	10818	0	0	21139	1
373000	63	339	1788	10805	182	17	21267	337
374000	60	313	1543	10807	315	364	20804	898
375000	43	395	1248	11515	46	307	20746	535
376000	21	464	1187	11610	17	347	21646	584
377000	39	449	1376	11156	56	371	20789	649
378000	49	399	1395	11294	60	295	22054	467
379000	94	438	1978	10106	67	450	21746	772
380000	68	429	1825	9983	70	753	19738	1227
381000	62	413	1723	9970	189	833	20373	1325
382000	64	356	1410	11250	93	248	21525	385
383000	58	425	1365	11199	109	238	21839	537
384000	52	463	1304	11555	17	170	23038	249
385000	40	436	1373	11554	8	60	21651	120
386000	31	428	1267	11792	7	35	21478	60
387000	39	442	961	12236	14	16	22289	111
388000	56	386	1403	11493	87	1	22074	77
389000	54	393	1477	11522	11	0	21734	3
390000	24	420	1233	11794	98	0	23641	25
391000	52	454	1367	11396	134	55	20834	210
392000	53	351	1175	11804	36	124	22868	266
393000	55	461	1340	11553	30	72	22346	116
394000	25	473	945	12185	9	76	23089	149
395000	30	473	854	12146	68	146	22924	308
396000	50	471	1078	11806	84	108	22048	234
397000	40	454	1266	11677	13	107	22182	84
398000	46	377	1299	11737	6	89	22024	169
399000	47	421	1199	11745	1	111	21960	111
400000	34	450	1124	11861	5	154	21889	111
401000	48	376	1332	11392	71	279	20876	663
402000	48	375	1100	11771	33	295	21262	513
403000	42	409	992	11728	77	456	22086	902
404000	34	396	1248	11482	23	422	21501	752
405000	42	434	1052	11547	60	499	21289	1080
406000	66	395	1305	11365	17	355	21109	613
407000	38	436	1257	11374	37	405	20838	563
408000	39	431	1130	11532	13	488	22047	713
409000	37	429	1132	11664	19	274	22133	421
410000	38	386	1390	11003	22	635	20923	1124
411000	44	407	1587	10847	123	344	21174	631
412000	61	400	1815	10708	71	208	21566	426
413000	62	404	1471	11151	22	308	21987	473
414000	34	411	1315	11444	13	263	22852	611
415000	46	369	1456	11395	6	205	21520	426
416000	66	420	1832	10697	9	161	20192	365
417000	50	414	1551	11171	1	128	22320	279
418000	28	408	1414	11516	4	47	21980	192
419000	68	454	1567	11183	99	0	22111	55
420000	74	413	1525	11288	42	1	21370	105
421000	50	382	1404	11625	14	1	22917	13
422000	45	395	1317	11755	2	2	22500	40
423000	78	399	1615	11164	47	2	21667	143
424000	83	463	1628	11089	31	16	22152	101
425000	52	462	1568	11222	41	35	21211	100
426000	40	427	1602	11098	30	119	21169	236
427000	61	430	1792	10720	31	112	20824	254
428000	76	361	1858	10761	3	176	21513	249
429000	45	413	1467	11415	0	113	20716	299
430000	74	405	1494	11329	2	75	20470	167
431000	90	332	1802	10850	0	100	22247	41
432000	43	421	1134	11814	29	183	21792	385
433000	54	410	1214	11578	76	200	22379	435
434000	36	346	1127	11591	130	384	22160	1252
435000	43	422	1045	11345	275	543	21303	1248
436000	57	379	1581	10057	450	855	19706	2069
437000	69	414	1538	10418	409	535	19820	1804
438000	43	376	1764	10295	159	542	20584	1356
439000	67	416	1959	10325	38	280	20698	466
440000	66	372	2061	10405	63	96	20817	230
441000	59	409	1642	11113	2	63	21418	80
442000	84	374	1997	10581	0	50	20900	115
443000	68	413	2025	10495	89	21	20760	95
444000	93	364	1966	10505	104	88	21683	276
445000	54	381	1654	10967	28	267	20759	590
446000	87	374	2137	10156	6	222	20173	434
447000	58	393	1451	11285	72	206	20919	440
448000	56	414	1263	11410	168	196	22109	851
449000	47	418	1041	11793	101	196	22262	436
450000	36	448	1054	11752	44	281	22899	648
451000	30	420	952	12113	6	177	21348	392
452000	14	352	1034	12114	3	128	22610	314
453000	28	416	915	12122	13	246	21362	335
454000	35	415	843	12294	1	173	22135	295
455000	32	442	1007	12011	3	130	21768	276
456000	31	422	980	12081	38	102	21414	290
457000	71	441	1485	11281	48	108	21288	166
458000	46	460	1456	11257	51	146	21465	321
459000	71	317	1498	11482	19	8	22588	35
460000	69	353	1542	11302	3	104	21343	202
461000	53	399	1348	11701	0	22	21804	53
462000	70	368	1356	11488	0	222	21350	429
463000	55	392	1605	11130	4	180	21617	322
464000	41	418	1408	11451	0	80	22464	126
465000	43	410	1034	12121	0	70	22163	107
466000	23	420	944	12315	0	15	22040	61
467000	33	391	1085	12017	117	0	22663	154
468000	74	381	1359	11589	127	0	21266	79
469000	64	398	1819	10521	317	51	21146	549
470000	48	447	1389	11327	112	132	21008	335
471000	70	364	1334	11325	81	243	22674	560
472000	62	351	1615	10900	106	259	21766	611
473000	49	360	1528	11030	66	353	21965	736
474000	85	385	2077	9672	310	472	20472	1480
475000	68	381	1926	9962	264	504	20727	1308
476000	78	358	1941	10363	124	261	19863	572
477000	74	377	1745	10660	143	241	20416	615
478000	55	393	1476	11373	46	75	22124	276
479000	40	455	1397	11470	1	146	21771	175
480000	58	445	1516	11275	1	114	20883	400
481000	80	375	2002	10621	0	52	21908	153
482000	54	381	1501	11423	46	0	21853	57
483000	43	433	1511	11289	28	66	21356	99
484000	48	434	1555	11200	1	88	21281	214
485000	38	434	1281	11667	6	93	22427	78
486000	64	404	1566	11274	87	4	21675	172
487000	64	368	1960	10744	45	11	21689	108
488000	43	422	1202	11806	75	6	22125	188
489000	33	442	1157	11892	38	43	22264	141
490000	66	435	1711	10975	2	101	21717	128
491000	53	491	1511	11259	0	53	21422	12
492000	70	417	1581	11289	0	42	20859	32
493000	44	395	1695	11118	0	51	22223	160
494000	88	481	1589	11023	121	22	21292	129
495000	84	403	1498	11303	0	71	21926	135
496000	46	390	1320	11628	1	121	22698	204
497000	50	429	1323	11567	3	126	21603	200
498000	75	345	1820	10700	33	156	21238	282
499000	80	403	1864	10613	1	121	20800	224
500000	84	327	2437	9720	4	174	21087	202
501000	68	429	1772	10635	30	309	21520	571
502000	87	428	1498	10805	192	380	20701	877
503000	70	401	1425	10998	113	424	21154	1127
504000	66	323	1715	10485	78	606	21032	911
505000	69	455	1876	10408	37	322	20454	813
506000	81	389	1517	10987	23	377	22559	722
507000	39	329	1646	10868	11	468	21785	885
508000	87	372	2223	9806	8	514	19931	932
509000	54	340	1708	10421	50	705	21327	1234
510000	59	444	1129	11556	126	335	20357	459
511000	52	354	1130	11442	88	523	21750	1043
512000	32	377	1053	11551	58	563	21301	1268
513000	26	420	1206	11474	29	448	21911	798
514000	49	342	1333	11554	14	264	22267	461
515000	65	364	1725	10851	15	246	21700	470
516000	42	391	1153	11739	79	223	21304	475
517000	64	396	1423	11106	104	319	21561	690
518000	101	303	2019	10172	62	437	21169	711
519000	116	331	2646	9090	132	339	20354	1069
520000	140	259	3447	7993	68	137	19585	387
521000	93	405	2635	9551	5	30	20227	73
522000	38	477	1572	11218	15	64	21869	191
523000	40	448	1383	11549	1	61	21653	99
524000	44	422	1654	11169	0	43	20446	27
525000	82	398	1454	11460	0	63	22116	89
526000	78	385	1660	11132	0	62	22192	161
527000	33	451	1444	11473	0	47	21013	72
528000	35	449	1385	11364	2	211	21881	361
529000	38	377	1202	11593	22	324	21625	715
530000	25	446	907	12077	0	283	21733	432
531000	32	465	964	11916	2	296	22276	484
532000	54	440	1317	11413	20	222	22195	472
533000	34	409	1407	11302	137	207	21948	561
534000	31	467	1082	11812	4	221	22023	352
535000	69	419	1415	11473	1	51	21676	138
536000	50	394	1352	11579	1	141	21749	370
537000	42	411	1294	11690	107	0	21031	0
538000	71	382	1162	11861	63	64	21946	114
539000	23	427	972	12228	0	74	21813	124
540000	33	409	1195	11922	0	0	22138	2
541000	32	397	1187	11859	59	11	21874	232
542000	42	393	1293	11677	40	6	22855	54
543000	43	390	1318	11670	66	0	22141	88
544000	40	398	1205	11888	39	1	22694	77
545000	42	396	1512	11345	74	1	21911	78
546000	75	472	1436	11263	106	37	21597	176
547000	32	344	1615	11092	55	164	21705	367
548000	65	426	1691	10908	21	182	21559	291
549000	46	353	1572	10963	52	393	21230	408
550000	43	441	1266	11492	20	284	21956	571
551000	55	486	1320	11188	35	317	21478	428
552000	52	405	1161	11485	80	371	22373	696
553000	56	422	1353	11123	68	431	21120	912
554000	53	331	1590	10870	143	296	22410	809
555000	70	481	1856	10531	98	172	20709	494
556000	74	449	1778	10610	115	160	21404	569
557000	94	303	1957	10630	133	35	22581	296
558000	82	458	1878	10594	98	64	20508	390
559000	65	373	2161	10086	95	165	20946	366
560000	63	324	1726	11026	38	27	21929	130
561000	52	383	1731	11131	50	8	20714	211
562000	60	352	1966	10570	104	107	21582	304
563000	58	455	1586	11044	2	214	21529	245
564000	71	408	1308	11573	22	182	20411	294
565000	29	339	1190	11800	18	165	22578	385
566000	32	451	897	11949	37	370	22624	627
567000	33	444	953	11953	6	371	21682	430
568000	49	433	1158	11324	42	555	21820	1046
569000	50	469	1021	11456	227	460	20808	1042
570000	27	403	1107	11247	241	608	20944	1346
571000	55	405	1354	10685	423	596	20162	1691
572000	40	357	1577	10451	184	754	20334	1595
573000	39	362	1422	10943	95	655	20809	1139
574000	61	484	1405	10858	51	587	20422	1035
575000	40	387	1631	10544	111	579	20315	1207
576000	48	442	1428	10896	195	386	21323	1376
577000	55	396	1606	10917	99	243	20858	702
578000	58	455	1410	11231	88	177	21064	570
579000	41	399	1021	12041	1	246	22027	356
580000	45	352	1234	11609	23	283	22057	485
581000	47	388	1177	11791	44	195	23109	302
582000	51	363	1736	11007	49	61	21449	221
583000	54	365	1437	11368	0	166	21891	263
584000	37	405	1089	11876	30	215	21470	666
585000	31	407	1207	11773	7	109	22397	139
586000	47	372	1525	11275	50	90	22560	310
587000	66	388	1485	11398	10	33	21085	77
588000	16	410	1353	11715	4	1	23373	6
589000	65	496	1360	11422	138	22	21091	309
590000	38	457	1348	11536	89	30	20887	270
591000	41	411	1297	11721	22	37	22965	85
592000	57	331	1364	11668	0	7	22106	0
593000	52	362	1546	11366	0	25	22549	81
594000	19	438	930	12350	0	0	22256	1
595000	32	403	1011	12106	128	13	22676	260
596000	37	392	1073	11895	129	119	21429	564
597000	52	369	1653	10524	394	241	20708	958
598000	59	396	2002	10141	247	252	21179	757
599000	49	402	1630	10461	216	571	20944	1283
600000	116	323	1781	9924	473	614	20310	2046
601000	72	391	2040	9607	145	693	19704	1498
602000	48	399	1816	10345	172	431	21097	1240
603000	74	360	1798	10305	159	490	20384	926
604000	59	385	1815	10204	283	388	20492	1133
605000	84	383	1572	10529	490	333	19987	1389
606000	81	341	1816	10116	404	414	20953	1470
607000	66	419	2252	9226	484	484	19480	1671
608000	64	392	1699	10340	139	671	20223	1622
609000	88	358	1737	10518	117	423	20393	1200
610000	79	385	1624	10714	153	327	21086	928
611000	45	411	1151	11546	117	322	21328	726
612000	39	391	1181	11484	101	381	21427	968
613000	30	407	1197	11556	88	298	21530	626
614000	31	402	1141	11549	13	423	20849	794
615000	36	403	928	12065	89	205	22392	468
616000	41	477	1031	11828	87	162	22201	559
617000	74	464	1049	11736	47	259	21524	422
618000	52	415	1009	11754	73	317	21875	610
619000	44	444	961	11795	102	381	21048	776
620000	16	426	626	12321	34	481	22428	982
621000	33	470	760	12137	83	350	22799	733
622000	35	413	1047	11705	83	376	21504	600
623000	43	462	1429	11387	41	123	20873	426
624000	36	433	1316	11584	1	138	22323	196
625000	70	423	1525	11144	0	255	22127	486
626000	43	417	1089	11840	46	156	22323	345
627000	35	399	951	11804	15	506	21883	791
628000	63	434	1093	11706	20	300	21222	451
629000	70	414	1656	10965	65	179	21543	419
630000	69	412	1399	11373	2	172	20709	259
631000	37	380	1243	11685	23	193	21678	385
632000	30	362	1160	11933	0	119	22452	191
633000	34	431	971	12210	3	39	22157	145
634000	15	414	754	12633	0	11	22777	16
635000	46	390	1136	12006	55	22	21949	134
636000	40	417	786	12398	7	183	23005	298
637000	31	387	931	12326	1	71	22353	83
638000	26	430	930	12272	9	31	22066	82
639000	41	449	1122	11945	3	34	22628	123
640000	70	333	1096	11923	14	143	21575	264
641000	47	382	1075	11919	0	194	21790	457
642000	46	431	1055	12017	0	120	22415	176
643000	54	426	889	12251	2	86	21047	144
644000	34	364	1174	11994	0	44	21628	35
645000	49	409	1351	11669	10	14	20942	46
646000	30	449	1139	12012	2	6	22662	5
647000	42	449	1375	11448	117	10	22475	323
648000	37	458	1074	11884	73	78	22098	393
649000	57	432	1505	11329	23	25	21173	69
650000	51	406	1420	11479	0	56	22498	73
651000	61	382	2001	10590	0	30	21898	5
652000	87	327	2084	10433	90	5	20824	232
653000	50	367	1830	10866	87	16	21486	248
654000	64	339	1378	11553	3	63	22164	172
655000	51	430	1566	11283	0	89	21070	89
656000	35	439	1374	11578	23	61	21947	98
657000	31	433	1148	11934	49	11	23399	59
658000	29	458	1057	12039	37	30	22101	103
659000	33	401	1224	11878	0	47	22255	79
660000	39	409	1330	11579	142	0	21429	157
661000	44	429	1377	11519	51	39	22583	211
662000	20	400	1429	11570	0	24	23125	47
663000	73	399	1575	11201	39	24	21374	168
664000	53	463	1560	11216	30	18	21680	124
665000	45	378	1419	11577	11	0	21964	9
666000	44	440	1297	11709	26	12	21946	65
667000	46	397	1314	11574	112	67	21708	204
668000	39	409	1106	11846	39	205	21964	456
669000	65	387	1385	11324	38	257	21872	662
670000	52	414	1364	11220	60	323	22534	817
671000	70	427	1402	11230	75	304	21461	675
672000	54	435	1661	10750	44	317	21576	644
673000	38	371	1939	10437	102	268	20542	675
674000	50	356	1922	10558	7	224	21143	359
675000	65	379	1357	11219	44	378	22058	844
676000	82	374	1588	10926	46	314	21709	645
677000	54	399	1408	11228	0	363	20979	702
678000	47	385	1260	11631	20	231	21644	726
679000	60	420	1467	11138	21	245	21363	605
680000	75	507	1574	11034	93	122	20426	391
681000	82	337	1765	10899	71	107	21155	385
682000	47	376	1984	10141	225	263	19957	1034
683000	40	396	1688	10872	42	286	21955	630
684000	63	383	1552	11142	5	243	21587	390
685000	68	342	1873	10630	37	287	21070	476
686000	62	338	1595	10951	16	371	21515	541
687000	34	418	1650	10899	24	358	20728	670
688000	46	391	1687	10654	27	511	20839	888
689000	49	386	1755	10747	47	257	20618	616
690000	72	405	1347	11576	0	86	21175	141
691000	38	405	1585	11181	0	105	22157	246
692000	58	390	1771	11003	8	26	21201	113
693000	29	403	1536	11327	38	41	20975	116
694000	72	379	1618	11201	8	59	22549	234
695000	39	380	1867	10844	0	3	22231	9
696000	62	437	1686	11093	40	0	21510	58
697000	33	416	1395	11457	82	70	21697	111
698000	63	327	1596	11229	10	77	21757	149
699000	44	363	1131	12051	3	7	22860	42
700000	36	409	1220	11830	65	25	22016	155
701000	37	355	1362	11689	50	17	20877	167
702000	52	462	1388	11578	15	2	21177	23
703000	61	527	1212	11749	24	6	22057	83
704000	61	424	1189	11810	47	7	22719	137
705000	49	411	1233	11766	100	31	23083	318
706000	43	459	1018	11998	85	26	22031	168
707000	29	369	1476	11534	21	28	21963	45
708000	35	438	1381	11573	32	16	21784	84
709000	32	464	1361	11603	0	19	22755	41
710000	81	417	1592	11207	0	8	21673	37
711000	60	411	1479	11235	172	28	22290	286
712000	32	454	1476	11337	79	34	21662	282
713000	87	379	1586	11159	64	4	22636	165
714000	42	360	1555	11279	124	19	21915	228
715000	70	404	1840	10773	54	3	22370	180
716000	61	390	1547	11232	167	5	20944	129
717000	88	374	2256	10025	47	102	20452	251
718000	113	429	2138	10199	1	115	20511	213
719000	70	498	1572	10932	0	298	20060	390
720000	42	414	1248	11477	4	335	21839	651
721000	34	391	1119	11762	17	302	21958	657
722000	73	375	1298	11359	136	220	21521	700
723000	57	372	1323	11465	24	240	20641	376
724000	50	430	1505	11150	19	223	20722	459
725000	66	364	1346	11297	26	382	21072	673
726000	32	417	1108	11742	39	277	21685	686
727000	34	428	1366	11495	15	137	21650	361
728000	28	433	1243	11613	17	284	22255	540
729000	44	391	1214	11793	11	139	21920	314
730000	49	439	859	12392	0	18	22402	3
731000	39	385	1091	11959	171	4	22839	349
732000	42	453	1243	11751	54	6	22026	83
733000	49	401	1233	11777	68	12	23199	131
734000	52	358	1429	11489	91	43	21571	191
735000	57	386	1695	10915	172	96	21176	466
736000	58	416	1710	10754	91	237	20858	655
737000	53	417	1153	11600	62	303	22498	650
738000	54	412	1424	11276	58	232	22139	652
739000	40	399	1171	11664	39	233	23204	419
740000	43	386	1231	11672	145	41	22793	267
741000	74	377	1882	10688	76	96	21499	211
742000	72	380	1778	10804	20	147	21416	310
743000	51	405	1261	11737	30	61	22679	98
744000	35	341	1202	12005	0	15	21705	29
745000	63	381	1146	11881	57	23	21198	175
746000	35	423	1006	11951	178	70	22603	585
747000	52	381	1316	11528	171	40	22126	302
748000	92	365	1912	10394	315	89	21289	544
749000	81	424	1640	10888	147	52	21433	318
750000	38	418	1340	11601	50	53	22104	131
751000	76	401	1598	11090	43	81	22605	234
752000	55	432	1350	11335	132	136	20873	454
753000	37	401	1055	12021	43	109	21814	231
754000	36	360	1266	11673	61	137	23195	372
755000	83	416	1182	11547	118	152	21434	455
756000	71	413	1682	10777	121	186	21755	475
757000	79	363	2004	10253	133	233	21191	649
758000	70	407	1586	10934	69	275	20833	625
759000	70	396	1613	10840	9	344	20615	530
760000	54	366	1901	10383	25	484	20946	710
761000	57	381	1723	10964	2	155	21152	237
762000	60	359	1396	11410	3	201	22556	365
763000	59	410	1368	11465	1	109	20943	228
764000	66	428	1662	10912	18	190	21555	270
765000	49	383	1420	11338	9	222	21336	436
766000	103	386	1823	10533	41	315	21181	538
767000	89	292	2073	10084	285	189	20435	650
768000	98	444	2055	9561	594	320	19605	1441
769000	68	389	1742	9922	552	582	20091	1854
770000	62	409	1594	10105	344	861	20822	1677
771000	57	404	1493	10225	369	855	20677	2112
772000	60	380	1578	10097	357	887	20339	2138
773000	41	431	1228	10609	262	1004	20322	2529
774000	49	400	1166	10706	307	947	20782	1966
775000	62	371	1344	10857	173	621	20017	1483
776000	58	396	1553	10472	93	778	20368	1443
777000	62	364	1297	11134	92	616	20206	1149
778000	55	388	1334	11070	61	578	21299	1101
779000	38	441	1156	11663	10	327	22478	556
780000	50	358	1752	10738	25	343	21575	606
781000	50	345	1528	11217	38	213	20823	388
782000	57	398	1292	11437	57	296	21485	668
783000	30	437	1196	11583	24	344	21274	596
784000	52	394	1210	11414	30	439	21489	768
785000	45	382	1128	11574	68	400	22045	873
786000	42	411	1069	11459	86	518	20697	1005
787000	47	372	1365	11490	69	139	22663	399
788000	32	378	1589	11109	79	154	22493	441
789000	54	401	1343	11594	24	81	20755	210
790000	65	414	1246	11363	76	346	21970	555
791000	38	375	1293	11277	32	534	21741	814
792000	47	358	1454	11011	183	363	21196	794
793000	59	358	1381	11078	87	459	20996	1068
794000	46	406	1220	11365	94	392	21628	899
795000	63	405	1488	10526	134	773	20333	1580
796000	49	451	1385	10973	42	584	20677	948
797000	50	369	1157	11328	19	607	22564	1071
798000	51	497	1392	11077	12	408	20606	743
799000	82	386	1649	10371	107	639	20962	1266
800000	76	345	1512	10726	208	453	20428	1237
801000	84	475	1978	10130	114	307	19700	644
802000	103	406	1904	10335	152	262	21126	808
803000	69	426	1527	11153	54	146	21911	271
804000	74	446	1457	11311	70	60	19974	399
805000	50	417	1537	11419	0	5	21962	10
806000	36	412	1566	11232	24	85	21306	178
807000	65	447	1529	11311	0	24	22419	96
808000	38	435	1200	11910	78	0	22277	149
809000	41	390	1080	11960	117	41	22289	222
810000	33	405	1118	11823	79	190	22132	350
811000	56	404	1323	11296	181	278	21707	486
812000	60	364	1570	10919	84	317	21226	554
813000	55	386	1496	11114	121	149	21078	500
814000	68	351	1597	11175	136	56	22226	330
815000	53	408	1502	10921	178	322	21575	842
816000	40	470	1202	11635	46	149	22348	280
817000	27	420	998	11989	45	155	22377	333
818000	30	374	1188	11628	64	275	21639	625
819000	59	421	1346	11209	114	329	21503	942
820000	41	470	1284	11497	25	277	20200	450
821000	50	384	1392	11279	47	330	21014	425
822000	61	400	1736	10133	190	685	21194	1467
823000	56	380	1612	10363	52	879	19808	1168
824000	52	396	1645	10225	176	776	20283	1663
825000	85	339	1783	9541	152	1310	19388	2205
826000	54	398	1434	10344	207	999	19697	2148
827000	62	392	1508	10421	32	949	20372	1640
828000	42	382	1314	10833	40	902	20325	1992
829000	48	423	1094	10506	91	1475	19077	2672
830000	36	488	1052	10814	212	1071	19576	2327
831000	27	399	1202	11142	130	618	20016	1262
832000	37	405	1153	11136	51	789	21553	1245
833000	39	419	1081	11139	50	909	21463	1684
834000	37	387	1150	10896	126	1002	20674	1744
835000	55	357	1287	10643	157	991	19889	1815
836000	68	402	1377	10210	112	1301	19493	2429
837000	39	478	1099	10322	189	1463	19122	3181
838000	41	389	1326	10053	289	1372	18567	2769
839000	62	477	1311	10147	132	1387	18736	2697
840000	26	437	1118	10183	339	1508	19543	2970
841000	46	383	1402	9945	319	1332	19386	2661
842000	32	436	1163	10882	185	930	19907	1953
843000	80	373	1344	10521	166	1041	19908	2248
844000	65	372	1809	10056	183	680	20902	1833
845000	55	348	1495	10179	314	1020	19489	2569
846000	65	366	1169	10377	294	1278	20317	2444
847000	59	429	1181	10272	180	1423	19513	2916
848000	13	411	952	10606	189	1559	19583	2790
849000	53	434	1193	10224	328	1345	18586	2829
850000	78	459	1463	9741	393	1315	18065	2973
851000	64	451	1114	9888	389	1669	18142	3907
852000	58	348	1435	9698	384	1534	18159	3146
853000	37	416	1381	9677	169	1803	18365	3021
854000	79	468	1278	9564	230	1889	18034	3623
855000	44	404	958	9163	296	2754	17760	5165
856000	51	404	1344	8906	258	2535	16311	4776
857000	65	402	1381	8359	499	2695	17086	4951
858000	63	423	1465	8867	440	2158	16041	4809
859000	105	315	1872	8100	722	2065	16256	5166
860000	58	427	1471	8801	463	2143	17960	4465
861000	46	402	1255	9383	353	2118	17098	3834
862000	68	340	1446	9250	537	1750	17652	3479
863000	80	337	1536	8521	607	2295	15836	4816
864000	69	395	1495	8666	629	2122	17793	5061
865000	44	395	1134	9269	508	2256	16984	4115
866000	70	454	1087	9445	542	2034	17161	4516
867000	63	369	1381	9033	584	1977	17475	4433
868000	83	355	1602	9014	584	1652	17421	4254
869000	84	308	1638	9342	734	1232	18246	2876
870000	67	388	1447	9401	802	1282	18490	3554
871000	79	387	1568	9107	834	1424	17854	3865
872000	79	382	1339	9877	621	1174	19346	2855
873000	86	391	1654	9314	481	1332	18875	3162
874000	68	389	1583	9714	610	968	18950	3001
875000	85	334	1506	9742	707	959	19349	2917
876000	56	376	1374	9662	609	1385	18929	3539
877000	81	450	1497	9326	323	1687	17979	3486
878000	38	469	1318	10022	262	1361	19838	2696
879000	76	390	1437	10399	188	896	19301	2124
880000	56	403	1381	10752	149	697	20850	1466
881000	62	358	1729	10637	52	425	21005	842
882000	55	358	1278	11339	66	460	21994	916
883000	49	405	1300	11362	12	422	21745	819
884000	60	341	1359	11313	38	405	22019	863
885000	39	404	1192	11716	17	239	20534	369
886000	53	389	1370	11330	29	305	20888	528
887000	84	410	1630	10597	109	427	21247	692
888000	65	408	1676	10830	35	292	20596	572
889000	60	368	1640	10811	128	252	21536	569
890000	97	330	2082	9778	270	509	20321	1297
891000	70	309	2115	9594	353	556	20136	1458
892000	101	436	2076	9644	424	405	19675	1334
893000	69	376	2013	9660	278	672	19476	1739
894000	101	325	1816	9875	62	980	19962	1540
895000	94	377	2149	9053	105	1123	19839	1970
896000	69	393	1770	10271	145	575	20238	1468
897000	55	383	1899	10423	147	289	19656	883
898000	58	362	1629	10706	344	265	20709	931
899000	53	361	1370	11354	81	252	21868	564
900000	79	423	1532	11003	135	186	21374	531
901000	83	337	1625	10890	118	262	21566	514
902000	91	353	2020	9751	439	414	19647	1310
903000	92	339	1800	9933	472	528	19975	1695
904000	83	304	1650	9320	868	1069	18342	2885
905000	57	428	1582	9601	600	1044	18562	2732
906000	64	450	1479	10212	297	903	18618	2014
907000	64	409	1441	10133	347	964	20277	2571
908000	44	421	1627	9958	405	933	19843	2431
909000	54	415	1303	10344	380	1002	20561	2344
910000	61	408	1631	9765	336	1108	19431	2915
911000	59	355	1974	9602	149	878	19887	2024
912000	82	386	1521	9857	198	1383	19540	2676
913000	97	438	1679	9827	378	872	19157	1901
914000	78	319	1646	10183	160	947	20422	1786
915000	67	404	1545	10201	182	965	20666	1588
916000	65	419	1467	10527	151	747	19946	1548
917000	53	360	1502	10793	28	641	21082	1122
918000	44	434	1376	11056	50	531	20829	986
919000	33	423	1450	10874	59	615	20899	1423
920000	67	365	1530	10821	25	640	20758	1343
921000	100	402	1967	10197	75	362	20412	592
922000	62	402	1706	10736	66	321	20437	623
923000	65	421	1585	10923	98	222	20565	597
924000	57	378	1451	11189	80	284	20886	578
925000	80	451	1539	11057	17	175	21866	253
926000	45	398	1110	11892	7	149	20965	264
927000	44	427	1091	11913	39	89	22262	271
928000	36	325	1154	11957	67	101	23221	282
929000	43	396	1067	12040	45	56	22198	113
930000	21	471	1152	11852	5	123	21875	172
931000	42	421	1489	11485	0	11	21164	42
932000	43	358	1414	11577	44	7	21975	24
933000	47	422	1143	11921	57	23	22548	88
934000	50	424	1169	11891	72	5	21620	104
935000	77	458	1226	11692	61	15	21779	98
936000	46	392	1475	11357	79	76	21521	151
937000	57	386	1775	10846	42	110	21811	293
938000	47	420	1528	11140	64	108	21414	376
939000	97	359	1740	10848	52	146	22101	346
940000	61	421	1355	11240	121	253	20932	611
941000	33	529	1042	11757	14	277	20552	475
942000	44	395	1364	11408	0	237	21524	533
943000	52	398	1208	11741	16	137	21057	356
944000	39	407	1316	11612	13	107	22520	178
945000	38	369	1087	11915	21	207	21078	270
946000	36	379	1244	11748	1	208	20787	234
947000	39	439	1122	11814	17	167	22189	352
948000	58	305	1500	11151	27	343	22062	493
949000	34	389	1337	11386	39	367	22483	701
950000	64	421	1220	11150	85	585	21166	1191
951000	41	400	1153	11378	32	600	19849	992
952000	59	384	1448	10866	60	641	20561	1212
953000	61	385	1357	10898	79	673	20440	1247
954000	44	388	1335	11220	84	410	21056	960
955000	28	356	1409	11179	49	418	20790	775
956000	64	430	1228	11321	30	480	21695	947
957000	42	434	1177	11498	53	417	19808	725
958000	30	415	1547	11164	9	215	22254	360
959000	48	352	1793	10964	1	89	21605	210
960000	52	419	1435	11432	0	70	22312	93
961000	22	400	1281	11778	5	59	21810	91
962000	40	375	1049	12003	32	150	22338	187
963000	57	397	1081	11856	22	186	21946	398
964000	41	444	1347	11502	7	229	21723	326
965000	92	385	1477	11126	30	257	21051	519
966000	52	412	1412	11101	60	416	21124	965
967000	73	411	1556	10508	236	539	20453	1368
968000	90	414	1747	9910	397	609	20032	1741
969000	59	377	1803	10035	248	670	20945	1904
970000	110	422	1624	9551	428	1180	18220	2709
971000	92	398	2117	8680	604	1168	18551	2949
972000	53	316	2203	8736	555	1109	18348	2868
973000	87	368	1934	8740	649	1331	17987	3395
974000	106	388	2335	8252	346	1419	18190	3230
975000	120	326	2444	7522	525	1847	17371	3853
976000	115	389	2844	7035	655	1442	16915	3668
977000	153	279	2643	7543	1082	888	17282	3584
978000	88	313	2251	8741	600	887	19098	2443
979000	130	393	2442	8700	241	827	18912	1782
980000	57	357	1654	9781	355	1031	19285	2421
981000	29	465	1375	10330	207	1061	20679	2066
982000	84	407	1641	10284	113	773	20395	1486
983000	51	329	1799	10151	83	830	20765	1504
984000	116	333	2413	9279	120	552	19865	1021
985000	121	377	2986	8213	238	465	19853	1438
986000	113	383	2462	8828	347	619	18900	1602
987000	61	439	1619	9881	378	907	19119	2054
988000	63	456	1542	9925	226	1137	19316	1996
989000	59	349	1966	9298	304	1141	19593	2596
990000	61	348	1790	8678	638	1669	17708	3608
991000	64	374	1619	8554	581	2031	16421	4983
992000	66	347	1249	9243	500	2107	17917	4165
993000	67	382	1097	9498	559	1992	18855	4629
994000	72	412	1109	9768	592	1677	19092	3679
995000	78	385	1178	9899	691	1330	18815	3677
996000	89	403	1675	8928	559	1653	18790	3715
997000	87	438	1514	9465	741	1158	19363	3195
998000	75	461	1339	9664	743	1231	18586	3127
999000	72	374	1761	8706	698	1537	18098	4049
