0	0	0	0	14400	0	0	0	0
1000	20	280	760	12636	96	27	36102	405
2000	15	239	1119	12240	22	13	37241	41
3000	40	270	1532	11528	10	1	37499	77
4000	32	213	1974	10850	92	20	35815	152
5000	38	258	2567	9767	69	25	34484	163
6000	81	180	2980	9139	99	10	32892	297
7000	56	183	2998	8974	138	101	33066	573
8000	56	163	3186	8332	18	562	31161	1428
9000	93	195	2811	9027	106	357	32913	1538
10000	60	203	3470	8124	267	30	31740	789
11000	97	151	3979	7383	108	27	31116	309
12000	113	149	4249	6983	15	12	30910	90
13000	61	215	3583	8135	30	3	32448	96
14000	85	156	3986	7356	103	0	31573	328
15000	88	190	3913	7582	0	0	31873	4
16000	141	109	4827	5889	0	0	29978	36
17000	135	196	4515	6035	284	71	30260	674
18000	109	213	4194	6812	107	124	30280	680
19000	140	151	4248	6705	156	181	30068	1003
20000	166	96	5489	4482	114	0	27617	446
21000	167	149	5154	5096	0	0	27816	7
22000	169	141	5757	3701	232	109	27403	656
23000	151	119	5916	3430	33	129	25570	604
24000	192	120	5884	3054	220	212	23766	1302
25000	107	96	6228	2670	16	148	23735	541
26000	153	106	6415	2174	0	0	22685	1
27000	174	34	6565	1557	38	0	23033	46
28000	194	27	6683	1096	287	0	21271	263
29000	191	5	6742	665	601	0	20266	1625
30000	198	8	6699	261	1008	0	19425	3023
31000	237	0	6864	0	447	0	19203	1431
32000	458	0	6504	0	767	0	17986	1400
33000	240	0	6801	0	333	0	17599	1382
34000	233	0	6527	0	41	0	18121	166
35000	257	0	6645	0	694	0	18420	1965
36000	298	0	6590	0	1160	0	18082	3162
37000	252	0	6717	0	1057	0	17859	3181
38000	203	0	6545	0	1491	0	18482	4651
39000	346	0	5953	0	3221	0	16567	7656
40000	223	0	6039	0	3004	0	17556	7330
41000	318	0	6110	0	2782	0	16597	7281
42000	311	0	6013	0	3145	0	16031	8730
43000	204	0	6257	0	2765	0	17443	8436
44000	301	0	6480	0	1752	0	18196	5716
45000	285	0	6230	0	2730	0	17941	6271
46000	476	0	6127	0	2197	0	15964	7110
47000	219	0	6766	0	343	0	18218	1969
48000	384	0	6653	0	802	0	18569	1833
49000	294	0	6766	0	293	0	18974	1013
50000	435	0	6651	0	109	0	18569	488
51000	198	0	6818	0	0	0	18171	0
52000	269	0	6917	0	0	0	18495	0
53000	259	0	6660	0	0	0	18507	0
54000	194	0	6877	0	0	0	18537	0
55000	388	0	6598	0	0	0	18754	0
56000	244	0	6726	0	0	0	19474	0
57000	191	0	6738	0	0	0	18993	0
58000	313	0	6717	0	0	0	18132	0
59000	259	0	6811	0	0	0	18997	0
60000	298	0	6770	0	0	0	18936	0
61000	232	0	6737	0	0	0	19896	0
62000	328	0	6709	0	0	0	19325	0
63000	259	0	6674	0	0	0	18479	0
64000	257	0	6791	0	0	0	18823	0
65000	229	0	6888	0	0	0	19369	0
66000	183	0	6910	0	0	0	18142	0
67000	204	0	6772	0	0	0	19964	0
68000	450	0	6649	0	0	0	19055	0
69000	270	0	6886	0	0	0	18642	0
70000	167	0	6925	0	0	0	18133	0
71000	324	0	6627	0	0	0	19475	0
72000	258	0	6804	0	0	0	18664	0
73000	290	0	6737	0	0	0	18754	0
74000	208	0	6793	0	0	0	18857	0
75000	333	0	6537	0	0	0	18614	0
76000	239	0	6800	0	0	0	18016	0
77000	179	0	6820	0	0	0	18248	0
78000	203	0	6850	0	0	0	17362	0
79000	339	0	6737	0	0	0	19215	0
80000	321	0	6629	0	0	0	19313	0
81000	147	0	6856	0	0	0	20160	0
82000	267	0	6621	0	0	0	18533	0
83000	332	0	6661	0	0	0	18591	0
84000	269	0	6761	0	0	0	18755	0
85000	388	0	6688	0	0	0	17831	0
86000	207	0	6868	0	0	0	19432	0
87000	223	0	6813	0	0	0	18536	0
88000	299	0	6767	0	0	0	18139	0
89000	320	0	6647	0	0	0	18822	0
90000	386	0	6586	0	0	0	19003	0
91000	325	0	6681	0	0	0	18777	0
92000	178	0	6872	0	0	0	19214	0
93000	203	0	6846	0	0	0	18287	0
94000	166	0	6834	0	0	0	18485	0
95000	283	0	6628	0	0	0	18353	0
96000	293	0	6821	0	0	0	18742	0
97000	332	0	6561	0	0	0	18418	0
98000	223	0	6718	0	0	0	18265	0
99000	268	0	6862	0	0	0	18683	0
100000	210	0	6736	0	0	0	19291	0
101000	256	0	6789	0	0	0	18818	0
102000	295	0	6858	0	0	0	18304	0
103000	270	0	6680	0	0	0	18203	0
104000	236	0	6735	0	0	0	18700	0
105000	294	0	6704	0	0	0	18200	0
106000	183	0	7007	0	0	0	19249	0
107000	270	0	7022	0	0	0	18256	0
108000	281	0	6852	0	0	0	19282	0
109000	188	0	6837	0	0	0	18698	0
110000	174	0	6827	0	0	0	18406	0
111000	284	0	6715	0	0	0	18225	0
112000	405	0	6718	0	0	0	18400	0
113000	329	0	6696	0	0	0	19093	0
114000	256	0	6835	0	0	0	18239	0
115000	394	0	6515	0	0	0	18874	0
116000	295	0	6688	0	0	0	19150	0
117000	371	0	6570	0	0	0	19175	0
118000	460	0	6616	0	0	0	19028	0
119000	224	0	6727	0	0	0	18381	0
120000	433	0	6606	0	0	0	18340	0
121000	167	0	6853	0	0	0	19164	0
122000	252	0	6743	0	0	0	19384	0
123000	303	0	6795	0	0	0	18706	0
124000	222	0	6814	0	0	0	18769	0
125000	233	0	6882	0	0	0	17831	0
126000	345	0	6587	0	0	0	19675	0
127000	211	0	6893	0	0	0	19316	0
128000	316	0	6704	0	0	0	18597	0
129000	340	0	6637	0	0	0	17712	0
130000	240	0	6689	0	0	0	18772	0
131000	274	0	6589	0	0	0	19069	0
132000	181	0	6904	0	0	0	19130	0
133000	264	0	6586	0	0	0	18749	0
134000	394	0	6569	0	0	0	18565	0
135000	239	0	6977	0	0	0	19284	0
136000	256	0	6861	0	0	0	18548	0
137000	170	0	6951	0	0	0	18548	0
138000	266	0	6774	0	0	0	18273	0
139000	249	0	6794	0	0	0	18670	0
140000	211	0	6822	0	0	0	18703	0
141000	241	0	6819	0	0	0	18843	0
142000	306	0	6654	0	0	0	18824	0
143000	301	0	6704	0	0	0	18629	0
144000	351	0	6777	0	0	0	19202	0
145000	297	0	6791	0	0	0	18174	0
146000	416	0	6526	0	0	0	18039	0
147000	391	0	6569	0	0	0	18573	0
148000	260	0	6641	0	0	0	19071	0
149000	269	0	6646	0	0	0	19104	0
150000	366	0	6594	0	0	0	19285	0
151000	193	0	6834	0	0	0	18490	0
152000	340	0	6619	0	0	0	17781	0
153000	231	0	6781	0	0	0	19305	0
154000	385	0	6646	0	0	0	17987	0
155000	273	0	6759	0	0	0	18260	0
156000	256	0	6649	0	0	0	18979	0
157000	315	0	6866	0	0	0	18653	0
158000	295	0	6650	0	0	0	19368	0
159000	364	0	6656	0	0	0	18889	0
160000	287	0	6925	0	0	0	19142	0
161000	287	0	6641	0	0	0	19079	0
162000	243	0	6692	0	0	0	18122	0
163000	223	0	6765	0	0	0	18834	0
164000	232	0	6777	0	0	0	17930	0
165000	243	0	6713	0	0	0	18321	0
166000	255	0	6769	0	0	0	18573	0
167000	228	0	6611	0	0	0	19661	0
168000	269	0	6592	0	0	0	19372	0
169000	310	0	6741	0	0	0	18977	0
170000	329	0	6713	0	0	0	20084	0
171000	293	0	6542	0	0	0	18336	0
172000	265	0	6747	0	0	0	18596	0
173000	162	0	6934	0	0	0	19678	0
174000	229	0	6831	0	0	0	19218	0
175000	313	0	6805	0	0	0	18273	0
176000	268	0	6726	0	0	0	18663	0
177000	183	0	6851	0	0	0	19574	0
178000	341	0	6763	0	0	0	18774	0
179000	221	0	6780	0	0	0	19446	0
180000	342	0	6667	0	0	0	19728	0
181000	269	0	6639	0	0	0	18955	0
182000	282	0	6662	0	0	0	18738	0
183000	274	0	6671	0	0	0	19205	0
184000	223	0	6737	0	0	0	17958	0
185000	265	0	6734	0	0	0	18341	0
186000	325	0	6663	0	0	0	18910	0
187000	219	0	6839	0	0	0	18295	0
188000	276	0	6755	0	0	0	17732	0
189000	298	0	6784	0	0	0	19584	0
190000	295	0	6837	0	0	0	18791	0
191000	394	0	6604	0	0	0	18847	0
192000	462	0	6517	0	0	0	18881	0
193000	235	0	6856	0	0	0	18356	0
194000	320	0	6667	0	0	0	19711	0
195000	350	0	6585	0	0	0	18636	0
196000	183	0	6853	0	0	0	19006	0
197000	218	0	6909	0	0	0	18429	0
198000	291	0	6774	0	0	0	17823	0
199000	376	0	6704	0	0	0	18333	0
200000	300	0	6648	0	0	0	19529	0
201000	260	0	6648	0	0	0	19017	0
202000	214	0	6745	0	0	0	17894	0
203000	376	0	6761	0	0	0	18143	0
204000	193	0	6743	0	0	0	18899	0
205000	268	0	6731	0	0	0	18838	0
206000	314	0	6622	0	0	0	18294	0
207000	367	0	6623	0	0	0	18714	0
208000	210	0	6891	0	0	0	18932	0
209000	233	0	6747	0	0	0	18944	0
210000	320	0	6659	0	0	0	18277	0
211000	325	0	6577	0	0	0	19155	0
212000	231	0	6753	0	0	0	18645	0
213000	256	0	6740	0	0	0	19775	0
214000	292	0	6859	0	0	0	18776	0
215000	353	0	6704	0	0	0	18116	0
216000	177	0	7011	0	0	0	19196	0
217000	278	0	6799	0	0	0	18602	0
218000	283	0	6665	0	0	0	18258	0
219000	381	0	6620	0	0	0	18381	0
220000	225	0	6768	0	0	0	18995	0
221000	326	0	6598	0	0	0	18868	0
222000	296	0	6760	0	0	0	19024	0
223000	295	0	6840	0	0	0	19016	0
224000	339	0	6593	0	0	0	18296	0
225000	205	0	6793	0	0	0	19087	0
226000	342	0	6679	0	0	0	18367	0
227000	282	0	6792	0	0	0	19522	0
228000	246	0	6752	0	0	0	18700	0
229000	436	0	6597	0	0	0	19208	0
230000	201	0	6974	0	0	0	19358	0
231000	252	0	6720	0	0	0	18912	0
232000	261	0	6738	0	0	0	19568	0
233000	280	0	6676	0	0	0	18599	0
234000	277	0	6620	0	0	0	18229	0
235000	213	0	6702	0	0	0	18920	0
236000	262	0	6780	0	0	0	18465	0
237000	336	0	6735	0	0	0	18397	0
238000	282	0	6633	0	0	0	19305	0
239000	258	0	6780	0	0	0	18126	0
240000	375	0	6620	0	0	0	18659	0
241000	263	0	6809	0	0	0	17520	0
242000	237	0	6711	0	0	0	19038	0
243000	441	0	6497	0	0	0	17350	0
244000	306	0	6685	0	0	0	18859	0
245000	390	0	6641	0	0	0	18154	0
246000	294	0	6723	0	0	0	18593	0
247000	267	0	6587	0	0	0	19300	0
248000	137	0	7053	0	0	0	18603	0
249000	281	0	6810	0	0	0	18581	0
250000	272	0	6746	0	0	0	17878	0
251000	152	0	6974	0	0	0	19174	0
252000	255	0	6538	0	0	0	19493	0
253000	374	0	6659	0	0	0	19184	0
254000	320	0	6788	0	0	0	19285	0
255000	281	0	6862	0	0	0	19061	0
256000	276	0	6811	0	0	0	19126	0
257000	241	0	6777	0	0	0	18762	0
258000	329	0	6648	0	0	0	18575	0
259000	151	0	7045	0	0	0	19852	0
260000	140	0	6912	0	0	0	19097	0
261000	243	0	6645	0	0	0	19039	0
262000	336	0	6697	0	0	0	18909	0
263000	390	0	6565	0	0	0	17678	0
264000	175	0	6922	0	0	0	19064	0
265000	239	0	6748	0	0	0	19046	0
266000	231	0	6718	0	0	0	19530	0
267000	177	0	6874	0	0	0	18558	0
268000	269	0	6780	0	0	0	18241	0
269000	257	0	6873	0	0	0	19064	0
270000	344	0	6608	0	0	0	17526	0
271000	303	0	6691	0	0	0	18320	0
272000	343	0	6642	0	0	0	20151	0
273000	393	0	6615	0	0	0	17484	0
274000	343	0	6800	0	0	0	19195	0
275000	257	0	6627	0	0	0	18423	0
276000	281	0	6714	0	0	0	18717	0
277000	381	0	6682	0	0	0	18122	0
278000	368	0	6687	0	0	0	18593	0
279000	164	0	6752	0	0	0	18336	0
280000	306	0	6703	0	0	0	18863	0
281000	186	0	6762	0	0	0	19071	0
282000	345	0	6663	0	0	0	18985	0
283000	221	0	6691	0	0	0	18372	0
284000	318	0	6761	0	0	0	18308	0
285000	287	0	6706	0	0	0	18809	0
286000	215	0	6921	0	0	0	19631	0
287000	240	0	6752	0	0	0	18588	0
288000	300	0	6684	0	0	0	17142	0
289000	371	0	6801	0	0	0	17316	0
290000	329	0	6773	0	0	0	18144	0
291000	327	0	6785	0	0	0	17776	0
292000	252	0	6835	0	0	0	17978	0
293000	360	0	6696	0	0	0	18738	0
294000	425	0	6540	0	0	0	19099	0
295000	311	0	6716	0	0	0	17787	0
296000	348	0	6765	0	0	0	18674	0
297000	286	0	6752	0	0	0	18304	0
298000	247	0	6698	0	0	0	18311	0
299000	186	0	6706	0	0	0	18311	0
300000	407	0	6680	0	0	0	19091	0
301000	248	0	6659	0	0	0	18452	0
302000	284	0	6732	0	0	0	18659	0
303000	282	0	6655	0	0	0	17838	0
304000	236	0	6887	0	0	0	19347	0
305000	353	0	6766	0	0	0	17916	0
306000	275	0	6733	0	0	0	18880	0
307000	356	0	6696	0	0	0	18909	0
308000	180	0	6751	0	0	0	19426	0
309000	200	0	6764	0	0	0	18812	0
310000	241	0	6755	0	0	0	19015	0
311000	356	0	6707	0	0	0	18687	0
312000	383	0	6618	0	0	0	18723	0
313000	332	0	6764	0	0	0	18141	0
314000	346	0	6588	0	0	0	18703	0
315000	197	0	6779	0	0	0	18044	0
316000	298	0	6870	0	0	0	18765	0
317000	280	0	6869	0	0	0	19201	0
318000	217	0	6769	0	0	0	17929	0
319000	403	0	6633	0	0	0	18211	0
320000	271	0	6713	0	0	0	18321	0
321000	378	0	6603	0	0	0	19219	0
322000	279	0	6747	0	0	0	18978	0
323000	367	0	6692	0	0	0	18543	0
324000	312	0	6733	0	0	0	18585	0
325000	352	0	6599	0	0	0	18174	0
326000	395	0	6700	0	0	0	18953	0
327000	384	0	6716	0	0	0	18531	0
328000	369	0	6718	0	0	0	18925	0
329000	133	0	6735	0	0	0	19989	0
330000	333	0	6608	0	0	0	18413	0
331000	325	0	6635	0	0	0	19765	0
332000	225	0	6870	0	0	0	19029	0
333000	208	0	6802	0	0	0	18613	0
334000	323	0	6659	0	0	0	18606	0
335000	425	0	6609	0	0	0	18067	0
336000	364	0	6689	0	0	0	17536	0
337000	362	0	6613	0	0	0	18789	0
338000	209	0	6906	0	0	0	18797	0
339000	321	0	6845	0	0	0	18766	0
340000	111	0	6968	0	0	0	19632	0
341000	300	0	6683	0	0	0	18692	0
342000	378	0	6618	0	0	0	18262	0
343000	274	0	6890	0	0	0	18283	0
344000	215	0	6776	0	0	0	19636	0
345000	367	0	6715	0	0	0	18180	0
346000	250	0	6667	0	0	0	18859	0
347000	307	0	6642	0	0	0	18888	0
348000	253	0	6955	0	0	0	17626	0
349000	383	0	6554	0	0	0	17892	0
350000	239	0	6759	0	0	0	18930	0
351000	388	0	6691	0	0	0	18672	0
352000	233	0	6906	0	0	0	19067	0
353000	360	0	6624	0	0	0	18108	0
354000	268	0	6726	0	0	0	19427	0
355000	220	0	6727	0	0	0	18086	0
356000	291	0	6867	0	0	0	19347	0
357000	259	0	6829	0	0	0	19431	0
358000	194	0	6880	0	0	0	18865	0
359000	324	0	6601	0	0	0	18900	0
360000	235	0	6755	0	0	0	19123	0
361000	227	0	6764	0	0	0	18787	0
362000	289	0	6826	0	0	0	19257	0
363000	247	0	6761	0	0	0	18633	0
364000	315	0	6712	0	0	0	18888	0
365000	307	0	6816	0	0	0	19200	0
366000	221	0	6739	0	0	0	18492	0
367000	172	0	6696	0	0	0	18132	0
368000	251	0	6787	0	0	0	18813	0
369000	225	0	6658	0	0	0	18265	0
370000	347	0	6762	0	0	0	18244	0
371000	276	0	6599	0	0	0	18297	0
372000	198	0	6695	0	0	0	18643	0
373000	303	0	6601	0	0	0	18809	0
374000	306	0	6819	0	0	0	18421	0
375000	311	0	6715	0	0	0	18232	0
376000	208	0	6738	0	0	0	18581	0
377000	405	0	6625	0	0	0	18999	0
378000	303	0	6805	0	0	0	18611	0
379000	241	0	6738	0	0	0	20410	0
380000	322	0	6699	0	0	0	19006	0
381000	228	0	6765	0	0	0	18763	0
382000	258	0	6793	0	0	0	18756	0
383000	255	0	6781	0	0	0	18578	0
384000	475	0	6470	0	0	0	17422	0
385000	360	0	6725	0	0	0	19139	0
386000	361	0	6623	0	0	0	17962	0
387000	411	0	6588	0	0	0	18145	0
388000	347	0	6562	0	0	0	18726	0
389000	317	0	6871	0	0	0	17857	0
390000	246	0	6608	0	0	0	19422	0
391000	171	0	6827	0	0	0	18758	0
392000	294	0	6631	0	0	0	18652	0
393000	264	0	6824	0	0	0	19555	0
394000	297	0	6797	0	0	0	18019	0
395000	165	0	6732	0	0	0	18970	0
396000	238	0	6982	0	0	0	18711	0
397000	228	0	6884	0	0	0	18917	0
398000	382	0	6690	0	0	0	19265	0
399000	298	0	6705	0	0	0	19710	0
400000	500	0	6459	0	0	0	18687	0
401000	316	0	6644	0	0	0	19099	0
402000	410	0	6539	0	0	0	17406	0
403000	223	0	6695	0	0	0	19220	0
404000	316	0	6750	0	0	0	18733	0
405000	357	0	6624	0	0	0	18681	0
406000	258	0	6704	0	0	0	17963	0
407000	225	0	6873	0	0	0	19510	0
408000	271	0	6768	0	0	0	18194	0
409000	207	0	6939	0	0	0	19389	0
410000	233	0	6800	0	0	0	18402	0
411000	361	0	6588	0	0	0	17810	0
412000	257	0	6650	0	0	0	18260	0
413000	227	0	6795	0	0	0	19136	0
414000	299	0	6716	0	0	0	17844	0
415000	142	0	6683	0	0	0	18888	0
416000	301	0	6762	0	0	0	17969	0
417000	285	0	6647	0	0	0	19658	0
418000	292	0	6650	0	0	0	19495	0
419000	361	0	6683	0	0	0	18800	0
420000	196	0	6719	0	0	0	18379	0
421000	152	0	6874	0	0	0	18950	0
422000	296	0	6798	0	0	0	19642	0
423000	378	0	6627	0	0	0	18065	0
424000	352	0	6790	0	0	0	18475	0
425000	362	0	6599	0	0	0	18005	0
426000	345	0	6764	0	0	0	18409	0
427000	165	0	6855	0	0	0	18472	0
428000	234	0	6754	0	0	0	18750	0
429000	399	0	6683	0	0	0	18072	0
430000	222	0	6832	0	0	0	20077	0
431000	205	0	6769	0	0	0	18492	0
432000	330	0	6699	0	0	0	18846	0
433000	377	0	6720	0	0	0	18239	0
434000	223	0	6791	0	0	0	19395	0
435000	171	0	6912	0	0	0	19152	0
436000	301	0	6740	0	0	0	18737	0
437000	253	0	6825	0	0	0	19457	0
438000	253	0	6786	0	0	0	18964	0
439000	271	0	6596	0	0	0	19480	0
440000	326	0	6769	0	0	0	18959	0
441000	275	0	6642	0	0	0	19205	0
442000	189	0	6780	0	0	0	19191	0
443000	291	0	6810	0	0	0	18373	0
444000	279	0	6753	0	0	0	18063	0
445000	198	0	6835	0	0	0	19013	0
446000	316	0	6647	0	0	0	18249	0
447000	321	0	6748	0	0	0	18807	0
448000	259	0	6732	0	0	0	18804	0
449000	372	0	6540	0	0	0	18149	0
450000	250	0	6861	0	0	0	17960	0
451000	258	0	6752	0	0	0	19123	0
452000	270	0	6714	0	0	0	17896	0
453000	304	0	6634	0	0	0	19245	0
454000	242	0	6792	0	0	0	18044	0
455000	249	0	6691	0	0	0	19146	0
456000	290	0	6679	0	0	0	19274	0
457000	351	0	6694	0	0	0	18171	0
458000	250	0	6808	0	0	0	19185	0
459000	259	0	6725	0	0	0	19361	0
460000	249	0	6816	0	0	0	18780	0
461000	323	0	6664	0	0	0	18418	0
462000	267	0	6560	0	0	0	18571	0
463000	251	0	6880	0	0	0	18859	0
464000	253	0	6775	0	0	0	18780	0
465000	352	0	6679	0	0	0	18696	0
466000	247	0	6818	0	0	0	18167	0
467000	298	0	6819	0	0	0	18694	0
468000	303	0	6702	0	0	0	18541	0
469000	204	0	6665	0	0	0	19337	0
470000	259	0	6840	0	0	0	19157	0
471000	244	0	6910	0	0	0	18474	0
472000	199	0	6850	0	0	0	18368	0
473000	260	0	6824	0	0	0	18749	0
474000	254	0	6743	0	0	0	18884	0
475000	310	0	6794	0	0	0	18409	0
476000	172	0	6907	0	0	0	19617	0
477000	322	0	6765	0	0	0	18404	0
478000	319	0	6929	0	0	0	19014	0
479000	264	0	6820	0	0	0	18203	0
480000	290	0	6733	0	0	0	18841	0
481000	228	0	6855	0	0	0	18213	0
482000	178	0	6756	0	0	0	18384	0
483000	450	0	6541	0	0	0	18761	0
484000	246	0	6748	0	0	0	19460	0
485000	236	0	6703	0	0	0	18754	0
486000	226	0	6796	0	0	0	18499	0
487000	411	0	6500	0	0	0	17849	0
488000	226	0	6756	0	0	0	19487	0
489000	320	0	6748	0	0	0	18222	0
490000	242	0	6780	0	0	0	19295	0
491000	393	0	6650	0	0	0	19145	0
492000	195	0	6836	0	0	0	19818	0
493000	469	0	6665	0	0	0	19303	0
494000	260	0	6606	0	0	0	17803	0
495000	243	0	6810	0	0	0	18579	0
496000	336	0	6679	0	0	0	18493	0
497000	284	0	6786	0	0	0	18094	0
498000	196	0	6846	0	0	0	18767	0
499000	171	0	6922	0	0	0	18157	0
500000	421	0	6661	0	0	0	18714	0
501000	230	0	6834	0	0	0	19068	0
502000	399	0	6650	0	0	0	18153	0
503000	263	0	6797	0	0	0	18648	0
504000	248	0	6676	0	0	0	18995	0
505000	367	0	6744	0	0	0	18886	0
506000	241	0	6694	0	0	0	19542	0
507000	228	0	6677	0	0	0	18557	0
508000	216	0	6814	0	0	0	18940	0
509000	281	0	6831	0	0	0	18569	0
510000	251	0	6817	0	0	0	17946	0
511000	278	0	6790	0	0	0	18484	0
512000	206	0	6676	0	0	0	19113	0
513000	259	0	6637	0	0	0	17512	0
514000	408	0	6615	0	0	0	17882	0
515000	319	0	6774	0	0	0	18602	0
516000	239	0	6817	0	0	0	19023	0
517000	323	0	6608	0	0	0	18641	0
518000	246	0	6738	0	0	0	19283	0
519000	207	0	6680	0	0	0	17949	0
520000	236	0	6724	0	0	0	19331	0
521000	438	0	6627	0	0	0	18272	0
522000	550	0	6546	0	0	0	17089	0
523000	300	0	6697	0	0	0	18805	0
524000	350	0	6719	0	0	0	17914	0
525000	281	0	6772	0	0	0	18407	0
526000	226	0	6762	0	0	0	18757	0
527000	197	0	6862	0	0	0	17952	0
528000	283	0	6758	0	0	0	18767	0
529000	289	0	6754	0	0	0	19370	0
530000	250	0	6867	0	0	0	18587	0
531000	366	0	6684	0	0	0	18983	0
532000	277	0	6694	0	0	0	17938	0
533000	234	0	6861	0	0	0	19821	0
534000	298	0	6699	0	0	0	18733	0
535000	304	0	6730	0	0	0	17842	0
536000	384	0	6605	0	0	0	17895	0
537000	200	0	6729	0	0	0	18049	0
538000	218	0	6792	0	0	0	18508	0
539000	314	0	6663	0	0	0	19059	0
540000	399	0	6670	0	0	0	18336	0
541000	323	0	6786	0	0	0	19214	0
542000	264	0	6665	0	0	0	19293	0
543000	127	0	6811	0	0	0	19171	0
544000	385	0	6598	0	0	0	18780	0
545000	248	0	6808	0	0	0	19019	0
546000	222	0	6733	0	0	0	18350	0
547000	210	0	6857	0	0	0	19465	0
548000	123	0	6915	0	0	0	17828	0
549000	166	0	6880	0	0	0	19778	0
550000	227	0	6798	0	0	0	18303	0
551000	278	0	6672	0	0	0	19663	0
552000	200	0	6899	0	0	0	18449	0
553000	196	0	6845	0	0	0	18715	0
554000	452	0	6654	0	0	0	18100	0
555000	435	0	6487	0	0	0	18286	0
556000	275	0	6767	0	0	0	19007	0
557000	176	0	6940	0	0	0	18254	0
558000	395	0	6684	0	0	0	17875	0
559000	429	0	6620	0	0	0	17858	0
560000	339	0	6810	0	0	0	18170	0
561000	403	0	6711	0	0	0	17181	0
562000	269	0	6877	0	0	0	18030	0
563000	154	0	6838	0	0	0	18674	0
564000	342	0	6648	0	0	0	18837	0
565000	411	0	6707	0	0	0	18115	0
566000	322	0	6633	0	0	0	17613	0
567000	344	0	6667	0	0	0	19970	0
568000	349	0	6696	0	0	0	18230	0
569000	319	0	6653	0	0	0	17839	0
570000	293	0	6753	0	0	0	18503	0
571000	457	0	6515	0	0	0	18583	0
572000	182	0	6830	0	0	0	18490	0
573000	173	0	6859	0	0	0	19440	0
574000	241	0	6775	0	0	0	18907	0
575000	200	0	6893	0	0	0	18383	0
576000	282	0	6668	0	0	0	18530	0
577000	216	0	6704	0	0	0	17535	0
578000	277	0	6763	0	0	0	17567	0
579000	370	0	6645	0	0	0	19557	0
580000	175	0	6842	0	0	0	18618	0
581000	246	0	6663	0	0	0	18759	0
582000	215	0	6723	0	0	0	18648	0
583000	220	0	6721	0	0	0	18033	0
584000	354	0	6759	0	0	0	17385	0
585000	281	0	6701	0	0	0	18237	0
586000	224	0	6803	0	0	0	19238	0
587000	224	0	6855	0	0	0	18846	0
588000	247	0	6682	0	0	0	18862	0
589000	306	0	6821	0	0	0	18610	0
590000	318	0	6733	0	0	0	18135	0
591000	365	0	6726	0	0	0	18966	0
592000	337	0	6443	0	0	0	19199	0
593000	379	0	6664	0	0	0	18934	0
594000	224	0	6895	0	0	0	19694	0
595000	175	0	6804	0	0	0	18114	0
596000	346	0	6637	0	0	0	19063	0
597000	263	0	6830	0	0	0	18930	0
598000	375	0	6644	0	0	0	19108	0
599000	260	0	6849	0	0	0	19092	0
600000	230	0	6767	0	0	0	18745	0
601000	269	0	6857	0	0	0	18529	0
602000	279	0	6754	0	0	0	18010	0
603000	293	0	6767	0	0	0	18719	0
604000	321	0	6685	0	0	0	19331	0
605000	432	0	6401	0	0	0	19043	0
606000	199	0	6802	0	0	0	19281	0
607000	257	0	6926	0	0	0	18754	0
608000	360	0	6750	0	0	0	19328	0
609000	218	0	6793	0	0	0	19152	0
610000	298	0	6751	0	0	0	18905	0
611000	288	0	6776	0	0	0	18683	0
612000	197	0	6930	0	0	0	18879	0
613000	274	0	6788	0	0	0	19401	0
614000	354	0	6750	0	0	0	18615	0
615000	245	0	6788	0	0	0	19358	0
616000	360	0	6630	0	0	0	19128	0
617000	345	0	6675	0	0	0	19985	0
618000	281	0	6694	0	0	0	18987	0
619000	310	0	6577	0	0	0	18877	0
620000	308	0	6676	0	0	0	18721	0
621000	307	0	6727	0	0	0	19369	0
622000	379	0	6737	0	0	0	19185	0
623000	324	0	6696	0	0	0	18877	0
624000	220	0	6857	0	0	0	18874	0
625000	284	0	6710	0	0	0	18790	0
626000	274	0	6614	0	0	0	18652	0
627000	379	0	6695	0	0	0	17577	0
628000	267	0	6647	0	0	0	19874	0
629000	459	0	6559	0	0	0	17901	0
630000	305	0	6705	0	0	0	18098	0
631000	298	0	6740	0	0	0	18657	0
632000	181	0	6774	0	0	0	19097	0
633000	308	0	6763	0	0	0	18768	0
634000	289	0	6744	0	0	0	18664	0
635000	318	0	6540	0	0	0	18955	0
636000	308	0	6704	0	0	0	17764	0
637000	251	0	6741	0	0	0	18469	0
638000	377	0	6622	0	0	0	18665	0
639000	273	0	6737	0	0	0	19520	0
640000	251	0	6888	0	0	0	19241	0
641000	387	0	6558	0	0	0	17834	0
642000	185	0	6892	0	0	0	18810	0
643000	317	0	6888	0	0	0	17618	0
644000	468	0	6404	0	0	0	18547	0
645000	213	0	6741	0	0	0	18660	0
646000	235	0	6678	0	0	0	18574	0
647000	345	0	6833	0	0	0	18359	0
648000	213	0	6659	0	0	0	19375	0
649000	295	0	6749	0	0	0	18588	0
650000	248	0	6807	0	0	0	18830	0
651000	278	0	6716	0	0	0	19037	0
652000	199	0	6791	0	0	0	18847	0
653000	196	0	6768	0	0	0	18759	0
654000	196	0	6714	0	0	0	19975	0
655000	152	0	6838	0	0	0	18888	0
656000	215	0	6885	0	0	0	18654	0
657000	328	0	6720	0	0	0	17558	0
658000	322	0	6683	0	0	0	18420	0
659000	432	0	6608	0	0	0	18417	0
660000	182	0	6959	0	0	0	20792	0
661000	253	0	6652	0	0	0	19286	0
662000	287	0	6682	0	0	0	18709	0
663000	287	0	6830	0	0	0	18614	0
664000	384	0	6690	0	0	0	19081	0
665000	351	0	6745	0	0	0	19271	0
666000	266	0	6815	0	0	0	18675	0
667000	310	0	6733	0	0	0	18368	0
668000	334	0	6646	0	0	0	18523	0
669000	372	0	6731	0	0	0	18594	0
670000	220	0	6799	0	0	0	19727	0
671000	307	0	6600	0	0	0	18851	0
672000	162	0	6994	0	0	0	19865	0
673000	243	0	6815	0	0	0	17849	0
674000	124	0	6942	0	0	0	19477	0
675000	175	0	6865	0	0	0	18953	0
676000	326	0	6713	0	0	0	19039	0
677000	346	0	6707	0	0	0	19440	0
678000	207	0	6734	0	0	0	19113	0
679000	383	0	6614	0	0	0	18396	0
680000	353	0	6647	0	0	0	18548	0
681000	306	0	6532	0	0	0	18498	0
682000	285	0	6669	0	0	0	18036	0
683000	383	0	6667	0	0	0	17238	0
684000	299	0	6605	0	0	0	18892	0
685000	243	0	6686	0	0	0	18303	0
686000	289	0	6878	0	0	0	18477	0
687000	333	0	6647	0	0	0	19312	0
688000	170	0	6906	0	0	0	19304	0
689000	208	0	6866	0	0	0	19876	0
690000	263	0	6693	0	0	0	18622	0
691000	359	0	6744	0	0	0	18804	0
692000	345	0	6795	0	0	0	18159	0
693000	246	0	6763	0	0	0	18812	0
694000	243	0	6784	0	0	0	19842	0
695000	176	0	6866	0	0	0	18824	0
696000	255	0	6924	0	0	0	18843	0
697000	245	0	6811	0	0	0	17866	0
698000	253	0	6833	0	0	0	18618	0
699000	239	0	6777	0	0	0	19523	0
700000	249	0	6649	0	0	0	19204	0
701000	248	0	6773	0	0	0	18915	0
702000	267	0	6801	0	0	0	18506	0
703000	264	0	6788	0	0	0	19286	0
704000	394	0	6572	0	0	0	18699	0
705000	315	0	6632	0	0	0	19201	0
706000	239	0	6791	0	0	0	18504	0
707000	325	0	6699	0	0	0	18622	0
708000	200	0	6898	0	0	0	18191	0
709000	327	0	6681	0	0	0	18516	0
710000	290	0	6729	0	0	0	18383	0
711000	258	0	6806	0	0	0	18572	0
712000	362	0	6794	0	0	0	18228	0
713000	281	0	6720	0	0	0	18372	0
714000	232	0	6745	0	0	0	19071	0
715000	300	0	6811	0	0	0	17787	0
716000	401	0	6719	0	0	0	17798	0
717000	244	0	6839	0	0	0	19214	0
718000	303	0	6648	0	0	0	19119	0
719000	290	0	6819	0	0	0	18616	0
720000	261	0	6791	0	0	0	18554	0
721000	216	0	6779	0	0	0	20020	0
722000	257	0	6838	0	0	0	19002	0
723000	396	0	6616	0	0	0	19946	0
724000	333	0	6721	0	0	0	18137	0
725000	269	0	6768	0	0	0	17866	0
726000	375	0	6706	0	0	0	19724	0
727000	180	0	6940	0	0	0	19554	0
728000	236	0	6880	0	0	0	18970	0
729000	269	0	6688	0	0	0	19446	0
730000	409	0	6761	0	0	0	19015	0
731000	287	0	6673	0	0	0	19065	0
732000	194	0	6805	0	0	0	17843	0
733000	274	0	6656	0	0	0	18300	0
734000	331	0	6882	0	0	0	18951	0
735000	297	0	6710	0	0	0	18450	0
736000	187	0	6764	0	0	0	18866	0
737000	322	0	6641	0	0	0	18468	0
738000	249	0	6926	0	0	0	18234	0
739000	212	0	6872	0	0	0	18638	0
740000	220	0	6725	0	0	0	19165	0
741000	241	0	6754	0	0	0	18928	0
742000	307	0	6779	0	0	0	18272	0
743000	240	0	6722	0	0	0	17487	0
744000	408	0	6660	0	0	0	19348	0
745000	157	0	6988	0	0	0	19436	0
746000	299	0	6679	0	0	0	18072	0
747000	229	0	6895	0	0	0	18620	0
748000	349	0	6699	0	0	0	17533	0
749000	143	0	6731	0	0	0	19373	0
750000	236	0	6744	0	0	0	19111	0
751000	318	0	6670	0	0	0	18590	0
752000	450	0	6731	0	0	0	17575	0
753000	233	0	6866	0	0	0	18556	0
754000	193	0	6887	0	0	0	19091	0
755000	320	0	6687	0	0	0	17836	0
756000	177	0	6856	0	0	0	18475	0
757000	297	0	6864	0	0	0	19347	0
758000	311	0	6736	0	0	0	19227	0
759000	301	0	6670	0	0	0	18740	0
760000	324	0	6690	0	0	0	18492	0
761000	440	0	6599	0	0	0	19695	0
762000	354	0	6521	0	0	0	19352	0
763000	197	0	6707	0	0	0	19517	0
764000	260	0	6824	0	0	0	18352	0
765000	289	0	6718	0	0	0	18221	0
766000	212	0	6805	0	0	0	18619	0
767000	322	0	6734	0	0	0	18851	0
768000	249	0	6581	0	0	0	18532	0
769000	171	0	6940	0	0	0	19103	0
770000	285	0	6672	0	0	0	18821	0
771000	211	0	6794	0	0	0	18491	0
772000	240	0	6659	0	0	0	19214	0
773000	200	0	6773	0	0	0	19381	0
774000	260	0	6701	0	0	0	19924	0
775000	192	0	6918	0	0	0	19228	0
776000	310	0	6756	0	0	0	18434	0
777000	314	0	6733	0	0	0	19174	0
778000	308	0	6703	0	0	0	19338	0
779000	284	0	6684	0	0	0	18868	0
780000	154	0	6869	0	0	0	19261	0
781000	180	0	6924	0	0	0	19002	0
782000	197	0	6945	0	0	0	19424	0
783000	422	0	6614	0	0	0	19042	0
784000	208	0	6893	0	0	0	19551	0
785000	232	0	6818	0	0	0	19344	0
786000	393	0	6613	0	0	0	19394	0
787000	443	0	6712	0	0	0	18347	0
788000	271	0	6703	0	0	0	17976	0
789000	181	0	6867	0	0	0	19843	0
790000	244	0	6891	0	0	0	18877	0
791000	195	0	6888	0	0	0	18776	0
792000	257	0	6745	0	0	0	18761	0
793000	453	0	6586	0	0	0	18355	0
794000	336	0	6670	0	0	0	18262	0
795000	469	0	6569	0	0	0	17800	0
796000	332	0	6786	0	0	0	19623	0
797000	218	0	6809	0	0	0	19069	0
798000	277	0	6712	0	0	0	19964	0
799000	197	0	6788	0	0	0	18798	0
800000	222	0	6785	0	0	0	18548	0
801000	304	0	6706	0	0	0	18533	0
802000	302	0	6756	0	0	0	17709	0
803000	221	0	6730	0	0	0	18591	0
804000	160	0	6948	0	0	0	19676	0
805000	453	0	6613	0	0	0	17744	0
806000	274	0	6738	0	0	0	18161	0
807000	322	0	6608	0	0	0	18681	0
808000	271	0	6712	0	0	0	18493	0
809000	260	0	6670	0	0	0	17762	0
810000	375	0	6610	0	0	0	18713	0
811000	337	0	6743	0	0	0	19396	0
812000	276	0	6830	0	0	0	18667	0
813000	285	0	6721	0	0	0	18511	0
814000	242	0	6794	0	0	0	19675	0
815000	268	0	6696	0	0	0	18584	0
816000	327	0	6702	0	0	0	18752	0
817000	407	0	6622	0	0	0	19524	0
818000	246	0	6747	0	0	0	18148	0
819000	331	0	6644	0	0	0	18715	0
820000	258	0	6711	0	0	0	18460	0
821000	338	0	6591	0	0	0	18599	0
822000	306	0	6738	0	0	0	18562	0
823000	311	0	6603	0	0	0	18475	0
824000	319	0	6720	0	0	0	18764	0
825000	297	0	6702	0	0	0	18266	0
826000	368	0	6646	0	0	0	19209	0
827000	304	0	6676	0	0	0	18477	0
828000	425	0	6631	0	0	0	17516	0
829000	287	0	6799	0	0	0	18389	0
830000	439	0	6446	0	0	0	18459	0
831000	341	0	6734	0	0	0	17647	0
832000	267	0	6803	0	0	0	17833	0
833000	301	0	6635	0	0	0	18420	0
834000	367	0	6593	0	0	0	17975	0
835000	303	0	6671	0	0	0	18147	0
836000	189	0	6803	0	0	0	19627	0
837000	212	0	6924	0	0	0	19129	0
838000	221	0	6687	0	0	0	19094	0
839000	151	0	6808	0	0	0	18769	0
840000	213	0	6953	0	0	0	19037	0
841000	251	0	6723	0	0	0	19089	0
842000	155	0	6898	0	0	0	18033	0
843000	280	0	6797	0	0	0	19073	0
844000	356	0	6619	0	0	0	18281	0
845000	332	0	6667	0	0	0	18340	0
846000	217	0	6732	0	0	0	18321	0
847000	295	0	6707	0	0	0	18313	0
848000	365	0	6722	0	0	0	17981	0
849000	411	0	6669	0	0	0	19335	0
850000	234	0	6873	0	0	0	19009	0
851000	379	0	6622	0	0	0	18685	0
852000	295	0	6742	0	0	0	19351	0
853000	225	0	6930	0	0	0	18053	0
854000	345	0	6752	0	0	0	17405	0
855000	219	0	6824	0	0	0	19015	0
856000	248	0	6827	0	0	0	18922	0
857000	297	0	6789	0	0	0	18829	0
858000	278	0	6719	0	0	0	19686	0
859000	444	0	6478	0	0	0	18941	0
860000	247	0	6675	0	0	0	17769	0
861000	169	0	6813	0	0	0	19687	0
862000	276	0	6740	0	0	0	18972	0
863000	284	0	6799	0	0	0	19419	0
864000	226	0	6765	0	0	0	19054	0
865000	207	0	6709	0	0	0	18950	0
866000	267	0	6757	0	0	0	19070	0
867000	292	0	6636	0	0	0	19207	0
868000	265	0	6761	0	0	0	18126	0
869000	296	0	6702	0	0	0	19594	0
870000	291	0	6532	0	0	0	18149	0
871000	297	0	6676	0	0	0	18238	0
872000	222	0	6900	0	0	0	18673	0
873000	259	0	6848	0	0	0	18816	0
874000	340	0	6640	0	0	0	17629	0
875000	325	0	6776	0	0	0	18997	0
876000	242	0	6840	0	0	0	19872	0
877000	256	0	6896	0	0	0	18874	0
878000	318	0	6691	0	0	0	19125	0
879000	322	0	6706	0	0	0	19564	0
880000	152	0	6795	0	0	0	18644	0
881000	320	0	6701	0	0	0	18578	0
882000	372	0	6588	0	0	0	17699	0
883000	330	0	6678	0	0	0	18586	0
884000	336	0	6698	0	0	0	18658	0
885000	280	0	6755	0	0	0	18747	0
886000	273	0	6658	0	0	0	19119	0
887000	256	0	6778	0	0	0	19087	0
888000	300	0	6615	0	0	0	18439	0
889000	228	0	6799	0	0	0	18786	0
890000	287	0	6689	0	0	0	18894	0
891000	145	0	6887	0	0	0	19459	0
892000	229	0	6830	0	0	0	18291	0
893000	211	0	6871	0	0	0	19007	0
894000	218	0	6837	0	0	0	18887	0
895000	371	0	6508	0	0	0	19307	0
896000	209	0	6803	0	0	0	19015	0
897000	235	0	6680	0	0	0	18468	0
898000	234	0	6941	0	0	0	18058	0
899000	268	0	6733	0	0	0	18393	0
900000	294	0	6692	0	0	0	19024	0
901000	373	0	6720	0	0	0	18810	0
902000	211	0	6933	0	0	0	18842	0
903000	249	0	6702	0	0	0	18686	0
904000	324	0	6633	0	0	0	18459	0
905000	299	0	6873	0	0	0	17658	0
906000	126	0	6880	0	0	0	19258	0
907000	167	0	6674	0	0	0	19976	0
908000	180	0	6766	0	0	0	19925	0
909000	328	0	6561	0	0	0	18754	0
910000	242	0	6610	0	0	0	18956	0
911000	438	0	6423	0	0	0	18353	0
912000	305	0	6695	0	0	0	18440	0
913000	185	0	6842	0	0	0	18101	0
914000	512	0	6512	0	0	0	18453	0
915000	194	0	6867	0	0	0	18886	0
916000	290	0	6783	0	0	0	17675	0
917000	282	0	6652	0	0	0	18092	0
918000	241	0	6747	0	0	0	18270	0
919000	320	0	6554	0	0	0	17364	0
920000	250	0	6798	0	0	0	18637	0
921000	285	0	6844	0	0	0	18912	0
922000	286	0	6829	0	0	0	18702	0
923000	219	0	6720	0	0	0	18433	0
924000	160	0	6771	0	0	0	18081	0
925000	299	0	6666	0	0	0	18455	0
926000	225	0	6777	0	0	0	18321	0
927000	209	0	6807	0	0	0	18105	0
928000	343	0	6703	0	0	0	18165	0
929000	252	0	6895	0	0	0	18143	0
930000	349	0	6652	0	0	0	18986	0
931000	223	0	6709	0	0	0	18953	0
932000	295	0	6596	0	0	0	18714	0
933000	218	0	6753	0	0	0	19597	0
934000	266	0	6616	0	0	0	19607	0
935000	359	0	6696	0	0	0	17724	0
936000	276	0	6736	0	0	0	19290	0
937000	275	0	6747	0	0	0	18647	0
938000	193	0	6874	0	0	0	19260	0
939000	204	0	6864	0	0	0	18592	0
940000	264	0	6844	0	0	0	17797	0
941000	376	0	6630	0	0	0	17673	0
942000	277	0	6684	0	0	0	18481	0
943000	340	0	6643	0	0	0	18234	0
944000	304	0	6803	0	0	0	19219	0
945000	375	0	6630	0	0	0	19170	0
946000	297	0	6620	0	0	0	18353	0
947000	158	0	6806	0	0	0	19446	0
948000	197	0	6869	0	0	0	18553	0
949000	268	0	6813	0	0	0	18920	0
950000	270	0	6732	0	0	0	19235	0
951000	291	0	6665	0	0	0	19046	0
952000	376	0	6697	0	0	0	18513	0
953000	363	0	6512	0	0	0	17953	0
954000	258	0	6825	0	0	0	18456	0
955000	187	0	6814	0	0	0	19078	0
956000	309	0	6741	0	0	0	18445	0
957000	171	0	6822	0	0	0	19863	0
958000	279	0	6689	0	0	0	17954	0
959000	293	0	6784	0	0	0	18651	0
960000	263	0	6878	0	0	0	17657	0
961000	286	0	6788	0	0	0	18844	0
962000	308	0	6829	0	0	0	18929	0
963000	253	0	6590	0	0	0	17864	0
964000	222	0	6764	0	0	0	18817	0
965000	354	0	6714	0	0	0	18667	0
966000	277	0	6714	0	0	0	19305	0
967000	183	0	6802	0	0	0	18935	0
968000	384	0	6677	0	0	0	19021	0
969000	213	0	6914	0	0	0	18498	0
970000	350	0	6702	0	0	0	18890	0
971000	375	0	6640	0	0	0	17612	0
972000	270	0	6707	0	0	0	18955	0
973000	280	0	6775	0	0	0	18098	0
974000	303	0	6766	0	0	0	18867	0
975000	267	0	6867	0	0	0	18090	0
976000	294	0	6755	0	0	0	18687	0
977000	347	0	6694	0	0	0	18462	0
978000	252	0	6685	0	0	0	18978	0
979000	304	0	6661	0	0	0	17641	0
980000	399	0	6635	0	0	0	19136	0
981000	322	0	6694	0	0	0	18368	0
982000	313	0	6697	0	0	0	18474	0
983000	361	0	6612	0	0	0	18393	0
984000	261	0	6740	0	0	0	19249	0
985000	373	0	6688	0	0	0	19115	0
986000	251	0	6819	0	0	0	20244	0
987000	392	0	6676	0	0	0	19096	0
988000	258	0	6751	0	0	0	18097	0
989000	353	0	6572	0	0	0	18918	0
990000	296	0	6715	0	0	0	17603	0
991000	368	0	6650	0	0	0	17707	0
992000	390	0	6623	0	0	0	17632	0
993000	293	0	6679	0	0	0	19436	0
994000	217	0	6643	0	0	0	19224	0
995000	409	0	6705	0	0	0	17665	0
996000	346	0	6735	0	0	0	18511	0
997000	270	0	6723	0	0	0	19168	0
998000	411	0	6527	0	0	0	18610	0
999000	249	0	6827	0	0	0	18671	0
