0	0	0	0	14400	0	0	0	0
1000	23	377	474	13004	16	62	22462	109
2000	26	456	717	12643	0	27	22512	74
3000	29	403	713	12641	0	25	23590	98
4000	17	464	789	12441	68	18	23466	135
5000	29	451	1078	11931	44	73	22244	191
6000	20	410	749	12533	26	56	21942	110
7000	32	457	782	12524	20	3	22147	56
8000	33	452	837	12492	7	5	22796	5
9000	25	403	754	12604	6	0	23230	33
10000	31	489	710	12599	19	1	23219	3
11000	23	420	713	12674	0	5	22205	37
12000	23	412	712	12655	50	21	22510	140
13000	41	403	1015	12185	25	9	23436	64
14000	23	423	949	12295	0	20	21527	25
15000	36	407	753	12541	98	1	21730	124
16000	26	427	928	12229	110	47	21233	221
17000	28	437	963	12100	67	134	21888	209
18000	27	405	873	12281	44	140	21384	302
19000	31	442	794	12311	12	196	22859	282
20000	34	429	988	11959	25	247	21960	458
21000	34	389	775	12450	25	127	22283	262
22000	41	445	944	12043	7	226	21812	509
23000	21	404	768	12339	5	283	23011	531
24000	13	414	695	12627	7	110	22957	199
25000	43	378	791	12497	4	28	22909	13
26000	21	476	723	12628	0	22	22809	74
27000	38	491	758	12456	78	12	21988	181
28000	17	396	987	12259	6	46	22141	80
29000	37	424	879	12392	5	7	22561	67
30000	23	388	735	12622	5	52	22567	98
31000	18	494	767	12497	5	13	22968	157
32000	28	434	638	12671	100	0	22815	0
33000	26	419	721	12432	87	105	21882	293
34000	60	395	1039	12000	10	121	21807	253
35000	22	499	806	12360	3	116	22322	207
36000	17	428	659	12720	2	91	21748	184
37000	22	394	598	12744	7	143	23957	223
38000	10	395	592	12832	11	88	21824	73
39000	31	426	610	12684	15	140	22799	231
40000	33	435	745	12508	20	66	21168	117
41000	29	390	869	12277	35	153	22388	389
42000	29	376	1100	11958	29	184	23199	249
43000	62	385	1095	11971	40	68	22532	328
44000	32	470	963	12244	0	0	22622	1
45000	34	413	904	12238	103	17	21935	336
46000	23	400	728	12521	165	47	22502	163
47000	39	448	863	12067	125	200	21540	788
48000	31	418	706	12419	184	124	22107	892
49000	24	424	995	11947	76	239	22019	566
50000	28	378	567	12621	20	306	22194	611
51000	27	400	530	12822	3	187	23490	231
52000	20	445	773	12404	0	191	22285	277
53000	22	447	994	12109	62	55	22032	76
54000	40	464	892	12287	3	80	22435	209
55000	11	473	657	12658	0	102	21707	82
56000	17	417	633	12682	18	138	22157	282
57000	45	367	926	12038	57	251	22335	598
58000	33	439	872	12088	4	284	22637	536
59000	37	455	732	12289	10	255	21637	547
60000	33	448	666	12447	48	225	23606	449
61000	42	360	832	12348	9	171	22452	305
62000	27	416	896	12356	49	23	23581	235
63000	14	439	681	12627	18	65	22543	162
64000	23	403	774	12559	50	61	22159	197
65000	36	419	808	12374	39	73	22568	86
66000	32	446	855	12260	94	108	21595	384
67000	33	403	975	12023	40	153	21599	391
68000	62	446	1125	11857	9	152	21619	292
69000	49	431	1483	11122	62	236	20793	508
70000	49	407	1043	11837	65	216	21870	360
71000	39	422	1041	11872	14	273	22230	483
72000	18	448	896	12198	17	168	22470	429
73000	37	483	965	12121	9	141	21545	310
74000	31	357	1106	12073	55	23	22030	74
75000	28	410	867	12370	49	70	21666	257
76000	17	377	659	12750	6	65	23683	163
77000	55	472	1214	11744	21	79	21553	210
78000	44	401	967	12178	39	33	22146	166
79000	35	373	930	12287	74	27	21790	176
80000	15	418	828	12426	54	17	22833	126
81000	24	457	830	12367	42	40	22076	123
82000	11	452	786	12450	10	117	23494	118
83000	24	395	980	12097	11	178	21689	303
84000	10	426	627	12669	13	124	22632	374
85000	24	462	819	12404	19	100	22220	220
86000	40	416	826	12426	1	67	22952	112
87000	24	399	548	12914	0	22	22358	46
88000	30	391	773	12661	0	2	23306	8
89000	49	465	862	12380	29	11	22256	173
90000	17	413	742	12627	7	19	21931	44
91000	47	371	885	12322	131	10	22824	163
92000	35	463	914	11976	260	75	21774	556
93000	31	372	695	12513	256	27	21930	430
94000	22	367	905	12215	162	66	22158	453
95000	45	395	732	12495	57	114	23370	323
96000	32	406	783	12284	161	189	22086	650
97000	59	421	874	12040	130	223	21845	571
98000	23	484	927	12046	69	213	21413	471
99000	21	481	865	12227	94	105	21248	253
100000	22	446	669	12591	24	137	21745	291
101000	22	413	604	12753	1	100	22589	141
102000	16	409	599	12758	7	133	22959	227
103000	21	430	645	12662	6	109	22441	254
104000	30	409	772	12457	1	86	22850	186
105000	32	442	758	12497	2	59	23514	119
106000	28	428	908	12253	99	2	22730	169
107000	41	398	1203	11900	22	0	22450	41
108000	20	421	834	12476	20	5	23096	38
109000	28	426	867	12394	11	0	22546	5
110000	38	437	955	12150	117	0	21906	152
111000	39	393	664	12705	65	7	22579	89
112000	34	449	840	12298	28	89	22140	217
113000	17	446	797	12536	10	16	22153	87
114000	31	399	659	12720	19	49	22483	120
115000	25	444	680	12705	1	26	22428	82
116000	26	429	652	12641	122	0	21831	121
117000	20	415	749	12601	41	1	22029	76
118000	47	410	960	12136	128	7	21981	256
119000	38	383	863	12237	240	46	21333	522
120000	32	505	956	11976	145	133	21512	326
121000	24	394	816	12385	95	76	21732	201
122000	19	385	782	12456	24	104	22642	179
123000	30	398	1014	11965	49	247	22444	358
124000	39	385	995	11873	70	298	21931	596
125000	34	437	850	12054	96	236	21975	584
126000	49	413	978	12026	76	150	21540	353
127000	47	436	939	11952	166	229	22208	589
128000	18	459	765	12113	117	353	22927	721
129000	60	394	1060	11560	168	369	20517	799
130000	36	420	1099	11506	134	431	21038	933
131000	45	509	1045	11572	23	465	21573	738
132000	33	469	752	11949	72	508	21429	825
133000	13	469	602	12237	45	514	21718	905
134000	13	431	593	12445	18	411	22339	838
135000	24	409	784	12256	45	270	22158	548
136000	19	407	606	12482	39	363	23065	576
137000	39	468	611	12394	38	322	20932	572
138000	13	451	501	12561	31	429	22051	683
139000	28	433	566	12392	15	476	21572	1034
140000	17	470	604	12566	27	204	22119	503
141000	36	444	682	12419	3	255	22798	620
142000	17	477	816	12362	4	128	21449	245
143000	31	422	959	12140	3	181	22132	281
144000	34	434	938	11967	40	282	22022	636
145000	38	427	865	12262	49	125	22156	248
146000	40	350	778	12572	14	54	22624	106
147000	29	424	873	12352	56	46	22504	191
148000	61	355	1350	11633	48	20	21231	129
149000	31	383	1066	12180	5	0	22053	4
150000	28	401	850	12395	69	30	22311	158
151000	19	450	732	12636	22	2	23096	45
152000	13	438	540	12959	4	0	22794	18
153000	28	426	785	12568	1	0	23247	15
154000	28	441	785	12498	55	8	22758	148
155000	40	479	965	12130	4	37	22946	32
156000	39	505	775	12497	12	0	23299	0
157000	15	413	701	12764	5	0	23775	9
158000	12	406	887	12223	119	47	22517	176
159000	16	441	790	12550	5	23	22402	64
160000	31	331	966	12319	0	28	23311	46
161000	33	427	1052	12029	104	0	21448	56
162000	10	418	778	12578	8	14	23199	2
163000	50	418	1042	12122	17	37	22950	39
164000	21	439	877	12430	2	7	22521	9
165000	26	452	940	12283	0	1	23203	0
166000	23	404	822	12525	0	1	22335	1
167000	26	345	873	12357	80	24	24576	214
168000	30	450	714	12381	32	195	22713	448
169000	28	472	865	12328	1	62	22358	123
170000	29	409	752	12621	0	7	22031	26
171000	19	417	929	12376	10	2	23489	11
172000	26	403	877	12441	11	14	23026	113
173000	29	370	1008	12229	0	10	22640	6
174000	31	400	947	12254	67	7	22131	139
175000	22	392	832	12364	109	42	22588	177
176000	19	391	770	12382	89	155	23299	328
177000	38	408	843	12291	51	157	22511	314
178000	20	385	794	12441	96	79	24016	175
179000	32	371	749	12538	82	55	21404	216
180000	25	435	899	12363	8	35	22441	94
181000	40	411	893	12333	30	27	21981	86
182000	47	389	836	12471	0	12	22962	2
183000	33	462	878	12295	108	0	22750	0
184000	26	418	714	12641	9	16	22182	17
185000	15	430	969	12225	0	50	22166	145
186000	37	384	854	12431	5	40	23466	9
187000	14	413	767	12588	9	5	22765	1
188000	53	433	896	12268	94	6	22453	154
189000	43	337	792	12483	113	79	22325	333
190000	33	423	919	12051	167	108	22623	251
191000	53	433	878	12020	148	207	22753	573
192000	33	361	969	11905	126	314	21862	829
193000	28	390	695	12317	37	333	22062	782
194000	30	444	834	12035	73	375	21434	890
195000	18	455	931	11848	69	411	21332	762
196000	42	443	898	11639	115	589	21318	1142
197000	34	397	932	11622	96	618	20848	1161
198000	25	420	632	12034	132	655	21395	1366
199000	33	432	723	11973	31	653	22504	986
200000	29	398	633	11883	62	900	22133	1771
201000	37	410	816	11600	99	790	21229	1347
202000	23	408	963	11426	143	780	20882	1377
203000	18	430	753	11638	181	831	20182	1735
204000	26	408	772	11709	81	769	21810	1794
205000	18	425	706	11831	54	845	21182	1544
206000	24	388	765	11858	68	736	22129	1165
207000	24	471	643	11855	98	800	20819	1228
208000	25	437	719	12149	84	422	21476	868
209000	26	439	791	11718	95	676	21315	1243
210000	30	433	779	11724	180	679	21844	1439
211000	36	435	695	11936	104	618	21542	1142
212000	20	464	583	12257	66	547	21290	1022
213000	10	432	720	12015	35	629	21086	1016
214000	31	402	740	12014	68	554	21773	1108
215000	24	418	670	12165	84	501	21886	897
216000	49	432	1070	11686	35	395	21459	702
217000	27	410	898	11922	35	457	22337	847
218000	38	429	1016	11623	135	436	20903	887
219000	32	457	898	11914	161	265	21534	570
220000	26	461	833	12004	120	321	21761	751
221000	30	433	790	12118	90	363	22082	868
222000	26	460	793	12174	63	263	22050	459
223000	25	431	630	12550	54	256	22209	742
224000	24	387	882	12275	0	168	23280	236
225000	26	412	920	12170	21	164	22163	341
226000	41	407	770	12426	40	80	21970	222
227000	30	393	824	12483	22	35	22697	179
228000	41	464	1125	11880	67	39	22536	163
229000	43	378	1057	12039	22	96	23665	207
230000	26	420	736	12554	2	117	22928	279
231000	40	476	811	12330	1	124	22665	265
232000	32	461	913	12157	0	157	21891	237
233000	15	411	968	12187	3	104	23298	295
234000	28	449	883	12227	8	118	21857	147
235000	45	445	667	12729	0	0	22466	3
236000	19	359	692	12748	23	22	20764	46
237000	28	436	839	12434	3	15	23510	51
238000	28	443	888	12355	22	16	22310	57
239000	41	412	1183	11927	1	14	22191	86
240000	31	365	1012	12273	0	8	22406	35
241000	34	470	995	12109	108	8	22175	199
242000	28	400	976	12219	27	19	22563	30
243000	23	428	1084	12107	4	7	22549	31
244000	43	364	1060	12176	2	5	22880	31
245000	27	387	995	12114	128	34	21809	361
246000	25	464	912	12130	80	123	21783	451
247000	45	463	1024	12034	21	113	21157	224
248000	22	426	741	12564	0	79	21903	93
249000	23	444	739	12385	32	153	22915	408
250000	39	348	888	12175	32	254	22735	346
251000	36	454	1047	11813	18	297	21201	542
252000	43	445	946	12024	17	167	22152	297
253000	16	415	1017	12019	13	217	21858	431
254000	30	472	813	12141	44	325	21933	506
255000	29	396	750	12090	78	446	21235	836
256000	36	411	719	11954	143	561	21551	1242
257000	23	446	609	12152	73	587	21895	1081
258000	22	415	707	11846	174	727	21584	1367
259000	28	406	797	11736	98	705	22165	1415
260000	24	452	788	11636	116	753	21048	1591
261000	19	427	789	11456	172	947	21456	1966
262000	22	449	812	11637	144	724	21443	1389
263000	58	405	934	11439	218	651	20678	1368
264000	55	390	944	11569	118	634	21121	1324
265000	20	424	733	12169	129	387	21770	976
266000	33	428	831	12143	62	269	22049	563
267000	36	389	918	11924	234	187	22279	751
268000	53	410	1218	11123	188	544	20409	1117
269000	40	389	950	11709	85	500	20113	996
270000	33	403	688	12041	58	642	21200	1093
271000	34	385	807	11487	67	1029	20432	1636
272000	22	446	724	11624	61	966	20717	1889
273000	27	386	657	11794	74	936	21238	1637
274000	9	418	659	11759	23	1003	21311	1928
275000	45	461	1090	10924	129	976	20654	1886
276000	40	441	957	10933	342	1037	19971	1919
277000	29	384	745	11013	227	1425	19979	2686
278000	37	406	784	11235	207	1124	20989	2445
279000	58	470	794	11214	188	1077	19692	1883
280000	39	428	737	11080	343	1214	20853	2505
281000	73	412	855	11173	295	935	20311	2251
282000	37	479	1042	10992	85	1000	20505	1733
283000	47	394	969	10895	100	1262	20101	2001
284000	30	482	886	11100	142	1069	20870	1960
285000	28	436	889	11462	125	784	21928	1591
286000	37	425	947	11610	119	588	21322	1153
287000	10	455	661	12046	37	665	20773	1058
288000	19	447	804	11894	54	575	21642	1050
289000	24	417	848	11632	89	779	21125	1345
290000	28	465	760	11795	154	597	21507	1323
291000	25	388	646	12245	98	454	22246	1036
292000	35	431	803	11778	120	606	21247	1220
293000	29	417	868	11590	114	710	21596	1402
294000	33	427	975	11813	56	428	20771	978
295000	17	435	782	12003	67	478	21011	871
296000	21	433	607	12389	20	457	21423	702
297000	16	431	531	12537	24	363	22065	670
298000	31	498	864	11938	18	415	20939	862
299000	35	417	799	11983	38	529	21650	881
300000	21	442	854	11940	72	433	22735	763
301000	35	395	834	12001	48	448	21378	918
302000	33	376	1000	11951	34	281	23055	511
303000	38	481	897	12046	10	244	22389	333
304000	47	447	967	11847	4	371	22259	550
305000	25	416	819	12153	20	380	21612	542
306000	15	432	523	12683	42	254	22420	442
307000	22	437	629	12488	54	249	21971	478
308000	15	441	457	12613	12	418	22852	586
309000	15	394	694	12033	89	625	22637	1102
310000	19	423	571	12356	70	496	21419	986
311000	33	451	646	12028	132	560	22435	1218
312000	48	433	894	11653	116	564	22138	1002
313000	46	423	881	11271	234	911	19917	2136
314000	36	383	1252	11071	127	687	21338	1551
315000	58	418	999	11408	168	617	20305	1245
316000	19	395	953	11671	70	598	22256	1230
317000	36	441	786	12039	27	503	21823	819
318000	35	440	833	12000	27	463	21143	595
319000	16	385	855	11932	72	519	22398	1276
320000	32	382	870	12017	44	432	20631	1002
321000	31	499	767	12043	35	463	21782	735
322000	28	478	787	11842	133	539	21285	1548
323000	48	438	831	11253	162	1070	21108	2107
324000	41	384	1010	11479	152	670	20713	1364
325000	24	408	989	11769	142	381	22217	1047
326000	37	413	948	11838	115	359	21878	700
327000	37	367	903	12002	116	362	21676	987
328000	21	447	662	12296	35	352	21564	613
329000	42	403	796	12302	10	231	22259	484
330000	42	376	893	12270	13	143	22054	231
331000	29	411	1029	11963	31	213	21762	444
332000	49	472	791	12135	53	264	22324	664
333000	25	396	729	12143	131	406	21649	626
334000	32	434	681	12146	74	463	21462	807
335000	42	334	953	11484	33	842	20820	1343
336000	28	434	704	11686	58	906	21313	1698
337000	27	418	782	11485	66	978	21507	1621
338000	32	450	839	11374	103	977	19694	1546
339000	33	419	752	11692	127	797	21166	1534
340000	56	384	1018	11365	138	662	21911	1373
341000	32	489	1025	11524	54	610	20562	1184
342000	30	451	998	11565	130	489	20888	928
343000	47	436	767	11745	140	667	20548	1628
344000	15	456	663	11964	121	624	21390	1362
345000	37	401	836	11567	157	778	20912	1827
346000	32	497	855	11199	149	1040	20467	2088
347000	41	437	914	11530	138	637	20978	1491
348000	31	409	880	11644	95	684	21349	1250
349000	27	399	859	11689	153	600	22105	1278
350000	41	428	567	12208	122	567	21990	1345
351000	37	431	1103	11351	148	586	22328	1416
352000	56	442	971	11674	142	431	21157	791
353000	40	399	856	11698	106	631	21161	1291
354000	18	417	683	11988	171	567	21587	1270
355000	25	400	573	12337	52	535	20836	905
356000	33	377	800	11950	113	536	22119	1007
357000	27	403	770	11909	74	619	21388	1495
358000	29	451	931	11782	86	411	22533	795
359000	38	387	983	11803	158	335	21977	715
360000	30	397	770	12235	85	273	22709	392
361000	23	407	989	12008	106	198	20543	491
362000	44	438	877	11952	74	283	22138	560
363000	31	459	788	12039	58	435	20941	780
364000	26	415	831	11860	53	622	21605	866
365000	21	476	858	11767	59	598	20472	961
366000	30	391	716	12097	51	581	21708	1156
367000	17	419	530	12302	113	592	22255	1197
368000	16	403	725	12058	164	522	19853	1461
369000	41	414	794	11881	127	535	21379	1428
370000	28	417	807	11901	118	524	22128	1058
371000	23	412	658	11850	98	852	22513	1442
372000	33	396	715	11834	170	697	21400	1457
373000	40	385	843	11688	185	648	21788	1453
374000	29	407	882	11297	308	827	20221	1848
375000	37	435	832	11336	147	950	20016	1573
376000	25	394	588	11817	72	989	20915	2093
377000	21	379	810	11766	35	750	21822	1287
378000	29	430	645	12192	88	494	22022	962
379000	20	414	632	12113	55	595	21881	1008
380000	27	436	727	12002	57	553	22602	975
381000	32	440	866	11704	135	541	21975	1239
382000	35	416	836	11669	92	713	20862	1181
383000	39	430	698	12048	89	579	20853	1178
384000	18	440	869	11945	49	435	20988	807
385000	32	409	911	11915	58	467	20442	714
386000	38	376	963	11772	23	536	20923	1095
387000	29	406	1243	11311	40	528	21129	975
388000	38	436	947	11746	76	486	21408	928
389000	40	458	1085	11512	78	434	21428	931
390000	46	436	817	11828	131	536	21582	1106
391000	44	378	771	11871	136	623	20324	984
392000	32	410	658	11820	63	847	21623	1679
393000	30	463	665	11903	94	718	21865	1544
394000	30	393	763	11650	139	843	21713	1420
395000	29	432	777	11806	214	598	21176	1138
396000	30	381	797	11909	130	608	20528	1489
397000	25	380	799	11674	183	754	22706	1585
398000	43	382	914	11481	150	753	21137	1641
399000	31	454	771	11444	180	953	20831	1976
400000	21	470	886	11329	249	813	20255	1781
401000	45	441	956	11095	433	720	21496	1907
402000	46	363	1024	11020	283	921	20920	2028
403000	35	452	900	11349	181	809	19938	1941
404000	48	442	906	11677	139	529	21370	1174
405000	25	432	675	12255	124	319	22379	879
406000	26	457	647	12430	143	206	22505	696
407000	28	473	668	12467	59	200	22176	479
408000	36	330	799	12190	40	386	22635	749
409000	42	379	1057	11875	33	277	22125	469
410000	23	453	843	12065	22	372	22325	856
411000	28	469	748	12359	19	222	21075	469
412000	26	434	785	12225	48	270	22251	774
413000	41	374	1067	12002	27	115	21682	268
414000	25	434	920	12286	40	43	21038	221
415000	39	357	1212	11868	24	102	20993	275
416000	43	435	982	12189	0	23	22777	92
417000	35	459	839	12403	0	50	22248	125
418000	25	424	920	12323	8	43	22323	149
419000	38	402	847	12433	2	72	22998	130
420000	24	425	896	12401	1	37	22033	55
421000	54	444	755	12552	1	24	22647	50
422000	25	460	695	12659	11	0	22099	0
423000	38	371	742	12597	46	7	22302	237
424000	19	491	802	12448	70	6	22362	123
425000	46	436	779	12440	28	71	22177	218
426000	30	414	746	12608	0	51	22913	38
427000	16	417	767	12626	0	6	22834	6
428000	20	413	806	12561	0	13	23105	14
429000	20	376	701	12669	108	1	21651	120
430000	32	455	909	12217	140	33	22462	322
431000	37	452	712	12542	30	42	22784	102
432000	25	431	643	12750	13	23	22315	67
433000	23	408	681	12679	9	51	22826	218
434000	24	417	617	12723	40	78	23081	235
435000	37	391	777	12456	77	41	23442	112
436000	24	362	751	12446	65	182	22694	416
437000	22	433	761	12525	13	96	22125	279
438000	32	413	826	12368	20	164	22290	434
439000	23	420	872	12389	28	63	22344	235
440000	21	471	747	12428	12	140	21772	217
441000	29	426	1114	11951	29	57	21827	121
442000	39	345	1157	11948	26	65	21998	161
443000	41	480	759	12455	17	69	21909	176
444000	34	451	766	12444	43	39	23957	131
445000	33	409	785	12392	87	111	21700	361
446000	28	408	773	12477	48	86	22730	241
447000	33	380	877	12400	14	29	22261	141
448000	41	372	732	12651	15	7	22975	36
449000	28	422	810	12423	78	3	22271	151
450000	32	428	923	12257	37	59	22408	102
451000	32	401	706	12640	0	95	22895	134
452000	29	485	957	12219	0	62	22354	150
453000	24	373	873	12372	123	0	22874	26
454000	35	459	850	12407	20	0	22055	35
455000	56	410	911	12328	26	17	22781	44
456000	34	471	884	12256	42	44	21784	236
457000	30	396	811	12382	37	109	22343	239
458000	45	448	831	12320	49	109	22376	227
459000	33	398	863	12369	37	89	22351	191
460000	26	424	801	12474	54	10	21816	130
461000	26	389	740	12677	2	0	23287	0
462000	47	479	791	12414	26	13	23105	38
463000	30	398	920	12354	15	15	22645	62
464000	36	363	957	12367	0	8	22544	13
465000	40	394	1442	11391	59	28	22165	88
466000	66	388	1466	11361	1	76	20909	119
467000	45	416	1382	11578	0	30	22054	61
468000	32	450	1012	12119	3	0	22576	4
469000	42	404	1059	12060	79	36	23058	211
470000	15	411	879	12335	0	91	21639	208
471000	21	415	672	12700	15	45	23081	130
472000	27	407	866	12472	0	10	23143	10
473000	40	418	902	12286	104	6	21594	177
474000	31	378	858	12353	107	53	22562	303
475000	44	448	846	12132	69	240	21580	554
476000	39	366	825	12260	48	209	21638	359
477000	24	428	766	12441	24	161	22374	197
478000	22	450	768	12271	16	281	22837	625
479000	52	442	974	11886	90	297	20988	594
480000	49	446	827	12080	131	247	22970	526
481000	27	433	647	12348	173	244	22492	552
482000	18	457	661	12201	49	503	22221	882
483000	36	495	746	12088	75	393	22372	1003
484000	35	465	746	11917	95	587	20735	1136
485000	16	426	590	12110	123	667	22292	1500
486000	19	422	509	12173	34	794	20486	1584
487000	32	387	674	11962	49	776	22394	1496
488000	25	382	687	11767	70	916	21766	1700
489000	26	399	581	11927	71	897	20764	1524
490000	14	483	713	11824	105	676	21459	1315
491000	36	490	764	11666	133	726	20541	1465
492000	22	419	790	11890	61	625	21381	1500
493000	35	454	803	11904	105	517	22246	945
494000	60	391	900	11506	121	730	21033	1185
495000	35	374	942	11595	186	563	20146	1176
496000	16	414	878	11408	144	915	21321	1628
497000	26	451	786	11513	101	921	20713	1646
498000	43	451	913	11099	172	1032	21211	1620
499000	36	396	856	11328	203	919	21014	2136
500000	43	407	838	11080	173	1260	20014	2292
501000	35	423	853	11180	149	1129	20886	2195
502000	46	427	894	10705	222	1452	19451	3013
503000	39	483	898	10774	293	1257	19522	2555
504000	56	405	885	11323	158	921	19783	1749
505000	24	438	925	11229	93	1001	20757	2001
506000	36	409	1041	11017	115	1072	20219	1956
507000	40	437	783	11267	143	1143	20549	2045
508000	29	383	851	11340	281	886	20518	2156
509000	39	342	965	11275	172	900	21485	1848
510000	54	389	1050	10837	358	1012	19158	2313
511000	39	423	997	10685	233	1283	18986	2456
512000	40	423	780	11037	273	1263	20530	2186
513000	43	382	868	11234	328	902	20362	2436
514000	60	439	979	10851	316	988	21054	2437
515000	50	429	959	10842	311	1117	19956	2519
516000	30	429	804	11220	162	1107	21881	2578
517000	42	388	909	11216	221	940	20780	2195
518000	40	454	948	11290	102	863	20689	1999
519000	47	421	973	11331	106	793	21339	1236
520000	41	433	1056	11226	144	765	20603	1418
521000	40	423	906	11479	54	799	21154	1493
522000	39	430	1050	11345	193	582	21529	1239
523000	32	449	1038	11074	275	776	20271	1256
524000	41	430	1095	11212	173	691	21644	1496
525000	17	485	799	11872	99	532	22385	1195
526000	26	433	504	12395	72	508	22306	1308
527000	12	427	727	12089	79	508	21809	973
528000	50	456	927	11550	188	538	20785	1027
529000	39	428	805	11830	227	458	21385	1332
530000	28	445	809	12030	98	367	21705	944
531000	18	418	658	12361	136	302	22354	902
532000	29	399	935	11862	34	502	21785	908
533000	17	402	845	11852	56	621	20852	1111
534000	18	427	869	11718	50	668	21174	914
535000	29	359	821	12231	43	284	21596	633
536000	8	422	776	12160	41	381	22050	824
537000	22	432	779	12185	30	393	22424	703
538000	19	437	772	12401	20	138	22708	448
539000	25	429	879	12270	0	128	22462	207
540000	18	475	753	12556	0	24	22556	57
541000	29	444	861	12427	0	9	23107	38
542000	33	479	1174	11893	0	1	21705	42
543000	34	484	1058	11927	126	6	22281	325
544000	34	427	788	12395	65	51	22764	194
545000	34	375	906	12385	29	22	22618	65
546000	33	419	854	12369	25	66	21241	141
547000	22	419	740	12534	8	94	22305	201
548000	28	419	717	12643	0	47	24190	111
549000	20	429	740	12648	0	15	22439	26
550000	25	459	935	12290	0	35	23319	110
551000	25	373	733	12673	0	34	23211	58
552000	29	441	783	12504	33	16	21643	56
553000	19	424	732	12596	0	60	21687	66
554000	7	412	647	12688	12	96	22192	122
555000	21	415	805	12517	11	18	22986	32
556000	18	407	801	12587	6	2	23067	28
557000	29	460	722	12535	63	3	22850	117
558000	27	422	742	12556	49	46	23169	104
559000	22	409	752	12604	9	83	22455	157
560000	44	363	875	12312	9	140	24115	288
561000	36	467	820	12350	7	110	22312	244
562000	34	415	885	12267	6	116	23200	266
563000	32	411	913	12297	4	34	22332	195
564000	26	436	660	12714	0	29	23077	56
565000	16	416	622	12803	0	23	22606	16
566000	19	413	677	12620	76	33	22493	168
567000	30	481	735	12440	57	64	23211	205
568000	23	445	838	12397	45	44	21517	208
569000	33	381	878	12425	22	32	21317	122
570000	13	424	728	12547	28	99	22454	183
571000	26	415	887	12373	3	49	22344	72
572000	37	399	949	12308	1	34	22848	122
573000	27	452	1100	11947	105	0	23225	0
574000	21	437	767	12571	6	1	22497	6
575000	17	470	677	12570	102	36	21449	269
576000	47	420	833	12155	156	134	21682	394
577000	28	399	595	12610	49	158	22224	326
578000	24	468	715	12386	116	69	22275	252
579000	44	389	878	12333	0	56	22539	121
580000	28	401	705	12693	0	34	22346	66
581000	22	426	738	12577	0	36	21987	56
582000	30	412	732	12597	69	5	22607	114
583000	21	413	805	12436	46	20	21914	112
584000	18	439	804	12503	18	11	22347	55
585000	30	389	756	12642	0	0	23314	3
586000	30	410	899	12293	62	10	22119	112
587000	50	431	1013	12135	0	3	22581	17
588000	35	456	779	12560	0	0	22257	9
589000	39	434	826	12426	48	13	22277	137
590000	23	460	748	12575	0	14	23949	6
591000	34	391	891	12332	55	23	22290	255
592000	43	468	834	12404	27	26	21877	138
593000	27	423	779	12515	8	37	23508	96
594000	36	477	906	12295	0	6	22307	8
595000	35	430	968	12155	76	22	23459	250
596000	20	419	846	12406	25	65	22408	145
597000	22	485	699	12568	1	68	21863	216
598000	26	395	737	12563	14	102	22577	176
599000	38	411	795	12491	8	54	22469	94
600000	29	483	717	12578	0	46	23360	66
601000	21	426	608	12710	15	71	22927	242
602000	41	414	614	12748	28	42	22719	135
603000	18	377	619	12924	8	14	22882	26
604000	33	379	867	12504	0	4	21542	3
605000	20	427	672	12686	61	17	22697	143
606000	19	389	844	12471	37	22	23008	116
607000	12	405	493	13015	26	41	22426	92
608000	26	405	861	12383	36	51	22762	185
609000	27	455	928	12134	3	175	22498	240
610000	38	461	939	12209	0	30	21513	43
611000	33	439	734	12638	0	13	23263	23
612000	32	419	851	12398	79	8	21380	212
613000	17	440	949	12106	185	21	21559	256
614000	29	411	853	12383	66	69	22556	197
615000	27	494	887	12201	64	91	22256	238
616000	46	443	1045	11914	44	183	21461	321
617000	26	466	873	12229	36	119	22980	236
618000	28	413	812	12389	39	101	21337	199
619000	42	346	1018	12166	11	85	22029	248
620000	30	455	751	12533	9	13	21828	7
621000	25	421	1065	12100	18	0	22477	10
622000	29	415	1154	11924	29	1	22684	52
623000	47	384	1014	12218	14	5	23196	7
624000	15	380	750	12685	0	0	22571	1
625000	30	392	811	12514	31	23	22711	129
626000	22	446	870	12384	15	15	21908	51
627000	30	388	996	12193	91	0	22283	182
628000	34	363	969	12312	21	11	22827	75
629000	25	448	789	12515	0	18	22542	0
630000	54	431	975	12243	0	10	22219	33
631000	19	402	837	12379	126	5	22713	160
632000	34	415	846	12455	9	2	21949	35
633000	30	414	784	12441	68	45	22834	196
634000	17	401	781	12557	40	23	20538	51
635000	38	387	991	12220	3	39	22057	101
636000	17	398	1032	12269	0	0	22789	1
637000	30	455	955	12202	23	31	21673	159
638000	14	410	760	12623	9	9	22738	43
639000	20	399	865	12452	34	10	22276	91
640000	16	433	660	12699	33	78	21379	177
641000	31	435	782	12444	2	69	22210	53
642000	13	400	816	12536	0	26	22300	76
643000	30	407	984	12188	0	73	22580	91
644000	33	356	865	12485	3	53	21695	99
645000	35	459	906	12326	0	2	22689	24
646000	19	464	821	12336	44	91	22156	188
647000	36	457	665	12610	8	54	22901	100
648000	18	396	931	12267	13	105	22032	251
649000	31	455	660	12416	13	267	21686	551
650000	13	433	707	12350	12	364	21902	679
651000	37	465	702	12270	43	340	22458	443
652000	15	440	697	12387	24	272	22849	417
653000	13	484	610	12548	7	268	23192	566
654000	13	488	695	12420	29	195	22237	629
655000	25	469	834	12356	21	63	21876	162
656000	24	411	853	12372	2	107	23435	280
657000	10	411	605	12599	18	231	21347	320
658000	23	466	628	12608	5	185	22477	319
659000	32	403	621	12720	5	125	22846	247
660000	23	416	687	12499	2	218	22369	390
661000	16	457	714	12429	22	186	22275	238
662000	29	410	692	12580	18	130	22771	213
663000	27	418	876	12216	43	141	22520	341
664000	31	458	842	12116	23	297	22198	580
665000	30	425	758	12222	100	295	22306	696
666000	27	379	729	12397	68	240	23861	445
667000	25	427	767	12134	98	370	22618	689
668000	27	440	649	12577	76	100	21534	284
669000	24	448	726	12510	0	125	22126	133
670000	39	405	916	12354	0	1	22513	35
671000	44	360	830	12495	0	7	23310	1
672000	26	465	789	12443	84	5	22785	181
673000	31	415	823	12461	41	19	22380	72
674000	37	388	713	12555	63	56	23443	234
675000	28	492	865	12311	49	41	22346	79
676000	25	410	751	12527	80	30	22508	84
677000	38	388	951	12276	36	11	22150	57
678000	21	433	993	12173	18	40	23496	96
679000	29	408	845	12434	38	26	22993	53
680000	32	410	1169	11834	11	107	21805	279
681000	53	492	987	12102	8	49	21709	123
682000	49	457	1006	12151	5	5	22253	32
683000	18	417	939	12377	8	0	21967	4
684000	34	430	662	12660	89	26	21744	260
685000	38	388	810	12470	47	32	22988	66
686000	37	397	1291	11790	22	8	21687	17
687000	42	395	1219	11774	22	34	22499	89
688000	25	379	859	12445	0	36	23355	63
689000	21	401	750	12594	2	60	22971	114
690000	34	418	794	12495	0	63	22554	154
691000	20	428	767	12568	0	53	22108	39
692000	16	444	688	12648	12	65	21822	142
693000	33	415	798	12584	0	9	24011	20
694000	34	423	961	12184	110	7	22206	238
695000	50	369	840	12459	62	27	22471	196
696000	28	453	831	12380	49	7	22717	87
697000	26	431	730	12560	93	21	22130	112
698000	30	462	675	12580	80	38	22932	182
699000	28	411	795	12481	15	60	23292	152
700000	35	421	830	12449	0	22	22566	49
701000	29	414	812	12526	0	15	23354	1
702000	36	413	1188	11860	0	124	22682	158
703000	29	412	1043	11968	0	197	23298	317
704000	37	395	827	12435	5	97	21879	298
705000	25	452	1072	12010	17	59	23257	156
706000	9	421	756	12631	2	6	22666	31
707000	38	397	829	12319	129	31	22726	340
708000	25	452	1093	11837	76	138	22044	348
709000	50	413	904	12092	135	174	22214	434
710000	9	419	806	12052	192	344	22018	951
711000	18	354	855	11936	145	466	21528	1021
712000	28	401	760	12280	60	303	21734	566
713000	18	375	947	11931	47	419	21904	905
714000	29	397	1071	11900	78	199	21593	510
715000	29	396	1016	11541	129	584	20851	1409
716000	33	375	981	11657	38	592	22264	1253
717000	28	406	753	12137	37	474	20771	768
718000	27	430	819	11942	28	522	21526	1017
719000	44	446	803	11926	62	502	21344	888
720000	21	395	726	12366	52	300	22696	690
721000	23	427	794	12225	39	335	22287	786
722000	46	426	772	11972	40	568	21120	994
723000	33	470	767	11662	42	835	21557	1334
724000	31	480	793	11802	18	666	21496	1023
725000	24	430	615	11755	78	965	21056	1595
726000	32	417	610	11621	158	1037	20919	1945
727000	53	420	851	11090	357	1007	20411	2294
728000	39	442	974	11357	199	710	20560	1519
729000	23	357	990	11386	286	688	22046	1721
730000	41	398	842	11532	253	706	21268	1878
731000	25	413	674	12025	251	500	20835	1622
732000	35	448	925	11622	237	487	20435	1254
733000	34	415	964	11746	148	394	21965	1124
734000	33	353	924	12002	65	372	23087	677
735000	50	446	832	11999	151	286	22228	433
736000	45	443	732	12098	150	366	22218	586
737000	32	407	845	11740	89	641	21340	1507
738000	27	448	714	12134	24	476	22301	1217
739000	42	397	1132	11521	46	488	21890	703
740000	28	401	935	11686	130	499	21092	1187
741000	36	400	932	11713	197	411	20790	1115
742000	31	422	697	12172	153	381	21664	877
743000	16	425	681	12245	62	403	21836	799
744000	32	434	670	12349	119	282	22398	673
745000	35	377	845	12157	109	266	22199	597
746000	26	429	744	12431	6	218	21152	313
747000	26	456	912	12270	0	118	23027	181
748000	21	455	794	12423	1	124	22049	207
749000	16	439	676	12641	0	139	22258	204
750000	30	379	772	12484	0	106	22049	197
751000	29	418	843	12406	9	82	22310	215
752000	26	457	641	12642	6	126	22217	245
753000	36	428	991	12222	0	32	22954	135
754000	21	338	870	12439	6	54	23415	94
755000	31	473	712	12557	105	4	22583	184
756000	40	440	767	12487	40	8	22411	58
757000	42	377	842	12406	95	3	22556	196
758000	30	414	973	12153	70	110	21747	232
759000	20	428	707	12506	29	173	22517	286
760000	28	418	839	12213	58	153	22685	417
761000	29	415	755	12367	108	125	22043	512
762000	28	412	691	12528	54	131	22130	215
763000	21	453	629	12538	35	173	22410	286
764000	39	437	731	12319	48	193	22055	345
765000	19	425	732	12475	63	113	23190	319
766000	26	393	813	12269	106	207	22998	552
767000	45	316	1058	11886	51	304	22405	658
768000	26	418	986	11901	65	313	21224	703
769000	45	425	1083	11671	74	383	20381	602
770000	17	431	836	12242	51	198	22063	474
771000	35	443	731	12310	93	226	22068	453
772000	22	435	814	11917	81	526	22340	921
773000	37	442	1040	11540	78	504	21640	987
774000	27	448	802	11493	97	910	21991	1590
775000	30	497	472	12022	61	852	21107	1776
776000	23	484	774	11866	77	605	20833	1140
777000	17	484	661	12057	79	578	20441	1295
778000	25	384	814	11805	110	645	22309	1513
779000	32	399	866	11779	96	591	21291	1053
780000	29	452	718	12081	41	470	22710	875
781000	30	453	851	11957	31	412	21691	1010
782000	23	407	948	12015	8	335	22019	683
783000	51	372	910	11978	26	411	21562	693
784000	37	417	962	12111	17	186	22816	479
785000	37	415	1019	12003	0	187	21946	369
786000	48	432	1111	11869	9	107	21235	191
787000	33	382	1345	11604	2	75	21864	168
788000	45	475	1035	12060	0	13	22466	12
789000	22	448	1131	11890	84	30	22432	100
790000	22	407	667	12748	12	7	22190	11
791000	26	424	811	12519	0	6	23621	22
792000	31	439	671	12707	0	6	22722	0
793000	34	438	812	12496	0	14	22302	12
794000	19	457	772	12470	2	44	22476	65
795000	22	442	840	12501	10	14	23307	3
796000	24	390	879	12348	32	65	22816	161
797000	13	426	706	12532	55	140	22175	299
798000	30	397	726	12666	0	39	22026	51
799000	22	490	795	12486	0	18	23597	28
800000	30	416	698	12665	61	12	22864	101
801000	27	460	919	12190	45	42	22406	146
802000	17	398	960	12150	37	123	22631	228
803000	31	372	758	12453	35	143	22021	216
804000	37	435	970	12155	3	97	22434	294
805000	36	423	1024	12080	4	81	21731	156
806000	38	416	836	12417	5	88	23007	158
807000	40	402	911	12110	15	227	22272	426
808000	31	437	862	12178	76	147	21911	412
809000	37	401	829	12290	70	143	22257	307
810000	34	470	794	12360	72	46	22827	177
811000	19	437	701	12577	14	95	21764	146
812000	27	428	685	12584	11	116	22946	242
813000	16	439	766	12472	0	125	23079	181
814000	12	468	745	12560	0	30	21439	75
815000	31	433	801	12490	0	12	23033	0
816000	33	379	885	12256	97	100	22635	387
817000	39	419	835	12392	42	43	22472	181
818000	31	444	810	12278	68	136	22032	428
819000	19	373	798	12451	0	129	22146	248
820000	36	450	668	12484	10	264	22466	445
821000	18	427	552	12560	23	347	22372	691
822000	38	394	880	12081	30	306	22576	595
823000	36	452	872	12096	56	237	22371	602
824000	42	380	904	12072	29	312	21354	596
825000	34	445	782	12274	0	217	21658	572
826000	18	411	773	12387	1	241	21797	410
827000	41	434	820	12306	11	139	22672	221
828000	26	339	646	12580	35	209	22298	452
829000	24	408	730	12537	44	90	23192	157
830000	50	475	1002	12099	5	96	21997	193
831000	34	443	1032	12025	28	114	21833	262
832000	27	469	1019	11912	9	243	22250	347
833000	20	450	763	12070	46	455	22072	793
834000	39	387	943	11925	33	390	21587	836
835000	38	448	929	11648	55	613	21190	1146
836000	46	440	978	11669	37	522	21444	1014
837000	51	451	1070	11300	101	618	21419	1279
838000	38	444	1064	11617	73	403	21890	824
839000	40	453	805	12082	64	341	21757	575
840000	28	404	823	12089	62	357	22277	731
841000	38	432	907	11954	92	294	21883	825
842000	31	404	765	12262	79	247	21995	622
843000	12	441	481	12852	9	183	22341	428
844000	11	433	568	12720	5	177	22962	310
845000	25	438	652	12685	11	85	21741	211
846000	24	407	559	12802	2	122	22866	187
847000	33	412	645	12668	12	100	23717	214
848000	31	404	670	12616	25	133	22518	404
849000	8	464	512	12810	5	156	21865	267
850000	15	406	502	12711	28	306	22119	561
851000	35	369	763	12251	56	300	22235	527
852000	39	394	1155	11706	145	112	22118	512
853000	45	428	1041	11803	70	277	21194	592
854000	28	460	933	11956	9	299	21542	603
855000	24	448	765	12408	12	185	21749	221
856000	32	442	777	12432	27	149	22647	186
857000	13	427	573	12726	33	153	22421	306
858000	15	478	580	12630	5	195	23177	383
859000	21	378	724	12542	0	176	23876	232
860000	30	383	750	12662	4	31	22061	72
861000	32	445	838	12348	70	2	22958	103
862000	35	380	903	12389	45	55	23123	82
863000	27	449	703	12598	61	40	21849	225
864000	20	432	659	12692	36	49	22878	78
865000	19	426	741	12449	26	168	21940	292
866000	42	380	858	12299	11	139	22003	281
867000	30	458	1074	11997	0	61	21832	86
868000	29	418	784	12289	5	292	21568	483
869000	21	446	866	12268	25	147	21597	333
870000	20	418	936	12285	0	99	21655	202
871000	29	392	1121	11795	2	286	21879	490
872000	47	432	972	12104	1	155	21837	339
873000	35	415	1009	12002	12	251	21534	313
874000	27	396	668	12626	24	136	22369	401
875000	32	396	841	12404	3	125	21318	274
876000	27	383	721	12340	0	363	22806	391
877000	22	400	718	12314	39	411	21617	819
878000	21	434	620	12345	82	394	22068	784
879000	22	386	809	12072	54	486	21294	814
880000	45	445	1004	11657	35	516	22301	851
881000	22	380	775	12180	71	409	21656	1093
882000	30	465	676	12192	79	482	21240	1089
883000	37	399	735	12209	43	410	21248	834
884000	40	443	856	11782	27	571	21441	1179
885000	31	439	956	11746	12	536	21306	963
886000	34	421	936	11969	25	321	20285	542
887000	33	395	994	12117	7	156	21562	400
888000	37	415	975	12045	7	233	21688	505
889000	31	390	900	12240	6	194	22118	249
890000	31	441	1194	11791	1	87	22067	110
891000	62	365	1058	12080	0	47	22428	7
892000	58	427	1167	11858	1	82	21798	142
893000	31	400	1088	12086	0	1	21845	19
894000	26	483	841	12415	18	20	21907	70
895000	34	425	945	12201	89	12	22797	173
896000	21	466	822	12405	29	31	22207	127
897000	25	448	737	12636	4	14	23176	9
898000	43	442	791	12492	0	0	22312	3
899000	25	437	737	12355	113	132	22060	364
900000	45	437	833	12207	104	167	23058	267
901000	33	397	841	12058	83	375	22952	789
902000	22	443	817	12047	27	431	21387	707
903000	20	447	817	11917	37	537	21174	879
904000	29	476	763	11965	21	563	22827	1038
905000	25	403	816	11870	44	615	21487	1210
906000	19	438	756	11882	21	695	21767	1117
907000	24	393	877	11814	60	624	22573	1181
908000	32	462	860	11838	75	504	21437	950
909000	28	419	1000	11280	61	884	21048	1862
910000	29	397	776	11724	116	774	21348	1593
911000	33	426	731	11749	117	747	20544	1427
912000	49	414	802	11664	144	714	21312	1115
913000	38	423	913	11824	166	448	21303	988
914000	32	434	749	12226	61	317	22125	718
915000	36	439	870	12006	104	293	22117	705
916000	38	377	759	12141	262	276	21956	761
917000	48	488	951	11655	217	346	21733	1029
918000	32	504	911	11533	132	596	20488	1231
919000	40	419	985	11261	91	906	20783	1300
920000	38	427	802	11591	57	867	20537	1690
921000	21	461	777	11537	22	980	20289	1446
922000	31	421	564	11873	87	913	21248	1535
923000	18	435	604	11672	53	1149	20972	1940
924000	31	398	762	11543	31	1011	21560	1963
925000	43	431	675	11556	240	882	21119	2106
926000	64	404	811	11086	252	1140	20380	1885
927000	34	444	738	11326	198	1057	20739	2114
928000	23	393	890	11220	251	976	19568	1999
929000	27	346	797	11147	189	1269	20947	2978
930000	23	416	822	11046	75	1459	21059	2595
931000	31	366	781	11027	213	1412	20947	2674
932000	27	442	849	10753	251	1476	20118	3012
933000	27	388	789	10953	222	1404	20010	2863
934000	38	467	845	11081	172	1158	20002	2351
935000	28	459	757	11025	186	1348	19377	2460
936000	30	448	763	11165	178	1186	20007	2461
937000	33	410	796	10960	237	1337	21504	2397
938000	46	334	935	10561	297	1558	19868	2903
939000	37	361	785	11038	131	1466	21495	3130
940000	30	488	802	11282	140	1046	20601	1926
941000	27	441	824	10862	186	1386	19664	2691
942000	40	433	816	10504	273	1718	19108	2828
943000	27	389	842	10776	202	1566	19972	2981
944000	25	372	606	10933	368	1557	20372	3375
945000	35	375	648	11255	315	1287	18623	2659
946000	38	383	848	10791	321	1371	20120	2675
947000	32	393	989	11017	279	971	20203	1974
948000	55	435	962	10860	309	1080	20725	2325
949000	36	452	791	11220	265	1048	20427	2380
950000	53	373	915	10954	254	1172	20126	2318
951000	34	396	1228	10866	182	889	20131	1778
952000	41	444	936	11039	349	948	20694	2410
953000	39	396	915	10512	468	1404	19293	2937
954000	58	428	1116	10136	491	1359	19391	3028
955000	39	369	938	10238	523	1619	19555	4151
956000	45	395	769	10297	639	1671	18866	3521
957000	18	406	796	10575	372	1624	19628	3055
958000	34	380	825	10397	327	1821	19284	3797
959000	36	416	856	10354	264	1805	19105	3515
960000	56	343	875	10085	288	2106	18777	4414
961000	42	412	866	10435	218	1766	18982	3599
962000	55	369	843	10070	271	2136	18407	4190
963000	44	386	722	10505	266	1890	18734	3763
964000	50	420	1026	9955	304	1904	18642	3808
965000	49	439	849	9939	425	2049	17855	4349
966000	40	418	728	10187	432	2045	17931	4603
967000	37	371	741	10021	263	2385	19540	4388
968000	42	461	820	9552	442	2436	16929	4527
969000	44	375	787	9441	563	2591	17427	5568
970000	60	457	890	8770	519	3014	16630	6018
971000	50	399	718	9215	456	2936	16137	5377
972000	39	352	715	9154	632	2960	17609	6717
973000	13	437	719	9152	629	2879	16712	5551
974000	32	378	650	9277	356	3167	16486	5685
975000	31	414	521	9601	466	2921	17079	5743
976000	30	433	669	9485	693	2579	17067	5357
977000	63	405	726	9487	839	2315	16297	5576
978000	56	401	836	8764	936	2735	17020	6264
979000	60	343	1021	8570	873	2805	15776	6729
980000	57	347	900	8451	717	3203	15513	6468
981000	51	380	974	8278	910	3111	16228	7106
982000	44	385	782	8902	762	2934	16663	6011
983000	40	420	814	9259	551	2721	16720	5411
984000	42	408	747	9672	428	2491	17413	5132
985000	18	424	597	9984	292	2588	18649	4924
986000	34	414	543	10207	249	2465	18131	4849
987000	22	422	568	10410	254	2246	18018	3845
988000	39	404	545	9736	309	2915	17581	5581
989000	21	394	504	10001	399	2653	18394	4305
990000	47	423	751	9598	398	2571	17445	5267
991000	42	374	738	9142	640	2877	17609	5584
992000	104	354	1142	8465	689	2808	16615	6205
993000	46	392	919	8321	956	3077	15545	5720
994000	81	363	1163	7628	1178	3135	14617	7681
995000	65	433	901	8073	1097	3138	16258	7106
996000	71	344	1033	7716	1058	3415	15442	7139
997000	48	383	854	8355	900	3195	15112	6974
998000	64	412	1042	8223	909	3055	15468	6465
999000	78	444	1049	8022	878	3140	15458	6950
