0	0	0	0	14400	0	0	0	0
1000	13	290	485	13128	32	32	38920	162
2000	7	276	415	13325	6	11	37932	131
3000	12	240	520	13136	20	15	37116	149
4000	8	245	445	13303	19	6	39328	93
5000	10	284	529	13098	34	17	39084	197
6000	10	247	431	13243	58	21	38626	173
7000	4	257	469	13146	52	57	37565	262
8000	9	224	534	13100	16	73	39463	207
9000	12	259	497	13112	11	81	37767	142
10000	6	244	513	13174	0	8	37926	38
11000	14	254	540	13002	142	10	36902	400
12000	8	282	572	12805	161	56	38971	442
13000	18	247	503	12948	152	71	37973	598
14000	12	248	460	13189	22	44	39059	368
15000	9	301	452	13170	4	42	37921	72
16000	12	242	450	13336	0	3	39620	39
17000	8	282	509	13087	71	24	37335	167
18000	4	275	448	13192	53	45	37331	322
19000	14	270	480	13157	28	27	39223	115
20000	3	276	475	13129	31	80	38265	281
21000	14	236	486	13039	21	152	36241	522
22000	11	266	435	13073	7	183	35613	497
23000	11	244	592	12887	4	176	37829	672
24000	16	225	651	12781	1	178	36482	597
25000	9	227	487	13099	1	126	37837	413
26000	17	258	540	13001	0	106	37761	245
27000	5	281	541	13101	0	24	37352	186
28000	12	250	476	13248	0	11	38411	16
29000	8	255	513	13215	0	0	39633	5
30000	12	244	655	12843	66	79	38633	485
31000	4	265	478	13055	27	141	37650	541
32000	11	281	424	13143	12	138	36807	271
33000	12	259	410	13216	8	116	37576	320
34000	11	269	441	13154	1	119	37347	333
35000	8	257	481	13161	4	46	38287	73
36000	18	270	648	12916	3	71	38459	254
37000	6	238	558	13056	0	68	38240	225
38000	9	309	394	13229	12	58	37977	283
39000	5	333	382	13181	1	90	38268	265
40000	14	272	457	13168	3	44	37647	91
41000	13	276	621	12931	12	21	37276	108
42000	9	248	503	13172	0	30	38902	55
43000	12	261	543	13031	85	0	39066	288
44000	11	230	549	13122	58	8	37975	92
45000	16	266	583	13026	24	18	37818	86
46000	9	245	388	13364	36	9	37545	200
47000	9	248	451	13296	0	1	38342	20
48000	6	262	482	13122	60	44	37747	267
49000	10	200	538	13112	21	83	37954	377
50000	4	257	465	13223	17	30	37640	70
51000	3	287	451	13210	0	55	37104	200
52000	13	279	485	13135	0	33	38029	40
53000	15	256	522	13151	0	13	36642	45
54000	12	212	556	13162	0	5	38191	10
55000	11	249	610	12907	119	0	37616	133
56000	7	260	537	12956	168	19	36742	460
57000	9	295	486	13066	100	73	38080	441
58000	12	277	545	12920	56	76	37599	374
59000	5	263	354	13369	3	97	39761	203
60000	5	288	389	13236	0	79	37543	253
61000	5	295	500	13022	18	137	37566	422
62000	8	294	458	13088	33	105	37131	315
63000	20	248	455	13174	57	55	36552	414
64000	12	249	491	13083	22	85	37877	377
65000	8	250	440	13261	3	43	37407	196
66000	15	254	450	13192	9	62	37969	295
67000	9	248	424	13240	7	68	38184	187
68000	13	254	519	13108	0	45	37775	152
69000	7	263	317	13468	0	30	38669	130
70000	8	288	476	13233	0	3	36552	11
71000	5	230	577	13101	0	8	39629	12
72000	14	225	662	12878	107	6	38233	348
73000	20	272	555	12877	110	73	37250	461
74000	6	268	501	12854	75	223	37621	855
75000	5	264	461	12768	118	377	36022	1247
76000	10	243	450	12848	78	330	36514	1340
77000	21	244	626	12505	76	445	37035	1450
78000	14	228	586	12258	34	784	36864	2107
79000	5	240	487	12406	82	736	36656	2559
80000	7	264	436	12430	95	748	35889	2532
81000	11	258	453	12418	43	813	35794	2265
82000	8	227	404	12571	119	665	35767	2250
83000	7	241	499	12473	40	676	36666	1933
84000	10	257	417	12620	64	611	36339	1802
85000	5	248	536	12486	52	616	37020	2250
86000	16	267	523	12490	36	625	35654	1919
87000	9	272	457	12585	66	597	35752	1648
88000	11	227	453	12765	66	487	36685	1498
89000	20	260	532	12465	89	604	35925	2138
90000	10	244	448	12442	63	803	35504	2146
91000	8	262	439	12197	31	1068	34708	2800
92000	14	236	579	11676	133	1267	35581	4109
93000	14	252	701	11365	139	1430	33246	4539
94000	2	221	593	11572	83	1442	33489	4669
95000	11	271	537	11426	81	1616	34231	4687
96000	20	289	393	11704	107	1512	32899	3801
97000	25	250	504	11498	185	1465	32805	4775
98000	13	272	597	11357	216	1468	32814	4591
99000	19	261	451	11477	205	1591	33002	4788
100000	23	250	422	11263	262	1754	31408	5909
101000	17	232	574	10860	265	1969	32858	5945
102000	16	273	520	11049	220	1908	31485	5977
103000	8	225	446	10899	266	2162	31863	6537
104000	7	266	407	10815	261	2237	30564	6960
105000	14	227	298	10639	342	2534	30280	7979
106000	10	272	435	10299	265	2729	30056	8222
107000	11	234	395	10287	383	2744	31111	7452
108000	15	288	364	10349	406	2608	29898	8078
109000	16	231	474	9614	367	3267	29288	9736
110000	17	250	450	9460	457	3357	27286	10889
111000	15	230	517	9224	487	3472	26534	11242
112000	20	260	482	9076	664	3479	24933	11128
113000	12	215	502	9321	518	3389	27494	11813
114000	19	250	478	9575	499	3145	28949	9768
115000	20	267	548	9788	452	2870	28086	9483
116000	22	289	435	9821	556	2889	29845	9189
117000	18	255	516	9913	584	2702	28176	9040
118000	22	259	358	10446	553	2373	28637	8499
119000	14	235	525	10160	497	2530	29158	8742
120000	16	244	627	9571	638	2803	28028	9396
121000	17	241	661	9678	581	2688	29801	9368
122000	16	286	446	10557	306	2412	30438	8230
123000	12	226	351	10253	433	2764	29785	7928
124000	19	247	517	9973	466	2734	29855	8350
125000	21	272	451	9895	514	2825	28205	9641
126000	28	217	466	10097	622	2536	30509	8465
127000	31	257	714	9605	726	2502	29064	9215
128000	26	245	599	9580	632	2828	28526	9880
129000	10	273	398	9684	509	3158	28261	9339
130000	20	226	447	9468	515	3336	26038	10714
131000	17	274	506	9398	533	3232	26834	10898
132000	17	261	513	9719	615	2800	28104	9639
133000	19	263	467	10147	555	2519	28976	9353
134000	9	272	552	10427	364	2309	30687	7311
135000	19	246	591	10519	297	2200	31896	7053
136000	18	271	489	10871	303	2012	30418	6102
137000	13	200	556	10670	355	2130	30702	7672
138000	12	240	475	10978	358	1917	32683	6608
139000	16	274	470	11134	259	1824	32181	5497
140000	11	262	478	10990	391	1852	31159	5936
141000	7	252	457	10939	282	2077	30945	6259
142000	19	252	479	10490	483	2221	30210	7743
143000	13	252	496	10928	361	1903	31629	7030
144000	15	257	447	10941	474	1886	32529	6559
145000	29	281	545	10493	393	2188	30092	7694
146000	11	267	509	10450	268	2469	29836	7983
147000	11	268	384	10573	301	2482	29714	7095
148000	8	253	447	11196	179	1942	30714	6043
149000	14	289	435	11469	153	1641	34064	4902
150000	8	214	487	11329	269	1660	31662	5272
151000	15	273	610	11014	267	1734	31991	5507
152000	15	283	434	11247	152	1864	31433	5568
153000	16	244	455	11533	211	1553	32575	4926
154000	15	221	517	11264	308	1604	33013	5206
155000	11	263	544	10809	381	1976	33016	6157
156000	15	275	530	10650	339	2165	30658	6968
157000	11	284	452	10971	300	1957	31799	5886
158000	23	242	512	11104	326	1737	32902	5506
159000	14	244	488	11392	209	1617	32931	5268
160000	6	284	380	11656	195	1540	32881	4578
161000	13	228	503	11512	227	1472	33725	4627
162000	6	308	648	11605	40	1268	33834	4253
163000	10	266	472	11898	116	1212	34359	3337
164000	14	275	363	11609	138	1640	33505	5132
165000	21	269	647	10786	249	1928	32310	5516
166000	19	242	522	11017	285	1861	31666	6213
167000	25	252	497	10681	486	1987	30487	6905
168000	16	251	494	10759	398	2082	30751	6549
169000	10	260	397	10529	475	2356	31598	7389
170000	28	222	568	10109	516	2488	30574	8402
171000	18	224	457	9736	598	2937	27925	9487
172000	36	250	590	8756	723	3570	26384	11686
173000	24	252	453	8658	910	3698	25451	13531
174000	17	234	598	8068	993	3995	24184	13723
175000	31	237	396	8110	997	4214	23138	13938
176000	30	217	453	7999	1011	4280	23769	14757
177000	17	233	469	8177	1035	4028	24558	14881
178000	32	238	483	8323	1166	3704	24183	14248
179000	48	241	537	7848	1279	3972	23155	14420
180000	53	205	665	7646	1315	3955	22552	14328
181000	41	223	616	7963	1472	3621	23789	13780
182000	25	195	555	7916	1309	3905	23703	14864
183000	37	217	646	7507	1374	4100	23587	15646
184000	41	248	577	7547	1274	4207	23073	14990
185000	35	207	487	7318	1455	4494	22723	16535
186000	42	222	688	7110	1259	4542	22079	16081
187000	31	232	415	7868	953	4517	22535	15688
188000	32	245	334	7961	937	4530	21543	15053
189000	23	242	369	7911	931	4537	23139	15160
190000	34	247	438	7843	819	4609	23117	14909
191000	22	241	500	7731	871	4600	21864	14672
192000	20	235	529	8161	759	4246	23190	14916
193000	19	228	399	8228	819	4330	23657	14315
194000	14	252	429	8455	651	4188	24225	13178
195000	12	277	459	8137	712	4385	24994	13619
196000	15	250	325	8391	759	4329	23258	14793
197000	23	232	402	8219	838	4286	24000	14884
198000	31	222	552	8092	1024	3989	25199	14104
199000	29	259	461	8400	839	3987	25340	13351
200000	31	237	470	8916	618	3680	25298	11899
201000	10	219	481	9741	548	2944	28485	10389
202000	23	253	394	10210	325	2767	27440	9937
203000	14	260	492	10299	398	2522	30112	8596
204000	23	253	477	10185	347	2672	29425	7915
205000	12	258	415	10195	404	2754	29979	8652
206000	13	200	440	10341	407	2559	30017	8346
207000	16	282	458	10728	500	1985	29982	7841
208000	10	234	447	10773	314	2201	33596	6940
209000	13	279	419	11136	333	1810	31534	5785
210000	11	259	412	11310	205	1849	31663	5933
211000	10	241	363	11185	232	2012	31963	6288
212000	33	285	415	11225	213	1837	31187	5777
213000	11	226	559	10988	347	1795	33093	5960
214000	10	253	369	11157	279	1967	31346	6287
215000	15	266	372	10705	205	2512	30694	7637
216000	28	211	383	10771	295	2302	30585	7583
217000	18	273	388	10822	297	2212	30575	7066
218000	12	257	469	10759	266	2219	31771	7470
219000	21	226	412	10387	397	2583	30029	8235
220000	19	244	447	10264	532	2509	29216	8161
221000	12	245	426	9857	627	2820	28518	9321
222000	15	227	434	10084	430	2775	28479	9071
223000	20	252	388	9808	491	3058	28822	10121
224000	16	259	500	9706	517	2948	28194	9819
225000	14	254	474	9793	555	2886	27376	9256
226000	8	238	455	9576	457	3276	27742	10157
227000	13	270	476	9839	364	3020	28818	9577
228000	11	234	448	10279	341	2678	30219	9006
229000	13	260	298	10084	364	3061	29098	9275
230000	23	253	437	9666	591	3061	28540	10042
231000	26	248	578	9046	713	3283	27843	11040
232000	18	229	509	9368	917	2900	27706	10922
233000	44	252	583	9581	694	2754	28714	9783
234000	24	259	677	9147	545	3228	25578	10334
235000	22	243	571	9348	636	3089	27538	10091
236000	18	239	500	9461	579	3147	28650	9616
237000	13	237	422	8942	701	3684	27806	12506
238000	20	255	471	8997	666	3571	25589	12104
239000	17	287	441	9017	568	3653	25172	11218
240000	30	244	395	8635	671	4035	25516	12251
241000	22	258	519	8434	799	3928	25923	13025
242000	25	217	479	8444	686	4085	24994	14109
243000	30	256	411	8615	755	3951	25260	12460
244000	23	247	449	8812	498	3988	25747	12329
245000	16	231	363	8639	552	4228	24795	13319
246000	27	240	390	8347	668	4331	25828	13324
247000	24	228	620	7656	802	4618	22921	13570
248000	41	262	417	7365	1025	4845	22107	15876
249000	30	246	370	7262	900	5234	22378	16640
250000	28	256	452	7313	1194	4751	21333	16417
251000	35	222	577	7510	1300	4202	21654	15606
252000	25	240	538	7154	1364	4610	20558	16036
253000	19	239	516	6945	1395	4835	20024	17414
254000	48	205	553	6935	1390	4787	19752	18419
255000	25	209	499	7431	1408	4398	21768	16225
256000	30	254	574	6850	1580	4666	20036	16747
257000	45	229	546	6567	1803	4787	19350	18267
258000	35	221	415	6616	1712	5008	19774	17913
259000	41	214	387	7036	1619	4676	20491	17484
260000	35	242	391	7448	1236	4660	21891	16189
261000	33	217	502	7218	1373	4619	21730	17415
262000	33	236	424	7617	1141	4563	21976	15199
263000	18	271	421	7525	927	4858	21111	16221
264000	42	249	405	7774	979	4550	22294	15587
265000	33	216	407	7563	1015	4737	23063	16851
266000	23	249	370	7895	866	4629	22490	15321
267000	29	231	511	7474	664	5042	22407	15109
268000	14	256	440	7518	682	5050	22580	17313
269000	26	265	302	7269	1032	5156	20679	16742
270000	26	257	527	6759	1507	4870	20211	17235
271000	43	236	528	6724	1582	4829	20048	18734
272000	59	201	683	6329	1654	4865	19961	19118
273000	41	218	592	7196	1566	4261	21305	16185
274000	53	215	577	6624	1506	4969	20503	18303
275000	34	207	566	6751	1480	4893	21493	17858
276000	37	202	484	6222	1772	5239	19468	18494
277000	56	247	568	6225	1722	5081	18369	19473
278000	37	244	515	5883	1878	5338	18766	20169
279000	40	237	507	6303	1890	4937	18774	18749
280000	48	231	531	6404	1697	4973	18510	18652
281000	34	238	553	6311	1728	5080	18502	18703
282000	45	207	516	5837	1842	5494	18496	20139
283000	41	240	336	6244	1751	5410	18365	19643
284000	53	221	572	5689	1953	5419	17157	21067
285000	47	196	453	6250	1697	5344	17931	20415
286000	47	245	411	6578	1617	5071	19605	17968
287000	33	223	594	6312	1896	4820	19684	18653
288000	44	260	557	6655	1567	4841	20067	17153
289000	52	237	579	6747	1550	4730	21363	17572
290000	50	235	480	6738	1475	5000	20538	17352
291000	37	235	508	6677	1311	5157	20974	16356
292000	30	236	481	6519	1481	5204	20009	17641
293000	43	254	474	6423	1713	5090	18877	18816
294000	41	202	549	6680	1755	4687	19934	17306
295000	53	237	557	6303	1959	4795	18859	18892
296000	42	210	520	6416	1781	4940	18999	18850
297000	34	225	477	6529	1638	5052	19801	19272
298000	51	247	581	6719	1295	5039	19420	16394
299000	27	217	581	7234	984	4823	21663	15967
300000	23	261	543	7384	1292	4429	21497	16003
301000	25	246	456	7397	1453	4393	21791	17151
302000	25	238	498	7682	1380	4086	22572	15439
303000	29	231	511	7508	1487	4180	22714	15135
304000	41	253	575	7217	1503	4347	20935	16636
305000	55	239	534	6336	1751	5004	19060	17417
306000	33	258	457	6010	1589	5650	17832	19566
307000	39	225	407	6491	1335	5521	19435	19199
308000	49	231	526	6428	1301	5403	18768	19215
309000	28	263	600	6561	1223	5260	19361	17054
310000	40	231	537	6428	1452	5209	20662	18233
311000	27	213	418	6211	1697	5392	19095	20018
312000	40	228	433	6356	1618	5305	18968	20569
313000	39	219	505	6330	1484	5373	18830	18720
314000	41	224	415	6660	1443	5212	19634	17931
315000	42	210	372	6572	1221	5633	18693	18402
316000	31	233	426	6395	1165	5759	18873	19630
317000	31	260	414	6737	1333	5230	20019	18172
318000	17	202	392	6925	1204	5269	21932	18656
319000	24	213	499	6499	1410	5326	19422	18280
320000	58	236	476	6873	1429	4899	20107	18047
321000	34	276	443	6563	1647	5041	19081	18042
322000	38	234	505	6562	1250	5363	19963	17167
323000	33	265	398	6425	1386	5469	18489	20154
324000	31	253	465	6087	1370	5760	18062	19887
325000	27	241	468	6106	1222	5878	18817	19636
326000	34	242	433	6361	1344	5556	18360	18804
327000	38	227	505	6167	1477	5512	18590	19564
328000	30	238	425	6579	1338	5381	18959	18771
329000	38	245	383	6271	1403	5682	18004	20726
330000	42	198	520	5926	1718	5498	17337	20070
331000	37	212	457	5835	1692	5729	17600	20779
332000	34	232	522	5542	1558	6055	16489	21561
333000	48	222	511	5748	1710	5736	16760	21542
334000	37	214	430	5786	1702	5789	17355	21068
335000	45	237	435	5872	1764	5643	17405	20253
336000	35	222	370	5791	1742	5882	17526	21319
337000	28	232	419	5677	1706	5943	18004	22307
338000	27	222	350	6012	1530	5888	17355	20262
339000	30	222	453	6220	1735	5277	18944	19945
340000	38	241	422	6146	1711	5436	18193	19176
341000	26	228	447	6126	1495	5658	18821	19721
342000	34	220	356	6301	1496	5619	19027	20100
343000	28	193	408	6490	1591	5273	18832	20136
344000	42	227	391	6061	1765	5523	18143	20108
345000	38	216	606	6402	1414	5194	19620	18602
346000	35	238	662	5999	1411	5533	18315	18586
347000	38	214	471	6223	1536	5461	18216	19550
348000	43	207	505	5857	1747	5566	17962	21265
349000	28	247	447	5965	1520	5735	17543	21253
350000	40	227	428	6038	1560	5706	18068	20854
351000	35	213	501	5897	1486	5806	18392	18953
352000	38	228	369	5972	1529	5843	17835	20289
353000	43	243	463	6223	1762	5200	18834	18584
354000	45	205	547	5913	1751	5447	17384	20101
355000	41	248	482	6217	1584	5414	18837	18709
356000	47	228	406	6375	1506	5430	18101	19168
357000	37	220	494	6381	1461	5364	19361	18884
358000	32	229	389	6038	1579	5771	17911	19605
359000	37	219	585	6181	1504	5400	18833	19767
360000	21	225	439	6808	1321	5183	19647	18743
361000	26	221	454	7592	1221	4506	22452	16345
362000	33	259	394	7919	947	4451	22633	14561
363000	21	223	382	7785	954	4653	23419	14946
364000	20	263	423	7738	837	4739	21467	15257
365000	22	233	408	7690	960	4721	21833	15885
366000	20	243	397	7911	857	4579	23412	15797
367000	29	249	410	7683	1018	4651	21278	15988
368000	27	285	507	7705	880	4578	23380	14516
369000	22	264	416	8291	799	4238	24190	14294
370000	26	222	405	7976	947	4429	23137	13882
371000	22	260	409	8147	880	4333	23903	14425
372000	21	250	431	8125	823	4371	23265	13838
373000	12	216	463	8175	803	4289	25076	14262
374000	22	254	500	8294	739	4122	24761	13065
375000	21	251	526	8743	619	3783	24362	12379
376000	23	196	455	9004	696	3620	26374	12221
377000	13	272	405	8821	652	3852	24899	12846
378000	20	272	449	8936	632	3648	26806	12324
379000	22	243	489	8573	652	3968	26005	12269
380000	13	257	414	8593	709	4041	25187	12634
381000	27	277	482	8763	698	3705	26091	12342
382000	19	264	498	8830	502	3876	24441	12338
383000	16	246	466	8990	608	3662	26451	11888
384000	24	233	421	8454	658	4191	23748	13424
385000	22	245	551	8461	691	3955	24820	12500
386000	38	218	407	8123	1011	4207	23932	13132
387000	35	228	442	7867	961	4459	23903	13927
388000	29	221	388	7588	880	4894	22588	15273
389000	13	232	394	7798	886	4696	22303	15855
390000	20	223	280	7881	884	4794	23338	15317
391000	23	216	485	7793	945	4524	23961	15110
392000	36	220	581	8034	800	4225	23100	13749
393000	31	242	603	8504	789	3769	24956	12513
394000	19	255	596	8550	641	3852	24973	11783
395000	23	246	545	8564	928	3620	24797	12229
396000	34	246	490	8145	1063	4000	22826	14313
397000	32	218	522	7961	1052	4180	22680	15310
398000	20	241	468	8047	944	4249	23478	14317
399000	28	245	492	8475	1010	3706	25736	13219
400000	26	255	665	8021	935	3958	24766	14040
401000	35	283	523	8415	926	3765	24413	12994
402000	36	231	484	8400	922	3830	24894	13926
403000	35	242	455	8611	1051	3580	25350	12764
404000	35	252	425	8570	1232	3468	24946	13105
405000	37	246	617	8240	1284	3451	25154	13955
406000	24	213	511	8396	1210	3592	24814	12828
407000	35	214	630	8820	1013	3220	24350	11653
408000	30	212	659	8648	912	3399	25766	11895
409000	28	207	724	8769	748	3382	25992	10399
410000	28	254	644	8940	713	3271	25976	11277
411000	25	233	443	9280	555	3427	27442	11388
412000	19	192	424	9058	675	3606	27047	11201
413000	20	243	464	8847	598	3800	26826	12910
414000	26	232	505	9036	666	3511	26104	11695
415000	17	255	391	9055	689	3607	26218	12379
416000	30	246	480	8698	734	3771	24733	12389
417000	24	216	459	8002	608	4686	24439	14813
418000	21	223	375	7775	906	4704	22627	15099
419000	20	265	424	7729	851	4706	22223	16073
420000	19	266	413	7997	630	4696	24408	14149
421000	27	229	501	7810	741	4668	23783	14284
422000	20	253	462	8001	875	4370	23018	14382
423000	21	245	582	8234	679	4186	24152	14096
424000	23	266	396	8366	721	4241	23930	13903
425000	15	206	455	8435	710	4169	23733	14867
426000	14	268	347	8593	638	4177	24547	13405
427000	27	275	486	7784	784	4604	23390	14925
428000	27	280	466	7975	761	4482	22236	14766
429000	43	230	466	7851	1348	4035	23618	13695
430000	31	257	449	8120	1141	3985	23297	14151
431000	26	234	512	7775	1223	4184	23115	15705
432000	33	234	447	7516	1394	4341	23435	15190
433000	28	231	557	7257	1204	4654	20895	15975
434000	35	207	510	7203	1419	4532	21255	16097
435000	40	268	515	7260	1542	4337	21037	15727
436000	25	239	570	7647	1069	4383	23349	15456
437000	37	241	581	7610	1142	4299	22899	14064
438000	31	202	508	7424	1387	4385	22586	15702
439000	27	268	441	7478	1300	4482	22278	16231
440000	36	234	535	7540	1294	4282	21780	15893
441000	34	265	315	7750	1369	4312	22006	15775
442000	24	214	546	7717	1138	4310	23748	15767
443000	38	244	420	7481	1390	4397	22079	15123
444000	36	203	752	7154	1320	4357	21030	16144
445000	39	231	492	7343	1259	4572	21610	15613
446000	37	281	563	7509	1157	4391	22586	16508
447000	32	227	545	7593	1048	4499	23115	15466
448000	28	237	460	7698	1265	4317	22443	14570
449000	32	212	484	7532	1225	4442	22325	14961
450000	34	239	568	7543	1106	4458	23195	15289
451000	30	247	376	7762	930	4612	23099	14970
452000	26	245	544	7609	721	4770	23720	14923
453000	16	212	501	7318	958	4940	21359	17235
454000	24	256	411	7664	998	4627	21695	16253
455000	27	234	341	7797	998	4625	23328	16153
456000	22	279	407	8251	968	4116	25080	13162
457000	25	258	476	8308	982	3965	25157	14140
458000	34	251	569	7836	1173	4061	23399	13769
459000	38	237	482	8003	1250	3911	24287	14167
460000	38	236	549	7752	1183	4132	23540	14195
461000	37	234	432	7841	1035	4419	22719	15265
462000	24	236	392	7737	1151	4504	22765	15931
463000	41	225	509	7534	1322	4296	22847	14950
464000	20	225	443	7787	1131	4385	22140	14719
465000	25	228	490	7899	1126	4218	24321	15019
466000	32	240	461	7265	1160	4827	21712	16956
467000	21	289	313	7232	1099	5100	21041	17313
468000	26	250	403	7245	1165	4912	21614	18335
469000	16	228	422	7663	772	4902	22141	15394
470000	24	267	383	7553	675	5133	21149	14920
471000	20	244	341	7609	849	4979	22636	15403
472000	23	225	463	7771	802	4703	22442	15353
473000	20	239	349	8060	877	4503	23821	15511
474000	24	219	393	7870	880	4628	23127	14957
475000	29	254	460	7751	837	4645	22929	14283
476000	31	220	501	7305	862	5042	21674	16611
477000	25	275	496	6994	907	5264	22502	17382
478000	27	218	403	6940	1064	5330	20790	18326
479000	25	251	360	7124	1074	5188	20564	16975
480000	20	276	395	7013	1127	5192	20749	17285
481000	27	264	363	7066	1055	5267	20666	17591
482000	21	231	446	7357	1111	4821	21023	16432
483000	18	299	395	7178	917	5216	20156	16074
484000	23	240	321	6991	864	5581	21821	17992
485000	35	209	331	7095	1087	5240	21105	19140
486000	34	198	428	7458	981	4880	21329	16899
487000	11	234	370	7384	1105	4938	22060	16512
488000	33	229	402	7515	1131	4711	22468	16344
489000	23	262	395	7809	1066	4477	22412	15612
490000	22	237	409	7775	1164	4438	23587	14949
491000	31	249	521	8265	1102	3799	23256	14891
492000	31	231	588	7860	987	4164	23871	13938
493000	23	216	419	8074	1018	4267	24417	14099
494000	17	237	462	8153	737	4355	24366	13244
495000	33	234	443	7994	879	4413	23759	14723
496000	31	278	391	7924	886	4540	23321	14506
497000	33	225	349	8122	863	4435	23794	14910
498000	16	244	480	7813	719	4686	23462	15745
499000	27	222	507	8470	724	4002	24797	14252
500000	33	218	511	8341	1101	3763	25486	14065
501000	35	237	392	8329	1107	3896	23819	13896
502000	25	231	485	8620	805	3829	24426	13126
503000	27	214	428	8622	793	3932	25597	12770
504000	21	231	487	8591	501	4135	25992	13575
505000	28	249	435	8537	570	4190	25525	12279
506000	12	244	375	8213	683	4514	25026	14224
507000	36	227	531	8026	785	4321	24398	13545
508000	24	287	472	8305	860	4017	25104	13016
509000	29	261	535	8487	855	3757	24964	12525
510000	27	196	556	8807	765	3578	25542	12561
511000	18	222	535	9145	905	3081	27493	11137
512000	26	240	524	9067	723	3358	28397	11601
513000	24	269	413	9155	757	3395	25606	11874
514000	16	260	573	9099	642	3361	28370	11195
515000	10	258	466	9722	642	2884	28215	10092
516000	22	285	427	10141	404	2679	29772	8761
517000	20	256	510	10198	371	2583	30841	8439
518000	17	237	393	10590	323	2434	30380	7797
519000	16	282	361	10592	526	2200	29357	8056
520000	14	241	517	10374	482	2330	29957	7389
521000	12	253	554	10167	522	2438	29234	9197
522000	23	243	589	10032	427	2565	28927	8629
523000	28	245	526	10415	588	2173	30398	7608
524000	24	268	453	10340	380	2486	30708	8343
525000	11	296	394	10520	299	2498	30226	7899
526000	15	252	401	10643	318	2371	30517	7589
527000	15	227	576	10619	304	2170	31406	7161
528000	15	237	521	10617	319	2216	30760	6445
529000	13	256	500	11048	307	1825	32125	5516
530000	13	259	472	11710	201	1329	33548	4725
531000	13	245	537	11838	174	1126	34554	3466
532000	16	233	443	11944	190	1178	35842	3719
533000	10	262	623	11592	239	1175	32787	3908
534000	16	272	498	11947	242	1009	34343	3401
535000	12	237	530	11753	207	1203	32860	4160
536000	13	268	528	12000	165	1026	34506	3096
537000	5	280	475	12185	44	987	35611	2805
538000	10	249	402	12250	32	1086	35353	2532
539000	9	268	441	12251	81	915	35075	3050
540000	13	254	446	12108	61	1113	34238	3307
541000	10	254	470	12128	83	1039	36090	3196
542000	9	285	525	12273	42	801	35575	2369
543000	10	275	454	12160	107	987	34821	2779
544000	16	256	489	12368	71	761	33659	2477
545000	12	243	416	12416	98	802	35874	1844
546000	9	210	410	12461	148	796	37022	2558
547000	9	261	459	12420	65	803	36389	2133
548000	9	236	485	12167	116	969	35204	3033
549000	14	246	340	12545	90	813	34906	2544
550000	9	254	345	12816	62	580	36053	1865
551000	22	253	432	12640	83	565	35825	1863
552000	11	285	395	12481	70	762	34413	2447
553000	10	254	470	12395	70	746	34435	2104
554000	8	255	441	12270	35	954	36887	2614
555000	9	261	519	12024	78	1091	35954	3349
556000	19	250	547	11914	73	1110	34672	3526
557000	10	279	481	11977	90	1137	34928	3664
558000	10	258	562	12031	82	976	35813	3328
559000	14	237	492	12179	107	919	34337	2439
560000	13	285	595	11981	153	877	34820	2913
561000	16	260	530	12359	74	679	35999	2381
562000	14	230	531	12601	37	528	35236	1539
563000	3	256	480	12624	38	553	35858	1710
564000	12	278	508	12753	48	373	37785	1290
565000	10	248	498	12637	123	452	36617	1327
566000	15	235	572	12302	239	540	36504	1945
567000	16	266	484	12346	250	608	34782	2466
568000	19	243	511	12470	186	526	35212	2104
569000	6	285	450	12502	150	579	35946	2022
570000	13	271	581	12340	186	569	35733	2137
571000	12	274	626	12248	103	644	35688	2017
572000	19	271	625	12176	105	696	35118	2178
573000	16	272	455	12365	124	748	35228	2542
574000	14	235	519	12436	97	660	36443	2115
575000	9	258	508	12473	176	515	36060	2126
576000	6	310	379	12777	118	458	36025	1647
577000	13	225	570	12541	101	477	37490	1740
578000	9	255	496	12415	101	663	34742	2268
579000	9	251	317	12822	46	637	36933	1717
580000	13	239	356	12519	130	767	36003	2135
581000	5	287	312	12562	122	785	36341	2283
582000	19	275	403	12336	119	892	35834	2480
583000	9	254	469	12201	91	942	34893	2581
584000	11	266	654	12119	83	747	34772	2462
585000	5	241	419	12435	111	768	37583	2319
586000	12	251	415	12329	64	943	35170	2756
587000	12	283	359	12398	69	894	34570	2794
588000	7	269	433	12203	67	1027	34310	2786
589000	14	252	481	12200	85	951	35043	2961
590000	8	246	416	12198	141	984	35001	3011
591000	10	225	634	11798	197	1013	34873	3665
592000	13	218	463	12234	134	929	34496	3068
593000	12	283	401	12213	77	1039	33408	3210
594000	2	237	363	12357	33	1060	35745	2634
595000	7	286	421	12325	62	934	34231	2702
596000	15	238	503	12163	123	928	35436	2893
597000	32	274	658	11844	156	904	33961	3243
598000	17	249	595	12114	105	810	35348	2595
599000	15	261	615	12064	131	801	35700	2674
600000	17	276	474	12169	230	759	36016	2927
601000	17	270	537	11794	323	996	34348	3692
602000	13	242	406	12187	128	1083	33961	2823
603000	14	282	546	11920	217	1000	35645	2961
604000	6	283	445	12100	166	1024	34502	3512
605000	25	278	478	11850	258	1094	34354	3613
606000	19	268	483	11628	391	1147	33137	4337
607000	9	278	414	11596	313	1414	33884	4520
608000	19	252	448	11816	322	1165	34223	4465
609000	8	248	421	11891	246	1153	34889	4196
610000	7	278	350	12122	222	1012	33963	3608
611000	11	287	416	12262	140	885	34665	3073
612000	7	265	367	12278	156	985	34042	3076
613000	9	238	419	12335	158	817	36882	2541
614000	14	274	519	12354	149	605	36487	2018
615000	12	278	446	12343	160	742	35527	2184
616000	11	233	490	12579	115	537	36264	2297
617000	15	270	393	12608	87	667	35048	2290
618000	5	270	458	12789	21	454	36374	1263
619000	6	254	425	12948	19	332	36754	1367
620000	9	282	645	12581	30	361	35845	1377
621000	10	269	558	12773	15	318	37244	1166
622000	9	222	462	12816	34	434	36827	1328
623000	7	238	364	12836	34	538	36837	1770
624000	6	298	415	12648	13	609	35910	2143
625000	13	199	395	12755	69	629	36722	1993
626000	9	267	471	12561	113	574	36744	2028
627000	22	260	511	12416	138	611	36349	1729
628000	7	255	675	12436	84	462	38308	1457
629000	8	262	402	12821	78	484	37126	1455
630000	9	263	367	12820	152	442	38040	1629
631000	11	262	417	12771	68	453	35844	1480
632000	18	232	550	12636	58	431	36797	1420
633000	17	251	712	12411	101	390	34769	1271
634000	9	253	442	12761	96	450	36189	1561
635000	5	247	511	12596	75	507	36516	1794
636000	9	270	486	12721	126	360	37793	1472
637000	19	268	597	12689	35	318	37543	1069
638000	19	229	562	12995	19	109	36475	432
639000	8	245	495	13138	13	88	36964	317
640000	11	258	502	13057	7	111	37546	312
641000	9	252	450	13136	0	118	36717	400
642000	12	278	475	13116	0	94	38429	299
643000	5	235	554	13128	1	43	37771	125
644000	9	255	547	13110	8	40	37999	120
645000	5	263	509	13130	1	63	38789	180
646000	5	288	302	13426	10	54	38175	214
647000	3	262	482	13158	33	61	37430	178
648000	18	247	484	13117	31	84	36792	405
649000	11	248	462	13024	3	197	37164	477
650000	7	253	501	12984	2	205	37780	458
651000	10	245	492	13076	24	133	35717	413
652000	5	263	449	13061	36	180	37841	605
653000	5	263	444	13112	0	150	38191	471
654000	5	321	491	13045	9	69	38005	146
655000	12	212	490	13160	3	79	37802	96
656000	6	278	463	13143	1	96	37555	308
657000	13	272	399	13174	0	156	38061	403
658000	11	238	479	12954	3	286	37505	912
659000	5	255	496	12827	5	371	37793	930
660000	13	269	489	12763	62	352	37352	1259
661000	8	251	352	13164	27	284	36350	1277
662000	10	212	347	13223	10	215	39120	611
663000	2	262	375	13255	1	142	38225	352
664000	11	299	445	13238	7	23	37361	99
665000	2	252	393	13367	0	14	39247	58
666000	5	297	345	13301	2	58	39775	116
667000	8	306	484	13154	0	24	37814	64
668000	8	251	459	13201	1	63	37648	223
669000	12	264	508	13123	0	22	39211	97
670000	7	270	511	13102	0	32	38864	61
671000	9	286	467	13176	0	67	37172	109
672000	3	268	405	13293	0	32	38826	88
673000	8	250	536	13067	0	37	37248	134
674000	7	269	530	13120	15	11	37914	44
675000	7	249	529	13145	8	6	38754	15
676000	8	263	468	13231	17	11	39065	149
677000	10	240	605	13063	13	14	38413	171
678000	11	273	597	13019	0	2	39799	6
679000	7	239	558	13002	74	23	37531	268
680000	20	265	701	12645	167	67	36818	493
681000	13	249	519	12801	86	276	36484	1071
682000	14	250	446	12876	113	280	36979	1141
683000	17	248	536	12813	75	281	36673	1059
684000	9	252	494	12824	50	346	36956	1127
685000	11	275	519	12668	19	444	37922	1457
686000	5	240	386	12995	62	365	36942	1258
687000	4	265	434	12850	76	369	36974	1206
688000	9	258	465	12970	45	276	37576	1001
689000	5	279	502	12805	44	338	36291	1115
690000	21	234	597	12681	34	339	37750	1091
691000	5	255	430	12920	43	360	36723	1251
692000	7	260	422	12809	98	414	37665	1565
693000	10	248	379	12864	119	397	35643	1486
694000	6	221	570	12639	120	303	37535	1208
695000	9	253	497	12941	63	223	37274	694
696000	16	296	524	12901	81	132	37567	593
697000	9	244	427	13079	98	171	38480	895
698000	8	256	491	12993	78	104	39527	419
699000	8	218	525	13011	30	194	38802	556
700000	13	247	462	13006	60	148	38001	420
701000	6	282	346	13326	18	114	37739	214
702000	6	277	370	13281	17	69	38267	259
703000	7	234	552	12901	36	152	37115	311
704000	6	300	440	13093	15	134	37751	313
705000	4	256	489	13079	28	124	37925	696
706000	7	260	389	13202	0	136	37396	368
707000	4	222	424	13212	12	123	36864	345
708000	14	257	425	12943	44	306	36641	781
709000	18	258	629	12498	78	392	35890	1121
710000	14	232	617	12344	45	686	35401	1961
711000	10	231	630	12412	8	611	35460	1676
712000	10	234	495	12347	46	835	37591	2134
713000	7	281	440	12573	74	608	34902	1836
714000	12	270	552	12408	95	579	38234	1775
715000	20	270	590	12211	108	726	36047	2504
716000	9	300	508	12432	92	614	35629	2018
717000	18	263	530	12386	131	652	37777	2225
718000	6	238	467	12655	51	564	37162	1604
719000	12	256	462	12767	72	401	36476	1531
720000	6	252	587	12620	52	380	37397	1247
721000	8	269	508	12783	91	309	36828	1115
722000	10	279	495	12762	20	412	36500	1055
723000	6	247	547	12670	11	469	36664	1282
724000	11	270	416	12659	43	606	36316	1561
725000	8	257	438	12731	59	514	36145	1238
726000	13	246	407	12643	60	640	36489	1872
727000	15	271	422	12561	40	688	35684	1998
728000	11	271	464	12725	63	453	36783	1548
729000	12	227	612	12582	75	415	35121	1372
730000	17	258	700	12417	72	360	37142	1068
731000	7	258	360	12861	56	489	37484	1479
732000	8	245	410	12522	33	795	36378	2274
733000	5	286	325	12666	67	706	35752	2077
734000	18	288	488	12366	56	774	35343	2391
735000	14	266	453	12508	75	678	35627	1907
736000	8	246	471	12585	86	605	37235	2018
737000	14	223	613	12393	28	590	36661	1620
738000	23	245	460	12612	87	560	36532	1691
739000	6	271	430	12780	26	492	37097	1158
740000	10	261	516	12638	16	507	36547	1191
741000	5	253	352	13014	13	389	36130	1225
742000	19	280	408	12846	52	402	36470	1496
743000	8	261	470	12778	35	432	36481	1409
744000	18	295	418	12867	13	353	36647	1037
745000	7	285	432	12988	30	257	36834	827
746000	5	260	358	13087	20	267	38076	788
747000	4	258	531	12942	4	233	38016	712
748000	9	315	497	12822	15	316	36544	881
749000	15	221	500	12729	52	441	34606	1373
750000	4	268	487	12836	30	361	37692	1101
751000	4	221	418	12805	46	510	36866	1401
752000	9	277	451	12809	46	402	36953	1214
753000	15	248	371	13006	20	342	37281	884
754000	10	269	406	12943	28	370	37710	1170
755000	8	214	460	12842	97	344	38589	1387
756000	15	253	497	12832	92	302	36036	1043
757000	6	255	458	12941	57	297	37511	1050
758000	5	281	458	12833	99	314	36382	1290
759000	1	265	500	12771	86	366	35765	1485
760000	10	243	555	12731	40	340	37636	1099
761000	13	273	640	12657	50	291	36056	1148
762000	11	240	473	12780	25	426	36419	1095
763000	10	237	368	13094	53	316	37252	877
764000	3	250	296	13177	10	339	36970	947
765000	2	244	421	13148	2	221	36948	596
766000	3	246	328	13278	7	189	37925	598
767000	12	245	392	13125	11	222	36845	768
768000	14	288	484	12979	23	154	37133	563
769000	5	288	433	13198	2	75	38147	210
770000	16	235	470	13212	0	77	39290	193
771000	9	229	499	13074	18	143	37833	456
772000	12	285	540	13003	13	64	36386	287
773000	7	283	377	13335	4	47	39500	135
774000	10	231	551	13119	0	32	38668	67
775000	10	261	487	13205	3	11	37973	29
776000	7	284	510	13125	0	4	37480	2
777000	13	266	652	12897	47	4	38060	79
778000	16	254	592	12973	29	55	37827	269
779000	9	255	521	13106	6	50	36287	254
780000	11	256	440	13271	1	0	39138	2
781000	12	221	577	12985	105	20	39356	325
782000	11	262	687	12835	36	55	37521	296
783000	12	280	656	12907	1	30	38131	159
784000	6	234	638	12980	0	13	36841	117
785000	6	263	408	13329	0	2	37794	1
786000	11	264	402	13315	12	32	38984	195
787000	13	289	464	13254	0	5	38141	1
788000	16	290	501	13025	105	21	37785	303
789000	10	283	537	13117	16	0	37356	52
790000	13	267	504	13191	8	0	38493	2
791000	11	226	568	13133	6	8	38589	59
792000	25	245	615	12974	24	16	37819	188
793000	8	248	554	13151	0	7	38435	30
794000	14	220	461	13124	108	30	38492	450
795000	7	272	420	13211	20	92	37319	222
796000	7	263	435	13130	21	125	37220	538
797000	4	266	489	13208	0	8	38770	70
798000	8	240	470	13263	28	17	38004	128
799000	18	235	556	13069	20	31	37530	162
800000	11	273	390	13256	67	32	36709	292
801000	8	238	488	13164	31	44	39273	250
802000	4	270	470	13235	4	8	37803	71
803000	7	262	496	13108	125	6	37749	252
804000	5	232	455	13193	79	34	38160	332
805000	17	304	368	13204	61	44	37110	356
806000	11	266	516	12973	98	92	38020	398
807000	18	271	520	13004	73	72	37231	473
808000	8	249	647	12716	116	159	35920	575
809000	11	272	681	12606	92	189	36942	846
810000	2	272	455	12837	202	195	37759	1106
811000	19	251	432	12983	76	217	36059	626
812000	14	251	516	12944	22	154	37319	566
813000	16	248	586	12802	44	199	36931	684
814000	11	253	650	12786	4	239	37009	616
815000	6	251	465	12915	45	328	34965	690
816000	6	264	449	12868	21	366	37612	1257
817000	11	246	455	12913	66	347	37187	1236
818000	14	232	496	12851	55	320	38114	1155
819000	6	232	433	12892	77	340	35815	1492
820000	12	222	521	12711	85	357	37263	1134
821000	7	248	444	12984	11	322	36241	1134
822000	8	281	457	12747	45	465	36041	1199
823000	8	268	525	12625	41	483	35711	1535
824000	17	238	424	12809	21	465	37225	1024
825000	8	260	419	12857	29	402	37182	1066
826000	5	237	355	13106	4	315	37818	781
827000	15	255	536	12757	8	364	37494	831
828000	10	257	471	12706	21	494	38339	1432
829000	11	261	480	12746	45	438	36375	1353
830000	9	275	403	12931	23	404	37879	1293
831000	7	256	416	12932	12	385	35212	1269
832000	12	288	467	12660	30	498	36937	1338
833000	10	269	547	12683	45	423	36273	1329
834000	3	240	438	12888	72	339	36889	1021
835000	10	269	419	12892	126	278	36629	1046
836000	12	224	496	12846	79	367	36867	1156
837000	16	252	508	12624	150	393	37259	1430
838000	17	229	472	12481	173	576	36229	2310
839000	17	295	482	12554	85	545	37439	1531
840000	15	273	402	12834	80	436	36631	1309
841000	10	261	437	12888	48	360	35424	1365
842000	6	237	495	12860	26	337	36465	1139
843000	18	262	543	12545	167	417	36218	1576
844000	21	266	705	12406	105	337	36399	1397
845000	15	253	539	12750	83	282	37161	1335
846000	11	235	474	12806	113	328	37203	1223
847000	9	247	441	12955	62	254	36803	935
848000	15	265	763	12335	56	394	36087	1246
849000	6	267	639	12563	56	402	35944	1517
850000	12	267	434	12819	46	434	35952	1188
851000	10	257	497	12817	83	342	36725	1427
852000	11	256	491	12901	24	263	37646	866
853000	8	273	532	12834	12	272	36375	956
854000	9	255	343	12952	78	390	37869	1050
855000	7	287	506	12581	101	484	36707	1534
856000	8	234	390	12967	34	360	37088	1248
857000	13	244	572	12682	69	370	35676	1256
858000	9	242	497	12968	13	264	37048	621
859000	13	243	501	12806	92	249	37400	738
860000	16	269	555	12576	96	409	36431	1675
861000	12	241	571	12374	121	621	35295	1904
862000	8	231	502	12510	55	631	36659	1994
863000	11	288	450	12510	46	699	36913	1834
864000	6	253	439	12454	102	782	35795	2402
865000	6	254	571	12303	40	756	36166	2462
866000	11	264	484	12001	75	1121	35675	3148
867000	6	244	442	12265	92	978	35467	3009
868000	15	268	408	12242	61	1055	35449	2670
869000	9	270	417	12123	67	1155	34637	3313
870000	14	263	432	11957	228	1086	34514	3805
871000	28	221	569	11510	417	1160	32775	4718
872000	25	257	515	11708	391	1070	33513	4434
873000	16	310	509	11805	347	974	33978	3921
874000	14	263	435	12396	186	726	35854	2694
875000	15	251	430	12627	120	554	36764	1743
876000	6	283	405	12557	110	629	35023	2134
877000	10	276	406	12416	183	731	36347	2692
878000	7	272	415	12162	116	1021	35383	3554
879000	7	257	546	11868	93	1147	33544	3197
880000	12	231	471	11963	130	1164	34442	3699
881000	16	280	556	12020	108	940	33821	3225
882000	6	256	414	12180	73	1113	34447	3432
883000	8	248	473	12137	60	1052	33656	2914
884000	11	264	499	11709	168	1290	34182	3737
885000	27	248	583	11697	256	1098	35076	3557
886000	7	232	497	11924	165	1146	33447	3702
887000	24	253	517	11706	152	1299	33562	4043
888000	20	296	459	11745	207	1283	34133	3861
889000	11	265	467	11505	270	1446	33333	4514
890000	21	295	398	11828	167	1308	34885	4296
891000	9	275	366	12058	89	1256	33476	3878
892000	5	295	422	12213	92	966	34659	2977
893000	2	254	358	12170	121	1129	34589	3300
894000	6	256	445	12090	98	1072	35280	3456
895000	11	309	480	12165	65	945	35760	2953
896000	21	265	400	12378	107	869	35437	2778
897000	4	260	569	12061	158	834	35577	2745
898000	5	256	602	12038	206	822	34454	3168
899000	20	285	587	12188	132	738	34998	2327
900000	12	240	673	12056	112	757	36478	2273
901000	9	216	457	12012	113	1182	34324	3875
902000	12	239	467	11876	170	1208	34390	3725
903000	8	247	527	11899	103	1157	34641	3656
904000	6	259	435	12222	123	986	34782	3253
905000	7	263	427	12110	133	1055	36587	3266
906000	12	259	444	12278	77	952	35205	2621
907000	13	258	426	11891	82	1306	34345	3679
908000	10	249	497	11795	115	1299	34311	4444
909000	20	256	464	11522	241	1460	33377	4525
910000	13	258	521	11638	258	1292	33391	4164
911000	23	268	581	11459	229	1367	33544	4091
912000	12	253	648	11127	256	1578	31692	4665
913000	10	288	626	10845	340	1818	31145	5878
914000	22	260	762	10460	341	1979	30040	6232
915000	14	206	612	11208	301	1547	32411	5467
916000	16	253	658	11489	331	1149	34043	3971
917000	26	241	549	11762	308	1067	36218	3506
918000	13	220	684	11505	295	1162	33728	3402
919000	24	262	537	11657	454	974	34054	4012
920000	9	227	482	11734	398	1122	34782	4186
921000	18	278	428	11961	406	949	34629	3826
922000	18	224	499	11691	376	1152	32703	3863
923000	13	250	395	11499	412	1433	34608	5071
924000	20	290	572	11048	441	1546	31855	6195
925000	15	294	510	11166	193	1760	33149	5659
926000	13	236	389	11214	289	1903	33427	6264
927000	14	201	464	10930	238	2137	32804	6880
928000	6	289	393	11029	180	2137	32329	6493
929000	7	256	312	11415	134	1954	32814	5307
930000	8	262	360	11306	154	1963	32262	5750
931000	16	248	423	11170	170	1987	32250	6147
932000	15	260	492	11095	174	1947	32144	6000
933000	8	225	461	11123	160	2049	32821	6308
934000	17	257	533	10977	281	1897	31597	6042
935000	19	254	459	10716	254	2299	30414	6320
936000	13	243	395	10412	225	2764	30420	8055
937000	11	241	314	10001	546	2939	29235	10568
938000	18	237	490	9702	572	2954	27710	9996
939000	23	266	487	9483	686	3035	28331	10434
940000	26	222	453	9358	747	3174	28236	10547
941000	29	243	501	8833	840	3461	27808	11744
942000	32	233	558	9030	828	3233	27056	11316
943000	33	241	485	8873	998	3319	25929	12362
944000	24	249	423	9327	827	3141	27090	10660
945000	17	233	498	9530	570	3072	27600	10685
946000	30	257	388	9911	728	2725	29396	9254
947000	12	259	461	9866	711	2637	28614	9252
948000	13	214	360	9833	572	3019	28339	10031
949000	23	272	539	9871	441	2834	29245	9246
950000	17	234	563	9966	605	2576	29379	9073
951000	14	240	439	9919	516	2857	28432	9082
952000	25	262	474	9485	629	3034	27901	9980
953000	19	245	586	9541	655	2791	28780	9982
954000	23	240	557	9844	456	2793	29022	9560
955000	28	244	592	9905	505	2629	28311	9013
956000	16	242	816	9931	416	2395	29302	8432
957000	18	275	487	10126	511	2553	29294	8424
958000	27	238	477	10168	536	2496	28912	9365
959000	33	300	442	10326	340	2527	30212	7336
960000	21	260	559	10071	592	2417	29042	8177
961000	34	244	595	10633	436	1935	30859	6936
962000	19	243	547	10271	597	2215	32044	7516
963000	20	291	549	10361	708	2033	30376	6544
964000	20	196	546	10442	585	2163	29186	8197
965000	30	255	597	10041	630	2331	29114	8118
966000	31	239	619	10377	570	2060	30665	7638
967000	30	203	507	10250	621	2373	29168	8703
968000	20	234	540	10186	634	2320	29623	8149
969000	19	225	497	10541	630	2047	31553	7667
970000	14	237	433	10558	681	2113	30994	7910
971000	35	281	477	10466	545	2143	29686	7691
972000	20	247	533	10545	519	2094	30377	7048
973000	14	257	505	10684	501	1988	31559	6576
974000	17	259	394	10872	391	2104	30863	7200
975000	25	297	503	10650	295	2182	31050	6199
976000	25	242	605	10036	518	2467	28972	7680
977000	10	258	476	10087	449	2691	29042	8496
978000	17	263	518	9857	410	2921	27982	8983
979000	21	270	462	10161	324	2795	28760	8446
980000	18	245	545	9525	497	3094	27015	9531
981000	27	249	539	9082	517	3501	27726	10969
982000	26	272	427	9369	560	3330	28301	10484
983000	21	243	645	8862	829	3282	27962	11872
984000	29	226	473	9515	886	2872	26185	11123
985000	19	241	596	9440	775	2818	28060	10550
986000	20	274	596	9624	805	2622	28888	9420
987000	24	262	425	9983	599	2695	29864	9338
988000	20	236	518	9722	613	2839	28706	9414
989000	15	272	375	9685	489	3177	27991	10051
990000	19	217	452	9533	538	3195	29087	10389
991000	19	279	481	8986	774	3422	25682	10662
992000	23	256	512	8722	775	3645	26279	12008
993000	19	225	433	8303	781	4239	24955	13849
994000	24	263	682	8424	735	3735	25692	11845
995000	27	225	567	9188	797	3116	26458	10703
996000	27	257	594	9194	555	3248	27089	9979
997000	16	291	585	9297	695	3036	27108	10317
998000	19	240	473	9518	742	2993	28460	10527
999000	18	259	580	9256	702	3097	27370	11178
