0	0	0	0	14400	0	0	0	0
1000	10	235	561	13039	79	28	37451	217
2000	27	256	980	12378	83	35	37394	199
3000	33	225	1275	11895	112	6	34979	508
4000	28	220	1523	11410	122	69	35466	491
5000	38	213	1860	10989	93	7	36446	495
6000	69	181	2505	9935	59	25	35390	233
7000	51	181	2598	9733	66	113	33645	370
8000	55	182	2810	9105	150	266	32517	1150
9000	91	190	2990	9123	15	86	33004	300
10000	132	135	4193	7170	0	0	32732	1
11000	70	162	4116	7326	0	0	32070	26
12000	95	198	4408	6636	0	0	30457	2
13000	117	167	4507	6355	66	9	30762	102
14000	109	155	4466	6562	0	0	31167	4
15000	144	178	3575	8102	55	6	31022	307
16000	87	183	3281	8563	75	63	32602	511
17000	91	264	3427	8347	88	21	32613	481
18000	75	206	2478	10049	0	0	35246	1
19000	42	194	2996	9149	56	10	34504	172
20000	118	179	3120	8906	8	0	33698	36
21000	87	214	3902	7423	26	0	32436	47
22000	89	222	2849	9311	56	0	33581	230
23000	39	184	2506	9879	203	17	33506	775
24000	57	259	2146	10270	228	75	36422	811
25000	69	230	2895	9259	20	35	34059	155
26000	60	187	2863	9446	0	0	34515	3
27000	72	164	3103	9072	0	32	33130	118
28000	43	204	3045	9058	116	12	34078	298
29000	59	167	2691	9405	241	85	33536	860
30000	59	230	2941	9086	19	197	32002	498
31000	127	190	3270	7981	223	477	30065	1859
32000	63	188	3380	7401	330	803	30758	3356
33000	81	150	3598	7692	189	332	31933	1930
34000	120	130	3988	7237	177	0	30103	232
35000	125	183	4664	6113	76	6	30982	291
36000	150	164	4597	6086	95	21	29385	351
37000	174	132	5502	4073	229	221	27262	1033
38000	159	164	5029	4965	394	207	27755	1972
39000	184	111	4694	5847	188	31	28924	778
40000	131	164	4879	5616	110	93	28156	710
41000	143	146	4586	6237	112	2	31535	287
42000	134	114	4760	5787	232	1	29392	641
43000	138	134	4451	6431	80	9	30345	284
44000	97	154	4474	6518	45	0	30420	124
45000	128	138	4431	6644	17	0	30475	44
46000	102	174	4110	7042	0	0	31037	2
47000	145	159	4217	7003	0	0	31448	7
48000	100	142	4375	6641	0	0	31243	1
49000	99	178	3878	7455	126	20	31083	499
50000	105	193	2908	9249	10	44	33842	105
51000	58	222	3251	8789	0	0	33438	13
52000	66	174	3581	8250	2	0	32876	58
53000	77	219	3677	7831	140	0	33517	110
54000	100	200	5144	5178	17	20	29331	188
55000	137	169	4907	5705	0	0	29638	1
56000	89	127	5076	5277	35	0	28219	83
57000	95	157	4934	5433	108	0	27629	208
58000	118	111	5244	5020	111	4	28603	140
59000	159	182	4330	6606	76	0	28315	79
60000	69	181	3946	7463	54	0	31745	128
61000	112	159	4775	5959	41	0	29608	209
62000	95	102	4926	5743	51	0	29583	134
63000	94	152	4281	5595	1335	40	28089	2605
64000	115	115	4081	5311	1764	226	25845	5451
65000	134	154	3752	4960	2054	745	23513	8119
66000	175	125	4272	4573	1835	443	23908	6910
67000	195	119	4191	4477	2189	309	24254	6894
68000	130	121	5068	3052	1832	485	23283	6028
69000	141	79	4479	2571	2776	1185	20017	10324
70000	181	65	4643	2080	3253	735	18353	11388
71000	186	60	5414	1613	2101	870	20427	8891
72000	249	66	5270	1540	2562	585	19192	8982
73000	220	68	5586	1594	1878	404	21326	5016
74000	297	67	5932	2076	1109	77	22197	3813
75000	128	48	6636	1222	267	24	21792	859
76000	187	55	6700	1231	0	0	22009	2
77000	201	53	6509	1983	0	0	24032	4
78000	184	84	6228	2737	38	0	24792	184
79000	147	58	6241	2832	88	21	24623	177
80000	140	151	5668	4020	0	0	26257	2
81000	160	164	5430	4544	26	0	29303	166
82000	116	165	5732	4077	8	21	27644	118
83000	160	161	5074	5267	0	3	27617	41
84000	203	80	6015	3151	0	0	25810	18
85000	204	56	6311	2379	21	0	24669	89
86000	275	90	5986	3070	56	0	24905	28
87000	243	104	5655	3978	20	0	26307	0
88000	144	132	5822	3815	0	0	27201	2
89000	176	79	6007	3564	0	0	27218	4
90000	147	71	5772	3758	0	0	26372	2
91000	193	61	5368	4660	120	0	27562	296
92000	241	87	6116	2587	74	0	23096	146
93000	293	47	6279	2213	158	13	23006	389
94000	209	76	6170	2860	0	0	25936	3
95000	266	63	6282	2282	0	16	23302	192
96000	270	114	6066	2917	0	0	24922	1
97000	135	94	5820	3433	276	6	24510	744
98000	233	67	6324	2420	33	0	24931	143
99000	231	91	6406	2093	14	0	23014	0
100000	202	58	6188	2833	0	0	25280	9
101000	189	13	6675	1528	3	0	23098	23
102000	192	58	6177	2956	40	0	23335	46
103000	191	120	6596	1251	0	0	23612	9
104000	232	44	6715	1102	24	0	21480	68
105000	216	12	6663	1304	0	0	22781	29
106000	253	57	6484	1537	209	0	22266	426
107000	335	1	6653	48	286	0	18682	398
108000	162	0	6917	0	296	0	19070	950
109000	256	0	6857	0	43	0	18311	299
110000	331	0	6748	0	0	0	18465	1
111000	317	0	6609	0	0	0	18136	0
112000	278	0	6696	0	0	0	19594	0
113000	279	0	6722	0	0	0	19298	0
114000	291	0	6772	0	0	0	17709	0
115000	221	0	6684	0	0	0	17131	0
116000	353	0	6597	0	0	0	19351	0
117000	256	0	6859	0	0	0	18216	0
118000	163	0	6837	0	0	0	19650	0
119000	223	0	6795	0	0	0	18876	0
120000	308	0	6591	0	0	0	19180	0
121000	246	0	6905	0	0	0	18950	0
122000	253	0	6833	0	0	0	19194	0
123000	442	0	6734	0	0	0	18462	0
124000	173	0	6824	0	0	0	18560	0
125000	322	0	6677	0	0	0	18831	0
126000	281	0	6643	0	0	0	18300	0
127000	399	0	6621	0	0	0	18970	0
128000	237	0	6829	0	0	0	19489	0
129000	272	0	6754	0	0	0	19009	0
130000	332	0	6720	0	0	0	17654	0
131000	353	0	6578	0	0	0	17769	0
132000	321	0	6719	0	0	0	19057	0
133000	260	0	6784	0	0	0	17994	0
134000	512	0	6521	0	0	0	18297	0
135000	455	0	6430	0	0	0	17698	0
136000	423	0	6641	0	0	0	18382	0
137000	255	0	6845	0	0	0	18548	0
138000	161	0	6988	0	0	0	18717	0
139000	215	0	6717	0	0	0	19334	0
140000	211	0	6835	0	0	0	18733	0
141000	300	0	6868	0	0	0	18522	0
142000	230	0	6744	0	0	0	18599	0
143000	250	0	6726	0	0	0	19512	0
144000	197	0	6842	0	0	0	18483	0
145000	268	0	6755	0	0	0	18230	0
146000	175	0	6848	0	0	0	18975	0
147000	219	0	6805	0	0	0	18652	0
148000	175	0	6786	0	0	0	18724	0
149000	257	0	6805	0	0	0	18406	0
150000	319	0	6706	0	0	0	19342	0
151000	199	0	6885	0	0	0	18821	0
152000	395	0	6608	0	0	0	18140	0
153000	184	0	6743	0	0	0	18454	0
154000	238	0	6751	0	0	0	19756	0
155000	405	0	6561	0	0	0	18095	0
156000	264	0	6645	0	0	0	18229	0
157000	427	0	6540	0	0	0	17875	0
158000	241	0	6613	0	0	0	18012	0
159000	201	0	6806	0	0	0	18966	0
160000	238	0	6735	0	0	0	19221	0
161000	227	0	6822	0	0	0	19033	0
162000	269	0	6633	0	0	0	18339	0
163000	314	0	6692	0	0	0	18614	0
164000	273	0	6810	0	0	0	18597	0
165000	341	0	6719	0	0	0	18737	0
166000	268	0	6723	0	0	0	19059	0
167000	338	0	6684	0	0	0	19689	0
168000	209	0	6754	0	0	0	18908	0
169000	243	0	6794	0	0	0	17824	0
170000	250	0	6762	0	0	0	18316	0
171000	286	0	6768	0	0	0	19908	0
172000	243	0	6728	0	0	0	18025	0
173000	245	0	6736	0	0	0	18337	0
174000	292	0	6808	0	0	0	18093	0
175000	243	0	6697	0	0	0	17761	0
176000	364	0	6469	0	0	0	18923	0
177000	292	0	6776	0	0	0	18246	0
178000	283	0	6818	0	0	0	18692	0
179000	201	0	6866	0	0	0	19121	0
180000	385	0	6708	0	0	0	19368	0
181000	390	0	6783	0	0	0	19015	0
182000	274	0	6679	0	0	0	18306	0
183000	284	0	6642	0	0	0	18837	0
184000	261	0	6765	0	0	0	18528	0
185000	306	0	6818	0	0	0	18351	0
186000	350	0	6737	0	0	0	18218	0
187000	311	0	6795	0	0	0	18927	0
188000	262	0	6819	0	0	0	18967	0
189000	326	0	6665	0	0	0	19309	0
190000	279	0	6843	0	0	0	18707	0
191000	234	0	6807	0	0	0	19136	0
192000	344	0	6647	0	0	0	19193	0
193000	275	0	6795	0	0	0	19339	0
194000	285	0	6591	0	0	0	18602	0
195000	247	0	6737	0	0	0	18446	0
196000	352	0	6683	0	0	0	19131	0
197000	404	0	6553	0	0	0	18461	0
198000	206	0	6949	0	0	0	18194	0
199000	188	0	6780	0	0	0	19029	0
200000	281	0	6723	0	0	0	18501	0
201000	372	0	6711	0	0	0	18833	0
202000	168	0	6887	0	0	0	18877	0
203000	323	0	6780	0	0	0	18806	0
204000	165	0	6955	0	0	0	20252	0
205000	226	0	6885	0	0	0	19130	0
206000	335	0	6666	0	0	0	17906	0
207000	264	0	6761	0	0	0	19112	0
208000	169	0	6895	0	0	0	19040	0
209000	156	0	6781	0	0	0	20117	0
210000	409	0	6575	0	0	0	18709	0
211000	404	0	6635	0	0	0	17841	0
212000	331	0	6783	0	0	0	19115	0
213000	184	0	6806	0	0	0	18350	0
214000	307	0	6833	0	0	0	18785	0
215000	138	0	6926	0	0	0	18240	0
216000	297	0	6529	0	0	0	18543	0
217000	243	0	6854	0	0	0	18310	0
218000	422	0	6636	0	0	0	18997	0
219000	210	0	6766	0	0	0	18256	0
220000	285	0	6695	0	0	0	19180	0
221000	370	0	6679	0	0	0	18676	0
222000	285	0	6675	0	0	0	19795	0
223000	253	0	6703	0	0	0	17412	0
224000	170	0	6751	0	0	0	17870	0
225000	264	0	6738	0	0	0	17882	0
226000	291	0	6779	0	0	0	19016	0
227000	331	0	6658	0	0	0	18815	0
228000	218	0	6813	0	0	0	18715	0
229000	253	0	6790	0	0	0	19201	0
230000	281	0	6849	0	0	0	18205	0
231000	263	0	6903	0	0	0	19159	0
232000	239	0	6876	0	0	0	18773	0
233000	358	0	6753	0	0	0	18116	0
234000	231	0	6838	0	0	0	19508	0
235000	306	0	6719	0	0	0	18391	0
236000	261	0	6645	0	0	0	18362	0
237000	235	0	6806	0	0	0	19097	0
238000	376	0	6590	0	0	0	19425	0
239000	374	0	6666	0	0	0	18515	0
240000	338	0	6563	0	0	0	17671	0
241000	455	0	6543	0	0	0	18305	0
242000	446	0	6566	0	0	0	17848	0
243000	302	0	6644	0	0	0	18425	0
244000	364	0	6719	0	0	0	19181	0
245000	210	0	6851	0	0	0	18092	0
246000	283	0	6601	0	0	0	17833	0
247000	215	0	6742	0	0	0	19115	0
248000	255	0	6669	0	0	0	18576	0
249000	433	0	6697	0	0	0	18963	0
250000	162	0	6959	0	0	0	19111	0
251000	288	0	6681	0	0	0	18200	0
252000	279	0	6739	0	0	0	18757	0
253000	359	0	6733	0	0	0	18385	0
254000	211	0	6773	0	0	0	17315	0
255000	272	0	6731	0	0	0	18536	0
256000	263	0	6660	0	0	0	19173	0
257000	219	0	6762	0	0	0	18934	0
258000	274	0	6675	0	0	0	18112	0
259000	383	0	6633	0	0	0	17869	0
260000	308	0	6582	0	0	0	18651	0
261000	297	0	6767	0	0	0	18981	0
262000	265	0	6962	0	0	0	19048	0
263000	260	0	6723	0	0	0	19166	0
264000	212	0	6879	0	0	0	19296	0
265000	233	0	6818	0	0	0	19528	0
266000	298	0	6580	0	0	0	18296	0
267000	182	0	6936	0	0	0	18794	0
268000	191	0	6745	0	0	0	18151	0
269000	217	0	6778	0	0	0	19005	0
270000	284	0	6743	0	0	0	18973	0
271000	204	0	6861	0	0	0	19026	0
272000	305	0	6722	0	0	0	18540	0
273000	258	0	6726	0	0	0	16770	0
274000	295	0	6789	0	0	0	18868	0
275000	290	0	6627	0	0	0	19765	0
276000	304	0	6733	0	0	0	17800	0
277000	474	0	6576	0	0	0	19134	0
278000	316	0	6676	0	0	0	17872	0
279000	260	0	6789	0	0	0	19299	0
280000	207	0	6668	0	0	0	20125	0
281000	329	0	6704	0	0	0	19411	0
282000	446	0	6509	0	0	0	18056	0
283000	295	0	6683	0	0	0	18053	0
284000	221	0	6944	0	0	0	19258	0
285000	456	0	6642	0	0	0	18920	0
286000	233	0	6627	0	0	0	18851	0
287000	352	0	6608	0	0	0	18774	0
288000	177	0	6853	0	0	0	19242	0
289000	272	0	6699	0	0	0	18243	0
290000	234	0	6887	0	0	0	18831	0
291000	363	0	6642	0	0	0	19525	0
292000	273	0	6704	0	0	0	18570	0
293000	327	0	6687	0	0	0	19415	0
294000	164	0	6876	0	0	0	18980	0
295000	264	0	6729	0	0	0	18909	0
296000	300	0	6835	0	0	0	18472	0
297000	258	0	6717	0	0	0	18262	0
298000	466	0	6491	0	0	0	18153	0
299000	284	0	6767	0	0	0	17913	0
300000	295	0	6713	0	0	0	18559	0
301000	213	0	6810	0	0	0	18848	0
302000	296	0	6807	0	0	0	18770	0
303000	293	0	6771	0	0	0	18516	0
304000	195	0	6765	0	0	0	19922	0
305000	306	0	6699	0	0	0	19721	0
306000	238	0	6785	0	0	0	18714	0
307000	234	0	6841	0	0	0	18015	0
308000	234	0	6838	0	0	0	18094	0
309000	247	0	6829	0	0	0	18822	0
310000	352	0	6641	0	0	0	18621	0
311000	287	0	6743	0	0	0	17969	0
312000	401	0	6760	0	0	0	17834	0
313000	360	0	6633	0	0	0	18903	0
314000	246	0	6889	0	0	0	18763	0
315000	327	0	6682	0	0	0	18181	0
316000	288	0	6714	0	0	0	16899	0
317000	297	0	6755	0	0	0	18463	0
318000	197	0	6806	0	0	0	20210	0
319000	330	0	6624	0	0	0	18712	0
320000	364	0	6801	0	0	0	18987	0
321000	267	0	6652	0	0	0	19432	0
322000	220	0	6751	0	0	0	18914	0
323000	164	0	6924	0	0	0	17984	0
324000	270	0	6771	0	0	0	18692	0
325000	242	0	6673	0	0	0	18861	0
326000	204	0	6789	0	0	0	17509	0
327000	324	0	6603	0	0	0	19211	0
328000	229	0	6783	0	0	0	18939	0
329000	367	0	6714	0	0	0	18994	0
330000	276	0	6736	0	0	0	18925	0
331000	284	0	6757	0	0	0	18653	0
332000	354	0	6632	0	0	0	18125	0
333000	316	0	6659	0	0	0	18657	0
334000	242	0	6707	0	0	0	19510	0
335000	308	0	6784	0	0	0	17718	0
336000	354	0	6779	0	0	0	19005	0
337000	184	0	6804	0	0	0	18916	0
338000	349	0	6589	0	0	0	17781	0
339000	289	0	6912	0	0	0	18243	0
340000	299	0	6675	0	0	0	18577	0
341000	321	0	6609	0	0	0	19087	0
342000	286	0	6715	0	0	0	18778	0
343000	192	0	6756	0	0	0	19575	0
344000	317	0	6554	0	0	0	17905	0
345000	118	0	6981	0	0	0	18667	0
346000	227	0	6758	0	0	0	18151	0
347000	247	0	6814	0	0	0	19328	0
348000	399	0	6678	0	0	0	19144	0
349000	236	0	6813	0	0	0	18999	0
350000	292	0	6790	0	0	0	18416	0
351000	422	0	6735	0	0	0	18577	0
352000	320	0	6754	0	0	0	17971	0
353000	467	0	6661	0	0	0	19071	0
354000	439	0	6524	0	0	0	18346	0
355000	147	0	6948	0	0	0	18967	0
356000	268	0	6718	0	0	0	19648	0
357000	410	0	6507	0	0	0	18286	0
358000	243	0	6771	0	0	0	18039	0
359000	380	0	6511	0	0	0	17905	0
360000	276	0	6791	0	0	0	19499	0
361000	213	0	6867	0	0	0	18597	0
362000	301	0	6677	0	0	0	19951	0
363000	244	0	6717	0	0	0	18407	0
364000	311	0	6688	0	0	0	18595	0
365000	181	0	6643	0	0	0	18761	0
366000	301	0	6798	0	0	0	18072	0
367000	273	0	6594	0	0	0	19350	0
368000	217	0	6795	0	0	0	19806	0
369000	300	0	6647	0	0	0	18690	0
370000	300	0	6731	0	0	0	18465	0
371000	216	0	6686	0	0	0	19105	0
372000	352	0	6689	0	0	0	18426	0
373000	340	0	6621	0	0	0	18874	0
374000	239	0	6814	0	0	0	17917	0
375000	248	0	6839	0	0	0	19007	0
376000	472	0	6580	0	0	0	18724	0
377000	380	0	6556	0	0	0	18130	0
378000	317	0	6816	0	0	0	18704	0
379000	177	0	6861	0	0	0	19511	0
380000	287	0	6769	0	0	0	18338	0
381000	226	0	6922	0	0	0	17831	0
382000	341	0	6675	0	0	0	18637	0
383000	326	0	6724	0	0	0	18026	0
384000	217	0	6757	0	0	0	18680	0
385000	307	0	6732	0	0	0	18298	0
386000	300	0	6699	0	0	0	18706	0
387000	470	0	6679	0	0	0	18358	0
388000	304	0	6816	0	0	0	18572	0
389000	268	0	6741	0	0	0	18364	0
390000	177	0	6896	0	0	0	18288	0
391000	214	0	6813	0	0	0	19117	0
392000	274	0	6658	0	0	0	18595	0
393000	288	0	6632	0	0	0	18662	0
394000	337	0	6662	0	0	0	20424	0
395000	354	0	6602	0	0	0	18656	0
396000	341	0	6687	0	0	0	18387	0
397000	322	0	6678	0	0	0	18679	0
398000	263	0	6667	0	0	0	18696	0
399000	275	0	6825	0	0	0	18678	0
400000	266	0	6681	0	0	0	18502	0
401000	134	0	6902	0	0	0	18552	0
402000	303	0	6822	0	0	0	18019	0
403000	232	0	6808	0	0	0	18964	0
404000	292	0	6719	0	0	0	18290	0
405000	345	0	6646	0	0	0	18778	0
406000	355	0	6844	0	0	0	18081	0
407000	235	0	6777	0	0	0	18623	0
408000	311	0	6677	0	0	0	18404	0
409000	261	0	6797	0	0	0	18437	0
410000	200	0	6873	0	0	0	19456	0
411000	397	0	6569	0	0	0	17744	0
412000	395	0	6526	0	0	0	18298	0
413000	309	0	6700	0	0	0	18237	0
414000	196	0	6714	0	0	0	18944	0
415000	426	0	6558	0	0	0	18659	0
416000	214	0	6849	0	0	0	18028	0
417000	176	0	6933	0	0	0	19332	0
418000	463	0	6584	0	0	0	17368	0
419000	269	0	6775	0	0	0	18497	0
420000	376	0	6636	0	0	0	18142	0
421000	444	0	6472	0	0	0	17833	0
422000	265	0	6794	0	0	0	19335	0
423000	277	0	6648	0	0	0	18528	0
424000	215	0	6763	0	0	0	19585	0
425000	340	0	6683	0	0	0	18550	0
426000	408	0	6693	0	0	0	18610	0
427000	221	0	6691	0	0	0	18576	0
428000	170	0	6715	0	0	0	19500	0
429000	319	0	6706	0	0	0	19115	0
430000	378	0	6805	0	0	0	18777	0
431000	253	0	6776	0	0	0	18771	0
432000	259	0	6722	0	0	0	18498	0
433000	244	0	6871	0	0	0	19316	0
434000	201	0	6831	0	0	0	18210	0
435000	349	0	6708	0	0	0	18741	0
436000	266	0	6770	0	0	0	18433	0
437000	232	0	6810	0	0	0	18827	0
438000	386	0	6842	0	0	0	17807	0
439000	231	0	6916	0	0	0	18191	0
440000	268	0	6777	0	0	0	19026	0
441000	395	0	6680	0	0	0	19106	0
442000	485	0	6546	0	0	0	17939	0
443000	225	0	6774	0	0	0	18492	0
444000	266	0	6689	0	0	0	19635	0
445000	146	0	6853	0	0	0	18951	0
446000	311	0	6655	0	0	0	18398	0
447000	293	0	6698	0	0	0	18855	0
448000	216	0	6782	0	0	0	18171	0
449000	266	0	6666	0	0	0	18682	0
450000	319	0	6681	0	0	0	19208	0
451000	302	0	6695	0	0	0	18695	0
452000	195	0	7072	0	0	0	19323	0
453000	322	0	6677	0	0	0	17944	0
454000	212	0	6778	0	0	0	18471	0
455000	131	0	6810	0	0	0	17883	0
456000	384	0	6646	0	0	0	18566	0
457000	230	0	6817	0	0	0	19268	0
458000	315	0	6724	0	0	0	19384	0
459000	248	0	6738	0	0	0	18929	0
460000	152	0	6793	0	0	0	18791	0
461000	356	0	6704	0	0	0	18780	0
462000	246	0	6824	0	0	0	18853	0
463000	305	0	6770	0	0	0	19730	0
464000	301	0	6870	0	0	0	19049	0
465000	281	0	6626	0	0	0	17791	0
466000	305	0	6717	0	0	0	19072	0
467000	255	0	6685	0	0	0	18850	0
468000	249	0	6789	0	0	0	18972	0
469000	212	0	6747	0	0	0	18300	0
470000	257	0	6783	0	0	0	19148	0
471000	275	0	6701	0	0	0	18607	0
472000	331	0	6681	0	0	0	18734	0
473000	229	0	6708	0	0	0	18182	0
474000	406	0	6705	0	0	0	17334	0
475000	307	0	6825	0	0	0	19052	0
476000	367	0	6524	0	0	0	18541	0
477000	271	0	6714	0	0	0	19128	0
478000	270	0	6760	0	0	0	17843	0
479000	278	0	6651	0	0	0	17981	0
480000	259	0	6687	0	0	0	18604	0
481000	224	0	6778	0	0	0	17823	0
482000	347	0	6530	0	0	0	19014	0
483000	318	0	6755	0	0	0	18703	0
484000	290	0	6792	0	0	0	19338	0
485000	440	0	6549	0	0	0	18530	0
486000	178	0	6884	0	0	0	18420	0
487000	284	0	6723	0	0	0	17899	0
488000	272	0	6825	0	0	0	18599	0
489000	364	0	6639	0	0	0	18971	0
490000	303	0	6669	0	0	0	19072	0
491000	407	0	6646	0	0	0	17761	0
492000	361	0	6666	0	0	0	17005	0
493000	387	0	6712	0	0	0	18138	0
494000	313	0	6888	0	0	0	18857	0
495000	392	0	6646	0	0	0	18892	0
496000	170	0	6820	0	0	0	19801	0
497000	172	0	6834	0	0	0	18988	0
498000	222	0	6681	0	0	0	19319	0
499000	210	0	6794	0	0	0	19562	0
500000	292	0	6879	0	0	0	19258	0
501000	418	0	6700	0	0	0	18346	0
502000	324	0	6570	0	0	0	18268	0
503000	190	0	6912	0	0	0	18662	0
504000	253	0	6781	0	0	0	18281	0
505000	199	0	6772	0	0	0	19250	0
506000	205	0	6737	0	0	0	18093	0
507000	282	0	6809	0	0	0	19003	0
508000	247	0	6705	0	0	0	18998	0
509000	392	0	6589	0	0	0	17669	0
510000	361	0	6471	0	0	0	19047	0
511000	237	0	6748	0	0	0	19490	0
512000	255	0	6713	0	0	0	19189	0
513000	469	0	6532	0	0	0	18762	0
514000	382	0	6648	0	0	0	17954	0
515000	323	0	6690	0	0	0	17679	0
516000	342	0	6609	0	0	0	18311	0
517000	310	0	6824	0	0	0	19328	0
518000	424	0	6580	0	0	0	17417	0
519000	195	0	6794	0	0	0	18470	0
520000	259	0	6886	0	0	0	18754	0
521000	223	0	7052	0	0	0	18907	0
522000	277	0	6683	0	0	0	18763	0
523000	205	0	6961	0	0	0	18723	0
524000	305	0	6719	0	0	0	19658	0
525000	198	0	6826	0	0	0	19356	0
526000	318	0	6740	0	0	0	17642	0
527000	201	0	6815	0	0	0	21211	0
528000	343	0	6703	0	0	0	18637	0
529000	266	0	6676	0	0	0	18438	0
530000	297	0	6613	0	0	0	18554	0
531000	303	0	6651	0	0	0	17974	0
532000	171	0	6907	0	0	0	18266	0
533000	272	0	6850	0	0	0	18042	0
534000	329	0	6680	0	0	0	18262	0
535000	401	0	6615	0	0	0	18443	0
536000	253	0	6871	0	0	0	19716	0
537000	256	0	6745	0	0	0	18996	0
538000	222	0	6741	0	0	0	19331	0
539000	230	0	6717	0	0	0	18979	0
540000	271	0	6729	0	0	0	18500	0
541000	278	0	6728	0	0	0	18911	0
542000	224	0	6820	0	0	0	18637	0
543000	200	0	6817	0	0	0	19430	0
544000	356	0	6592	0	0	0	18427	0
545000	230	0	6803	0	0	0	19641	0
546000	321	0	6712	0	0	0	19359	0
547000	234	0	6859	0	0	0	18098	0
548000	190	0	6825	0	0	0	18996	0
549000	295	0	6811	0	0	0	18769	0
550000	289	0	6863	0	0	0	17975	0
551000	239	0	6794	0	0	0	17887	0
552000	210	0	6756	0	0	0	19085	0
553000	383	0	6790	0	0	0	17633	0
554000	319	0	6678	0	0	0	18732	0
555000	317	0	6669	0	0	0	18694	0
556000	180	0	6878	0	0	0	19099	0
557000	253	0	6704	0	0	0	19139	0
558000	105	0	6988	0	0	0	19559	0
559000	162	0	7035	0	0	0	19016	0
560000	230	0	6795	0	0	0	18903	0
561000	318	0	6817	0	0	0	18855	0
562000	329	0	6632	0	0	0	17881	0
563000	315	0	6710	0	0	0	19018	0
564000	201	0	6887	0	0	0	19255	0
565000	313	0	6621	0	0	0	18357	0
566000	471	0	6560	0	0	0	18155	0
567000	179	0	6973	0	0	0	18716	0
568000	246	0	6770	0	0	0	18883	0
569000	234	0	6873	0	0	0	18443	0
570000	296	0	6687	0	0	0	19267	0
571000	395	0	6606	0	0	0	17694	0
572000	225	0	6849	0	0	0	18176	0
573000	408	0	6583	0	0	0	19545	0
574000	374	0	6621	0	0	0	18605	0
575000	191	0	6713	0	0	0	19014	0
576000	296	0	6624	0	0	0	18483	0
577000	148	0	6734	0	0	0	18170	0
578000	368	0	6742	0	0	0	19562	0
579000	215	0	6838	0	0	0	19039	0
580000	205	0	6896	0	0	0	19734	0
581000	238	0	6720	0	0	0	17830	0
582000	273	0	6882	0	0	0	18687	0
583000	227	0	6889	0	0	0	19401	0
584000	366	0	6596	0	0	0	17869	0
585000	255	0	6855	0	0	0	18851	0
586000	325	0	6607	0	0	0	17783	0
587000	280	0	6751	0	0	0	18671	0
588000	313	0	6794	0	0	0	17663	0
589000	233	0	6801	0	0	0	19146	0
590000	258	0	6809	0	0	0	18168	0
591000	299	0	6713	0	0	0	18350	0
592000	354	0	6737	0	0	0	18562	0
593000	260	0	6874	0	0	0	18696	0
594000	382	0	6668	0	0	0	18296	0
595000	253	0	6722	0	0	0	18859	0
596000	222	0	6725	0	0	0	19870	0
597000	241	0	6689	0	0	0	19138	0
598000	187	0	6737	0	0	0	18844	0
599000	232	0	6681	0	0	0	18974	0
600000	277	0	6815	0	0	0	19022	0
601000	185	0	6959	0	0	0	19641	0
602000	355	0	6784	0	0	0	18589	0
603000	247	0	6745	0	0	0	18710	0
604000	290	0	6867	0	0	0	18546	0
605000	278	0	6787	0	0	0	19228	0
606000	315	0	6594	0	0	0	18842	0
607000	285	0	6702	0	0	0	17798	0
608000	287	0	6682	0	0	0	17816	0
609000	328	0	6582	0	0	0	19135	0
610000	258	0	6823	0	0	0	18679	0
611000	163	0	6807	0	0	0	18120	0
612000	357	0	6756	0	0	0	18931	0
613000	257	0	6828	0	0	0	18203	0
614000	293	0	6856	0	0	0	17794	0
615000	310	0	6591	0	0	0	18025	0
616000	430	0	6515	0	0	0	17745	0
617000	186	0	6703	0	0	0	17827	0
618000	264	0	6686	0	0	0	18676	0
619000	281	0	6701	0	0	0	18622	0
620000	190	0	6762	0	0	0	19330	0
621000	237	0	6725	0	0	0	19078	0
622000	186	0	6841	0	0	0	19029	0
623000	303	0	6726	0	0	0	18989	0
624000	246	0	6835	0	0	0	18654	0
625000	486	0	6441	0	0	0	17540	0
626000	234	0	6659	0	0	0	19437	0
627000	408	0	6522	0	0	0	17370	0
628000	224	0	6792	0	0	0	19458	0
629000	356	0	6685	0	0	0	18349	0
630000	225	0	6803	0	0	0	19184	0
631000	280	0	6731	0	0	0	19137	0
632000	205	0	6772	0	0	0	19767	0
633000	295	0	6798	0	0	0	18641	0
634000	198	0	6883	0	0	0	18450	0
635000	229	0	6698	0	0	0	19220	0
636000	382	0	6587	0	0	0	19218	0
637000	401	0	6564	0	0	0	18976	0
638000	294	0	6742	0	0	0	19250	0
639000	236	0	6793	0	0	0	19340	0
640000	285	0	6724	0	0	0	18682	0
641000	394	0	6700	0	0	0	18763	0
642000	394	0	6589	0	0	0	19018	0
643000	287	0	6649	0	0	0	17868	0
644000	359	0	6762	0	0	0	18559	0
645000	398	0	6610	0	0	0	18953	0
646000	158	0	6760	0	0	0	19817	0
647000	231	0	6741	0	0	0	18625	0
648000	408	0	6676	0	0	0	20013	0
649000	228	0	6637	0	0	0	20037	0
650000	258	0	6808	0	0	0	18293	0
651000	334	0	6688	0	0	0	18469	0
652000	306	0	6741	0	0	0	17900	0
653000	230	0	6720	0	0	0	19369	0
654000	247	0	6724	0	0	0	18639	0
655000	255	0	6758	0	0	0	18710	0
656000	197	0	6806	0	0	0	19171	0
657000	228	0	6681	0	0	0	18455	0
658000	421	0	6587	0	0	0	18194	0
659000	279	0	6729	0	0	0	18743	0
660000	366	0	6611	0	0	0	17869	0
661000	365	0	6681	0	0	0	18394	0
662000	296	0	6841	0	0	0	18185	0
663000	412	0	6533	0	0	0	18189	0
664000	340	0	6543	0	0	0	17827	0
665000	170	0	6712	0	0	0	20139	0
666000	319	0	6672	0	0	0	17177	0
667000	231	0	6778	0	0	0	18930	0
668000	269	0	6648	0	0	0	18872	0
669000	301	0	6922	0	0	0	18919	0
670000	175	0	6611	0	0	0	18543	0
671000	233	0	6663	0	0	0	19935	0
672000	292	0	6729	0	0	0	19135	0
673000	237	0	6725	0	0	0	19150	0
674000	226	0	6891	0	0	0	18326	0
675000	220	0	6838	0	0	0	19239	0
676000	308	0	6656	0	0	0	19116	0
677000	254	0	6852	0	0	0	19409	0
678000	348	0	6722	0	0	0	18565	0
679000	333	0	6802	0	0	0	19274	0
680000	134	0	6958	0	0	0	18700	0
681000	366	0	6669	0	0	0	18036	0
682000	194	0	6941	0	0	0	18197	0
683000	301	0	6860	0	0	0	18111	0
684000	486	0	6577	0	0	0	18886	0
685000	181	0	6758	0	0	0	19263	0
686000	229	0	6989	0	0	0	19285	0
687000	133	0	6964	0	0	0	19553	0
688000	307	0	6825	0	0	0	17627	0
689000	228	0	7059	0	0	0	18408	0
690000	279	0	6775	0	0	0	17682	0
691000	391	0	6628	0	0	0	17720	0
692000	145	0	6856	0	0	0	17754	0
693000	377	0	6717	0	0	0	19067	0
694000	239	0	6771	0	0	0	20331	0
695000	216	0	6792	0	0	0	19745	0
696000	211	0	6868	0	0	0	18677	0
697000	322	0	6654	0	0	0	19497	0
698000	191	0	6840	0	0	0	18593	0
699000	354	0	6705	0	0	0	18969	0
700000	311	0	6743	0	0	0	18875	0
701000	206	0	6838	0	0	0	17769	0
702000	262	0	6677	0	0	0	18755	0
703000	277	0	6764	0	0	0	18194	0
704000	371	0	6601	0	0	0	18201	0
705000	293	0	6749	0	0	0	18176	0
706000	317	0	6709	0	0	0	17651	0
707000	234	0	6832	0	0	0	17933	0
708000	342	0	6708	0	0	0	19338	0
709000	243	0	6784	0	0	0	19557	0
710000	196	0	6887	0	0	0	18635	0
711000	357	0	6633	0	0	0	19069	0
712000	388	0	6596	0	0	0	17575	0
713000	238	0	6720	0	0	0	18745	0
714000	190	0	6691	0	0	0	17884	0
715000	424	0	6724	0	0	0	18406	0
716000	458	0	6563	0	0	0	17882	0
717000	301	0	6706	0	0	0	18814	0
718000	240	0	6732	0	0	0	18736	0
719000	215	0	6800	0	0	0	17933	0
720000	277	0	6731	0	0	0	19816	0
721000	255	0	6809	0	0	0	17729	0
722000	273	0	6818	0	0	0	19115	0
723000	377	0	6721	0	0	0	17677	0
724000	259	0	6841	0	0	0	18303	0
725000	291	0	6684	0	0	0	17926	0
726000	429	0	6753	0	0	0	17910	0
727000	259	0	6681	0	0	0	17935	0
728000	328	0	6700	0	0	0	18444	0
729000	229	0	6933	0	0	0	19905	0
730000	269	0	6666	0	0	0	18158	0
731000	229	0	6838	0	0	0	18358	0
732000	256	0	6847	0	0	0	19068	0
733000	332	0	6678	0	0	0	19343	0
734000	409	0	6759	0	0	0	18183	0
735000	302	0	6584	0	0	0	18258	0
736000	271	0	6940	0	0	0	18754	0
737000	251	0	6799	0	0	0	18150	0
738000	224	0	6823	0	0	0	19103	0
739000	172	0	6972	0	0	0	19255	0
740000	210	0	6917	0	0	0	18842	0
741000	298	0	6782	0	0	0	18539	0
742000	148	0	6696	0	0	0	18926	0
743000	346	0	6613	0	0	0	18351	0
744000	178	0	7002	0	0	0	18955	0
745000	269	0	6746	0	0	0	18890	0
746000	424	0	6569	0	0	0	18783	0
747000	303	0	6861	0	0	0	17668	0
748000	377	0	6660	0	0	0	18431	0
749000	370	0	6595	0	0	0	18594	0
750000	313	0	6591	0	0	0	18493	0
751000	266	0	6808	0	0	0	18876	0
752000	296	0	6667	0	0	0	18932	0
753000	315	0	6678	0	0	0	19314	0
754000	307	0	6713	0	0	0	17907	0
755000	213	0	6770	0	0	0	18656	0
756000	277	0	6889	0	0	0	18245	0
757000	165	0	6854	0	0	0	19016	0
758000	284	0	6875	0	0	0	19351	0
759000	463	0	6513	0	0	0	18354	0
760000	297	0	6844	0	0	0	18340	0
761000	433	0	6476	0	0	0	18159	0
762000	300	0	6770	0	0	0	17973	0
763000	303	0	6723	0	0	0	18798	0
764000	155	0	6907	0	0	0	19371	0
765000	247	0	6897	0	0	0	19310	0
766000	149	0	6861	0	0	0	18607	0
767000	169	0	6847	0	0	0	19249	0
768000	343	0	6752	0	0	0	19845	0
769000	299	0	6774	0	0	0	18966	0
770000	277	0	6696	0	0	0	18629	0
771000	313	0	6718	0	0	0	18606	0
772000	160	0	6853	0	0	0	19257	0
773000	334	0	6574	0	0	0	18449	0
774000	194	0	6807	0	0	0	19871	0
775000	203	0	6724	0	0	0	19628	0
776000	328	0	6796	0	0	0	16685	0
777000	297	0	6793	0	0	0	18903	0
778000	285	0	6671	0	0	0	17617	0
779000	282	0	6847	0	0	0	19250	0
780000	263	0	6864	0	0	0	18561	0
781000	231	0	6934	0	0	0	18097	0
782000	274	0	6748	0	0	0	19123	0
783000	300	0	6701	0	0	0	18547	0
784000	198	0	6866	0	0	0	18585	0
785000	219	0	6842	0	0	0	18545	0
786000	286	0	6689	0	0	0	18515	0
787000	230	0	6770	0	0	0	18509	0
788000	244	0	6766	0	0	0	18223	0
789000	291	0	6635	0	0	0	19265	0
790000	280	0	6825	0	0	0	19643	0
791000	222	0	6812	0	0	0	17968	0
792000	265	0	6811	0	0	0	19272	0
793000	401	0	6777	0	0	0	18618	0
794000	298	0	6657	0	0	0	18170	0
795000	354	0	6655	0	0	0	18437	0
796000	284	0	6749	0	0	0	18469	0
797000	254	0	6782	0	0	0	18757	0
798000	162	0	7065	0	0	0	19158	0
799000	359	0	6661	0	0	0	18381	0
800000	296	0	6760	0	0	0	19323	0
801000	270	0	6683	0	0	0	18841	0
802000	301	0	6700	0	0	0	19229	0
803000	269	0	6726	0	0	0	18916	0
804000	277	0	6769	0	0	0	17619	0
805000	190	0	6862	0	0	0	18583	0
806000	318	0	6563	0	0	0	19143	0
807000	147	0	6789	0	0	0	19117	0
808000	254	0	6799	0	0	0	18213	0
809000	218	0	6778	0	0	0	17984	0
810000	274	0	6727	0	0	0	19055	0
811000	174	0	6841	0	0	0	18545	0
812000	209	0	6879	0	0	0	18354	0
813000	193	0	6739	0	0	0	19202	0
814000	239	0	6782	0	0	0	19069	0
815000	238	0	6749	0	0	0	18727	0
816000	269	0	6801	0	0	0	19153	0
817000	235	0	6959	0	0	0	19299	0
818000	263	0	6737	0	0	0	19302	0
819000	279	0	6737	0	0	0	19450	0
820000	401	0	6597	0	0	0	18488	0
821000	404	0	6651	0	0	0	19756	0
822000	240	0	6811	0	0	0	18142	0
823000	385	0	6762	0	0	0	18397	0
824000	248	0	6682	0	0	0	18720	0
825000	243	0	6894	0	0	0	18021	0
826000	310	0	6720	0	0	0	19751	0
827000	255	0	6735	0	0	0	18397	0
828000	264	0	6746	0	0	0	18533	0
829000	190	0	6968	0	0	0	18915	0
830000	245	0	6746	0	0	0	19076	0
831000	176	0	6762	0	0	0	19150	0
832000	217	0	6651	0	0	0	18168	0
833000	395	0	6770	0	0	0	18941	0
834000	348	0	6689	0	0	0	17865	0
835000	326	0	6677	0	0	0	19121	0
836000	270	0	6835	0	0	0	17159	0
837000	290	0	6703	0	0	0	19416	0
838000	317	0	6803	0	0	0	18322	0
839000	256	0	6748	0	0	0	18819	0
840000	223	0	6881	0	0	0	19171	0
841000	247	0	6774	0	0	0	19275	0
842000	284	0	6782	0	0	0	18360	0
843000	238	0	6626	0	0	0	18504	0
844000	375	0	6488	0	0	0	19798	0
845000	318	0	6702	0	0	0	18898	0
846000	253	0	6765	0	0	0	19526	0
847000	209	0	6875	0	0	0	19108	0
848000	307	0	6841	0	0	0	19185	0
849000	345	0	6705	0	0	0	18916	0
850000	217	0	6873	0	0	0	19414	0
851000	217	0	6787	0	0	0	18964	0
852000	371	0	6652	0	0	0	19369	0
853000	243	0	6723	0	0	0	18819	0
854000	449	0	6643	0	0	0	18905	0
855000	397	0	6666	0	0	0	17422	0
856000	321	0	6758	0	0	0	18813	0
857000	192	0	6806	0	0	0	19111	0
858000	357	0	6757	0	0	0	17851	0
859000	201	0	6744	0	0	0	18404	0
860000	461	0	6651	0	0	0	17569	0
861000	244	0	6704	0	0	0	19215	0
862000	472	0	6496	0	0	0	18189	0
863000	182	0	6825	0	0	0	19061	0
864000	213	0	6875	0	0	0	18624	0
865000	389	0	6544	0	0	0	17547	0
866000	349	0	6687	0	0	0	18689	0
867000	253	0	6666	0	0	0	18340	0
868000	332	0	6751	0	0	0	17138	0
869000	282	0	6768	0	0	0	18445	0
870000	224	0	6779	0	0	0	19043	0
871000	349	0	6624	0	0	0	18698	0
872000	208	0	6738	0	0	0	18608	0
873000	328	0	6646	0	0	0	19996	0
874000	301	0	6626	0	0	0	17487	0
875000	273	0	6698	0	0	0	18942	0
876000	189	0	6878	0	0	0	18913	0
877000	261	0	6786	0	0	0	18523	0
878000	250	0	6570	0	0	0	18810	0
879000	327	0	6732	0	0	0	19237	0
880000	298	0	6721	0	0	0	19049	0
881000	181	0	6857	0	0	0	18566	0
882000	284	0	6652	0	0	0	19310	0
883000	220	0	6825	0	0	0	19392	0
884000	247	0	6807	0	0	0	18536	0
885000	208	0	6848	0	0	0	19689	0
886000	268	0	6754	0	0	0	18033	0
887000	283	0	6698	0	0	0	18122	0
888000	399	0	6701	0	0	0	19061	0
889000	245	0	6779	0	0	0	19596	0
890000	281	0	6772	0	0	0	19050	0
891000	232	0	6637	0	0	0	19304	0
892000	324	0	6698	0	0	0	18759	0
893000	324	0	6765	0	0	0	18549	0
894000	278	0	6788	0	0	0	18724	0
895000	209	0	6784	0	0	0	17739	0
896000	156	0	6746	0	0	0	19338	0
897000	277	0	6840	0	0	0	18654	0
898000	328	0	6737	0	0	0	18692	0
899000	331	0	6739	0	0	0	18079	0
900000	287	0	6858	0	0	0	18400	0
901000	318	0	6678	0	0	0	18635	0
902000	243	0	6779	0	0	0	18465	0
903000	536	0	6419	0	0	0	17948	0
904000	340	0	6717	0	0	0	19436	0
905000	220	0	6823	0	0	0	19078	0
906000	320	0	6563	0	0	0	19588	0
907000	294	0	6700	0	0	0	18750	0
908000	319	0	6722	0	0	0	19316	0
909000	279	0	6656	0	0	0	18266	0
910000	228	0	6866	0	0	0	18659	0
911000	291	0	6925	0	0	0	18280	0
912000	267	0	6707	0	0	0	19266	0
913000	340	0	6614	0	0	0	18292	0
914000	485	0	6428	0	0	0	18253	0
915000	275	0	6815	0	0	0	18062	0
916000	259	0	6767	0	0	0	18496	0
917000	291	0	6702	0	0	0	19181	0
918000	244	0	6671	0	0	0	19571	0
919000	207	0	6774	0	0	0	18406	0
920000	285	0	6596	0	0	0	19253	0
921000	268	0	6935	0	0	0	18599	0
922000	296	0	6683	0	0	0	18712	0
923000	324	0	6710	0	0	0	18292	0
924000	254	0	6806	0	0	0	18415	0
925000	342	0	6504	0	0	0	18274	0
926000	285	0	6619	0	0	0	18663	0
927000	328	0	6721	0	0	0	19313	0
928000	202	0	6855	0	0	0	18878	0
929000	281	0	6782	0	0	0	17546	0
930000	232	0	6745	0	0	0	18586	0
931000	176	0	6941	0	0	0	17885	0
932000	321	0	6805	0	0	0	18103	0
933000	260	0	6790	0	0	0	18120	0
934000	257	0	6727	0	0	0	19022	0
935000	239	0	6765	0	0	0	18298	0
936000	285	0	6566	0	0	0	18130	0
937000	292	0	6809	0	0	0	18647	0
938000	226	0	6750	0	0	0	19462	0
939000	396	0	6587	0	0	0	18780	0
940000	302	0	6721	0	0	0	18299	0
941000	283	0	6894	0	0	0	18739	0
942000	269	0	6694	0	0	0	19285	0
943000	330	0	6567	0	0	0	18815	0
944000	240	0	6810	0	0	0	17914	0
945000	381	0	6734	0	0	0	18407	0
946000	253	0	6879	0	0	0	19323	0
947000	364	0	6601	0	0	0	18402	0
948000	426	0	6475	0	0	0	17795	0
949000	324	0	6829	0	0	0	18224	0
950000	250	0	6761	0	0	0	18737	0
951000	353	0	6591	0	0	0	18819	0
952000	238	0	6789	0	0	0	19153	0
953000	221	0	6925	0	0	0	18711	0
954000	185	0	6806	0	0	0	18920	0
955000	318	0	6712	0	0	0	19446	0
956000	384	0	6576	0	0	0	18192	0
957000	235	0	6757	0	0	0	19416	0
958000	214	0	6709	0	0	0	18699	0
959000	271	0	6783	0	0	0	18530	0
960000	266	0	6778	0	0	0	19286	0
961000	203	0	6797	0	0	0	18214	0
962000	242	0	6969	0	0	0	19941	0
963000	337	0	6694	0	0	0	19516	0
964000	303	0	6808	0	0	0	17992	0
965000	239	0	6724	0	0	0	19571	0
966000	327	0	6557	0	0	0	18356	0
967000	247	0	6820	0	0	0	19040	0
968000	354	0	6692	0	0	0	17523	0
969000	301	0	6703	0	0	0	18668	0
970000	234	0	6876	0	0	0	19010	0
971000	320	0	6680	0	0	0	18899	0
972000	163	0	6842	0	0	0	18308	0
973000	235	0	6991	0	0	0	18486	0
974000	261	0	6792	0	0	0	17858	0
975000	289	0	6771	0	0	0	17771	0
976000	311	0	6856	0	0	0	18051	0
977000	317	0	6845	0	0	0	18858	0
978000	265	0	6788	0	0	0	19196	0
979000	352	0	6707	0	0	0	18489	0
980000	265	0	6849	0	0	0	18772	0
981000	181	0	6785	0	0	0	19485	0
982000	232	0	6879	0	0	0	18863	0
983000	400	0	6652	0	0	0	18839	0
984000	263	0	6820	0	0	0	18270	0
985000	264	0	6667	0	0	0	18024	0
986000	309	0	6719	0	0	0	18774	0
987000	351	0	6685	0	0	0	18588	0
988000	228	0	6905	0	0	0	18243	0
989000	317	0	6684	0	0	0	16857	0
990000	312	0	6667	0	0	0	17959	0
991000	273	0	6746	0	0	0	19108	0
992000	317	0	6648	0	0	0	18519	0
993000	274	0	6838	0	0	0	18793	0
994000	294	0	6732	0	0	0	19295	0
995000	217	0	6706	0	0	0	19223	0
996000	304	0	6796	0	0	0	19099	0
997000	197	0	6916	0	0	0	19303	0
998000	204	0	6719	0	0	0	18117	0
999000	301	0	6828	0	0	0	19040	0
