0	0	0	0	14400	0	0	0	0
1000	17	285	619	12866	76	46	38754	325
2000	32	264	1099	12218	25	20	36235	98
3000	28	247	1480	11659	0	0	38155	1
4000	35	247	1816	11049	17	11	35925	91
5000	56	188	2771	9512	45	50	34034	165
6000	46	228	2187	10514	0	14	34411	8
7000	59	208	2364	10258	0	32	34435	58
8000	48	193	2553	9965	17	3	34894	44
9000	57	174	2369	10155	107	0	35643	58
10000	60	260	2521	9672	188	75	34052	845
11000	94	201	2482	9665	239	68	34557	1102
12000	71	263	2396	9563	193	313	35395	1266
13000	78	175	2355	8969	515	731	32279	3019
14000	101	243	2734	7950	727	963	30136	4704
15000	71	231	2657	8652	383	590	32709	2793
16000	84	244	2296	8598	528	1170	29983	4087
17000	69	198	2785	8354	287	919	31280	3201
18000	97	193	3275	7913	218	594	30732	1925
19000	83	174	2976	8564	266	460	32444	2338
20000	84	159	3468	7983	163	301	32056	1178
21000	92	177	4246	6750	107	19	31494	499
22000	90	230	4016	7675	0	0	31298	1
23000	109	159	4042	7196	138	1	31903	153
24000	97	143	4269	6963	3	0	33111	26
25000	65	223	4311	6735	74	0	30514	211
26000	78	191	3711	7812	173	1	31117	486
27000	63	198	3082	8999	54	36	31418	217
28000	90	212	3564	8179	24	28	32774	113
29000	77	163	3915	7682	17	0	31951	35
30000	133	184	4320	6664	110	2	31593	92
31000	71	177	3793	7260	534	12	31225	1720
32000	124	127	4557	5221	812	229	27062	3044
33000	198	156	4582	4794	1285	242	25473	4306
34000	194	100	4477	4224	1856	328	24637	6334
35000	148	120	4624	3955	1905	303	23333	5906
36000	99	137	3081	5666	2016	1271	24452	8889
37000	162	136	3566	5553	1452	1102	25454	6950
38000	121	170	3323	5128	1498	1980	23425	10358
39000	76	180	3541	5135	1582	1570	24854	8257
40000	89	148	2800	5770	1571	2100	23610	10665
41000	81	170	2738	4874	1964	2779	21922	13213
42000	125	121	3158	4222	2225	2498	19748	13946
43000	66	143	2633	5200	1854	2848	21133	13279
44000	102	194	1938	5017	2161	3703	18659	16778
45000	119	140	2287	3381	2326	4623	15167	19693
46000	75	173	1958	3907	2584	4402	16723	18858
47000	94	171	2513	3869	2269	3818	17932	17300
48000	129	147	2546	4285	2498	3043	19394	14452
49000	150	146	2462	4313	3088	2594	17685	16347
50000	87	214	2328	4837	2696	2720	19529	14523
51000	75	201	2552	5087	2773	2067	20286	14226
52000	142	123	3283	4088	2711	1781	21291	12047
53000	87	152	3479	4733	2342	1343	22820	10604
54000	102	147	3626	5210	1615	1308	24511	8606
55000	142	146	3091	5890	1554	1610	25341	8696
56000	100	121	2809	6347	1486	1723	24694	9080
57000	129	151	2807	6122	1758	1581	24208	9164
58000	102	190	3168	4862	1606	2384	22499	11072
59000	97	169	2971	5771	1784	1605	24278	9649
60000	104	136	2948	5646	1755	1791	23262	10263
61000	123	229	2892	6009	1594	1705	23347	9065
62000	100	182	2556	7204	1257	1366	26745	6993
63000	89	194	2735	7779	721	1065	28882	5302
64000	102	158	2821	6989	1025	1435	26535	6452
65000	86	102	3907	5563	888	1249	27668	6361
66000	117	120	4121	5380	983	956	27605	5918
67000	67	159	3467	6129	1017	1309	27128	5855
68000	85	155	3721	5418	1031	1497	26423	6776
69000	106	142	4069	5324	966	1070	26827	5383
70000	88	151	3525	5860	996	1462	26011	6993
71000	85	165	3263	6768	710	1326	27710	5355
72000	55	195	3119	6789	394	1917	26358	6210
73000	81	196	2639	6641	701	2459	26052	7944
74000	103	133	3327	5434	812	2417	24444	9074
75000	90	161	3504	5562	886	1923	24313	7691
76000	126	115	4096	4170	1375	1716	22984	8551
77000	164	122	5037	3146	1097	1127	21397	6344
78000	148	121	4830	3149	1541	1229	23194	7846
79000	132	109	4361	3428	1729	1438	20823	8668
80000	140	112	4257	4170	1652	1116	23817	7629
81000	182	122	4899	3115	1864	624	23243	6760
82000	113	123	5170	2422	1243	1589	21473	7632
83000	159	103	5410	2876	745	946	22668	4700
84000	196	108	5820	2014	693	904	21840	4688
85000	290	87	5789	2182	934	693	21773	4907
86000	219	84	5722	2422	1246	441	22944	4694
87000	164	94	6112	2024	1011	168	22639	3434
88000	148	31	6261	1747	771	58	22602	2572
89000	250	71	6217	2237	358	63	22464	1279
90000	202	85	5996	3137	223	0	25252	527
91000	118	75	5468	3887	776	49	26912	1946
92000	228	95	5426	3230	1197	156	23948	3388
93000	158	86	6000	2466	735	81	23295	1954
94000	150	50	6195	2193	444	120	23979	1667
95000	345	87	5990	2809	154	2	24068	318
96000	193	32	6426	1944	0	0	23721	5
97000	293	82	6268	2236	0	0	24126	2
98000	229	71	6392	1995	0	0	23039	8
99000	189	69	6544	2151	0	0	22871	45
100000	229	17	6812	662	0	0	21271	4
101000	322	25	6606	1367	4	0	20442	49
102000	214	99	6601	1139	0	0	21588	4
103000	235	56	6566	1151	0	0	21217	2
104000	211	49	6403	1823	0	0	22130	1
105000	270	36	6438	2006	1	0	23356	26
106000	197	22	6547	1556	234	0	22099	412
107000	196	94	6514	1810	0	0	22303	14
108000	184	63	6273	2553	76	0	24486	79
109000	247	41	6303	2334	115	0	24909	266
110000	179	119	5442	4408	45	0	26571	221
111000	146	149	5714	4011	0	5	26821	61
112000	149	67	5947	2960	288	35	25156	845
113000	162	112	5725	3714	252	1	24773	789
114000	106	52	5754	3846	55	127	26968	531
115000	205	56	5937	3125	0	23	26446	127
116000	204	176	4692	5911	9	0	29309	55
117000	111	174	3675	7816	166	1	31598	539
118000	79	159	4037	7353	38	111	31863	360
119000	105	175	4304	6738	9	0	30838	23
120000	85	124	4953	5827	0	0	29656	12
121000	93	175	4628	6295	41	1	30156	206
122000	79	170	3631	7904	114	158	31240	641
123000	126	136	4470	6305	71	114	29895	266
124000	110	214	4446	6385	43	0	29763	202
125000	79	138	4591	6465	39	0	29769	71
126000	110	133	4971	5647	0	0	29952	35
127000	86	145	4315	6913	0	0	31092	20
128000	121	126	4758	6029	90	0	29824	272
129000	202	119	5818	3294	216	26	26351	686
130000	226	128	5489	3226	867	177	25010	2524
131000	173	134	4864	3420	1626	580	23446	5719
132000	224	102	5329	3886	675	282	25801	2621
133000	160	171	4714	5283	191	357	27494	1957
134000	124	185	3909	7002	290	307	30047	1812
135000	132	118	3984	6107	894	515	28695	3577
136000	116	146	3840	5936	726	1066	27663	5097
137000	110	198	3892	5941	589	1087	26217	4863
138000	137	220	3589	6829	728	490	27754	3771
139000	105	136	4290	5745	329	760	28645	2734
140000	92	135	4486	5036	507	954	26979	3291
141000	153	145	4156	5640	715	718	27706	3384
142000	106	158	3869	5717	1069	815	26730	4346
143000	87	163	3715	6217	1083	635	26558	5525
144000	147	169	4036	5721	1031	503	26098	4555
145000	172	125	4494	5189	974	323	27309	3495
146000	174	92	4934	4419	891	349	26075	2917
147000	172	160	4310	4833	1693	337	25867	4901
148000	120	153	4625	3960	1649	678	25914	6279
149000	117	161	3740	5281	2036	638	25037	6570
150000	122	139	3517	5256	2270	707	25124	8801
151000	112	132	3621	5071	2170	779	24119	8669
152000	98	148	3577	5771	1457	951	27941	7207
153000	168	89	4364	4771	870	1104	24742	6403
154000	105	154	3264	6365	1006	1355	26740	6059
155000	101	179	3614	6142	690	1358	28060	5882
156000	88	141	3712	6434	447	1020	28651	3964
157000	104	179	3484	6363	462	1485	27873	5517
158000	79	212	2931	7008	488	1707	27659	6536
159000	86	209	2554	7589	512	1791	28915	5777
160000	58	216	1935	8447	456	2040	28597	7047
161000	41	214	1836	8781	491	1804	29674	5976
162000	49	189	2316	8048	508	1763	30179	5919
163000	33	210	2269	7641	553	2216	28512	7509
164000	76	196	2104	8149	731	1745	27774	6862
165000	45	168	1902	8184	718	2164	26815	8262
166000	46	186	2187	7656	958	1923	27825	7587
167000	86	245	2308	7111	1038	2096	26093	8029
168000	80	187	2612	6959	543	2238	26947	8032
169000	103	177	3288	6582	425	1610	28220	5668
170000	88	167	2952	6375	1045	1797	26457	7863
171000	111	155	3002	6251	1134	1712	24978	7277
172000	89	162	2935	6146	1093	2032	24548	9222
173000	78	137	2631	6805	1207	1817	27253	8160
174000	94	202	2499	7094	1236	1629	25802	8867
175000	96	182	2950	6184	1021	2042	25154	9086
176000	83	276	3146	6942	404	1428	27367	6143
177000	72	143	3978	5989	348	1116	27968	4229
178000	107	132	4301	5345	739	694	28345	4493
179000	107	150	3983	6284	706	508	29249	2811
180000	133	181	3610	6867	692	564	29654	3165
181000	91	215	3642	7453	233	418	30688	1700
182000	98	169	3425	7198	750	462	30449	3152
183000	108	138	3371	7366	553	584	29462	3243
184000	108	169	3475	7359	415	496	29835	2504
185000	85	166	3856	7182	86	595	29383	2070
186000	69	153	3955	6774	34	849	30524	2470
187000	85	133	3943	6255	46	1359	28646	4231
188000	68	168	3724	6989	114	872	29793	2736
189000	71	164	3758	7532	115	151	32172	919
190000	111	175	3655	7603	307	64	32303	1287
191000	83	203	3156	8522	216	153	32486	926
192000	94	170	4172	7003	83	39	31312	360
193000	78	178	3648	7897	56	142	32299	758
194000	91	221	2803	9358	4	169	33358	390
195000	65	262	2334	9917	41	266	33835	632
196000	70	205	2884	9175	48	127	33669	513
197000	59	228	2644	9582	54	125	34218	690
198000	91	165	2529	9467	17	422	34437	1524
199000	71	206	3148	8476	5	535	32347	1617
200000	59	216	2697	9112	7	491	33850	1319
201000	56	217	2734	9210	9	455	33818	1150
202000	51	215	2980	8997	0	237	33752	664
203000	104	218	3444	8385	0	0	32295	80
204000	108	263	3481	8187	55	0	31965	101
205000	66	167	3107	8770	267	33	32978	705
206000	75	192	3601	8244	26	22	33586	141
207000	87	148	3575	7997	112	5	32204	210
208000	90	183	3860	7376	191	48	30459	764
209000	94	242	3756	7795	4	110	32025	310
210000	54	178	3448	8250	1	91	33004	249
211000	101	161	3718	7727	32	87	32411	520
212000	72	248	3158	8863	0	0	33733	1
213000	64	214	3014	8976	196	33	32084	450
214000	64	206	3361	8362	43	186	32911	450
215000	81	161	3077	9089	0	1	33294	38
216000	81	162	3411	8400	5	20	33331	157
217000	73	130	3889	7560	114	7	31506	212
218000	101	172	3857	7361	253	62	30268	773
219000	120	142	4929	5804	0	5	29794	64
220000	98	194	4024	7323	124	0	31474	421
221000	99	175	4952	5567	0	0	29688	1
222000	149	166	4192	6987	45	0	30116	89
223000	92	199	4020	7358	61	0	31769	108
224000	79	163	4272	6762	228	0	31296	502
225000	107	177	4091	7081	205	30	30744	631
226000	152	179	4477	6477	24	0	28958	130
227000	122	126	4981	5625	0	0	29731	9
228000	110	135	4324	6880	15	0	30382	62
229000	90	212	4085	7191	0	0	31434	1
230000	109	176	3845	7640	32	10	31500	230
231000	61	176	3591	8260	16	0	32963	43
232000	84	107	4272	7041	0	0	32100	1
233000	117	170	4281	6632	266	53	29218	905
234000	88	186	3802	7417	219	184	32107	1319
235000	93	179	3667	7163	239	552	31376	2282
236000	113	190	4424	6071	145	165	29754	1111
237000	149	154	4449	6287	175	110	29074	1083
238000	166	163	4644	5844	186	224	28257	1240
239000	123	127	5400	4300	161	365	24943	1510
240000	218	37	6254	2363	68	393	24001	1345
241000	214	114	6029	2152	276	775	23158	2521
242000	292	65	5667	3499	211	156	24965	1151
243000	160	122	5500	3902	544	69	26854	1255
244000	168	110	5747	3591	283	23	25737	814
245000	170	100	5910	2901	469	12	24334	1225
246000	210	42	6091	2604	390	8	24811	1181
247000	157	112	6095	3000	175	0	24489	578
248000	215	96	5959	3025	421	0	24439	1022
249000	174	131	6109	2686	382	1	25043	1192
250000	188	52	6543	1825	120	0	22283	409
251000	155	70	6223	2882	0	0	24282	13
252000	142	85	5480	4648	0	0	28249	4
253000	116	108	5643	4185	71	0	26446	58
254000	156	106	5195	4907	53	0	28721	197
255000	125	145	4943	5581	227	1	29750	694
256000	59	142	4456	6586	127	0	30322	347
257000	111	183	4098	7272	0	0	33101	6
258000	95	112	4163	6950	65	0	31471	100
259000	107	141	4225	7061	74	14	30871	151
260000	89	177	3744	7909	35	22	30550	149
261000	70	166	3328	8620	0	0	33305	19
262000	132	191	3581	7952	125	0	31797	248
263000	78	195	3152	8786	0	0	33073	2
264000	72	203	2937	9064	244	34	32867	754
265000	61	245	3163	8647	122	164	30738	545
266000	103	139	4574	6209	33	72	30286	193
267000	147	92	5594	4417	0	0	27611	26
268000	109	102	5187	5199	15	0	27974	28
269000	112	102	5018	5414	126	0	28172	158
270000	127	162	4860	5745	0	0	30138	1
271000	121	115	4771	5995	0	0	30150	2
272000	80	169	3888	7603	0	0	33025	26
273000	97	153	3623	7917	162	0	33496	227
274000	80	149	3219	8549	164	4	33365	607
275000	66	169	4085	7226	80	9	31840	552
276000	136	148	4922	5571	43	1	28575	89
277000	129	141	4052	7194	125	0	31087	118
278000	87	195	4071	7369	0	0	31890	3
279000	97	185	3887	7568	53	7	31529	213
280000	69	230	3325	8546	102	11	32994	430
281000	97	188	3227	8427	281	75	32086	785
282000	56	242	3311	8502	99	85	33834	379
283000	87	201	3430	8145	178	59	32162	585
284000	97	127	3330	8505	147	33	32937	660
285000	75	160	3414	8509	9	0	33494	42
286000	109	196	3855	7557	43	65	32707	336
287000	92	184	4269	6612	40	347	29521	991
288000	151	126	4764	5718	121	186	30147	560
289000	101	164	4328	6248	235	295	29799	1591
290000	140	132	4797	5541	118	279	28976	1235
291000	71	212	4584	6114	29	79	29936	476
292000	104	174	4804	5848	0	0	29738	3
293000	136	95	5608	4143	10	0	26289	68
294000	116	176	4663	5970	75	0	30520	140
295000	113	191	4350	6622	148	20	30447	323
296000	125	185	4077	6820	405	50	31092	978
297000	138	191	4377	6405	128	66	29573	687
298000	109	116	3931	7137	127	279	30324	947
299000	80	167	3158	8324	359	294	32347	1754
300000	100	231	3050	8699	25	278	33564	943
301000	83	271	2611	9424	53	296	34740	1106
302000	43	213	2615	9764	0	48	34581	206
303000	45	206	2755	9738	0	0	34098	2
304000	68	211	2989	9170	8	0	32487	47
305000	97	179	4123	7079	107	0	31187	265
306000	92	228	4036	7430	2	37	31554	146
307000	95	170	3493	8328	0	71	32164	267
308000	49	231	2718	9583	0	0	34299	1
309000	54	176	3166	8947	16	0	33185	25
310000	58	243	2723	9524	124	9	33856	445
311000	119	148	4152	7029	136	24	32159	582
312000	101	160	3768	7826	39	0	32067	111
313000	112	203	3253	8703	63	0	34528	143
314000	80	152	3135	8893	97	15	33678	203
315000	70	191	2439	9822	264	59	34259	967
316000	42	197	2372	9855	224	219	33435	1233
317000	62	239	2826	9278	65	100	33483	667
318000	50	237	2914	9007	41	271	34914	592
319000	65	155	2677	9485	30	295	33819	1221
320000	69	196	2991	8712	58	460	33184	1172
321000	65	188	2735	9077	165	304	33055	1202
322000	71	212	3138	8131	275	579	32021	2070
323000	98	231	3549	7642	75	313	31471	1025
324000	112	146	3814	7256	228	211	30967	1452
325000	107	156	3622	7881	67	104	31964	535
326000	65	166	4521	6624	84	23	29626	579
327000	86	129	3819	7348	143	328	30471	993
328000	123	180	3931	6840	517	136	30765	1805
329000	86	125	4660	5650	244	230	28601	1728
330000	182	127	5280	4784	6	63	28716	259
331000	133	127	5091	5290	0	0	28726	58
332000	94	148	4995	5542	0	0	29392	13
333000	93	158	4630	6399	0	0	29722	10
334000	111	134	4510	6539	65	4	31712	187
335000	96	188	3797	7603	149	0	31735	522
336000	130	217	4701	6083	0	0	30284	13
337000	112	182	3921	7478	0	0	31380	3
338000	119	132	3873	7639	50	6	31829	213
339000	47	154	4121	7051	0	205	32682	426
340000	123	149	4863	5840	0	81	29619	515
341000	98	114	5305	5062	0	3	27823	40
342000	123	174	4620	6289	88	3	30690	412
343000	86	173	3965	7523	0	13	31956	121
344000	76	156	4187	7028	0	23	31067	60
345000	111	143	4485	6663	6	1	31700	38
346000	121	115	4666	6305	16	19	29849	142
347000	106	165	4198	7011	46	0	33197	100
348000	129	173	4252	6996	0	0	31094	32
349000	106	149	4248	6872	106	7	30631	262
350000	88	222	4269	6783	91	0	30256	85
351000	106	120	4884	5417	229	102	29494	742
352000	130	144	4283	6457	278	106	30046	1256
353000	146	104	4191	6603	250	160	29708	1036
354000	128	193	3200	8504	179	51	33717	565
355000	58	220	2832	9190	161	52	32959	467
356000	107	191	3623	7776	223	61	32624	969
357000	96	194	3739	7318	327	200	30845	1414
358000	119	146	4519	5773	391	324	28272	1860
359000	91	166	4111	6120	352	602	28107	2194
360000	98	63	4905	4906	297	666	26939	3290
361000	125	99	4802	4906	371	677	26673	3088
362000	131	142	4894	4445	241	1047	25781	4342
363000	128	171	4241	5917	173	790	28081	3160
364000	123	112	4469	5852	267	387	29064	1603
365000	99	169	4433	5745	438	494	27235	2356
366000	88	164	4311	5822	379	711	27904	3212
367000	151	217	4059	6012	272	921	27377	3096
368000	116	190	3872	6457	153	1028	28586	4021
369000	71	124	3479	7084	409	921	28817	3541
370000	89	155	2888	7708	415	1293	28889	4784
371000	95	173	2532	8363	439	1157	29910	4672
372000	56	248	2610	7915	566	1309	30032	5438
373000	122	198	3110	7536	397	933	29635	3756
374000	141	146	4278	5237	669	1058	25480	4459
375000	118	131	4510	5039	732	778	25997	4705
376000	144	121	4932	4575	711	537	26229	4183
377000	82	141	5207	4062	559	569	25342	3460
378000	102	157	4440	5048	846	689	26704	3959
379000	107	96	4080	5604	822	900	27997	4002
380000	100	213	3727	6086	641	1106	26200	4383
381000	58	157	3113	7308	495	1369	27751	5178
382000	59	167	3458	7861	150	415	31750	1814
383000	82	195	3474	7430	33	884	29938	2642
384000	71	241	3117	7783	185	1006	30409	3412
385000	65	209	2758	8568	75	895	33421	2572
386000	72	187	3468	7674	55	719	31034	2222
387000	90	186	3173	7852	470	577	30914	2797
388000	69	161	2559	8084	598	1322	30023	5224
389000	40	249	2297	8814	337	1163	30512	4160
390000	48	259	2739	7411	541	1561	27985	5655
391000	49	145	2684	7770	803	1258	28115	5315
392000	83	235	2773	7632	891	974	27755	5265
393000	113	238	2727	7492	982	1079	28790	5843
394000	110	218	2768	6748	1351	1432	25364	8077
395000	69	191	2851	6699	987	1743	26873	7871
396000	72	249	2438	7455	702	1860	28283	7041
397000	59	229	2273	8021	379	1951	29548	6598
398000	90	214	2752	7803	417	1307	28626	4681
399000	43	214	3254	7191	486	1172	28772	5039
400000	88	193	3181	7909	154	791	30055	3291
401000	67	200	3813	7267	388	174	30040	2014
402000	155	149	3784	6917	363	348	29875	1958
403000	93	184	3840	6958	431	274	29524	1876
404000	124	171	3979	6230	806	236	28410	3259
405000	105	201	3190	7322	955	497	30057	3598
406000	61	170	3138	7453	1094	434	29554	4189
407000	105	187	2771	7977	806	691	28312	4154
408000	98	190	3243	7410	256	999	28939	3981
409000	71	202	3197	8509	44	327	32799	1234
410000	87	195	3177	8451	108	292	31689	1059
411000	56	267	2663	9258	235	326	33322	1262
412000	53	192	2770	9278	90	197	34494	906
413000	78	223	2730	9209	142	206	33115	1366
414000	55	192	2343	9892	110	310	34511	1334
415000	46	283	2254	10286	21	43	33886	252
416000	67	197	3079	9043	0	8	32607	60
417000	77	189	3840	7665	124	0	32667	345
418000	93	184	3773	7805	0	4	33199	62
419000	78	196	3222	8668	90	0	33315	139
420000	127	193	3738	7873	0	0	32256	22
421000	121	87	4211	7025	72	0	30472	341
422000	44	139	3860	7657	13	0	32317	26
423000	80	142	3532	8132	139	18	32205	403
424000	77	170	4380	6755	0	0	30545	7
425000	99	112	5067	5405	0	0	30757	49
426000	156	132	5033	5213	0	89	28220	224
427000	176	138	5727	3952	23	0	27182	63
428000	106	83	5643	4343	0	0	27425	1
429000	146	94	5296	5005	52	0	27813	73
430000	208	119	5108	5157	0	0	27896	1
431000	200	149	5624	4222	2	0	27931	88
432000	81	151	5050	5640	1	6	29614	33
433000	96	125	4227	6844	169	27	31136	377
434000	82	122	4195	7156	0	0	30896	5
435000	96	270	4029	7333	57	0	31158	100
436000	152	140	4238	6890	66	0	31124	191
437000	173	132	5384	4549	35	0	27323	32
438000	116	100	4765	5841	177	0	30274	357
439000	133	159	4598	6282	59	60	27823	450
440000	140	203	4232	6882	0	90	31332	207
441000	182	169	5000	5312	6	0	29454	43
442000	95	216	4353	6801	0	0	29979	36
443000	150	174	5180	5041	0	0	29035	11
444000	124	184	5259	5042	12	0	28300	50
445000	113	168	4492	6392	13	0	29564	85
446000	94	103	4500	6570	0	0	32329	1
447000	72	208	3643	8124	36	0	32380	152
448000	82	176	3492	8295	96	0	32489	164
449000	84	163	4310	6942	0	0	31317	8
450000	82	178	3892	7502	43	20	31782	315
451000	61	185	3207	8829	54	39	33657	386
452000	70	244	3218	8761	46	50	32757	270
453000	101	225	3483	8183	0	113	31920	179
454000	77	191	4184	7025	25	119	31340	386
455000	120	106	4784	5955	22	90	29648	471
456000	116	120	4904	5465	16	281	28420	620
457000	128	141	4802	5689	175	187	28449	953
458000	121	156	4350	6336	282	39	30554	576
459000	141	118	5154	5046	66	42	28606	342
460000	153	151	4162	6965	59	82	31173	698
461000	53	155	3568	8179	83	5	32020	183
462000	79	141	3808	7839	0	0	32519	1
463000	165	201	4448	6408	0	0	31536	2
464000	75	129	3942	7546	63	9	32447	51
465000	89	205	3774	7876	0	0	32842	1
466000	112	192	4339	6738	82	4	29591	348
467000	74	206	4287	6799	41	0	31349	259
468000	93	97	5263	4930	26	0	28805	70
469000	72	206	4135	7220	66	4	30957	106
470000	102	203	3613	8162	0	0	31409	2
471000	101	206	3769	7850	0	0	31491	1
472000	125	218	4196	6950	0	3	30811	7
473000	68	175	3669	7994	0	0	32975	45
474000	88	166	3608	8123	60	4	33516	176
475000	82	142	4086	7245	128	1	32040	283
476000	92	180	3549	8128	13	54	31010	228
477000	87	167	3644	8104	5	25	33128	136
478000	41	245	3679	8025	28	0	33863	34
479000	51	214	2940	9233	24	42	35136	209
480000	65	186	3237	8757	8	0	33121	62
481000	60	204	2452	10015	0	0	33495	46
482000	48	209	2356	10152	16	2	35850	128
483000	52	251	2270	10348	54	2	33592	174
484000	56	243	2573	9856	3	0	33200	58
485000	55	240	2527	9782	158	0	33858	385
486000	71	148	3569	7929	9	152	32219	385
487000	77	202	3687	7746	20	216	31778	465
488000	89	176	3771	7325	53	443	29569	1235
489000	181	161	4469	6297	35	216	30233	714
490000	95	141	4815	6122	19	0	30518	56
491000	96	252	4409	6533	0	0	31228	1
492000	77	131	4137	6787	432	29	30498	965
493000	102	129	4057	6833	350	137	30578	1277
494000	115	169	4481	6325	261	1	29517	672
495000	82	161	3997	7106	249	138	29863	1113
496000	100	140	4548	6253	58	73	30475	284
497000	110	150	4103	7243	6	0	32418	16
498000	77	168	4560	6408	0	0	30730	9
499000	82	145	4171	7036	85	9	29643	571
500000	112	219	3403	8221	71	38	32437	283
501000	98	213	3542	7963	171	12	33119	424
502000	50	254	2728	9513	32	9	34572	86
503000	55	217	3184	8787	26	42	33998	146
504000	65	171	3093	9092	0	0	33056	18
505000	59	173	2808	9143	354	68	33287	964
506000	77	184	2871	8997	191	272	33538	1112
507000	55	202	2906	9060	127	187	31460	1064
508000	91	201	3997	7170	69	144	31446	516
509000	95	182	3595	8202	0	21	30132	98
510000	87	140	3630	8186	28	21	32800	172
511000	73	186	3878	7628	84	0	31614	108
512000	78	235	3205	8751	5	0	31869	95
513000	73	156	3267	8714	77	0	33909	149
514000	66	197	3688	7993	77	21	33373	271
515000	60	185	3152	8989	0	0	33902	1
516000	42	178	2918	9350	0	0	34215	74
517000	58	206	2704	9628	41	0	34470	122
518000	58	226	2571	9706	28	239	34304	645
519000	38	248	2945	8672	63	489	32860	1361
520000	126	188	3073	8614	125	212	31920	1004
521000	93	211	3197	8385	97	310	32652	1134
522000	102	199	3827	7110	74	476	30686	1619
523000	81	151	3982	6889	69	464	30061	1324
524000	120	198	4663	5986	13	94	29407	430
525000	152	225	4344	5777	757	165	29703	2061
526000	141	118	5621	3267	943	137	24446	3326
527000	251	118	5941	3029	301	108	24408	1442
528000	131	122	5232	3854	711	487	26033	3243
529000	185	116	4761	4204	458	1215	24970	5338
530000	178	131	4798	4449	294	1191	26047	4143
531000	171	227	4655	3926	671	1334	23288	4778
532000	187	109	3837	4793	1466	1346	23482	6799
533000	145	115	3644	4249	2308	1405	23316	9609
534000	169	106	3617	3523	3060	1452	20136	11904
535000	183	81	5012	2829	1775	872	22045	7993
536000	170	98	4774	2696	2248	1115	20606	9142
537000	144	69	5443	2551	1506	554	22388	5517
538000	163	38	5511	2677	1730	242	21915	5738
539000	276	29	5830	1459	1869	101	20844	6358
540000	359	29	5768	1216	2270	47	18917	6429
541000	204	54	5873	1901	1608	221	20463	5463
542000	234	16	6000	1329	1920	214	19255	6162
543000	217	11	6337	818	1704	4	19445	5150
544000	208	2	6541	225	1514	44	18921	4242
545000	305	8	6452	577	810	0	19488	1821
546000	281	18	6564	441	961	39	19406	3459
547000	270	0	6606	118	1170	0	18279	3947
548000	165	0	6339	0	2474	0	18225	6404
549000	243	0	5889	0	3219	0	16093	7854
550000	204	0	5175	0	5098	0	14943	15124
551000	183	0	5730	0	4205	0	15654	12496
552000	260	0	5318	0	4531	0	14423	13114
553000	226	0	5527	0	4388	0	14276	12968
554000	325	0	6247	0	2563	0	17429	7146
555000	229	0	5965	0	3073	0	17107	8419
556000	211	0	6544	0	1482	0	17975	4696
557000	325	0	6492	0	1607	0	17185	4439
558000	281	0	6688	0	596	0	18913	2009
559000	316	0	6376	0	1884	0	17409	5223
560000	324	0	5996	0	3149	0	16450	9587
561000	189	0	5997	0	3393	0	16375	9546
562000	248	0	6190	0	2773	0	17444	7332
563000	235	0	5819	0	3515	0	16334	8725
564000	235	0	6250	0	2723	0	17803	7511
565000	295	0	6129	0	2486	0	16990	7276
566000	310	0	6327	0	2081	0	18348	5638
567000	285	0	6724	0	1213	0	17761	3461
568000	261	0	6641	0	1029	0	17958	3273
569000	340	0	6440	0	1263	0	18431	3118
570000	310	0	6578	0	1193	0	17370	3572
571000	220	0	5969	0	3353	0	17645	7748
572000	274	0	6340	0	2434	0	17948	6605
573000	246	0	5890	0	3516	0	16168	10528
574000	257	0	6733	0	1229	0	18146	5033
575000	324	0	6518	0	1716	0	18858	4413
576000	267	0	6022	0	3102	0	17060	8960
577000	264	0	6439	0	1587	0	17373	4986
578000	321	0	6237	0	2210	0	17785	6188
579000	248	0	6547	0	1529	0	18332	4354
580000	316	0	6254	0	2412	0	16859	7191
581000	237	0	6081	0	2943	0	17705	8066
582000	174	0	6212	0	2861	0	16915	6576
583000	313	0	5976	0	3104	0	16328	9018
584000	282	0	5750	0	3912	0	15371	10646
585000	272	0	5867	0	3717	0	15965	9992
586000	244	0	6291	0	2529	0	17206	7141
587000	289	0	6167	0	2505	0	18385	7291
588000	223	0	6488	0	2000	0	16174	5766
589000	298	0	6526	0	2032	0	18074	5528
590000	296	0	6750	0	894	0	18695	2526
591000	221	0	6115	0	2666	0	17232	7078
592000	252	0	6323	0	2585	0	17383	6338
593000	288	0	6183	0	2810	0	17051	8225
594000	278	0	6226	0	2523	0	16772	6723
595000	310	0	5408	0	4473	0	14011	13364
596000	185	0	5655	0	3985	0	15462	11551
597000	260	0	4624	0	6053	0	13538	16479
598000	234	0	5012	0	5411	0	14117	15385
599000	295	0	5126	0	5134	0	14394	13885
600000	264	0	4027	0	7156	0	10619	19729
601000	240	0	3911	0	7480	0	10847	20691
602000	337	0	3505	0	8088	0	9972	21664
603000	269	0	4688	0	5989	0	12390	18390
604000	269	0	4511	0	6291	0	12262	18361
605000	268	0	4535	0	6308	0	11936	17318
606000	265	0	4025	0	7182	0	11589	19404
607000	229	0	4088	0	7144	0	11861	19838
608000	251	0	4247	0	6747	0	11800	18053
609000	218	0	3832	0	7826	0	10319	21480
610000	264	0	4426	0	6598	0	11900	18673
611000	284	0	3952	0	7432	0	12248	20040
612000	320	0	4152	0	6829	0	12371	17714
613000	299	0	4024	0	7179	0	11266	18369
614000	290	0	4175	0	7115	0	11714	18183
615000	253	0	3552	0	8164	0	10171	23746
616000	258	0	3658	0	7992	0	9364	22593
617000	320	0	3839	0	7543	0	10739	20167
618000	276	0	3890	0	7460	0	11486	21021
619000	239	0	2977	0	9178	0	7748	24488
620000	280	0	2813	0	9450	0	8187	24396
621000	237	0	2346	0	10131	0	6829	28483
622000	320	0	2510	0	9808	0	7439	25386
623000	353	0	2558	0	9660	0	7331	27947
624000	261	0	2057	0	10649	0	5854	30115
625000	227	0	2474	0	9939	0	7138	28028
626000	256	0	3086	0	8838	0	7829	26444
627000	246	0	3280	0	8519	0	8750	24130
628000	245	0	4434	0	6456	0	12194	18826
629000	217	0	5028	0	5292	0	12826	16728
630000	248	0	5041	0	5333	0	13869	14363
631000	281	0	5236	0	4932	0	14536	13489
632000	356	0	5324	0	4483	0	14563	13002
633000	249	0	5788	0	3846	0	14970	10431
634000	343	0	6227	0	2486	0	17913	7549
635000	251	0	5475	0	4252	0	15655	11047
636000	267	0	5860	0	3557	0	15570	9477
637000	199	0	6259	0	2688	0	18152	7786
638000	242	0	5610	0	4119	0	15822	11470
639000	209	0	5638	0	4359	0	15414	12632
640000	313	0	5340	0	4727	0	14496	13859
641000	246	0	4911	0	5502	0	13860	15173
642000	297	0	5421	0	4329	0	15140	12640
643000	341	0	4852	0	5417	0	13502	14028
644000	286	0	4871	0	5757	0	13441	15078
645000	271	0	4237	0	6929	0	11792	18822
646000	224	0	4309	0	6809	0	12403	18713
647000	262	0	3270	0	8559	0	9669	23179
648000	210	0	3896	0	7692	0	10358	21696
649000	229	0	3632	0	8033	0	9586	21353
650000	264	0	3801	0	7610	0	10903	19881
651000	226	0	3429	0	8354	0	9058	21570
652000	264	0	3560	0	7940	0	9108	23289
653000	230	0	3472	0	8208	0	9733	22871
654000	324	0	3426	0	8255	0	8770	23152
655000	263	0	2607	0	9678	0	7364	27126
656000	314	0	2770	0	9415	0	7288	26194
657000	253	0	2259	0	10299	0	6603	28334
658000	261	0	2517	0	9931	0	6326	28173
659000	283	0	2234	0	10254	0	6612	27115
660000	231	0	2327	0	10236	0	6952	29245
661000	243	0	2327	0	10226	0	6440	28293
662000	284	0	2395	0	10002	0	6667	27732
663000	293	0	2148	0	10442	0	5685	28378
664000	330	0	2280	0	10113	0	5974	27688
665000	255	0	1920	0	10859	0	5723	29472
666000	243	0	2649	0	9731	0	6446	26496
667000	311	0	2624	0	9632	0	6797	27577
668000	250	0	2493	0	9925	0	7455	26776
669000	279	0	2996	0	9034	0	8418	24056
670000	221	0	2488	0	9983	0	6986	27400
671000	261	0	2887	0	9360	0	7358	27953
672000	309	0	3753	0	7705	0	9770	20956
673000	284	0	3672	0	7789	0	10780	21594
674000	267	0	3777	0	7637	0	10132	22020
675000	285	0	3176	0	8693	0	9083	24168
676000	284	0	3223	0	8636	0	10112	22933
677000	222	0	3157	0	8951	0	8766	23144
678000	274	0	3652	0	7954	0	9619	22699
679000	290	0	3995	0	7351	0	10723	20201
680000	276	0	4184	0	6954	0	11212	20849
681000	310	0	4305	0	6659	0	12815	18074
682000	315	0	4224	0	6781	0	11856	17710
683000	266	0	3375	0	8400	0	9708	23156
684000	224	0	3971	0	7327	0	9440	23101
685000	308	0	3702	0	7774	0	10674	20251
686000	262	0	3933	0	7332	0	11554	20616
687000	332	0	4782	0	5725	0	14246	16301
688000	175	0	5560	0	4568	0	14262	13646
689000	341	0	5300	0	4849	0	14075	13364
690000	357	0	5436	0	4240	0	15730	12077
691000	237	0	4527	0	6557	0	13133	17417
692000	306	0	4288	0	6663	0	11818	19501
693000	267	0	3985	0	7345	0	11464	21153
694000	275	0	3492	0	8185	0	8921	22779
695000	336	0	3123	0	8741	0	8565	23237
696000	211	0	3329	0	8567	0	9456	24200
697000	192	0	3974	0	7573	0	9829	22861
698000	257	0	4365	0	6535	0	11494	18349
699000	221	0	4508	0	6508	0	12641	18950
700000	281	0	5126	0	5116	0	14164	14382
701000	296	0	4616	0	6010	0	12607	17664
702000	271	0	4463	0	6437	0	12267	17770
703000	262	0	4186	0	6950	0	12416	18419
704000	243	0	4633	0	6231	0	11955	17742
705000	288	0	4434	0	6422	0	12674	16859
706000	295	0	4506	0	6344	0	12418	18388
707000	276	0	3969	0	7252	0	11774	20053
708000	261	0	3820	0	7598	0	10596	21523
709000	252	0	3867	0	7564	0	11040	20577
710000	249	0	3650	0	8014	0	9639	22215
711000	283	0	3124	0	8729	0	8976	24034
712000	281	0	3083	0	8857	0	8314	23854
713000	244	0	2813	0	9411	0	7885	26382
714000	265	0	3096	0	8963	0	7658	25077
715000	322	0	3753	0	7606	0	10392	22731
716000	268	0	4523	0	6380	0	12192	17241
717000	191	0	4949	0	5545	0	12493	16959
718000	272	0	4813	0	5670	0	13562	16562
719000	289	0	4565	0	6057	0	12251	17286
720000	313	0	4618	0	6047	0	12521	16499
721000	289	0	5080	0	5269	0	14430	14586
722000	234	0	4465	0	6541	0	12723	16976
723000	289	0	4778	0	5721	0	14193	15289
724000	270	0	4322	0	6610	0	12174	18362
725000	286	0	3531	0	8129	0	9677	22419
726000	261	0	3740	0	7893	0	10178	21373
727000	300	0	3709	0	7801	0	10420	21097
728000	255	0	3983	0	7380	0	10791	19182
729000	256	0	4863	0	5742	0	13376	17270
730000	336	0	5318	0	4612	0	15562	11925
731000	303	0	5224	0	5036	0	14970	13086
732000	205	0	4810	0	5976	0	13041	17405
733000	240	0	3992	0	7443	0	11216	20909
734000	295	0	3420	0	8232	0	9451	23044
735000	296	0	3055	0	8933	0	8099	24527
736000	277	0	2913	0	9222	0	7938	24569
737000	248	0	3259	0	8681	0	8627	24379
738000	209	0	3827	0	7694	0	10774	23272
739000	289	0	4070	0	7131	0	10313	20213
740000	243	0	3769	0	7772	0	10498	20864
741000	258	0	4133	0	7156	0	11947	19478
742000	238	0	4723	0	6115	0	13407	17016
743000	213	0	4118	0	7278	0	11301	20676
744000	253	0	3685	0	7909	0	10171	22837
745000	234	0	4021	0	7224	0	10196	20782
746000	232	0	3525	0	8329	0	10175	22751
747000	316	0	3140	0	8671	0	9267	24058
748000	301	0	3062	0	8922	0	8567	23944
749000	303	0	2996	0	8935	0	8300	26356
750000	235	0	2929	0	9251	0	8289	24687
751000	333	0	2638	0	9420	0	7901	25367
752000	287	0	2178	0	10436	0	5795	27294
753000	209	0	2766	0	9546	0	6940	28641
754000	313	0	3008	0	9000	0	8066	26235
755000	309	0	2878	0	9269	0	8220	25525
756000	285	0	3259	0	8430	0	8673	24553
757000	267	0	3199	0	8710	0	8873	23724
758000	244	0	3707	0	7880	0	9758	21814
759000	257	0	3201	0	8683	0	9962	24321
760000	274	0	3185	0	8728	0	8758	25901
761000	296	0	2943	0	9127	0	8353	24045
762000	299	0	3103	0	8807	0	9400	23871
763000	253	0	3058	0	8991	0	8294	25070
764000	298	0	2659	0	9567	0	7115	26613
765000	262	0	2990	0	9102	0	8416	26093
766000	192	0	2932	0	9339	0	7729	26142
767000	299	0	3218	0	8493	0	8761	24831
768000	249	0	3490	0	8211	0	9280	23389
769000	246	0	3925	0	7533	0	9542	21249
770000	295	0	4065	0	7134	0	11167	19113
771000	231	0	4342	0	6555	0	11744	17861
772000	311	0	4495	0	6269	0	11769	18090
773000	290	0	4484	0	6479	0	12749	18621
774000	365	0	5180	0	4776	0	15632	13269
775000	257	0	5261	0	4821	0	13991	14088
776000	262	0	5494	0	4336	0	14567	12669
777000	289	0	5439	0	4534	0	15063	13157
778000	255	0	5441	0	4559	0	14575	12976
779000	270	0	4522	0	6228	0	12981	17094
780000	207	0	3319	0	8604	0	9862	22141
781000	246	0	3171	0	8787	0	9264	23523
782000	309	0	3154	0	8749	0	7775	23988
783000	269	0	2779	0	9356	0	8224	26294
784000	283	0	3185	0	8626	0	8583	25135
785000	272	0	2270	0	10212	0	5837	28700
786000	267	0	2469	0	9928	0	6672	26320
787000	260	0	3092	0	9004	0	8869	23982
788000	226	0	2799	0	9467	0	7862	25716
789000	256	0	3287	0	8585	0	9607	22634
790000	256	0	3725	0	7742	0	10448	21376
791000	266	0	3440	0	8228	0	9531	23297
792000	278	0	4215	0	6782	0	10746	19520
793000	274	0	3494	0	8225	0	9562	23101
794000	239	0	4472	0	6425	0	12474	17339
795000	292	0	4318	0	6592	0	11942	19637
796000	264	0	4122	0	7175	0	11597	18594
797000	251	0	3590	0	8127	0	9406	22339
798000	252	0	2641	0	9725	0	7626	26885
799000	229	0	3096	0	8842	0	9226	23767
800000	241	0	3221	0	8646	0	9397	24352
801000	259	0	3419	0	8503	0	9234	22146
802000	249	0	3622	0	7964	0	9869	22029
803000	260	0	4307	0	6795	0	12553	18655
804000	251	0	3725	0	7844	0	10025	21143
805000	280	0	3022	0	9003	0	8876	24471
806000	250	0	3324	0	8592	0	9431	23315
807000	280	0	3530	0	8207	0	8716	24657
808000	293	0	3527	0	8137	0	10147	21682
809000	274	0	4157	0	6982	0	11333	20256
810000	292	0	4564	0	6335	0	11616	18652
811000	290	0	5392	0	4627	0	14701	13238
812000	286	0	5335	0	4513	0	14846	13253
813000	218	0	5346	0	4785	0	13636	14788
814000	336	0	5029	0	5380	0	14239	14019
815000	290	0	4618	0	5947	0	12951	16259
816000	310	0	3969	0	7402	0	12042	19350
817000	249	0	4872	0	5612	0	13342	15914
818000	318	0	6164	0	2712	0	17290	8387
819000	238	0	6314	0	2055	0	18547	5801
820000	276	0	6217	0	2533	0	17470	7682
821000	319	0	5856	0	3205	0	16916	9283
822000	235	0	6629	0	1126	0	19266	4188
823000	289	0	6100	0	2811	0	17547	7094
824000	301	0	5227	0	4816	0	14629	13751
825000	232	0	5180	0	5007	0	14176	15649
826000	210	0	5835	0	3821	0	15925	10240
827000	186	0	5172	0	5207	0	13195	15447
828000	258	0	5304	0	4781	0	14909	12498
829000	262	0	4792	0	5829	0	13528	15781
830000	265	0	5361	0	4907	0	14521	14064
831000	297	0	5240	0	4709	0	13965	14009
832000	246	0	4665	0	5959	0	13420	16011
833000	262	0	4655	0	6117	0	12885	17930
834000	264	0	4791	0	5862	0	12277	18065
835000	292	0	3900	0	7388	0	10853	19976
836000	257	0	4711	0	5984	0	13744	16131
837000	351	0	5273	0	4792	0	14300	14471
838000	273	0	4918	0	5518	0	13353	16004
839000	295	0	4923	0	5330	0	12920	15315
840000	386	0	5239	0	4695	0	14191	12635
841000	327	0	5028	0	5360	0	13712	13437
842000	245	0	5161	0	5070	0	14821	13834
843000	270	0	4839	0	5579	0	12593	16662
844000	271	0	4654	0	6076	0	13702	15946
845000	271	0	4346	0	6691	0	11933	17949
846000	239	0	4079	0	7209	0	11524	19931
847000	277	0	3868	0	7587	0	10678	20249
848000	246	0	3792	0	7781	0	10774	20677
849000	216	0	3859	0	7649	0	10222	20914
850000	326	0	3787	0	7537	0	10664	20521
851000	280	0	4345	0	6807	0	11687	18488
852000	297	0	3574	0	8016	0	10036	22198
853000	187	0	3812	0	7667	0	10016	22713
854000	279	0	3850	0	7568	0	10722	22511
855000	282	0	4516	0	6202	0	12648	17590
856000	230	0	4193	0	6939	0	11779	19124
857000	276	0	4263	0	6900	0	11642	18879
858000	229	0	3404	0	8355	0	10047	22641
859000	193	0	4213	0	6991	0	10771	19731
860000	247	0	4433	0	6568	0	12067	18609
861000	253	0	3962	0	7454	0	11785	19986
862000	265	0	3808	0	7554	0	10361	22057
863000	271	0	3624	0	7957	0	9790	21349
864000	269	0	3636	0	7934	0	10493	20578
865000	295	0	3069	0	8780	0	8897	23911
866000	328	0	3502	0	8092	0	9383	23197
867000	268	0	2289	0	10244	0	5872	27479
868000	286	0	2348	0	10094	0	7189	27382
869000	259	0	2057	0	10572	0	6098	29397
870000	280	0	2060	0	10615	0	5904	29246
871000	249	0	2420	0	10048	0	6375	27665
872000	305	0	3180	0	8644	0	8762	24069
873000	265	0	3063	0	8991	0	8496	25046
874000	261	0	3370	0	8445	0	8886	22951
875000	216	0	3076	0	8979	0	9134	23785
876000	294	0	2969	0	9017	0	8438	25176
877000	324	0	2715	0	9404	0	7767	25490
878000	277	0	3588	0	8118	0	9770	22059
879000	286	0	3481	0	8262	0	9285	22309
880000	342	0	3010	0	8954	0	8058	23972
881000	277	0	2944	0	9196	0	8740	25578
882000	290	0	2203	0	10328	0	6643	28136
883000	234	0	2969	0	9061	0	8110	26976
884000	318	0	2804	0	9258	0	8277	25776
885000	242	0	2787	0	9377	0	7812	26771
886000	260	0	2713	0	9482	0	7004	26153
887000	236	0	3415	0	8329	0	10224	23774
888000	201	0	3995	0	7439	0	11030	21944
889000	276	0	3908	0	7317	0	10864	20577
890000	335	0	3677	0	7728	0	10861	21128
891000	235	0	3748	0	7851	0	11053	20776
892000	280	0	4206	0	6914	0	11354	20100
893000	315	0	3915	0	7343	0	10470	20483
894000	301	0	4114	0	7065	0	11205	19475
895000	246	0	3734	0	7745	0	10508	21099
896000	245	0	4276	0	6981	0	11935	18446
897000	225	0	3733	0	7824	0	10964	20909
898000	239	0	3868	0	7626	0	10828	21432
899000	281	0	3984	0	7360	0	11927	19655
900000	238	0	3528	0	8354	0	9427	23735
901000	290	0	3256	0	8621	0	8769	23062
902000	283	0	3873	0	7625	0	10864	21006
903000	302	0	2851	0	9249	0	8124	24144
904000	281	0	3547	0	8005	0	9867	23823
905000	247	0	3577	0	8115	0	9053	22555
906000	223	0	2885	0	9355	0	8136	25006
907000	218	0	3457	0	8331	0	9396	23020
908000	259	0	3180	0	8757	0	9045	24129
909000	277	0	3430	0	8280	0	9697	23067
910000	326	0	3550	0	7923	0	9635	23706
911000	323	0	4524	0	6267	0	12771	17389
912000	262	0	3993	0	7289	0	10881	20996
913000	233	0	3975	0	7388	0	10788	20450
914000	297	0	4599	0	6111	0	13146	17029
915000	237	0	4379	0	6640	0	12018	18668
916000	364	0	3997	0	7006	0	11678	18359
917000	273	0	3664	0	7916	0	9600	21935
918000	207	0	2732	0	9601	0	8023	25943
919000	282	0	3319	0	8414	0	9378	24364
920000	277	0	4246	0	6757	0	11007	19746
921000	247	0	4927	0	5557	0	13229	16457
922000	285	0	4211	0	7026	0	12448	18648
923000	235	0	3236	0	8648	0	8505	23960
924000	332	0	3771	0	7603	0	10274	21825
925000	267	0	3461	0	8184	0	9733	21714
926000	317	0	3852	0	7556	0	10431	22305
927000	287	0	2930	0	9172	0	8224	25622
928000	286	0	2679	0	9530	0	8141	26592
929000	299	0	3372	0	8387	0	9534	24704
930000	230	0	3060	0	9096	0	8420	25878
931000	256	0	2609	0	9718	0	7154	27643
932000	252	0	2845	0	9276	0	8088	26489
933000	293	0	3266	0	8537	0	9197	23087
934000	274	0	2746	0	9341	0	8005	26628
935000	276	0	2911	0	9184	0	9239	25545
936000	295	0	2269	0	10191	0	6678	26506
937000	275	0	2436	0	9961	0	8544	27346
938000	257	0	2428	0	10025	0	6855	26680
939000	260	0	2135	0	10486	0	5150	29016
940000	242	0	1652	0	11295	0	4187	32156
941000	242	0	1828	0	11080	0	4935	30993
942000	263	0	2190	0	10439	0	6446	28621
943000	235	0	2215	0	10420	0	5626	29613
944000	292	0	2115	0	10520	0	5606	29734
945000	290	0	2613	0	9591	0	6833	27279
946000	260	0	2204	0	10355	0	5539	28390
947000	252	0	2818	0	9325	0	8160	25795
948000	323	0	2438	0	9900	0	7222	28495
949000	308	0	2296	0	10140	0	5836	28270
950000	260	0	2134	0	10580	0	5634	29674
951000	309	0	1808	0	10962	0	4961	29224
952000	311	0	2286	0	10123	0	6321	29017
953000	264	0	2559	0	9855	0	7150	27893
954000	273	0	2872	0	9323	0	7898	26808
955000	263	0	3063	0	8868	0	8977	25444
956000	203	0	2657	0	9741	0	7542	26897
957000	313	0	3294	0	8502	0	9443	22892
958000	358	0	3294	0	8357	0	9276	22703
959000	290	0	3532	0	8190	0	10200	22415
960000	212	0	4133	0	7179	0	11205	19611
961000	280	0	4632	0	6101	0	13424	16566
962000	226	0	4034	0	7195	0	11879	18910
963000	272	0	4986	0	5575	0	13079	15101
964000	350	0	4613	0	6088	0	13418	16503
965000	238	0	4433	0	6511	0	11604	18227
966000	337	0	4057	0	6988	0	12771	18349
967000	251	0	3273	0	8623	0	9061	22527
968000	308	0	3265	0	8510	0	8999	23494
969000	309	0	3487	0	8181	0	9353	24831
970000	321	0	3395	0	8320	0	8928	24029
971000	311	0	3153	0	8743	0	8438	24264
972000	240	0	4666	0	6076	0	12177	17703
973000	296	0	4982	0	5313	0	13653	14687
974000	315	0	4881	0	5454	0	13391	15882
975000	286	0	4817	0	5781	0	13105	17419
976000	322	0	4151	0	6780	0	12180	19767
977000	239	0	4857	0	5714	0	12801	17885
978000	234	0	4990	0	5367	0	13541	15482
979000	295	0	4319	0	6764	0	11823	18564
980000	269	0	3893	0	7533	0	11103	21452
981000	338	0	3979	0	7120	0	10907	19484
982000	278	0	3945	0	7365	0	10152	21829
983000	255	0	3021	0	8952	0	9231	24209
984000	239	0	2620	0	9761	0	7851	26987
985000	249	0	3126	0	8823	0	8219	25720
986000	248	0	2427	0	9974	0	7073	27624
987000	307	0	2122	0	10409	0	5913	28470
988000	258	0	1822	0	11002	0	4984	29571
989000	235	0	1754	0	11118	0	5395	30783
990000	286	0	1886	0	10864	0	5839	31836
991000	239	0	2283	0	10217	0	6246	27862
992000	260	0	2723	0	9504	0	6830	28337
993000	308	0	2498	0	9799	0	7198	27101
994000	315	0	2646	0	9594	0	6978	27222
995000	229	0	2937	0	9189	0	8172	26810
996000	258	0	3256	0	8693	0	9829	24211
997000	257	0	3411	0	8349	0	10094	23522
998000	283	0	3410	0	8306	0	9510	22614
999000	243	0	3917	0	7519	0	10687	21011
