0	0	0	0	14400	0	0	0	0
1000	10	243	472	13127	100	30	38087	369
2000	15	265	576	12982	50	68	36728	399
3000	21	255	478	13069	24	121	36776	445
4000	5	268	618	12859	3	188	36441	484
5000	10	256	440	12821	6	469	37489	1249
6000	11	277	491	12736	9	497	35941	1450
7000	12	276	397	12752	4	577	36826	1581
8000	10	290	507	12554	26	578	36082	1410
9000	16	268	483	12765	32	441	35972	1078
10000	10	307	415	12798	28	458	37358	1471
11000	7	252	431	12881	24	389	36412	1293
12000	11	239	406	13029	47	310	36843	968
13000	8	265	449	12660	88	542	36128	1814
14000	10	242	411	12829	75	418	37039	1551
15000	15	239	316	12948	115	439	38504	1442
16000	11	246	415	13013	64	258	38752	879
17000	6	282	469	13011	61	151	36750	689
18000	9	270	592	12941	37	87	38039	436
19000	7	244	376	13371	28	25	38420	247
20000	18	267	537	13054	39	34	36459	191
21000	13	244	466	13252	0	22	38239	23
22000	7	229	612	13019	0	34	38426	95
23000	16	241	542	13090	0	48	37428	222
24000	14	257	430	13264	0	0	38253	2
25000	12	243	605	12937	65	60	37247	217
26000	10	268	535	12988	16	122	38236	475
27000	11	267	411	13119	10	178	35994	458
28000	9	291	389	13079	4	255	37919	665
29000	12	256	435	13160	14	129	37290	363
30000	9	261	506	12964	36	161	36882	489
31000	14	239	461	13147	20	109	38522	347
32000	21	258	495	13095	2	77	39627	227
33000	4	253	409	13290	0	49	38857	122
34000	6	252	393	13323	0	55	38772	167
35000	12	251	509	13185	0	25	37687	108
36000	16	229	559	13079	11	27	39600	164
37000	6	242	425	13280	0	42	38926	191
38000	6	255	463	13142	0	114	38329	525
39000	4	234	441	13167	10	154	37532	448
40000	2	274	399	13253	1	113	37823	226
41000	9	243	422	13252	7	96	38142	340
42000	12	267	419	13255	3	81	40245	264
43000	16	262	554	12984	7	106	37595	224
44000	12	250	524	13033	22	146	38939	495
45000	9	232	571	12981	67	73	36480	411
46000	19	292	535	12896	111	112	36482	359
47000	8	269	376	13191	23	181	36510	583
48000	6	257	432	13183	27	134	37418	420
49000	8	289	477	13051	40	118	37367	339
50000	10	296	414	13086	21	190	37657	411
51000	12	240	454	13064	0	170	37997	490
52000	12	267	540	12971	6	134	37190	307
53000	14	272	430	13208	0	65	39101	128
54000	1	268	471	13212	1	38	37184	145
55000	11	257	582	13112	0	0	38390	4
56000	14	283	526	12996	91	33	36932	289
57000	8	278	556	13032	26	47	38600	168
58000	6	268	582	12954	50	82	38358	270
59000	11	251	627	12851	49	105	37153	513
60000	11	227	588	12979	19	120	38671	303
61000	13	257	582	12855	40	163	37640	656
62000	12	232	507	13052	47	98	38779	557
63000	6	231	469	13174	29	108	38870	317
64000	5	230	482	13169	14	69	38620	333
65000	5	265	559	13068	8	32	36749	119
66000	4	259	494	13169	1	48	38805	164
67000	15	289	542	13063	0	44	37567	57
68000	15	249	517	13096	81	10	37931	330
69000	21	243	595	12943	67	39	37222	238
70000	6	287	582	12956	53	63	37741	280
71000	12	271	503	13106	28	66	37824	281
72000	15	247	477	13117	44	90	38067	276
73000	10	249	494	13133	32	35	38066	199
74000	6	274	507	13177	11	19	38213	133
75000	12	248	615	13008	0	5	38276	1
76000	4	248	404	13378	0	0	39094	8
77000	7	254	465	13181	62	6	37452	234
78000	4	275	410	13275	29	15	38422	203
79000	9	264	476	13225	4	20	38273	39
80000	9	266	539	13126	0	10	37303	37
81000	16	265	560	13057	0	3	38129	19
82000	11	279	566	12994	69	10	38738	291
83000	8	290	572	13012	23	21	37269	58
84000	12	292	458	13123	35	56	37252	327
85000	16	256	723	12680	76	93	38692	275
86000	17	260	567	13011	26	66	37905	311
87000	11	263	565	12827	17	218	37248	492
88000	6	267	510	13074	3	123	37529	535
89000	5	255	461	13154	5	96	38325	456
90000	17	259	439	13229	0	23	38579	128
91000	8	257	436	13285	0	14	37179	36
92000	12	277	512	13162	0	12	39504	0
93000	12	270	365	13315	69	4	37347	123
94000	8	246	446	13269	3	3	37997	31
95000	6	262	428	13172	108	4	37513	318
96000	5	252	564	13036	23	62	38895	367
97000	10	248	528	13092	14	13	38617	100
98000	10	271	457	13177	33	34	38395	124
99000	4	255	499	13188	24	0	38166	54
100000	7	248	514	13139	7	5	37008	8
101000	9	233	503	13256	10	0	38096	23
102000	7	246	497	13036	141	23	37266	353
103000	13	259	523	12955	88	103	36599	614
104000	10	240	516	13011	84	105	37151	380
105000	8	258	632	12785	71	100	37546	448
106000	7	239	635	12918	14	71	37069	473
107000	16	253	577	13056	3	36	37478	42
108000	7	254	412	13337	6	10	39091	17
109000	6	254	499	13158	0	43	37884	88
110000	4	281	486	13188	0	18	38852	16
111000	5	264	522	13061	52	20	37194	231
112000	10	317	629	12866	60	36	37458	171
113000	11	254	495	13044	47	97	38771	448
114000	3	300	469	13066	31	107	36594	287
115000	11	247	412	13068	43	216	36082	942
116000	6	233	453	13176	30	90	37850	428
117000	1	267	391	13289	18	97	37006	285
118000	10	293	449	13176	17	77	38819	309
119000	7	264	451	13155	15	111	37764	321
120000	6	222	466	13120	2	165	37956	325
121000	9	233	561	12853	50	194	37935	669
122000	10	269	457	12830	15	389	37808	1053
123000	10	260	519	12500	10	661	34764	1746
124000	5	251	403	12648	110	575	35786	1617
125000	17	305	560	12478	113	482	36345	1601
126000	13	278	498	12707	50	401	36684	1511
127000	9	305	469	12818	40	352	36487	1064
128000	13	277	447	12772	55	416	36634	1264
129000	5	249	434	12687	116	477	38623	1649
130000	11	215	510	12298	168	791	36100	2524
131000	9	239	625	12169	143	703	36449	2351
132000	15	258	535	12084	85	960	35469	2907
133000	10	248	454	12297	107	862	33890	3027
134000	5	276	380	12378	98	912	36447	2852
135000	9	282	511	12197	27	945	35627	2708
136000	4	289	412	12456	106	712	35209	2340
137000	10	277	459	12416	58	753	35547	2424
138000	8	261	406	12567	110	652	37279	2036
139000	13	274	481	12395	99	731	35896	2225
140000	26	258	594	12418	79	545	36591	1898
141000	7	265	494	12461	80	678	35536	1710
142000	12	230	454	12351	65	852	35272	2531
143000	12	275	438	12396	105	778	35523	2384
144000	14	251	453	12312	79	865	35571	2674
145000	4	235	469	12464	92	726	34829	1920
146000	7	243	411	12187	112	1080	34117	3575
147000	4	299	359	12546	118	730	35708	2573
148000	7	225	460	12461	132	749	35818	2518
149000	12	218	500	12166	125	947	35044	3117
150000	14	273	383	12118	98	1127	34918	3134
151000	14	265	490	12125	98	994	34172	3014
152000	5	272	437	11989	131	1173	34311	3602
153000	5	230	477	12195	116	920	34138	3109
154000	10	280	492	11768	210	1211	33184	3616
155000	14	261	437	11559	228	1530	33273	4661
156000	10	238	526	11553	256	1407	33288	4437
157000	12	271	452	11854	180	1224	34258	4351
158000	16	279	527	11624	239	1250	31702	4164
159000	9	249	540	11719	221	1188	34276	4096
160000	15	244	410	12025	236	1059	34140	3318
161000	20	265	493	11876	224	1101	35049	3334
162000	12	238	471	11738	139	1389	34167	4497
163000	3	277	422	11721	91	1494	34160	4100
164000	20	237	427	11604	127	1618	32857	4550
165000	13	277	458	11632	153	1465	34601	3881
166000	18	254	459	11817	212	1218	33407	4390
167000	8	258	465	11861	192	1168	33238	3889
168000	12	290	501	11464	257	1433	32768	4729
169000	15	244	501	11563	208	1429	32812	4498
170000	16	303	521	11693	211	1196	34672	3678
171000	13	249	443	12016	165	1010	33700	3225
172000	17	258	514	11992	247	906	35108	3344
173000	19	237	505	11801	185	1221	34407	3781
174000	25	265	568	11566	254	1225	35714	3970
175000	12	252	438	11952	129	1226	35182	3563
176000	13	258	471	11716	181	1303	34233	4226
177000	12	291	439	11736	203	1350	33161	3950
178000	15	260	538	11698	258	1115	33616	3911
179000	7	277	555	12117	199	780	35604	3134
180000	15	235	501	12126	153	920	35348	3065
181000	12	254	564	12210	137	730	36428	2479
182000	9	243	394	12490	123	739	36746	2533
183000	16	252	606	12303	62	620	37486	2112
184000	10	234	456	12597	85	605	35200	1989
185000	16	227	549	12167	116	840	35783	2265
186000	19	294	665	11875	104	909	34027	2604
187000	20	258	546	12101	87	901	35144	2822
188000	17	258	513	12090	64	989	35588	3170
189000	7	227	610	12211	103	756	36250	2663
190000	10	263	476	12650	150	419	36157	1747
191000	4	259	433	12781	69	452	35927	1926
192000	9	278	439	12780	16	510	36354	1626
193000	18	271	493	12444	34	688	35293	1979
194000	11	283	411	12433	70	812	35331	2379
195000	11	269	473	12243	151	835	34094	2768
196000	12	267	573	12152	131	769	35301	2336
197000	7	247	439	12536	139	651	36758	2083
198000	11	269	426	12390	99	824	35305	2695
199000	8	264	498	12236	102	872	35565	3254
200000	3	256	400	12524	145	647	36518	2251
201000	15	281	499	12328	70	772	35820	1961
202000	7	264	640	12309	15	642	35331	1921
203000	3	267	532	12462	42	616	36581	1871
204000	10	277	460	12630	25	588	36573	1783
205000	6	281	438	12400	52	836	35822	2497
206000	7	274	479	12206	47	955	35584	2864
207000	19	274	472	12142	263	803	34893	2854
208000	19	232	446	12160	298	814	34546	2625
209000	8	277	506	12155	103	927	35712	3136
210000	13	218	640	12134	122	792	37134	2593
211000	15	231	487	12481	45	710	35964	2642
212000	20	268	479	12600	82	537	35879	1531
213000	7	258	493	12601	82	540	37159	1933
214000	13	272	367	12798	15	568	37694	1403
215000	6	256	399	12747	38	562	38013	1482
216000	18	239	668	12474	90	381	37225	1320
217000	12	255	517	12783	140	241	36804	1049
218000	10	264	485	12805	126	295	37934	1229
219000	15	252	596	12656	35	355	36070	935
220000	13	246	499	12771	20	407	36449	1581
221000	13	261	679	12607	2	324	37528	956
222000	6	244	393	12981	1	408	37766	1050
223000	12	260	395	12762	66	552	36409	1555
224000	13	249	472	12599	45	584	37924	1952
225000	6	259	420	12691	32	591	36269	2000
226000	27	280	544	12256	80	673	36563	2081
227000	3	284	412	12440	49	816	36098	2346
228000	12	230	477	12388	75	779	35654	2627
229000	3	254	332	12746	72	675	35363	2470
230000	10	270	460	12574	46	668	34603	2201
231000	5	250	498	12612	73	518	36177	1851
232000	18	262	493	12465	79	639	36704	1859
233000	12	257	456	12467	76	728	35499	2136
234000	8	219	473	12377	95	819	34851	2445
235000	15	290	417	12468	168	641	36166	2247
236000	9	253	530	12380	138	646	34550	2013
237000	15	257	589	12239	72	748	35151	2542
238000	23	241	743	12054	44	750	35672	2143
239000	22	246	670	12102	70	803	35401	2942
240000	18	271	529	12636	87	397	36181	1496
241000	9	263	467	12661	60	518	37014	1531
242000	7	233	487	12799	86	361	36655	1250
243000	20	268	499	12708	35	454	37219	1295
244000	12	247	494	12695	122	420	36138	1221
245000	14	256	474	12763	17	465	35738	1394
246000	11	253	388	12976	21	387	37126	1207
247000	11	260	610	12635	46	363	36865	935
248000	16	262	482	12883	77	244	37059	900
249000	14	281	466	12834	33	345	36719	995
250000	9	279	424	13003	22	284	36995	727
251000	14	253	379	12981	18	368	37687	917
252000	9	265	418	12889	20	409	35401	1315
253000	10	261	481	12717	44	441	36153	1154
254000	11	269	445	12644	51	539	34726	1507
255000	7	243	378	12633	105	665	36931	2471
256000	18	268	519	12345	53	784	34886	2266
257000	10	291	446	12584	106	585	35655	2239
258000	12	275	342	12639	133	637	35353	2210
259000	8	262	510	12576	92	522	36186	1470
260000	15	269	542	12350	72	649	35205	1965
261000	9	235	455	12396	173	680	35505	2135
262000	16	263	443	12552	97	646	34520	2071
263000	6	263	401	12522	204	624	34351	2162
264000	12	240	502	12235	327	661	35590	2638
265000	11	258	531	12272	159	719	35549	2772
266000	16	263	458	12366	152	680	36326	1813
267000	5	274	428	12384	138	781	35471	2621
268000	17	241	390	12473	118	755	35588	2660
269000	14	223	496	12309	68	877	37092	2561
270000	11	264	594	12277	74	673	34904	2086
271000	16	259	410	12386	123	842	34480	2076
272000	10	232	541	12469	116	560	36234	1978
273000	16	277	510	12556	67	486	37435	1352
274000	9	283	571	12287	68	697	36404	1880
275000	20	261	451	12715	76	493	36647	1763
276000	9	223	456	12781	122	394	36506	1442
277000	9	273	534	12614	113	373	37060	1285
278000	31	226	582	12583	98	382	37145	1671
279000	7	286	497	12724	110	381	37774	1333
280000	6	254	416	12882	71	394	38153	1260
281000	21	258	463	12753	108	382	34787	1486
282000	19	242	452	12664	145	472	36214	1656
283000	15	269	529	12686	79	371	36386	1619
284000	14	255	469	12873	17	370	37602	1116
285000	10	279	494	12868	28	289	37609	919
286000	14	280	389	13110	46	196	37765	569
287000	11	267	477	13060	63	135	37177	467
288000	10	250	530	12983	66	89	37734	469
289000	7	240	691	12644	38	219	37164	590
290000	10	249	533	12838	46	270	38319	947
291000	7	234	486	12934	0	292	36837	762
292000	11	255	450	13054	13	182	36691	515
293000	1	250	473	13122	2	120	37276	288
294000	10	275	414	13098	0	175	37888	364
295000	7	268	519	12983	0	183	39732	574
296000	8	247	365	13276	24	140	39563	384
297000	9	226	354	13312	21	97	39139	424
298000	7	286	497	13093	46	65	37554	321
299000	14	259	444	13098	43	115	39273	447
300000	11	252	419	13311	9	45	37902	144
301000	10	234	562	13076	15	35	37726	226
302000	6	246	461	13255	0	27	37049	8
303000	7	290	463	13227	0	5	36712	0
304000	11	254	408	13248	120	3	38574	99
305000	12	280	519	13061	54	30	36573	262
306000	12	238	636	12926	25	23	37570	205
307000	12	223	466	13157	56	64	38354	372
308000	10	265	530	13105	4	10	38599	62
309000	11	261	539	13123	0	22	37217	53
310000	9	286	525	13108	0	4	37274	7
311000	13	274	415	13214	75	7	38665	177
312000	8	209	547	13066	53	18	37716	167
313000	13	268	477	13164	11	37	37723	158
314000	8	252	460	13230	1	54	37877	132
315000	1	239	343	13413	0	34	38608	156
316000	11	286	399	13284	0	58	37618	139
317000	4	283	426	13158	4	141	35856	339
318000	12	273	446	13071	7	162	37866	441
319000	7	237	414	13135	17	175	38469	565
320000	8	284	546	13038	25	55	38107	176
321000	12	297	548	13069	2	15	37594	30
322000	19	268	643	12941	18	23	37946	76
323000	9	284	607	13011	0	13	38199	46
324000	8	293	503	13032	112	2	38333	142
325000	7	268	451	13137	57	78	37475	281
326000	8	278	418	13184	25	121	36377	467
327000	13	273	429	13244	4	42	36731	168
328000	4	264	434	13255	2	46	38737	290
329000	13	271	400	13312	0	27	37818	92
330000	8	278	409	13241	0	57	37870	108
331000	12	244	440	13264	14	26	39628	138
332000	6	240	348	13412	4	29	37917	134
333000	7	288	361	13383	1	34	38580	88
334000	3	290	438	13263	0	40	36720	291
335000	12	237	396	13332	0	11	37922	96
336000	6	256	460	13261	0	15	37004	22
337000	8	265	621	12908	0	85	37063	46
338000	5	283	544	12899	2	194	37670	448
339000	8	251	632	12786	11	199	39016	612
340000	13	285	554	12753	82	255	36250	613
341000	10	229	492	12767	73	357	37664	1437
342000	5	246	514	12792	8	376	37387	879
343000	11	290	606	12379	41	594	37010	1348
344000	8	291	496	12600	31	546	35918	1492
345000	16	262	683	12301	26	604	36502	1573
346000	13	250	448	12562	122	601	35210	1867
347000	17	223	415	12659	173	533	35591	2041
348000	14	288	464	12371	101	717	36227	2359
349000	7	238	502	12560	178	460	36037	1751
350000	8	292	468	12484	133	587	35493	1944
351000	6	248	514	12428	99	627	36568	1624
352000	23	267	730	12277	109	480	37192	2051
353000	16	297	461	12575	80	631	36761	2008
354000	11	264	530	12599	44	510	36147	1543
355000	17	266	403	12665	18	661	36536	1549
356000	11	225	414	12632	32	707	37489	2007
357000	22	275	579	12416	25	617	35996	2126
358000	11	281	391	12803	16	516	36446	1396
359000	14	265	462	12682	11	570	34712	1932
360000	14	255	514	12420	86	701	35703	2130
361000	11	212	457	12482	60	739	36902	2274
362000	14	243	451	12556	53	692	36222	1814
363000	9	238	516	12387	73	729	35643	2165
364000	15	248	579	12327	77	690	36804	2060
365000	8	230	460	12410	37	865	35911	2654
366000	8	243	472	12476	47	721	35344	2275
367000	8	237	542	12380	63	721	36191	2045
368000	12	237	560	12026	96	1008	35707	3093
369000	14	256	424	12355	122	836	36398	2702
370000	23	285	694	11913	90	888	35261	2711
371000	15	259	484	12230	196	770	35146	3069
372000	16	240	553	12258	175	704	35001	2316
373000	27	271	486	12276	189	722	34677	2637
374000	22	290	548	12147	132	786	33677	2308
375000	23	266	551	12197	122	792	34717	2521
376000	9	258	624	12404	26	557	37784	1585
377000	10	264	583	12508	67	500	35555	1745
378000	18	263	456	12375	108	762	35979	2101
379000	15	240	461	12248	207	822	36628	2762
380000	10	276	490	12090	158	963	35295	2897
381000	10	223	424	12413	152	744	36761	2425
382000	7	254	527	12117	220	820	35226	2560
383000	19	265	504	12228	218	722	35340	2094
384000	13	243	530	12248	229	686	35926	2494
385000	23	243	482	12327	168	751	35953	2507
386000	8	242	542	12409	207	576	36099	2116
387000	14	266	429	12548	100	664	36680	2012
388000	18	247	463	12587	61	591	36048	1958
389000	16	241	427	12806	88	412	36681	1329
390000	10	228	456	12715	38	516	37632	1398
391000	9	241	454	12554	52	644	36773	1675
392000	9	236	421	12654	126	552	36960	1696
393000	13	258	330	12871	86	493	36555	1926
394000	9	262	471	12944	22	294	37893	946
395000	8	262	493	12878	17	312	37009	899
396000	8	258	471	12914	5	327	36745	1141
397000	16	299	407	13033	10	267	36435	590
398000	8	254	316	13229	36	188	38369	458
399000	6	262	472	13031	64	160	38656	705
400000	15	281	639	12632	62	218	35361	862
401000	15	273	428	13092	71	141	37012	523
402000	10	264	441	13057	38	173	37394	783
403000	3	275	557	12812	32	272	36731	669
404000	9	254	511	12794	57	318	36539	1296
405000	16	253	556	12811	12	286	37604	821
406000	7	309	591	12820	10	179	37539	601
407000	7	244	588	12986	1	79	38822	242
408000	10	256	600	13049	0	21	38241	68
409000	9	263	535	13157	0	1	36634	30
410000	10	270	521	13022	107	18	38140	357
411000	8	287	497	13120	13	56	36327	144
412000	11	248	760	12682	15	110	37093	401
413000	19	256	566	12940	0	138	36732	387
414000	15	266	560	12969	7	135	37992	450
415000	10	254	410	13026	38	231	38399	677
416000	4	243	437	13116	22	166	36348	429
417000	11	270	395	13226	12	101	37934	375
418000	12	214	511	13103	0	106	38827	273
419000	17	279	637	12823	3	156	37129	306
420000	11	263	607	12695	1	301	37134	760
421000	14	282	485	12980	24	212	38342	667
422000	14	279	654	12701	6	204	38041	782
423000	20	245	465	12916	61	276	38063	1011
424000	10	274	499	12910	32	250	36113	703
425000	13	273	390	13037	28	263	36260	806
426000	15	249	474	13016	18	210	37054	766
427000	9	250	554	12916	8	169	37774	481
428000	13	260	505	12944	41	155	38308	608
429000	10	286	443	13036	40	146	37002	489
430000	9	260	418	13141	13	182	38668	481
431000	14	213	469	13041	38	199	37583	678
432000	8	270	507	12894	11	252	37317	754
433000	3	257	486	12996	25	223	37846	568
434000	7	276	533	12970	9	152	38175	483
435000	16	254	437	13155	0	172	38286	530
436000	9	263	438	13139	0	153	35894	509
437000	9	294	458	13060	13	170	36692	547
438000	5	275	449	13116	5	144	38105	438
439000	6	263	431	13156	14	143	36642	457
440000	5	284	480	13125	33	75	37708	349
441000	9	286	427	13172	26	90	37251	315
442000	7	230	541	13092	20	77	38043	262
443000	24	270	447	13253	2	18	37043	163
444000	19	269	469	13163	4	35	38468	152
445000	3	255	448	13305	0	13	38477	23
446000	8	270	394	13315	0	24	37247	106
447000	14	253	462	13218	0	59	37982	94
448000	10	246	553	13039	0	40	38147	172
449000	10	265	775	12726	0	55	37288	122
450000	16	247	539	13112	0	56	36483	140
451000	8	256	545	13085	0	33	38261	66
452000	9	241	514	13171	0	16	37319	14
453000	4	281	371	13379	0	10	38384	49
454000	9	255	456	13279	0	7	37432	28
455000	10	239	518	13152	0	19	38387	60
456000	7	256	455	13246	0	20	37958	60
457000	4	266	489	13101	0	98	38233	266
458000	4	264	671	12811	12	135	37683	257
459000	12	279	621	12912	23	92	37784	278
460000	14	270	598	12868	47	95	37973	390
461000	12	265	535	13063	3	90	36613	319
462000	17	278	524	13096	0	49	38253	126
463000	5	279	380	13255	2	101	38132	176
464000	6	249	523	13174	6	22	37760	82
465000	6	269	471	13123	1	95	39369	192
466000	9	259	381	13291	0	95	38166	381
467000	16	290	444	13251	0	8	39160	54
468000	8	229	583	13109	0	14	38530	48
469000	12	253	482	13137	115	6	37150	278
470000	25	280	730	12709	121	10	36617	382
471000	13	256	469	13101	85	42	38286	357
472000	20	221	537	13063	41	49	38464	341
473000	15	247	673	12829	20	123	37229	274
474000	10	263	508	12967	27	153	37557	412
475000	11	244	491	12801	38	377	36611	1187
476000	13	218	492	12830	64	343	39121	1374
477000	8	267	505	12858	23	294	37428	615
478000	11	250	488	12982	25	187	38065	892
479000	9	239	587	12814	46	211	37015	649
480000	9	270	511	12949	30	196	37900	734
481000	11	289	406	13104	14	221	36051	642
482000	15	241	521	12838	11	319	37876	1075
483000	15	274	444	12953	18	282	37524	854
484000	11	240	339	13257	33	194	37657	578
485000	8	228	473	13024	8	219	39087	745
486000	13	288	484	12991	10	199	37695	650
487000	8	263	638	12821	2	178	38292	430
488000	17	224	462	13100	2	178	37320	501
489000	5	239	381	13355	0	60	37869	258
490000	14	255	490	13195	0	15	37333	51
491000	13	282	401	13235	79	14	36083	243
492000	14	284	381	13040	69	231	38492	610
493000	18	258	374	13211	18	181	37766	423
494000	10	249	468	13028	0	192	37869	626
495000	7	318	458	13001	1	213	37221	518
496000	8	312	416	13094	14	187	36445	537
497000	9	252	531	12942	79	159	38225	528
498000	7	241	458	13107	43	139	36059	567
499000	8	266	461	13036	56	144	38371	685
500000	6	281	413	13213	34	107	37971	476
501000	6	241	522	12931	31	221	36780	643
502000	10	271	445	12990	9	249	38152	728
503000	7	261	356	13137	9	274	39000	678
504000	6	277	368	13101	23	256	37321	755
505000	8	299	467	12694	28	424	36791	1262
506000	12	230	554	12653	48	434	36770	1314
507000	12	256	506	12787	60	337	36601	1138
508000	9	296	362	12961	41	379	35798	1151
509000	10	224	361	12938	68	452	37529	1675
510000	9	234	520	12760	38	376	38306	1222
511000	8	246	490	12954	23	262	36321	697
512000	10	277	436	13034	78	145	37661	384
513000	12	256	525	12867	29	238	36693	688
514000	13	244	544	12980	16	108	37145	412
515000	10	243	465	13129	17	91	38029	320
516000	8	249	386	13370	0	38	38664	112
517000	8	254	465	13121	6	135	36412	374
518000	16	275	496	12884	20	274	37684	677
519000	9	302	460	12874	34	338	38700	1089
520000	9	250	480	12984	34	222	37837	504
521000	11	215	510	12868	27	328	35741	658
522000	13	248	521	12801	32	310	37770	1014
523000	5	261	534	12850	11	312	36819	939
524000	6	263	442	12836	50	398	36936	1175
525000	10	234	441	12704	29	564	35835	1712
526000	18	316	563	12476	63	467	36607	1320
527000	15	238	581	12626	116	305	37763	1326
528000	20	265	496	12655	146	367	37683	1362
529000	9	289	384	12887	93	386	36715	1499
530000	10	267	479	12865	67	303	35753	1079
531000	12	257	556	12929	58	117	38444	568
532000	9	226	529	12992	74	120	37461	367
533000	16	223	716	12777	22	102	38160	498
534000	14	277	524	13036	16	90	37372	267
535000	8	273	504	13111	0	94	37767	282
536000	11	246	521	13063	7	76	37444	267
537000	11	279	466	13184	0	43	36576	170
538000	8	271	513	13154	0	30	39095	144
539000	14	263	478	13219	0	15	38259	45
540000	12	249	457	13269	0	10	37813	56
541000	4	302	392	13313	0	1	38055	1
542000	13	268	486	13068	86	6	37897	282
543000	7	245	394	13356	12	10	38250	113
544000	13	288	512	12984	154	9	37550	243
545000	14	262	479	13195	14	7	38883	72
546000	16	272	454	13200	22	10	38912	86
547000	6	258	374	13399	10	7	38454	67
548000	17	281	457	13218	1	3	37878	27
549000	9	237	498	13132	55	15	37287	94
550000	16	279	504	13150	9	13	37524	43
551000	12	240	563	13146	0	13	37757	50
552000	9	243	399	13273	101	7	36872	266
553000	19	267	447	13094	26	138	37422	336
554000	10	269	462	13061	45	168	38264	443
555000	6	263	467	13103	0	150	37573	552
556000	16	246	549	12855	18	280	37097	697
557000	13	237	373	13168	1	216	37783	647
558000	8	266	369	13047	12	319	37103	959
559000	6	277	423	12957	31	313	36882	778
560000	8	232	488	13123	5	109	36871	379
561000	13	266	432	13156	10	126	38228	411
562000	12	266	444	13095	3	199	36725	323
563000	7	242	443	13184	1	122	37429	478
564000	10	262	500	13063	0	114	38731	262
565000	5	305	539	12962	3	124	37849	347
566000	10	303	503	13101	36	20	37222	201
567000	9	293	438	13209	28	54	37416	298
568000	15	247	569	13028	16	58	38015	229
569000	12	242	520	13095	0	68	37438	187
570000	7	276	398	13266	0	67	37853	241
571000	10	293	433	13191	8	62	37687	156
572000	8	278	501	12993	1	174	38410	395
573000	9	233	568	12914	5	202	37016	401
574000	12	276	496	13071	7	118	37674	409
575000	5	312	480	13060	3	137	37039	348
576000	9	248	358	13298	13	103	38422	277
577000	18	276	439	13174	19	82	37170	306
578000	6	233	331	13358	10	97	39047	318
579000	12	255	447	13177	18	100	36464	269
580000	14	252	607	12981	6	68	37222	241
581000	11	277	469	13133	0	84	37461	217
582000	4	302	343	13282	3	106	37290	350
583000	7	259	480	13144	13	26	38642	171
584000	6	258	537	13098	7	48	39014	161
585000	14	281	575	13032	0	53	37663	155
586000	7	281	436	13241	11	30	38342	95
587000	10	265	577	13066	0	0	39344	15
588000	6	248	473	13110	130	18	37514	358
589000	14	226	466	13143	89	41	38711	367
590000	13	249	535	13138	9	0	38154	8
591000	15	252	487	13079	90	46	37366	379
592000	15	283	490	13103	14	48	38635	167
593000	11	229	601	12962	36	85	37746	290
594000	13	277	515	13086	17	30	37808	174
595000	4	282	518	13117	0	53	36648	68
596000	7	271	510	13134	0	50	36960	144
597000	9	257	422	13271	0	41	37699	140
598000	5	270	431	13258	0	12	37089	4
599000	7	279	449	13188	0	27	38195	53
600000	13	267	526	13032	5	63	37857	153
601000	6	257	653	12863	1	98	37023	127
602000	12	275	568	13009	0	65	37141	169
603000	7	266	521	13092	0	90	36856	248
604000	8	241	662	12835	1	118	38370	357
605000	8	231	439	13224	3	105	38339	354
606000	7	277	474	13105	0	106	37708	325
607000	12	239	448	13223	7	58	36823	233
608000	8	267	495	13166	0	34	37173	68
609000	13	261	367	13369	0	48	38724	109
610000	8	247	479	13180	0	60	37651	151
611000	9	240	448	13284	0	8	37425	75
612000	6	280	624	12804	133	27	35902	492
613000	8	272	511	12894	156	103	36357	723
614000	14	308	524	12933	77	107	36764	479
615000	4	247	440	13166	30	116	37947	375
616000	7	229	561	13036	1	102	38094	344
617000	15	214	585	13097	4	28	39064	187
618000	11	294	610	13005	0	0	38050	15
619000	13	241	538	13035	101	20	37025	392
620000	12	241	611	12959	66	40	37641	284
621000	13	241	547	13123	4	27	38847	280
622000	25	223	463	13244	0	19	38715	27
623000	13	260	417	13309	0	39	37735	47
624000	9	272	455	13187	0	69	37708	132
625000	8	277	433	13212	0	56	37994	42
626000	9	281	386	13276	0	53	36896	74
627000	15	223	316	13458	0	30	37042	66
628000	11	274	420	13339	0	2	38408	29
629000	11	271	463	13219	0	2	37669	0
630000	13	233	468	13148	98	22	37396	379
631000	14	219	507	12992	115	119	40388	542
632000	7	283	591	12787	169	23	36306	498
633000	18	261	514	12957	116	65	37574	397
634000	17	298	515	12837	85	183	36927	682
635000	3	254	574	12912	52	148	36271	616
636000	19	233	680	12743	34	157	37806	487
637000	8	227	591	12988	2	115	38841	297
638000	10	202	623	12993	5	82	38120	325
639000	9	237	571	13023	0	86	37690	178
640000	12	267	575	12985	26	44	37823	115
641000	4	291	454	13244	0	4	38169	4
642000	5	296	399	13318	0	0	37041	1
643000	9	255	519	13034	93	23	38115	311
644000	13	288	528	12966	78	35	36904	308
645000	13	273	508	13044	56	27	38518	98
646000	12	268	496	13183	34	14	37573	124
647000	14	258	489	13195	16	32	38443	207
648000	13	265	426	13254	0	26	38742	129
649000	11	272	527	13043	10	68	36953	224
650000	9	257	543	13117	0	38	37353	180
651000	7	231	435	13299	0	42	39149	88
652000	8	260	492	13186	0	13	37073	14
653000	11	261	450	13306	0	0	38160	2
654000	8	304	465	13200	33	21	39107	210
655000	5	269	450	13233	0	7	38398	46
656000	7	225	500	13217	0	12	38720	17
657000	7	229	440	13316	1	28	38184	47
658000	14	241	523	13110	1	28	38332	98
659000	8	257	598	13056	0	13	37210	107
660000	14	265	590	13029	0	0	38145	8
661000	11	287	461	13200	12	15	38727	225
662000	6	277	479	13191	0	25	37757	144
663000	11	275	460	13138	1	87	37783	206
664000	5	268	498	13065	2	90	39495	351
665000	20	252	548	13080	12	65	37776	92
666000	4	283	630	12814	70	100	35552	480
667000	12	287	472	12840	113	206	37140	809
668000	15	267	515	12716	149	304	37453	1208
669000	14	258	536	12728	116	320	38008	1485
670000	15	253	540	12753	46	324	37874	819
671000	6	248	463	12900	99	246	37238	1029
672000	6	249	572	12696	44	344	37899	1099
673000	13	240	500	12814	51	358	38876	971
674000	10	234	488	12888	89	253	36684	1025
675000	14	245	747	12470	89	313	37745	1216
676000	12	233	568	12953	17	124	36692	485
677000	8	277	490	13002	71	99	37698	442
678000	6	314	440	13086	32	148	37407	386
679000	7	257	607	12854	53	106	36689	592
680000	4	303	406	13077	21	204	37137	504
681000	7	254	436	13133	6	176	37373	598
682000	8	269	450	12994	6	310	36171	820
683000	11	238	460	12895	18	344	35655	1044
684000	8	257	449	12877	5	391	36757	1211
685000	7	306	552	12542	4	510	36082	1341
686000	10	242	471	12687	9	544	37468	1263
687000	7	261	496	12820	22	335	36757	991
688000	8	289	495	12709	51	406	35979	1245
689000	7	282	428	12698	36	499	36222	1643
690000	4	291	433	12646	7	587	37150	1526
691000	4	270	391	12882	81	396	36077	1293
692000	11	252	422	12733	58	523	36746	1609
693000	9	254	531	12652	81	421	36922	1403
694000	11	255	551	12460	30	632	37617	1747
695000	9	274	443	12747	72	475	35636	1261
696000	12	252	544	12610	66	409	37648	1629
697000	16	283	463	12847	40	339	37585	1089
698000	13	269	464	12849	8	378	37007	917
699000	6	283	442	12856	41	382	36610	1030
700000	6	303	432	12759	18	516	37238	1299
701000	8	248	498	12724	77	387	37256	1323
702000	9	265	530	12759	43	348	37406	1051
703000	13	259	549	12746	46	320	37488	743
704000	7	270	485	12913	42	284	37404	967
705000	9	280	433	13100	35	173	36497	580
706000	13	267	429	13105	47	175	36179	440
707000	15	275	503	12811	11	350	37319	963
708000	11	265	470	12936	58	216	36633	788
709000	13	210	618	12792	15	243	38330	819
710000	9	260	395	13212	5	147	37946	500
711000	4	289	355	13237	38	126	37458	409
712000	9	259	486	13139	56	57	37268	336
713000	21	236	568	12962	51	87	37638	288
714000	14	281	460	13162	6	97	37207	315
715000	8	265	474	13085	19	123	37879	287
716000	8	273	557	12968	5	124	37081	407
717000	9	255	511	12983	1	138	37946	388
718000	8	223	403	13245	1	113	38182	393
719000	13	276	445	13134	0	105	39957	306
720000	10	276	433	13145	1	127	37673	436
721000	14	265	541	12968	2	171	38646	697
722000	13	264	580	12985	22	69	36838	378
723000	10	290	469	13161	22	26	37377	197
724000	4	268	423	13216	29	37	37461	193
725000	5	279	559	13056	21	19	37907	59
726000	12	273	516	13148	12	12	37167	82
727000	8	270	405	13276	1	24	39280	70
728000	9	263	431	13290	0	1	37144	0
729000	10	218	429	13229	91	0	37733	178
730000	5	301	420	13151	78	57	38080	505
731000	7	227	408	13283	45	67	37678	397
732000	4	246	443	13108	34	153	37449	319
733000	6	241	507	13090	1	126	37923	467
734000	4	245	577	13009	5	78	38025	231
735000	13	242	496	13099	0	141	38462	271
736000	14	259	472	13033	8	191	39298	570
737000	6	260	408	13043	21	247	36659	822
738000	6	248	419	13135	14	203	37364	612
739000	14	271	448	12996	42	234	37092	827
740000	10	236	491	12902	37	253	38801	755
741000	12	251	570	12802	63	219	36977	635
742000	6	238	486	12909	47	295	36497	1051
743000	7	274	444	12891	96	292	36528	1276
744000	7	244	427	13010	59	280	38348	748
745000	9	265	555	12659	62	366	36989	1115
746000	8	247	545	12783	93	289	37023	905
747000	19	271	561	12804	58	219	36229	891
748000	10	253	583	12831	53	183	37707	691
749000	7	288	540	12841	9	247	37767	699
750000	7	259	463	12941	28	322	37978	789
751000	13	278	430	12907	47	308	35935	1070
752000	6	277	490	12821	2	356	37618	969
753000	7	244	541	12766	11	375	36741	1169
754000	9	229	518	12965	14	209	37539	767
755000	15	262	509	12921	34	218	38303	503
756000	8	270	410	13187	4	148	37683	277
757000	7	244	456	13104	15	132	37514	471
758000	8	305	487	13000	5	157	37069	509
759000	5	283	475	12978	32	200	36269	615
760000	7	251	529	12926	36	197	38964	638
761000	8	260	488	13043	7	182	37435	380
762000	4	286	443	13058	16	192	37790	406
763000	7	246	478	13052	12	162	38468	563
764000	4	249	499	13038	12	153	37785	594
765000	7	237	507	12940	2	256	37953	873
766000	8	289	576	12857	11	173	38046	682
767000	19	250	539	12887	16	188	37447	534
768000	24	270	665	12713	27	211	35690	897
769000	11	267	455	13075	47	141	36922	599
770000	11	247	598	12799	53	182	37381	723
771000	11	245	442	12939	106	251	36716	857
772000	8	273	375	13142	29	222	37792	681
773000	12	313	491	12969	31	163	36157	500
774000	13	255	558	12893	56	157	37958	588
775000	6	227	537	13070	3	92	37706	176
776000	9	234	398	13265	0	111	39312	271
777000	9	278	506	13018	5	177	37598	578
778000	7	251	488	12988	1	241	36852	772
779000	16	296	472	13042	10	189	37313	543
780000	8	259	613	12982	0	51	37176	265
781000	8	254	503	13161	0	15	38471	18
782000	12	264	556	13026	95	1	37543	184
783000	7	239	563	13085	31	15	38088	135
784000	10	228	411	13224	68	59	38285	499
785000	2	265	509	13055	18	133	36549	438
786000	6	253	458	13152	13	69	36404	288
787000	12	265	421	13193	24	83	37195	325
788000	10	225	504	13181	21	51	38453	130
789000	3	277	425	13243	2	32	38111	77
790000	2	261	483	13230	0	9	38827	37
791000	8	268	417	13291	0	6	37838	0
792000	9	263	399	13355	0	5	37201	38
793000	12	305	427	13256	0	0	39360	1
794000	9	243	658	12861	49	35	36875	234
795000	5	269	535	13085	33	41	38013	232
796000	13	275	451	13221	0	33	37703	163
797000	6	247	503	13199	0	10	39267	60
798000	12	255	580	13025	68	5	38499	145
799000	8	228	434	13208	86	47	37875	366
800000	10	258	510	13017	71	109	37475	532
801000	7	265	478	13095	49	80	37372	459
802000	8	240	457	13160	13	91	39749	395
803000	13	270	494	13076	14	70	37835	313
804000	8	240	560	13099	0	44	38547	67
805000	8	257	468	13225	0	22	37458	105
806000	5	223	488	13280	0	16	37947	4
807000	4	267	462	13235	7	4	38620	82
808000	6	285	444	13142	86	0	36835	127
809000	13	259	482	13157	10	13	38351	63
810000	9	228	493	13268	0	5	38123	18
811000	11	252	441	13181	88	10	38277	209
812000	20	267	538	12983	71	63	36979	292
813000	17	292	565	12930	140	17	37594	474
814000	7	269	380	13313	18	47	38510	120
815000	9	248	446	13282	0	22	37886	60
816000	15	272	528	13135	0	32	37799	20
817000	7	256	456	13225	0	62	38629	107
818000	7	266	415	13335	0	3	37266	32
819000	11	258	558	13023	102	1	37693	277
820000	16	286	578	12996	65	19	37792	272
821000	12	249	492	13168	9	35	37822	93
822000	7	264	493	13111	2	59	37804	166
823000	6	226	441	13260	7	46	37993	172
824000	14	277	461	13221	0	14	38426	64
825000	9	243	428	13337	0	4	36955	4
826000	12	260	484	12996	156	39	38252	622
827000	10	256	436	13043	91	175	37095	750
828000	9	269	450	12801	71	404	36361	1256
829000	4	272	503	12647	74	450	36125	1349
830000	8	233	548	12831	46	265	37547	631
831000	16	259	561	12681	118	316	36007	1224
832000	22	236	483	12824	85	354	37246	1241
833000	11	222	485	12860	55	330	36980	1034
834000	9	267	610	12543	54	422	37449	1503
835000	5	281	452	12947	43	270	37221	875
836000	11	253	583	12763	51	272	37392	745
837000	8	265	472	12943	27	262	36287	609
838000	9	287	468	12916	32	281	36904	1313
839000	10	267	520	12793	75	299	37480	801
840000	7	292	481	12883	9	285	37148	969
841000	7	271	531	12789	12	352	37209	1086
842000	9	279	457	12952	8	294	36088	1135
843000	7	279	462	12933	58	243	36808	768
844000	9	250	524	12646	96	375	35610	1387
845000	14	199	451	12661	106	519	36357	1646
846000	19	257	698	12085	207	573	35574	2379
847000	10	272	495	12571	136	504	35926	1760
848000	12	258	492	12694	136	387	35937	1267
849000	9	283	408	12631	121	519	36053	1890
850000	13	238	450	12644	31	607	35133	1622
851000	14	262	385	12961	37	379	36433	1000
852000	11	264	471	12695	16	515	36885	1953
853000	17	243	560	12523	90	484	38418	1468
854000	17	244	567	12632	91	414	37411	1923
855000	10	283	576	12635	31	377	36770	1240
856000	6	279	477	12705	23	522	34830	1506
857000	9	290	513	12642	64	412	37688	1301
858000	13	248	457	12687	131	472	37192	1792
859000	10	229	496	12676	155	398	36053	1651
860000	9	237	391	12771	101	512	36744	1921
861000	26	240	510	12569	219	417	35488	1918
862000	9	263	422	12951	139	230	36862	961
863000	9	224	441	13189	20	130	38191	566
864000	7	256	380	13301	8	80	36738	276
865000	8	253	480	13229	3	27	39398	179
866000	8	241	540	13147	0	0	39190	33
867000	19	227	580	12985	57	31	37965	248
868000	10	227	481	13189	27	38	38226	131
869000	6	261	454	13242	0	13	38559	69
870000	13	234	375	13209	175	22	39840	520
871000	11	245	568	12892	93	106	37142	789
872000	12	251	462	13071	48	157	38180	483
873000	11	215	467	13181	4	106	37804	365
874000	17	258	610	12947	5	87	37688	212
875000	3	223	498	13174	0	27	37906	131
876000	11	258	632	12966	2	50	37984	51
877000	8	277	458	13202	0	9	37614	37
878000	11	253	414	13325	0	2	37542	14
879000	12	268	551	12884	165	44	37735	557
880000	6	256	428	13038	132	137	37440	634
881000	9	275	474	12939	67	235	37657	841
882000	9	262	487	12944	7	258	37413	642
883000	6	257	453	13160	0	167	37971	320
884000	9	267	450	12955	29	278	36453	895
885000	12	288	434	13074	13	179	37317	673
886000	11	297	395	13206	0	119	37821	401
887000	19	240	509	13131	0	75	37786	252
888000	12	243	580	12985	0	111	38570	203
889000	7	213	441	13268	9	72	37703	291
890000	11	273	409	13177	20	140	36571	293
891000	13	240	443	13163	35	77	37454	300
892000	11	241	501	13109	17	105	38027	305
893000	7	274	374	13190	40	147	37885	444
894000	8	294	417	13208	5	97	38506	259
895000	11	274	557	13009	2	78	38326	183
896000	12	253	479	13194	0	46	36974	104
897000	9	241	467	13242	0	8	37721	37
898000	6	240	465	13292	0	5	38584	14
899000	8	282	455	13120	85	34	38262	284
900000	6	263	609	12998	24	23	37336	259
901000	8	235	584	13025	2	37	38955	129
902000	15	243	611	12926	0	71	38493	245
903000	13	235	610	12955	6	78	38209	85
904000	5	291	474	13193	5	21	37629	58
905000	12	237	508	13085	103	7	38077	243
906000	15	232	423	13269	15	37	38054	205
907000	13	261	420	13307	10	13	37554	68
908000	12	290	490	13136	12	44	35616	135
909000	5	257	584	13067	8	29	39020	59
910000	4	270	327	13426	0	18	38153	26
911000	14	305	354	13350	0	16	38825	32
912000	6	242	484	13120	152	15	37083	392
913000	5	260	463	13171	65	53	38326	353
914000	14	304	490	13103	6	34	36817	105
915000	8	210	531	13076	4	86	37967	243
916000	20	267	611	12808	2	151	38143	353
917000	11	262	474	13054	15	150	37558	310
918000	10	255	502	13087	35	81	38210	321
919000	4	234	564	13054	14	64	39027	251
920000	6	250	480	13168	24	33	38736	195
921000	11	264	399	13355	14	8	37981	20
922000	17	242	494	13155	57	16	38895	225
923000	16	278	564	12983	85	1	36064	262
924000	7	260	525	13151	1	9	37873	118
925000	13	201	517	13242	9	17	38668	29
926000	14	310	526	13058	0	49	37226	91
927000	12	261	558	13092	0	11	36842	126
928000	21	267	498	13031	139	11	37077	391
929000	19	263	462	13069	61	132	37354	755
930000	12	260	400	13154	21	161	38087	522
931000	5	274	356	13277	4	135	37333	275
932000	9	254	445	13186	0	111	38577	328
933000	4	278	430	13047	8	238	37406	831
934000	11	261	452	13015	10	277	38410	789
935000	7	227	663	12713	29	254	36742	777
936000	7	256	589	12623	57	363	36926	1464
937000	12	296	457	12940	24	279	37105	878
938000	4	301	481	12961	13	213	36795	515
939000	12	245	410	13098	19	200	37446	591
940000	14	250	564	12989	13	101	38209	459
941000	13	218	528	13101	0	67	39092	65
942000	13	263	377	13349	2	44	38207	93
943000	7	298	411	13276	1	29	37583	82
944000	14	260	358	13301	106	3	37756	328
945000	7	233	433	13142	128	33	38427	363
946000	6	249	490	13019	90	125	38101	711
947000	19	258	483	13107	28	75	36530	344
948000	10	259	487	13154	8	62	37759	264
949000	13	258	531	13153	0	0	38224	7
950000	10	232	491	13139	74	9	39710	241
951000	5	222	438	13240	48	36	37020	386
952000	7	260	390	13307	11	28	39575	116
953000	10	227	554	13122	2	41	37421	92
954000	13	264	411	13267	0	41	38321	132
955000	11	277	434	13198	9	33	38353	146
956000	12	254	499	13157	0	10	37794	40
957000	8	300	437	13186	40	12	37258	155
958000	9	231	487	13188	16	41	40389	140
959000	11	262	473	13205	34	15	37805	183
960000	15	237	596	13014	24	39	37860	78
961000	10	273	575	12937	36	74	37063	276
962000	8	279	535	12912	37	165	36253	579
963000	21	251	554	12802	55	232	35862	819
964000	16	292	456	12912	92	211	35228	822
965000	5	275	505	12968	37	158	37085	570
966000	5	215	430	13143	50	146	38480	504
967000	9	265	484	12970	48	197	36868	635
968000	10	259	485	12853	29	343	37563	1057
969000	10	258	550	12718	36	350	38158	1054
970000	10	224	433	12786	85	480	36643	1475
971000	19	264	437	12845	127	331	37112	1191
972000	10	256	457	12597	107	601	37378	2067
973000	5	237	571	12539	45	548	36822	1649
974000	17	252	527	12565	67	517	34612	1421
975000	2	243	397	12793	35	526	37134	1520
976000	9	246	410	12877	61	405	37046	1097
977000	10	272	588	12662	37	344	37329	1235
978000	14	256	449	12860	12	403	35971	1032
979000	6	243	383	12934	63	379	37951	1362
980000	14	285	719	12405	66	368	36137	1323
981000	5	249	515	12811	31	357	37721	787
982000	9	228	444	12943	31	354	36935	971
983000	15	251	400	12998	14	367	37799	1057
984000	5	252	438	12982	55	258	37278	806
985000	13	255	445	12898	36	347	35192	915
986000	8	256	483	12952	28	257	38087	1085
987000	11	258	655	12756	51	171	35748	679
988000	8	243	412	13064	23	285	37493	962
989000	5	279	442	12919	2	303	37077	862
990000	14	283	465	12902	16	321	36889	995
991000	10	237	373	13243	1	174	37174	492
992000	14	242	481	13085	0	155	38127	486
993000	9	262	559	13009	2	97	38805	222
994000	14	262	564	12973	8	93	36613	341
995000	5	231	394	13344	7	66	39016	231
996000	4	277	397	13299	13	34	37798	279
997000	17	267	504	13086	98	1	37065	152
998000	6	258	398	13304	51	17	39118	219
999000	10	247	488	13205	24	20	37892	86
