0	0	0	0	14400	0	0	0	0
1000	9	243	684	12787	75	49	39356	317
2000	14	229	1179	12041	41	66	38505	446
3000	54	216	1496	11352	150	124	38067	626
4000	21	213	1752	11183	15	57	37438	340
5000	30	226	2038	10735	0	52	37870	126
6000	35	204	2051	10523	2	269	36589	743
7000	37	204	2240	10339	39	141	36669	616
8000	62	207	2485	9718	99	226	34188	867
9000	61	208	2742	9393	16	189	35562	647
10000	35	228	2343	10111	2	172	36192	596
11000	41	239	2390	10100	17	113	36635	285
12000	47	217	2526	9715	145	211	35889	895
13000	76	214	2861	9140	62	271	34559	1229
14000	59	188	3295	8500	49	111	35640	270
15000	74	158	3404	8398	2	56	33435	277
16000	51	190	2788	9581	0	0	35964	4
17000	111	169	3269	8669	0	0	35745	3
18000	100	193	3732	7943	0	0	32695	6
19000	86	223	3550	8095	27	0	33554	101
20000	97	195	3819	7658	56	0	34183	26
21000	61	234	3037	8965	153	5	35209	430
22000	88	205	3886	7572	29	39	33370	181
23000	148	162	4909	5528	82	1	30568	223
24000	60	155	4144	7368	0	0	33830	1
25000	127	136	5599	4425	15	0	28374	37
26000	130	107	5633	4253	19	0	27861	19
27000	98	113	5046	5388	157	0	30057	522
28000	119	138	4689	5874	482	7	31020	1270
29000	106	143	5012	5422	179	37	30966	705
30000	121	116	5037	4769	92	635	27542	2118
31000	143	93	5646	3939	198	129	28012	908
32000	114	91	5528	4381	0	0	29841	7
33000	140	135	5026	5366	0	2	30960	107
34000	142	145	4370	6671	0	0	31359	10
35000	97	200	3486	8277	26	5	34396	34
36000	87	167	3579	8229	50	0	34281	55
37000	100	159	3666	8019	13	0	34590	118
38000	66	204	3476	8282	34	28	35260	316
39000	63	144	3490	8329	2	16	33936	168
40000	73	131	4026	7511	11	2	33988	86
41000	145	137	4726	5968	18	43	31200	196
42000	166	129	5060	5201	44	0	30155	0
43000	115	106	5279	4979	47	0	29900	105
44000	95	128	4919	5755	38	0	30956	162
45000	115	128	4661	5976	135	0	31094	154
46000	115	103	5053	5272	185	0	30385	337
47000	92	126	4854	5628	253	27	30197	891
48000	85	181	3750	7673	104	8	33625	408
49000	65	230	3298	8216	169	215	34073	768
50000	73	171	3241	8530	171	107	34095	979
51000	78	214	2904	9130	100	48	34032	613
52000	68	218	3327	8478	50	59	34110	433
53000	54	198	2966	9063	63	65	34781	332
54000	67	156	4068	7317	0	86	32831	164
55000	104	198	3921	7539	0	28	32609	102
56000	80	154	3527	8194	14	0	35264	112
57000	86	150	3099	8921	30	0	35886	85
58000	91	175	3560	8079	98	1	34237	237
59000	71	152	3429	7902	563	53	31725	1797
60000	100	175	3235	7528	918	359	32859	3843
61000	83	122	3600	7448	264	553	33332	2665
62000	85	167	2774	9072	212	231	34337	1397
63000	49	274	2773	9370	46	79	35345	450
64000	70	178	3112	8816	121	50	36142	315
65000	48	207	1884	10740	180	106	38542	808
66000	47	235	2145	10148	141	282	36467	1293
67000	70	177	2979	8957	137	59	34833	483
68000	77	166	2947	9136	100	122	35052	336
69000	67	199	2925	8636	40	657	33941	2275
70000	69	214	3305	8284	23	359	34622	1042
71000	109	142	4120	6777	193	281	32378	1502
72000	126	152	4152	6916	90	146	31740	519
73000	109	176	4462	6237	141	34	32148	436
74000	79	170	4221	6898	237	12	32859	1006
75000	164	88	5569	4062	259	25	29368	590
76000	280	105	5869	3502	17	0	27197	34
77000	198	90	5752	3791	96	0	26997	172
78000	132	153	5375	4706	50	211	28315	737
79000	146	135	5618	3372	275	388	25969	1807
80000	205	80	5517	2835	1494	86	24991	4180
81000	59	82	5483	3655	692	267	26125	2985
82000	236	138	4902	4838	415	172	27635	2200
83000	144	165	5681	3688	119	138	29485	670
84000	167	116	5242	4774	100	58	29389	545
85000	103	204	4596	6254	0	0	31543	4
86000	111	184	4369	6489	248	12	30401	845
87000	136	130	4194	6819	257	6	31340	765
88000	107	130	4634	5981	96	362	31231	1386
89000	174	170	5151	4556	246	140	28685	1195
90000	130	123	4647	5622	246	353	30015	1328
91000	89	151	4407	5897	357	451	29484	2388
92000	170	110	5034	4792	283	494	29253	2429
93000	102	153	4310	4942	458	1507	26259	4935
94000	195	73	5053	3587	980	719	25066	5650
95000	113	121	4987	3688	1485	366	25246	5419
96000	175	79	5079	3319	1737	391	24459	5792
97000	169	94	4905	3215	2228	175	23687	6912
98000	149	70	5354	2260	1724	779	22142	7748
99000	210	73	5183	2586	1892	645	22421	7293
100000	189	115	5236	2253	2363	495	20738	9268
101000	142	89	5041	2587	2407	554	21717	9105
102000	263	94	5213	3045	1832	108	22795	6172
103000	207	87	5137	3390	1648	79	24675	5318
104000	168	118	4669	3593	2418	153	23919	7399
105000	164	93	4936	3247	2045	212	24638	7251
106000	220	45	4992	2615	2587	304	21273	9212
107000	184	95	4831	2206	2714	785	19825	9444
108000	148	66	4998	2470	2481	691	21447	10186
109000	174	45	5340	1954	2301	495	19532	9141
110000	157	75	4700	1639	3722	827	18939	13161
111000	226	68	4250	1024	4614	1068	15022	16939
112000	181	77	4425	1124	4212	1236	16572	16151
113000	252	37	4530	960	4238	1069	14879	16322
114000	185	50	4128	940	5187	1048	15026	17703
115000	213	86	3387	1221	5367	1723	15105	19056
116000	172	51	3715	932	5275	1702	12482	20684
117000	272	58	3504	767	5221	2080	12148	21798
118000	189	52	4353	1011	4025	1758	15084	16193
119000	275	26	4537	1105	4165	993	15867	15589
120000	326	38	4903	684	3976	668	17417	13748
121000	181	58	5204	1351	3261	452	18602	12141
122000	200	40	4975	1213	4035	397	17522	12625
123000	292	7	4480	465	5384	616	14201	15624
124000	226	29	4108	732	5873	424	14371	17956
125000	185	73	3464	1045	6428	948	13393	20558
126000	251	57	3159	1196	6415	1041	11918	23147
127000	198	37	2502	884	7104	1787	11480	26072
128000	196	58	2842	713	7473	1256	9484	26123
129000	228	43	3198	790	7245	702	11632	22726
130000	203	35	3410	736	7237	466	12378	22411
131000	250	19	3333	423	7675	277	12303	22627
132000	207	15	3635	587	7266	207	12648	20712
133000	239	17	3562	157	7224	776	10158	23562
134000	278	31	3292	298	7293	929	10527	23093
135000	214	53	3172	481	7111	1211	11255	24016
136000	183	35	3407	484	6613	1300	10907	22436
137000	262	42	3545	455	6696	848	11506	22256
138000	273	56	2997	691	7102	1161	10802	24934
139000	187	21	3722	517	6188	1199	11499	22348
140000	230	30	2866	155	7525	1696	9960	26331
141000	223	52	2388	185	7908	2045	8158	27634
142000	206	43	1973	330	9279	1174	7121	31261
143000	240	18	1942	280	9645	854	6353	31439
144000	194	11	2564	97	9124	633	8186	27711
145000	261	5	3011	47	8708	281	9436	26096
146000	318	7	3022	52	8456	443	8517	26341
147000	268	24	3181	61	8080	566	8780	24240
148000	244	15	3856	16	7519	110	11046	22430
149000	189	0	4022	0	7441	27	11095	21456
150000	227	0	3586	0	8319	0	9748	24086
151000	244	0	3751	0	7661	0	10858	22824
152000	234	0	4225	0	7048	0	12187	18818
153000	252	0	4673	0	5982	0	12785	18747
154000	219	0	5351	0	4802	0	16298	13480
155000	254	0	4484	0	6380	0	13220	17370
156000	250	0	3777	0	7654	0	11332	22820
157000	236	0	3989	0	7410	0	11618	21613
158000	257	0	3636	0	8006	0	10797	23803
159000	275	0	3932	0	7571	0	11706	21140
160000	281	0	3697	0	7768	0	11109	22665
161000	243	0	3417	0	8394	0	9717	24268
162000	313	0	2876	0	9144	0	7923	27101
163000	231	0	2988	0	9156	0	9383	25686
164000	232	0	3825	0	7652	0	11459	22748
165000	266	0	3785	0	7592	0	11597	22050
166000	256	0	3957	0	7278	0	11579	22562
167000	206	0	4170	0	6890	0	12221	20321
168000	269	0	3861	0	7557	0	10519	23257
169000	281	0	3786	0	7713	0	11107	22905
170000	276	0	3974	0	7283	0	11047	22041
171000	227	0	4345	0	6835	0	11790	18834
172000	304	0	5106	0	5146	0	14139	15849
173000	266	0	4737	0	5875	0	13338	16788
174000	253	0	4237	0	6965	0	12477	20397
175000	211	0	4326	0	6698	0	11977	19462
176000	284	0	4184	0	6828	0	11393	20047
177000	196	0	4721	0	6133	0	13584	17406
178000	310	0	4219	0	6816	0	12871	18852
179000	262	0	3771	0	7753	0	11127	23608
180000	228	0	4443	0	6484	0	11652	20855
181000	224	0	3681	0	7902	0	10460	23006
182000	271	0	4468	0	6420	0	12295	18999
183000	195	0	4715	0	6108	0	13372	19759
184000	236	0	4005	0	7275	0	11524	21367
185000	227	0	4028	0	7305	0	12360	20844
186000	246	0	3851	0	7585	0	10499	23374
187000	259	0	3104	0	8942	0	9594	24411
188000	194	0	2951	0	9134	0	8160	26111
189000	250	0	2706	0	9558	0	7590	28631
190000	263	0	2802	0	9461	0	8211	27911
191000	235	0	2932	0	9140	0	8869	26647
192000	237	0	3056	0	8988	0	8918	25786
193000	285	0	2699	0	9652	0	7427	28585
194000	325	0	2137	0	10419	0	7047	29737
195000	240	0	1863	0	10953	0	5859	31570
196000	273	0	2153	0	10440	0	5869	30620
197000	256	0	1816	0	10958	0	5253	31731
198000	292	0	2692	0	9557	0	7405	29367
199000	244	0	2495	0	9949	0	6820	28764
200000	257	0	2511	0	9816	0	7752	28842
201000	245	0	3122	0	8857	0	9289	26399
202000	286	0	2769	0	9357	0	8368	27004
203000	306	0	2906	0	9148	0	8776	26846
204000	250	0	3118	0	8951	0	8689	26441
205000	271	0	3050	0	8885	0	8834	25460
206000	258	0	3226	0	8665	0	9168	26212
207000	243	0	3728	0	7828	0	10232	24327
208000	235	0	3371	0	8443	0	10066	24464
209000	300	0	3278	0	8507	0	9113	26697
210000	246	0	4380	0	6588	0	12277	20119
211000	328	0	3699	0	7657	0	11123	21823
212000	239	0	4271	0	6861	0	12742	20366
213000	277	0	3465	0	8163	0	11775	22072
214000	295	0	4205	0	6842	0	12770	19019
215000	252	0	4768	0	5820	0	13407	16425
216000	273	0	4468	0	6307	0	14082	16516
217000	304	0	4745	0	5942	0	13597	17401
218000	273	0	5110	0	5099	0	15228	14399
219000	255	0	4732	0	5952	0	13573	16181
220000	268	0	4691	0	6142	0	14175	17835
221000	334	0	5108	0	5022	0	14636	14441
222000	277	0	4834	0	5750	0	13514	18116
223000	262	0	4881	0	5689	0	14232	15766
224000	287	0	4204	0	6865	0	12838	19621
225000	207	0	5259	0	5059	0	14428	15847
226000	390	0	4236	0	6642	0	12331	19491
227000	238	0	3876	0	7574	0	11168	23515
228000	223	0	3830	0	7639	0	11291	22834
229000	235	0	3979	0	7417	0	11132	21725
230000	313	0	2869	0	9254	0	8345	26074
231000	258	0	3491	0	8214	0	9615	23790
232000	264	0	2553	0	9800	0	7588	27575
233000	262	0	3117	0	8884	0	8594	25712
234000	188	0	3278	0	8660	0	10886	24673
235000	196	0	3505	0	8194	0	10354	23388
236000	253	0	3394	0	8496	0	9999	25701
237000	240	0	3852	0	7686	0	12087	21260
238000	228	0	3740	0	7890	0	11147	22832
239000	340	0	3550	0	7936	0	10729	23208
240000	270	0	3598	0	7950	0	11464	21601
241000	205	0	4408	0	6617	0	11455	20425
242000	232	0	5499	0	4525	0	14993	15182
243000	242	0	5225	0	4885	0	15731	13328
244000	266	0	4397	0	6534	0	13232	17521
245000	237	0	4056	0	7141	0	11363	20418
246000	238	0	4145	0	7064	0	11633	22387
247000	226	0	3636	0	8062	0	11526	23090
248000	299	0	3206	0	8596	0	9052	26169
249000	280	0	2956	0	9121	0	8900	25019
250000	297	0	3966	0	7268	0	11637	20971
251000	281	0	3653	0	7805	0	10748	22430
252000	264	0	4530	0	6301	0	12549	20181
253000	262	0	4271	0	6754	0	11739	20536
254000	273	0	4781	0	5967	0	13710	17698
255000	248	0	4498	0	6553	0	12682	19511
256000	225	0	4692	0	6118	0	13674	18564
257000	243	0	5032	0	5377	0	14135	17274
258000	281	0	5126	0	5028	0	15457	14583
259000	285	0	5530	0	4320	0	16296	12218
260000	320	0	5073	0	4928	0	15633	13417
261000	303	0	5348	0	4604	0	15724	12976
262000	236	0	5734	0	3957	0	16935	11226
263000	307	0	4576	0	6206	0	13869	16773
264000	306	0	5038	0	5258	0	14357	16681
265000	198	0	4895	0	5757	0	14804	15303
266000	268	0	4818	0	5784	0	13702	16682
267000	227	0	4723	0	5874	0	14148	16420
268000	229	0	4197	0	7017	0	12544	20106
269000	238	0	5324	0	4646	0	15734	14111
270000	265	0	5261	0	4960	0	14943	13979
271000	203	0	5051	0	5456	0	15842	16345
272000	264	0	5670	0	4133	0	17557	11014
273000	193	0	5431	0	4598	0	16629	13417
274000	372	0	5481	0	4191	0	15952	11459
275000	181	0	5304	0	4866	0	15449	12797
276000	297	0	5426	0	4218	0	15289	13071
277000	245	0	5686	0	3981	0	16495	11266
278000	188	0	5620	0	4314	0	16054	12273
279000	391	0	5612	0	3865	0	16830	11642
280000	224	0	5635	0	4133	0	14977	12108
281000	279	0	5129	0	5102	0	13628	14977
282000	276	0	4166	0	7082	0	12130	20798
283000	323	0	3892	0	7499	0	11217	21862
284000	238	0	4056	0	7289	0	12545	21491
285000	306	0	3805	0	7478	0	11471	22975
286000	279	0	3633	0	8003	0	10149	22732
287000	288	0	3236	0	8554	0	9791	24410
288000	296	0	4139	0	7074	0	11852	20258
289000	320	0	3229	0	8584	0	10592	22334
290000	276	0	3155	0	8825	0	9699	24680
291000	225	0	3014	0	9135	0	7970	26995
292000	285	0	3483	0	8246	0	8986	26160
293000	268	0	3402	0	8419	0	10389	24397
294000	239	0	3274	0	8732	0	9930	26256
295000	210	0	3262	0	8748	0	9463	24740
296000	282	0	3309	0	8552	0	9818	24426
297000	230	0	3515	0	8243	0	9542	23650
298000	195	0	4151	0	7208	0	11940	21054
299000	210	0	4126	0	7219	0	12517	21304
300000	195	0	3948	0	7523	0	11316	23125
301000	212	0	3399	0	8437	0	9984	24197
302000	253	0	3382	0	8325	0	9886	23794
303000	323	0	3623	0	7907	0	10867	24404
304000	290	0	2910	0	9178	0	8192	26408
305000	229	0	3318	0	8622	0	9398	25284
306000	242	0	3494	0	8247	0	9732	24999
307000	239	0	3199	0	8783	0	9341	26275
308000	263	0	3342	0	8443	0	10624	24355
309000	276	0	3785	0	7730	0	10949	23729
310000	230	0	3533	0	8214	0	9614	23280
311000	265	0	3431	0	8361	0	9504	25018
312000	268	0	3486	0	8208	0	10280	24751
313000	269	0	3406	0	8494	0	10472	24044
314000	242	0	3982	0	7408	0	11135	21324
315000	270	0	4668	0	6035	0	13747	16563
316000	208	0	5248	0	4799	0	15977	14521
317000	225	0	5074	0	5139	0	15029	15655
318000	258	0	5374	0	4743	0	15127	14997
319000	289	0	4421	0	6489	0	14023	16378
320000	216	0	3696	0	7799	0	11098	22291
321000	280	0	4588	0	6376	0	13703	19619
322000	211	0	4331	0	6793	0	13168	18931
323000	362	0	3922	0	7321	0	10445	20793
324000	303	0	4241	0	6820	0	12293	21422
325000	282	0	3590	0	8103	0	10897	21875
326000	284	0	3522	0	8113	0	10123	23626
327000	255	0	2922	0	9213	0	7687	28069
328000	245	0	2784	0	9447	0	7767	26744
329000	261	0	3143	0	8901	0	8926	25165
330000	241	0	3093	0	8937	0	8214	27067
331000	268	0	2868	0	9227	0	8932	28465
332000	272	0	3199	0	8696	0	9323	25693
333000	229	0	2948	0	9168	0	8038	27451
334000	251	0	2757	0	9524	0	8245	27179
335000	272	0	2983	0	8995	0	8768	27567
336000	245	0	3547	0	8198	0	8919	24827
337000	275	0	3162	0	8744	0	9613	24831
338000	271	0	3600	0	8035	0	10898	23572
339000	298	0	2822	0	9307	0	8468	25901
340000	266	0	2390	0	10029	0	6812	29551
341000	297	0	2464	0	9870	0	7493	28424
342000	243	0	2966	0	9103	0	8585	26455
343000	208	0	3273	0	8769	0	8876	25947
344000	279	0	3792	0	7783	0	10087	23241
345000	241	0	3964	0	7487	0	10806	22540
346000	243	0	3816	0	7535	0	11286	21512
347000	263	0	3603	0	7886	0	10108	23689
348000	286	0	4374	0	6537	0	12143	19688
349000	289	0	4477	0	6415	0	13194	18722
350000	232	0	5425	0	4746	0	14959	15096
351000	248	0	4746	0	6094	0	14065	17582
352000	227	0	4403	0	6682	0	14015	18373
353000	260	0	3524	0	8156	0	10685	24673
354000	169	0	3439	0	8445	0	11627	24030
355000	253	0	3268	0	8585	0	9556	25228
356000	299	0	3237	0	8583	0	9645	26734
357000	212	0	3986	0	7490	0	11824	22289
358000	222	0	4839	0	5950	0	13119	17942
359000	229	0	4566	0	6322	0	13426	17901
360000	254	0	3869	0	7600	0	11135	21555
361000	256	0	5263	0	5000	0	14560	15705
362000	329	0	5006	0	5361	0	15282	15048
363000	240	0	5706	0	4150	0	15600	12337
364000	270	0	5333	0	4727	0	15770	13467
365000	221	0	4647	0	6293	0	13228	18940
366000	273	0	4327	0	6886	0	12559	20445
367000	237	0	4440	0	6542	0	13360	18799
368000	328	0	4108	0	7039	0	12009	20602
369000	228	0	3489	0	8456	0	11189	23862
370000	232	0	3847	0	7663	0	10643	22925
371000	247	0	4273	0	6853	0	12309	19689
372000	274	0	4468	0	6393	0	12096	19948
373000	226	0	4455	0	6461	0	13591	19180
374000	251	0	4053	0	7294	0	11452	22068
375000	287	0	4797	0	5853	0	14292	16796
376000	207	0	4948	0	5611	0	13447	16427
377000	272	0	5382	0	4502	0	15377	14692
378000	265	0	5076	0	5317	0	14480	14049
379000	275	0	4371	0	6750	0	12365	19894
380000	262	0	3672	0	7882	0	11998	21067
381000	252	0	3060	0	8977	0	8507	26376
382000	268	0	3175	0	8739	0	9371	25318
383000	213	0	2938	0	9279	0	8879	26324
384000	217	0	2958	0	9228	0	7296	27936
385000	302	0	2689	0	9496	0	8341	27335
386000	204	0	2209	0	10491	0	6789	31224
387000	247	0	2146	0	10575	0	6537	31091
388000	260	0	1749	0	11089	0	5691	31656
389000	243	0	2765	0	9460	0	8446	27582
390000	273	0	2691	0	9542	0	7764	28268
391000	262	0	2770	0	9475	0	8439	26814
392000	269	0	3249	0	8635	0	9442	25516
393000	274	0	3420	0	8410	0	9615	24963
394000	249	0	3054	0	8881	0	10350	25065
395000	259	0	3659	0	7953	0	10311	24124
396000	253	0	3487	0	8177	0	10042	22983
397000	271	0	4144	0	6964	0	11584	21468
398000	222	0	4047	0	7240	0	11567	22403
399000	225	0	3976	0	7469	0	11526	21491
400000	280	0	3234	0	8614	0	10129	24529
401000	273	0	2256	0	10226	0	6678	28843
402000	227	0	2544	0	9879	0	7541	28686
403000	258	0	2745	0	9513	0	7467	29171
404000	244	0	3011	0	8989	0	8431	26861
405000	243	0	3407	0	8431	0	10238	25418
406000	248	0	3701	0	7924	0	11059	22546
407000	279	0	4007	0	7333	0	12050	21104
408000	223	0	3179	0	8850	0	8942	26285
409000	259	0	3277	0	8627	0	9738	24931
410000	250	0	3058	0	8996	0	9430	26175
411000	299	0	3616	0	7951	0	10703	23927
412000	275	0	2604	0	9745	0	7210	27997
413000	305	0	3070	0	8762	0	8657	26710
414000	250	0	3080	0	8876	0	9601	26087
415000	313	0	2620	0	9552	0	7414	28834
416000	240	0	2998	0	9106	0	7963	28783
417000	337	0	2514	0	9684	0	7105	28325
418000	255	0	3295	0	8542	0	9517	24974
419000	238	0	3097	0	8932	0	9285	25405
420000	291	0	3049	0	8904	0	9364	25487
421000	201	0	3333	0	8642	0	9962	25392
422000	238	0	3396	0	8282	0	10954	23647
423000	332	0	3449	0	8175	0	9863	24202
424000	331	0	3828	0	7418	0	11540	21036
425000	266	0	3289	0	8531	0	10480	23563
426000	226	0	3424	0	8363	0	9337	23182
427000	274	0	3194	0	8598	0	9405	24161
428000	285	0	3583	0	8006	0	10286	23549
429000	250	0	4489	0	6410	0	13170	18886
430000	281	0	5026	0	5221	0	14716	14546
431000	277	0	3832	0	7676	0	12281	20635
432000	202	0	3865	0	7616	0	11522	22440
433000	231	0	3724	0	7814	0	10475	22922
434000	271	0	4428	0	6863	0	12263	19213
435000	218	0	4840	0	5785	0	13278	17634
436000	238	0	5292	0	4975	0	15052	16220
437000	276	0	5436	0	4573	0	16016	12945
438000	233	0	5058	0	5382	0	15523	15687
439000	262	0	4392	0	6542	0	13685	17907
440000	306	0	4492	0	6523	0	13617	18929
441000	238	0	4547	0	6520	0	13201	18360
442000	294	0	4046	0	7113	0	12284	20869
443000	209	0	4797	0	6069	0	13683	18501
444000	228	0	5819	0	3760	0	16432	12892
445000	173	0	6147	0	2855	0	17061	9158
446000	352	0	5964	0	2789	0	17820	8276
447000	229	0	6363	0	2279	0	19100	7356
448000	426	0	5865	0	3190	0	16891	9915
449000	277	0	5384	0	4548	0	15099	12979
450000	233	0	4747	0	6013	0	13925	17350
451000	374	0	4418	0	6423	0	13332	17134
452000	174	0	4878	0	5874	0	14050	18077
453000	339	0	5150	0	4920	0	14631	14973
454000	244	0	5770	0	3706	0	14584	11772
455000	309	0	5342	0	4639	0	15936	12959
456000	196	0	5337	0	4809	0	15861	14219
457000	255	0	4963	0	5622	0	14544	15862
458000	244	0	4935	0	5682	0	14359	15758
459000	282	0	3839	0	7583	0	10620	22352
460000	244	0	4630	0	6196	0	12138	18438
461000	228	0	4245	0	6837	0	13081	19440
462000	219	0	4238	0	6798	0	13322	19369
463000	248	0	3921	0	7550	0	11227	21340
464000	268	0	4421	0	6603	0	12908	20247
465000	279	0	3761	0	7739	0	11491	21227
466000	235	0	2877	0	9266	0	8833	26545
467000	294	0	2683	0	9641	0	8340	28490
468000	236	0	3628	0	7941	0	10220	22825
469000	226	0	4023	0	7395	0	11321	22801
470000	231	0	3427	0	8422	0	10285	25585
471000	282	0	3461	0	8251	0	10037	23694
472000	244	0	3624	0	7984	0	10445	22882
473000	215	0	4419	0	6673	0	12675	20201
474000	244	0	4711	0	5966	0	14059	17513
475000	215	0	4612	0	6174	0	13708	17955
476000	255	0	3968	0	7384	0	12009	21908
477000	269	0	3382	0	8290	0	11352	22567
478000	257	0	3829	0	7515	0	11375	21884
479000	265	0	3709	0	7803	0	11388	23301
480000	226	0	4451	0	6438	0	13497	18878
481000	279	0	4669	0	5912	0	13057	17837
482000	218	0	4486	0	6414	0	13618	18963
483000	257	0	4994	0	5406	0	13685	16300
484000	192	0	5309	0	4761	0	16264	13040
485000	268	0	5051	0	5195	0	15635	14411
486000	260	0	5024	0	5464	0	14816	15949
487000	278	0	5046	0	5270	0	15255	14811
488000	249	0	5486	0	4596	0	15689	12046
489000	248	0	4759	0	5865	0	14453	16117
490000	260	0	4579	0	6133	0	13853	18099
491000	249	0	4610	0	6211	0	13676	17950
492000	263	0	3751	0	7880	0	11172	22000
493000	223	0	3941	0	7449	0	11443	22381
494000	329	0	4058	0	7144	0	11586	20558
495000	295	0	4583	0	6228	0	13481	17747
496000	301	0	3856	0	7496	0	11521	22363
497000	273	0	3633	0	7946	0	9828	22543
498000	268	0	3499	0	8199	0	9725	24620
499000	251	0	3509	0	8125	0	9949	25801
500000	236	0	4029	0	7208	0	10118	22767
501000	234	0	4701	0	6082	0	13879	17642
502000	236	0	4403	0	6606	0	13572	18718
503000	325	0	3770	0	7623	0	11046	22309
504000	287	0	4448	0	6428	0	12255	19413
505000	313	0	4054	0	7212	0	12372	21187
506000	224	0	4102	0	7147	0	13330	20466
507000	242	0	4869	0	5681	0	13672	16713
508000	305	0	4592	0	6132	0	13388	17663
509000	246	0	4773	0	6001	0	14065	18124
510000	302	0	4720	0	5954	0	13515	16818
511000	273	0	5578	0	3900	0	15501	11617
512000	265	0	5419	0	4507	0	16037	12406
513000	244	0	5660	0	4168	0	16166	12865
514000	298	0	6130	0	2931	0	17196	10206
515000	199	0	6638	0	1400	0	19273	4098
516000	225	0	6862	0	394	0	20346	1889
517000	404	0	6537	0	761	0	18928	1478
518000	260	0	6583	0	1104	0	19363	3638
519000	261	0	6706	0	870	0	19959	2580
520000	257	0	6519	0	1344	0	19273	2954
521000	219	0	6888	0	338	0	19394	1639
522000	435	0	6425	0	71	0	19245	206
523000	231	0	6766	0	0	0	19722	0
524000	437	0	6504	0	0	0	18793	0
525000	253	0	6726	0	0	0	20019	0
526000	269	0	6729	0	0	0	20002	0
527000	292	0	6862	0	0	0	19964	0
528000	470	0	6530	0	0	0	19874	0
529000	205	0	6639	0	0	0	19716	0
530000	131	0	6919	0	0	0	19544	0
531000	261	0	6821	0	0	0	18582	0
532000	464	0	6553	0	0	0	18918	0
533000	316	0	6723	0	0	0	20014	0
534000	360	0	6728	0	0	0	19605	0
535000	292	0	6826	0	0	0	19283	0
536000	273	0	6775	0	0	0	19832	0
537000	275	0	6807	0	0	0	20157	0
538000	261	0	6733	0	0	0	19103	0
539000	207	0	6542	0	0	0	20577	0
540000	135	0	6873	0	0	0	20420	0
541000	377	0	6621	0	0	0	20176	0
542000	244	0	6859	0	0	0	19516	0
543000	261	0	6888	0	0	0	19287	0
544000	137	0	7023	0	0	0	19366	0
545000	218	0	6695	0	0	0	20219	0
546000	319	0	6545	0	0	0	19176	0
547000	181	0	6846	0	0	0	19415	0
548000	262	0	6824	0	0	0	20433	0
549000	252	0	6763	0	0	0	20235	0
550000	231	0	6766	0	0	0	19022	0
551000	268	0	6942	0	0	0	19673	0
552000	240	0	6722	0	0	0	20543	0
553000	326	0	6841	0	0	0	19663	0
554000	183	0	6871	0	0	0	19989	0
555000	144	0	6836	0	0	0	19948	0
556000	281	0	6683	0	0	0	20346	0
557000	352	0	6691	0	0	0	19330	0
558000	265	0	6683	0	0	0	19525	0
559000	279	0	6735	0	0	0	20491	0
560000	123	0	6891	0	0	0	19855	0
561000	240	0	6784	0	0	0	19771	0
562000	244	0	6900	0	0	0	19248	0
563000	231	0	6687	0	0	0	20333	0
564000	230	0	6928	0	0	0	21012	0
565000	135	0	6749	0	0	0	20357	0
566000	273	0	6844	0	0	0	19401	0
567000	244	0	6863	0	0	0	19284	0
568000	281	0	6773	0	0	0	19364	0
569000	258	0	6615	0	0	0	19706	0
570000	294	0	6654	0	0	0	20228	0
571000	210	0	6867	0	0	0	19543	0
572000	265	0	6706	0	0	0	20113	0
573000	266	0	6718	0	0	0	20263	0
574000	219	0	6970	0	0	0	20175	0
575000	367	0	6785	0	0	0	19858	0
576000	192	0	6861	0	0	0	19531	0
577000	252	0	6872	0	0	0	19965	0
578000	227	0	6761	0	0	0	19618	0
579000	273	0	6732	0	0	0	18550	0
580000	238	0	6833	0	0	0	19204	0
581000	213	0	6784	0	0	0	19200	0
582000	333	0	6813	0	0	0	19734	0
583000	255	0	6815	0	0	0	19951	0
584000	239	0	6761	0	0	0	20405	0
585000	313	0	6690	0	0	0	19564	0
586000	294	0	6770	0	0	0	19324	0
587000	308	0	6912	0	0	0	19541	0
588000	219	0	6791	0	0	0	20077	0
589000	289	0	6913	0	0	0	20082	0
590000	240	0	6927	0	0	0	20073	0
591000	220	0	6814	0	0	0	18870	0
592000	217	0	6661	0	0	0	18490	0
593000	166	0	6782	0	0	0	20952	0
594000	175	0	6949	0	0	0	19764	0
595000	326	0	6677	0	0	0	19215	0
596000	335	0	6612	0	0	0	19363	0
597000	284	0	6849	0	0	0	19564	0
598000	245	0	6615	0	0	0	20128	0
599000	141	0	6830	0	0	0	19292	0
600000	291	0	6790	0	0	0	20386	0
601000	244	0	6656	0	0	0	20969	0
602000	426	0	6742	0	0	0	19349	0
603000	393	0	6726	0	0	0	18922	0
604000	235	0	6819	0	0	0	20053	0
605000	171	0	6749	0	0	0	19759	0
606000	133	0	6829	0	0	0	19617	0
607000	200	0	6751	0	0	0	19935	0
608000	210	0	6713	0	0	0	19233	0
609000	187	0	6682	0	0	0	20342	0
610000	296	0	6741	0	0	0	20469	0
611000	183	0	6834	0	0	0	19717	0
612000	210	0	6735	0	0	0	20558	0
613000	193	0	6882	0	0	0	19876	0
614000	219	0	6867	0	0	0	19067	0
615000	220	0	6733	0	0	0	20426	0
616000	352	0	6659	0	0	0	19734	0
617000	235	0	6698	0	0	0	18717	0
618000	164	0	6795	0	0	0	19426	0
619000	275	0	6752	0	0	0	18807	0
620000	298	0	6712	0	0	0	19461	0
621000	293	0	6740	0	0	0	19898	0
622000	424	0	6499	0	0	0	19425	0
623000	273	0	6934	0	0	0	19325	0
624000	276	0	6832	0	0	0	19454	0
625000	331	0	6704	0	0	0	20386	0
626000	247	0	6813	0	0	0	19736	0
627000	196	0	6771	0	0	0	20133	0
628000	190	0	6878	0	0	0	19278	0
629000	189	0	6760	0	0	0	20563	0
630000	328	0	6816	0	0	0	19994	0
631000	309	0	6777	0	0	0	20044	0
632000	285	0	6813	0	0	0	19081	0
633000	365	0	6651	0	0	0	19127	0
634000	409	0	6563	0	0	0	19194	0
635000	305	0	6728	0	0	0	19181	0
636000	253	0	6765	0	0	0	19208	0
637000	238	0	6732	0	0	0	20831	0
638000	160	0	6802	0	0	0	18960	0
639000	239	0	6795	0	0	0	20116	0
640000	314	0	6592	0	0	0	19034	0
641000	413	0	6710	0	0	0	19431	0
642000	284	0	6786	0	0	0	19418	0
643000	277	0	6667	0	0	0	18965	0
644000	283	0	6838	0	0	0	19540	0
645000	223	0	6779	0	0	0	19805	0
646000	178	0	6913	0	0	0	19714	0
647000	331	0	6732	0	0	0	19620	0
648000	341	0	6808	0	0	0	19690	0
649000	300	0	6633	0	0	0	20140	0
650000	263	0	6835	0	0	0	19525	0
651000	254	0	6808	0	0	0	19639	0
652000	282	0	6652	0	0	0	20208	0
653000	450	0	6607	0	0	0	19172	0
654000	237	0	6856	0	0	0	20311	0
655000	267	0	6798	0	0	0	20392	0
656000	246	0	6917	0	0	0	20304	0
657000	196	0	6829	0	0	0	19945	0
658000	269	0	6841	0	0	0	19271	0
659000	149	0	7018	0	0	0	20615	0
660000	313	0	6694	0	0	0	18746	0
661000	240	0	6784	0	0	0	21265	0
662000	292	0	6672	0	0	0	19831	0
663000	256	0	6817	0	0	0	20075	0
664000	204	0	6927	0	0	0	19834	0
665000	291	0	6634	0	0	0	18957	0
666000	391	0	6585	0	0	0	19413	0
667000	276	0	6890	0	0	0	19190	0
668000	302	0	6792	0	0	0	20289	0
669000	320	0	6697	0	0	0	19286	0
670000	431	0	6572	0	0	0	19928	0
671000	283	0	6785	0	0	0	19612	0
672000	260	0	6728	0	0	0	19686	0
673000	353	0	6705	0	0	0	19111	0
674000	202	0	6925	0	0	0	19489	0
675000	277	0	6703	0	0	0	19790	0
676000	292	0	6766	0	0	0	19471	0
677000	328	0	6612	0	0	0	19878	0
678000	224	0	6920	0	0	0	20975	0
679000	345	0	6645	0	0	0	19455	0
680000	366	0	6554	0	0	0	19600	0
681000	176	0	6702	0	0	0	19872	0
682000	200	0	6766	0	0	0	20152	0
683000	354	0	6757	0	0	0	18288	0
684000	266	0	6658	0	0	0	20037	0
685000	168	0	6854	0	0	0	19499	0
686000	204	0	6729	0	0	0	19981	0
687000	262	0	6866	0	0	0	17933	0
688000	279	0	6846	0	0	0	20471	0
689000	325	0	6717	0	0	0	19199	0
690000	141	0	6880	0	0	0	20223	0
691000	366	0	6762	0	0	0	19595	0
692000	269	0	6816	0	0	0	19706	0
693000	430	0	6435	0	0	0	19381	0
694000	363	0	6762	0	0	0	19006	0
695000	137	0	6878	0	0	0	20172	0
696000	246	0	6680	0	0	0	19105	0
697000	219	0	6742	0	0	0	19877	0
698000	198	0	6827	0	0	0	19349	0
699000	320	0	6734	0	0	0	20037	0
700000	276	0	6641	0	0	0	19648	0
701000	429	0	6577	0	0	0	19317	0
702000	214	0	6933	0	0	0	19584	0
703000	335	0	6613	0	0	0	18990	0
704000	328	0	6704	0	0	0	19462	0
705000	388	0	6612	0	0	0	19776	0
706000	229	0	6868	0	0	0	18842	0
707000	177	0	6632	0	0	0	20285	0
708000	378	0	6637	0	0	0	19689	0
709000	265	0	6811	0	0	0	18666	0
710000	291	0	6675	0	0	0	18645	0
711000	226	0	6771	0	0	0	20179	0
712000	312	0	6685	0	0	0	20837	0
713000	178	0	6706	0	0	0	20707	0
714000	165	0	6825	0	0	0	19722	0
715000	235	0	6757	0	0	0	19395	0
716000	232	0	6707	0	0	0	20125	0
717000	200	0	6922	0	0	0	18703	0
718000	219	0	6786	0	0	0	19500	0
719000	271	0	6710	0	0	0	20132	0
720000	234	0	6815	0	0	0	20669	0
721000	294	0	6567	0	0	0	18629	0
722000	438	0	6549	0	0	0	19019	0
723000	364	0	6496	0	0	0	19221	0
724000	351	0	6699	0	0	0	19358	0
725000	283	0	6755	0	0	0	19306	0
726000	181	0	6777	0	0	0	18954	0
727000	210	0	6879	0	0	0	20274	0
728000	209	0	6869	0	0	0	18666	0
729000	151	0	6795	0	0	0	20623	0
730000	346	0	6684	0	0	0	18575	0
731000	427	0	6607	0	0	0	19283	0
732000	243	0	6755	0	0	0	19653	0
733000	302	0	6748	0	0	0	19666	0
734000	261	0	6800	0	0	0	19188	0
735000	179	0	6839	0	0	0	20102	0
736000	301	0	6681	0	0	0	18950	0
737000	243	0	6623	0	0	0	20278	0
738000	151	0	6855	0	0	0	19551	0
739000	243	0	6839	0	0	0	20391	0
740000	193	0	6797	0	0	0	19274	0
741000	219	0	6858	0	0	0	18606	0
742000	358	0	6692	0	0	0	20196	0
743000	246	0	6732	0	0	0	18559	0
744000	161	0	6926	0	0	0	19901	0
745000	181	0	6917	0	0	0	20348	0
746000	239	0	6744	0	0	0	20876	0
747000	293	0	6688	0	0	0	20004	0
748000	227	0	6705	0	0	0	20128	0
749000	337	0	6776	0	0	0	19821	0
750000	292	0	6765	0	0	0	19837	0
751000	487	0	6370	0	0	0	19676	0
752000	393	0	6627	0	0	0	18523	0
753000	329	0	6735	0	0	0	18486	0
754000	218	0	6727	0	0	0	20700	0
755000	268	0	6716	0	0	0	20126	0
756000	260	0	6713	0	0	0	19786	0
757000	294	0	6649	0	0	0	20865	0
758000	233	0	6859	0	0	0	18937	0
759000	279	0	6740	0	0	0	19751	0
760000	214	0	6827	0	0	0	20105	0
761000	575	0	6344	0	0	0	19566	0
762000	248	0	6710	0	0	0	20236	0
763000	294	0	6793	0	0	0	19383	0
764000	291	0	6838	0	0	0	18735	0
765000	259	0	6784	0	0	0	19163	0
766000	352	0	6804	0	0	0	19384	0
767000	197	0	6820	0	0	0	19453	0
768000	258	0	6843	0	0	0	19121	0
769000	255	0	6695	0	0	0	19346	0
770000	206	0	6873	0	0	0	20306	0
771000	280	0	6729	0	0	0	19007	0
772000	261	0	6699	0	0	0	19055	0
773000	197	0	6867	0	0	0	19505	0
774000	176	0	6792	0	0	0	19450	0
775000	325	0	6536	0	0	0	19151	0
776000	295	0	6737	0	0	0	18615	0
777000	306	0	6708	0	0	0	20253	0
778000	250	0	6853	0	0	0	19930	0
779000	341	0	6825	0	0	0	20891	0
780000	235	0	6829	0	0	0	19675	0
781000	268	0	6699	0	0	0	19721	0
782000	208	0	6758	0	0	0	19209	0
783000	178	0	6790	0	0	0	19366	0
784000	268	0	6807	0	0	0	20804	0
785000	286	0	6693	0	0	0	20174	0
786000	292	0	6665	0	0	0	19998	0
787000	258	0	6771	0	0	0	20218	0
788000	169	0	6812	0	0	0	19823	0
789000	200	0	6882	0	0	0	20245	0
790000	342	0	6690	0	0	0	20756	0
791000	140	0	6917	0	0	0	19836	0
792000	265	0	6758	0	0	0	19708	0
793000	210	0	6863	0	0	0	19518	0
794000	290	0	6878	0	0	0	20137	0
795000	293	0	6596	0	0	0	19569	0
796000	271	0	6746	0	0	0	20322	0
797000	326	0	6490	0	0	0	18620	0
798000	272	0	6752	0	0	0	19420	0
799000	299	0	6897	0	0	0	19723	0
800000	390	0	6542	0	0	0	18872	0
801000	237	0	6790	0	0	0	19862	0
802000	440	0	6529	0	0	0	18036	0
803000	225	0	6777	0	0	0	19460	0
804000	405	0	6488	0	0	0	19081	0
805000	201	0	6775	0	0	0	19919	0
806000	375	0	6553	0	0	0	20013	0
807000	237	0	6705	0	0	0	19178	0
808000	314	0	6790	0	0	0	20264	0
809000	286	0	6859	0	0	0	18541	0
810000	199	0	6679	0	0	0	19216	0
811000	296	0	6827	0	0	0	18310	0
812000	264	0	6791	0	0	0	19636	0
813000	288	0	6830	0	0	0	20188	0
814000	220	0	6772	0	0	0	20048	0
815000	340	0	6790	0	0	0	19855	0
816000	223	0	6765	0	0	0	19861	0
817000	222	0	6894	0	0	0	18743	0
818000	270	0	6887	0	0	0	20162	0
819000	264	0	6846	0	0	0	19911	0
820000	300	0	6644	0	0	0	18894	0
821000	195	0	6759	0	0	0	20023	0
822000	205	0	6887	0	0	0	20259	0
823000	165	0	6801	0	0	0	20803	0
824000	303	0	6873	0	0	0	19448	0
825000	254	0	6781	0	0	0	20131	0
826000	249	0	6680	0	0	0	20694	0
827000	308	0	6712	0	0	0	19696	0
828000	298	0	6773	0	0	0	18883	0
829000	223	0	6839	0	0	0	20510	0
830000	356	0	6639	0	0	0	20518	0
831000	220	0	6738	0	0	0	18969	0
832000	172	0	6718	0	0	0	20427	0
833000	164	0	6773	0	0	0	19089	0
834000	207	0	6881	0	0	0	19020	0
835000	267	0	6769	0	0	0	18955	0
836000	318	0	6695	0	0	0	19915	0
837000	236	0	6882	0	0	0	20296	0
838000	170	0	6760	0	0	0	20390	0
839000	178	0	6839	0	0	0	20373	0
840000	354	0	6683	0	0	0	19004	0
841000	377	0	6562	0	0	0	19536	0
842000	353	0	6690	0	0	0	19846	0
843000	315	0	6750	0	0	0	19817	0
844000	314	0	6634	0	0	0	18727	0
845000	276	0	6773	0	0	0	19130	0
846000	281	0	6803	0	0	0	19412	0
847000	227	0	6884	0	0	0	20837	0
848000	189	0	6808	0	0	0	19534	0
849000	357	0	6736	0	0	0	19664	0
850000	208	0	6697	0	0	0	19988	0
851000	318	0	6772	0	0	0	19413	0
852000	324	0	6668	0	0	0	19119	0
853000	315	0	6779	0	0	0	19886	0
854000	336	0	6598	0	0	0	19537	0
855000	263	0	6835	0	0	0	18411	0
856000	412	0	6712	0	0	0	18431	0
857000	324	0	6650	0	0	0	19735	0
858000	360	0	6616	0	0	0	19721	0
859000	230	0	6732	0	0	0	20657	0
860000	199	0	6881	0	0	0	20730	0
861000	242	0	6785	0	0	0	19395	0
862000	192	0	6778	0	0	0	19851	0
863000	234	0	6721	0	0	0	18744	0
864000	376	0	6627	0	0	0	19586	0
865000	147	0	6873	0	0	0	18784	0
866000	292	0	6592	0	0	0	19515	0
867000	337	0	6629	0	0	0	19140	0
868000	337	0	6699	0	0	0	19371	0
869000	216	0	6891	0	0	0	20412	0
870000	274	0	6667	0	0	0	18856	0
871000	235	0	6888	0	0	0	20159	0
872000	289	0	6667	0	0	0	19103	0
873000	224	0	6875	0	0	0	19098	0
874000	189	0	6870	0	0	0	19806	0
875000	273	0	6754	0	0	0	20109	0
876000	169	0	6853	0	0	0	19759	0
877000	298	0	6893	0	0	0	18621	0
878000	270	0	6705	0	0	0	20092	0
879000	240	0	6716	0	0	0	19726	0
880000	366	0	6685	0	0	0	19269	0
881000	226	0	6747	0	0	0	19945	0
882000	234	0	6778	0	0	0	19997	0
883000	229	0	6732	0	0	0	19578	0
884000	249	0	6771	0	0	0	19403	0
885000	258	0	6723	0	0	0	20125	0
886000	259	0	6810	0	0	0	19796	0
887000	262	0	6713	0	0	0	19353	0
888000	284	0	6634	0	0	0	19748	0
889000	242	0	6838	0	0	0	20107	0
890000	262	0	6548	0	0	0	19934	0
891000	283	0	6724	0	0	0	19276	0
892000	192	0	6790	0	0	0	20114	0
893000	339	0	6742	0	0	0	19216	0
894000	304	0	6580	0	0	0	18994	0
895000	347	0	6654	0	0	0	18845	0
896000	343	0	6554	0	0	0	19283	0
897000	204	0	6843	0	0	0	18809	0
898000	323	0	6793	0	0	0	20054	0
899000	325	0	6759	0	0	0	18275	0
900000	364	0	6501	0	0	0	20235	0
901000	268	0	6672	0	0	0	19298	0
902000	328	0	6625	0	0	0	19536	0
903000	266	0	6808	0	0	0	19151	0
904000	349	0	6650	0	0	0	19238	0
905000	340	0	6860	0	0	0	20620	0
906000	418	0	6743	0	0	0	18515	0
907000	186	0	6848	0	0	0	20396	0
908000	297	0	6622	0	0	0	20507	0
909000	205	0	6952	0	0	0	19965	0
910000	281	0	6826	0	0	0	19621	0
911000	360	0	6651	0	0	0	20791	0
912000	400	0	6681	0	0	0	19237	0
913000	132	0	6823	0	0	0	20756	0
914000	255	0	6748	0	0	0	18600	0
915000	278	0	6664	0	0	0	20627	0
916000	368	0	6603	0	0	0	18634	0
917000	342	0	6568	0	0	0	19670	0
918000	199	0	6784	0	0	0	20583	0
919000	318	0	6665	0	0	0	19847	0
920000	236	0	6731	0	0	0	19690	0
921000	216	0	6736	0	0	0	19706	0
922000	222	0	6809	0	0	0	18980	0
923000	311	0	6599	0	0	0	19586	0
924000	257	0	6796	0	0	0	19668	0
925000	233	0	6831	0	0	0	20815	0
926000	346	0	6638	0	0	0	19573	0
927000	335	0	6757	0	0	0	19762	0
928000	184	0	6811	0	0	0	18879	0
929000	198	0	6876	0	0	0	19053	0
930000	164	0	6960	0	0	0	20358	0
931000	286	0	6810	0	0	0	19314	0
932000	166	0	6902	0	0	0	20140	0
933000	291	0	6779	0	0	0	19556	0
934000	208	0	6892	0	0	0	18986	0
935000	443	0	6579	0	0	0	19632	0
936000	365	0	6673	0	0	0	19574	0
937000	381	0	6660	0	0	0	20049	0
938000	367	0	6628	0	0	0	19539	0
939000	297	0	6839	0	0	0	19563	0
940000	236	0	6796	0	0	0	20243	0
941000	227	0	6738	0	0	0	19607	0
942000	210	0	6982	0	0	0	20093	0
943000	225	0	6921	0	0	0	19572	0
944000	264	0	6713	0	0	0	18576	0
945000	274	0	6692	0	0	0	20434	0
946000	358	0	6619	0	0	0	19070	0
947000	187	0	6830	0	0	0	19197	0
948000	267	0	6922	0	0	0	19771	0
949000	339	0	6664	0	0	0	18953	0
950000	273	0	6843	0	0	0	19375	0
951000	132	0	6892	0	0	0	19684	0
952000	360	0	6622	0	0	0	20046	0
953000	358	0	6679	0	0	0	19779	0
954000	188	0	6849	0	0	0	20064	0
955000	249	0	6894	0	0	0	19151	0
956000	276	0	6630	0	0	0	19981	0
957000	222	0	6784	0	0	0	20593	0
958000	255	0	6656	0	0	0	19900	0
959000	297	0	6743	0	0	0	19968	0
960000	250	0	6708	0	0	0	19879	0
961000	221	0	6879	0	0	0	20110	0
962000	222	0	6741	0	0	0	19612	0
963000	328	0	6674	0	0	0	19728	0
964000	280	0	6692	0	0	0	18864	0
965000	204	0	6892	0	0	0	20678	0
966000	255	0	6740	0	0	0	19392	0
967000	360	0	6771	0	0	0	20315	0
968000	225	0	6845	0	0	0	19480	0
969000	322	0	6832	0	0	0	19242	0
970000	134	0	6806	0	0	0	19291	0
971000	438	0	6766	0	0	0	18104	0
972000	191	0	6867	0	0	0	20049	0
973000	324	0	6733	0	0	0	19722	0
974000	275	0	6796	0	0	0	18728	0
975000	285	0	6690	0	0	0	19697	0
976000	107	0	6902	0	0	0	20211	0
977000	292	0	6600	0	0	0	19698	0
978000	264	0	6822	0	0	0	19435	0
979000	292	0	6775	0	0	0	20647	0
980000	210	0	6806	0	0	0	19061	0
981000	307	0	6699	0	0	0	20537	0
982000	224	0	6832	0	0	0	19459	0
983000	406	0	6715	0	0	0	20061	0
984000	209	0	6849	0	0	0	20560	0
985000	331	0	6559	0	0	0	19949	0
986000	384	0	6600	0	0	0	19077	0
987000	183	0	6862	0	0	0	20125	0
988000	353	0	6706	0	0	0	19541	0
989000	191	0	6839	0	0	0	19579	0
990000	250	0	6730	0	0	0	19622	0
991000	297	0	6665	0	0	0	19107	0
992000	287	0	6808	0	0	0	20076	0
993000	247	0	6892	0	0	0	19924	0
994000	287	0	6723	0	0	0	19809	0
995000	180	0	6800	0	0	0	19370	0
996000	321	0	6731	0	0	0	20053	0
997000	426	0	6612	0	0	0	19646	0
998000	272	0	6820	0	0	0	20151	0
999000	212	0	6708	0	0	0	19754	0
