0	0	0	0	14400	0	0	0	0
1000	16	439	322	13195	53	22	22266	86
2000	17	438	388	13059	21	104	22422	162
3000	14	413	408	13081	28	31	24007	168
4000	18	490	435	13006	21	26	22666	70
5000	16	382	449	13084	2	48	22387	65
6000	22	433	506	12942	0	19	22436	19
7000	12	481	517	12908	0	0	22675	14
8000	21	411	491	12869	118	41	22214	174
9000	14	455	517	12795	116	54	21760	220
10000	16	467	539	12777	61	84	22280	189
11000	17	417	542	12809	62	119	22804	383
12000	22	407	514	12756	65	193	23210	423
13000	20	403	465	12902	75	97	21680	280
14000	18	425	562	12762	70	122	23001	215
15000	27	419	638	12641	4	175	22417	306
16000	14	419	600	12707	1	161	22787	209
17000	15	417	527	12909	1	84	22732	206
18000	12	460	423	13047	0	62	22827	184
19000	18	469	415	13101	0	23	22689	48
20000	13	442	480	13044	0	5	23361	2
21000	27	415	598	12786	113	1	21937	176
22000	30	495	515	12748	122	47	22287	254
23000	36	437	490	12767	90	132	22518	261
24000	8	451	482	12953	36	94	22965	221
25000	16	455	439	12946	62	87	22396	237
26000	29	388	574	12825	43	70	23290	268
27000	27	468	491	12884	31	66	22452	229
28000	12	467	368	13095	15	76	22031	141
29000	26	445	452	13038	0	45	23869	87
30000	24	436	514	12988	0	8	22519	3
31000	16	397	485	12974	115	1	23091	227
32000	12	547	494	12876	35	27	23158	44
33000	10	457	382	13159	21	21	24398	101
34000	16	409	461	13046	12	49	22828	122
35000	13	434	446	13071	7	37	22776	121
36000	17	468	449	13001	7	37	22546	50
37000	20	427	442	13055	0	40	22912	52
38000	16	465	529	12891	5	19	23104	17
39000	12	377	395	13221	0	25	24081	15
40000	11	436	347	13220	0	37	22472	43
41000	15	417	384	13112	0	66	23537	82
42000	11	472	326	13203	0	17	22722	14
43000	23	437	484	12888	118	7	22809	148
44000	18	440	396	13026	56	73	22374	208
45000	9	428	463	12887	53	117	22576	287
46000	23	436	513	12784	36	139	22411	334
47000	28	408	583	12784	54	62	21963	184
48000	11	442	538	12840	16	74	22180	282
49000	19	367	574	12892	31	32	23303	154
50000	15	408	529	12957	3	36	22833	54
51000	13	446	532	12934	0	13	22245	52
52000	15	397	338	13317	0	5	23416	9
53000	19	442	447	12947	96	17	23456	218
54000	12	362	527	12982	25	13	22716	106
55000	28	478	463	12953	39	10	22935	23
56000	15	458	432	13055	7	23	22401	29
57000	10	424	425	13028	111	4	22410	202
58000	19	418	574	12684	78	152	22190	135
59000	17	416	528	12882	16	108	22402	265
60000	22	409	392	13145	0	47	22199	93
61000	17	477	374	13098	2	22	21823	49
62000	10	409	538	12941	1	25	23070	71
63000	18	399	565	12880	56	31	23503	106
64000	20	455	549	12747	35	118	22746	332
65000	17	367	571	12823	33	105	22931	153
66000	24	460	392	13011	65	63	22970	166
67000	16	417	492	12853	23	145	23235	294
68000	15	395	497	12840	17	200	22153	378
69000	15	407	443	12944	1	205	22884	310
70000	9	419	423	12962	8	196	23415	296
71000	18	385	559	12742	40	202	22468	643
72000	26	412	463	12917	30	100	21868	274
73000	23	387	526	12968	10	47	22334	163
74000	15	445	516	12947	1	17	23309	44
75000	16	460	685	12690	0	15	22683	36
76000	16	452	400	13132	1	0	23825	26
77000	30	457	568	12765	63	29	22652	177
78000	12	485	494	12927	44	11	22532	96
79000	19	489	477	12932	77	23	21940	98
80000	17	462	551	12827	28	43	23198	127
81000	14	434	439	13077	0	25	22304	15
82000	15	472	393	13112	0	19	22906	6
83000	11	361	412	13243	0	9	23298	1
84000	13	431	480	12928	76	30	21621	140
85000	17	435	488	12996	35	47	22985	125
86000	17	393	438	13112	29	14	22908	109
87000	16	414	345	13200	28	49	22654	144
88000	17	395	448	13072	9	37	21875	59
89000	12	407	419	13165	13	13	23996	54
90000	14	418	343	13248	0	10	23002	14
91000	12	415	471	12970	102	6	22857	174
92000	17	417	558	12857	28	68	23538	109
93000	15	420	401	13052	6	128	22636	257
94000	21	394	450	12910	0	161	23049	407
95000	16	435	454	12784	7	278	22665	644
96000	25	458	440	12863	9	213	22910	317
97000	19	433	461	12832	15	233	22970	369
98000	33	461	417	12770	33	261	21414	595
99000	19	424	436	12876	13	202	22601	423
100000	10	439	474	12786	33	213	22981	367
101000	6	441	465	12762	43	264	23198	604
102000	19	410	523	12770	34	200	22540	390
103000	18	469	395	12923	49	153	23603	257
104000	17	469	404	12976	2	153	22847	223
105000	31	431	485	12942	0	89	23297	174
106000	18	384	450	13103	2	69	23424	156
107000	19	378	383	13231	3	23	23185	55
108000	21	478	497	12920	3	64	23398	187
109000	25	478	547	12833	12	31	22355	105
110000	37	436	516	12930	0	44	22896	50
111000	10	458	332	13163	0	92	22691	172
112000	11	373	529	12971	0	35	23167	40
113000	16	427	485	13030	2	8	22920	13
114000	15	440	447	13071	18	11	21662	3
115000	8	432	427	13129	3	15	22024	30
116000	23	468	425	13056	0	16	23700	24
117000	28	437	564	12745	113	12	22104	271
118000	5	393	374	13104	74	51	23458	157
119000	15	401	566	12768	66	111	22327	224
120000	22	419	599	12725	18	137	23031	344
121000	23	477	553	12786	2	76	22772	92
122000	16	397	547	12892	0	73	22069	221
123000	18	474	423	13011	0	77	23460	74
124000	31	464	553	12796	1	52	23248	94
125000	17	425	530	12864	7	112	23269	160
126000	19	441	387	12944	35	150	22693	372
127000	26	453	519	12837	32	73	23697	210
128000	8	429	497	12966	20	53	23895	178
129000	16	468	550	12773	8	101	23797	212
130000	17	428	572	12826	10	34	23413	58
131000	14	434	551	12954	4	2	24106	3
132000	16	479	541	12870	0	0	21674	1
133000	18	396	429	13048	83	16	23874	93
134000	21	444	473	12875	82	92	21518	224
135000	20	365	515	12897	38	105	22372	121
136000	17	425	447	12934	5	149	22383	386
137000	4	431	599	12771	3	151	23361	329
138000	26	434	578	12723	5	153	22009	331
139000	17	442	546	12813	10	107	22580	148
140000	15	406	564	12890	0	66	22483	142
141000	15	431	530	12872	1	60	22420	141
142000	11	438	350	13233	0	16	23531	23
143000	11	505	442	13043	0	18	22655	11
144000	10	479	496	12973	0	9	22406	32
145000	18	461	506	12868	71	15	21749	117
146000	32	447	460	12909	73	42	21842	313
147000	23	458	476	12945	38	8	22731	69
148000	9	448	409	13120	11	8	23508	37
149000	16	432	353	13083	93	11	23369	107
150000	13	433	395	13118	25	13	22684	95
151000	11	442	448	13043	1	15	24625	21
152000	8	387	439	13113	10	4	24708	42
153000	13	427	373	13067	121	16	22836	177
154000	32	415	604	12654	74	101	22701	236
155000	22	456	766	12318	132	132	21088	355
156000	33	434	581	12597	66	216	22525	380
157000	22	464	633	12510	62	177	21469	439
158000	12	446	503	12586	110	311	21932	670
159000	15	401	621	12280	205	347	22996	845
160000	18	421	418	12575	124	430	21093	901
161000	18	416	455	12805	28	223	22330	482
162000	13	429	413	12841	24	292	21901	496
163000	19	449	397	12797	43	301	22766	651
164000	30	414	443	12764	37	322	22348	532
165000	17	433	479	12696	29	353	22313	514
166000	16	419	525	12453	140	409	22127	889
167000	20	434	665	12203	255	313	21340	851
168000	27	431	603	12481	89	323	22497	887
169000	20	462	552	12406	57	420	23146	801
170000	21	447	530	12440	42	457	21242	740
171000	8	434	470	12436	93	577	22553	1188
172000	22	415	440	12444	120	578	21934	1331
173000	20	473	383	12363	142	644	20951	1388
174000	15	453	421	12333	54	742	21992	1355
175000	10	392	381	12491	66	720	21640	1459
176000	18	422	441	12158	93	887	21530	1364
177000	8	469	469	12036	119	836	20627	1643
178000	14	452	457	11974	148	932	21004	1829
179000	15	437	432	12060	106	956	21607	1691
180000	23	398	465	12335	83	658	21427	1392
181000	24	432	426	12327	145	654	21840	1344
182000	18	417	380	12468	222	517	21864	1182
183000	15	431	465	12464	43	563	22644	682
184000	20	431	454	12388	78	591	21206	1002
185000	20	454	506	12200	53	717	21809	1468
186000	23	431	489	12375	58	600	21444	1321
187000	16	466	480	12388	88	577	21898	890
188000	11	446	499	12185	144	637	22402	1472
189000	20	436	507	12257	97	639	20794	1349
190000	11	393	473	12278	101	697	20497	1168
191000	24	458	571	12227	99	485	21735	964
192000	32	461	350	12686	45	492	22029	698
193000	23	490	336	12754	61	386	21577	861
194000	16	411	555	12572	76	322	22048	795
195000	23	414	506	12616	129	267	21716	646
196000	10	455	483	12686	44	292	23124	630
197000	17	391	573	12746	1	202	23116	343
198000	19	411	401	12819	8	352	21743	626
199000	13	434	336	12866	33	347	22729	715
200000	28	403	397	12757	30	408	21817	589
201000	12	455	442	12734	21	365	22258	589
202000	9	488	484	12718	38	234	22408	504
203000	15	457	379	12903	32	273	22136	483
204000	14	413	446	12797	40	267	22888	585
205000	18	429	382	12942	3	269	22188	535
206000	10	384	413	13052	5	147	22904	211
207000	7	444	448	13004	4	97	22386	245
208000	27	476	442	12856	3	182	22625	268
209000	10	460	374	12987	9	199	21783	186
210000	14	460	429	12820	29	250	22430	416
211000	13	426	409	12914	36	216	22749	398
212000	33	403	534	12677	32	238	22303	617
213000	11	431	390	12908	22	282	22645	641
214000	16	427	408	12917	4	216	22389	379
215000	13	420	441	12912	4	228	22247	217
216000	15	417	412	13064	0	112	23773	331
217000	11	464	436	12916	0	155	22695	167
218000	11	434	472	12867	15	186	21781	284
219000	18	418	662	12582	16	211	23193	426
220000	8	425	518	12882	22	96	23592	90
221000	21	481	539	12819	28	44	22427	83
222000	24	424	456	13050	20	28	22271	69
223000	12	428	459	13030	1	52	23072	137
224000	13	405	430	13094	0	50	22932	162
225000	13	381	389	13186	0	25	23395	34
226000	10	411	510	13022	0	3	22907	0
227000	22	420	637	12692	82	31	23437	167
228000	21	393	544	12818	96	89	21760	231
229000	22	414	393	13024	13	131	22868	263
230000	16	423	367	12937	9	261	23314	476
231000	10	464	460	12867	0	203	22437	456
232000	13	444	494	12850	2	165	21544	212
233000	15	470	502	12931	4	57	22479	83
234000	5	409	463	13063	0	16	24165	2
235000	9	500	361	13125	0	51	21973	98
236000	15	462	478	12966	0	33	22422	59
237000	16	466	486	12994	7	18	23189	109
238000	22	345	634	12828	50	12	22089	128
239000	11	452	494	12985	10	18	22685	65
240000	22	414	642	12678	87	10	23409	215
241000	15	446	618	12701	45	75	22334	239
242000	20	462	538	12882	0	29	21637	45
243000	16	437	473	12930	106	7	22300	166
244000	21	500	440	12894	63	76	22668	201
245000	13	450	456	13013	28	57	23185	206
246000	14	426	416	13008	15	133	23052	184
247000	10	498	374	13019	0	121	23359	214
248000	11	444	547	12769	16	117	21599	195
249000	28	447	460	12918	26	105	23314	74
250000	7	397	409	13045	36	143	22528	219
251000	26	429	519	12715	12	243	22332	425
252000	17	467	310	13006	36	242	22446	599
253000	9	482	440	12950	39	86	23166	274
254000	19	401	488	12951	40	69	23161	222
255000	5	378	475	12901	27	182	23471	481
256000	14	419	448	12920	1	137	23248	142
257000	23	426	448	12994	5	83	22129	145
258000	11	387	435	13074	3	84	22933	139
259000	12	391	532	12856	2	154	23287	149
260000	7	457	411	12954	21	162	23098	418
261000	22	423	479	12833	20	176	22227	263
262000	9	425	414	12971	6	178	21922	237
263000	18	460	443	12810	15	226	22928	489
264000	9	491	446	12703	9	335	22424	615
265000	8	388	341	12968	15	319	22914	580
266000	14	416	445	12827	11	305	22991	590
267000	12	440	372	12969	16	221	23270	573
268000	24	404	521	12720	7	266	21758	649
269000	34	473	526	12813	2	82	21836	125
270000	12	398	574	12894	3	38	22513	87
271000	13	420	588	12808	0	75	23781	115
272000	24	478	629	12797	0	4	21874	0
273000	27	446	533	12660	186	52	22635	350
274000	18	396	541	12754	155	79	21521	369
275000	12	455	508	12783	74	130	21609	257
276000	9	353	551	12842	76	113	23129	269
277000	13	438	504	12924	39	69	22708	117
278000	6	455	462	13017	8	50	23167	116
279000	29	386	520	12906	23	42	22021	83
280000	9	393	541	12991	14	21	23191	68
281000	17	424	539	12845	76	57	23003	127
282000	12	419	460	13040	24	53	22249	149
283000	24	408	478	13001	21	35	22104	148
284000	16	456	501	12967	24	24	23113	111
285000	23	438	543	12887	8	24	22242	24
286000	20	478	597	12669	12	107	22858	147
287000	16	478	463	12822	2	187	23332	389
288000	13	434	459	12969	2	119	22397	212
289000	26	447	569	12791	3	89	23498	142
290000	24	466	510	12886	0	89	23158	140
291000	14	435	474	13020	6	78	22714	125
292000	16	391	517	13015	0	70	22772	85
293000	15	422	505	12902	5	88	22574	168
294000	16	448	435	13039	18	50	23306	131
295000	15	458	389	13123	1	16	23048	70
296000	12	423	549	12919	18	21	22370	98
297000	20	412	509	13000	1	0	21765	0
298000	26	432	506	12888	61	19	23589	107
299000	8	465	374	13130	48	21	21814	95
300000	21	434	325	13280	0	14	22898	33
301000	14	399	453	13082	1	58	22343	92
302000	19	435	465	13020	2	6	23474	19
303000	29	456	413	13093	0	4	23826	9
304000	26	427	606	12818	69	3	22874	110
305000	17	401	456	13034	83	18	22674	299
306000	10	422	476	12969	95	38	22440	228
307000	23	447	471	12906	21	81	21919	211
308000	13	406	573	12802	18	93	21577	191
309000	30	439	515	12802	53	129	23002	265
310000	24	423	735	12457	43	136	21869	229
311000	33	445	579	12501	34	308	20753	571
312000	27	469	463	12585	55	334	21742	562
313000	15	393	457	12657	85	337	22137	528
314000	14	467	417	12598	83	391	22776	794
315000	22	407	494	12782	43	240	22332	422
316000	13	388	397	12878	96	233	23551	371
317000	15	444	357	12845	93	252	22597	559
318000	10	460	538	12648	35	242	22430	563
319000	15	455	517	12714	28	191	22551	274
320000	14	475	539	12709	4	221	22161	359
321000	23	453	575	12614	20	245	23020	408
322000	27	457	480	12781	15	220	21876	252
323000	22	398	621	12600	96	162	22468	465
324000	13	394	473	12782	130	165	22747	620
325000	20	406	475	12887	49	160	22214	283
326000	19	436	446	12789	82	185	23290	460
327000	31	443	426	12835	31	219	22511	373
328000	22	421	516	12730	7	241	22843	369
329000	21	500	438	12787	27	191	22312	558
330000	24	414	547	12621	19	296	22162	657
331000	21	463	434	12829	7	235	22235	497
332000	11	456	594	12529	1	309	21515	583
333000	17	403	565	12796	17	191	23110	266
334000	14	431	526	12842	47	112	22342	345
335000	24	435	549	12780	26	103	22664	236
336000	13	434	544	12666	84	198	21618	492
337000	9	407	616	12501	84	304	22489	631
338000	10	403	467	12846	29	244	23456	480
339000	8	418	452	12950	19	167	23476	242
340000	18	431	560	12720	12	184	22496	418
341000	12	414	491	12772	12	241	22706	490
342000	15	475	517	12676	41	227	22988	291
343000	20	388	545	12634	12	301	22867	473
344000	12	454	474	12762	23	238	22873	404
345000	13	404	428	12875	8	274	21696	460
346000	11	516	518	12675	8	226	21056	350
347000	9	441	438	12797	22	290	22499	536
348000	11	448	364	12858	36	342	23096	489
349000	21	500	506	12508	39	375	21095	740
350000	21	368	480	12655	102	340	22492	713
351000	21	449	504	12484	58	445	22055	601
352000	23	430	533	12410	41	540	22869	835
353000	15	420	392	12774	43	384	22091	697
354000	22	374	410	12876	62	277	22835	495
355000	18	427	450	12758	42	287	22306	578
356000	18	439	466	12787	17	231	23487	425
357000	13	431	465	12707	41	310	21619	561
358000	11	464	395	12916	40	203	21852	554
359000	16	438	416	12858	22	255	22979	485
360000	29	436	408	12840	27	237	23346	392
361000	18	443	448	12762	8	287	22044	446
362000	14	449	530	12667	49	261	22928	363
363000	21	410	438	12744	43	323	22813	435
364000	18	431	427	12821	23	260	23420	524
365000	10	451	473	12723	80	232	22503	368
366000	13	457	426	12824	46	238	21203	541
367000	28	444	455	12724	31	297	22808	371
368000	7	440	473	12726	21	306	21342	646
369000	23	385	579	12531	24	347	22713	799
370000	15	466	478	12849	64	64	23585	329
371000	10	432	508	12889	43	59	22481	184
372000	16	423	502	12997	6	44	23209	97
373000	16	439	462	13056	4	33	24017	87
374000	22	446	496	12924	89	4	21822	148
375000	8	427	496	12976	48	17	22617	275
376000	24	436	518	12891	14	27	22758	97
377000	22	439	575	12863	14	5	23499	64
378000	12	457	456	13031	0	4	22591	1
379000	26	420	534	12860	80	10	22044	130
380000	22	448	614	12607	131	71	21878	470
381000	25	372	667	12475	124	223	22509	564
382000	23	457	425	12660	81	364	22174	764
383000	15	437	510	12414	94	496	21980	996
384000	22	478	507	12521	76	382	23048	881
385000	24	444	409	12777	60	329	21920	629
386000	27	401	486	12724	25	305	22167	543
387000	10	461	576	12760	9	115	23505	254
388000	19	452	553	12732	6	176	23035	223
389000	18	375	533	12906	13	122	22337	319
390000	16	438	489	12882	5	120	22232	240
391000	17	429	458	12920	5	106	22827	233
392000	21	423	448	13060	0	25	23195	13
393000	17	416	377	13068	7	154	22067	243
394000	20	399	550	12721	5	242	22467	331
395000	17	444	514	12582	8	369	23108	613
396000	21	476	557	12647	2	231	22725	426
397000	6	377	468	12903	10	207	22934	397
398000	11	392	525	12845	0	195	23749	352
399000	16	445	491	12936	0	66	21891	253
400000	15	403	444	12953	30	121	23577	184
401000	21	403	527	12724	20	263	21777	433
402000	16	452	475	12796	7	223	22072	364
403000	14	437	544	12705	3	232	23631	381
404000	15	406	614	12519	12	351	22872	498
405000	20	411	564	12515	68	335	22608	802
406000	34	402	580	12500	83	313	22566	542
407000	15	450	523	12452	55	446	21363	1059
408000	14	488	473	12660	12	340	22883	687
409000	11	442	370	12942	8	287	21283	391
410000	13	427	451	12802	4	302	22579	558
411000	15	454	437	12785	24	281	22625	587
412000	18	434	428	12646	4	458	22172	700
413000	14	409	454	12766	20	285	22711	542
414000	15	407	474	12615	42	447	22100	977
415000	13	417	502	12548	42	443	22730	819
416000	32	437	582	12407	30	398	21207	980
417000	20	480	542	12397	30	405	21680	694
418000	10	432	530	12585	15	363	22254	543
419000	23	432	581	12386	15	473	21260	828
420000	11	477	387	12677	27	444	21476	532
421000	15	441	430	12654	40	407	22512	770
422000	17	463	407	12751	74	324	22758	534
423000	16	441	461	12777	70	256	22251	521
424000	6	503	453	12736	18	266	22056	425
425000	15	401	420	12917	31	206	22418	493
426000	30	444	617	12524	65	250	22122	475
427000	22	370	577	12730	18	210	22922	380
428000	17	409	613	12631	38	193	21540	346
429000	19	428	588	12592	16	235	22930	253
430000	14	404	471	12861	25	196	21613	392
431000	25	433	730	12447	13	199	23060	359
432000	16	347	592	12674	74	220	22329	612
433000	13	388	512	12750	88	237	23177	625
434000	16	375	466	12567	82	478	22882	796
435000	19	400	411	12678	39	488	22010	1099
436000	22	340	517	12569	53	437	22919	819
437000	13	412	477	12595	53	420	21256	801
438000	19	411	484	12460	126	486	22358	1074
439000	33	410	544	12072	297	561	21337	1369
440000	29	454	540	12043	158	733	20760	1460
441000	14	454	430	12399	41	660	21662	1198
442000	27	433	529	12313	8	626	22714	1290
443000	15	396	447	12304	47	791	22078	1447
444000	6	436	374	12386	102	716	20970	1367
445000	22	462	392	12437	95	597	22622	1085
446000	29	414	361	12389	154	685	21020	1340
447000	23	433	415	12450	162	523	20722	910
448000	27	425	458	12510	41	490	21707	987
449000	12	437	482	12548	40	434	21808	875
450000	16	451	402	12363	68	719	21616	1034
451000	17	407	448	12365	93	632	22083	1285
452000	10	407	439	12284	92	764	20965	1346
453000	22	438	430	12281	95	727	21556	1417
454000	15	440	458	12238	109	725	21759	1217
455000	34	434	479	12019	175	836	20667	1615
456000	16	412	482	12134	186	741	21183	1328
457000	13	443	436	11975	276	874	20534	2190
458000	18	446	429	12072	281	706	20853	1884
459000	21	404	457	12032	335	758	21156	1712
460000	28	404	525	11864	236	902	21727	2261
461000	19	430	495	11753	274	1005	20022	2229
462000	31	441	537	12092	244	630	21246	1822
463000	14	381	426	12204	184	769	21140	1764
464000	17	431	335	12448	131	689	21841	1563
465000	20	404	513	12567	41	423	22678	634
466000	6	414	494	12552	35	473	22376	622
467000	17	429	563	12544	10	406	22635	669
468000	22	483	501	12445	54	446	21648	841
469000	22	441	559	12512	25	357	21858	674
470000	19	494	573	12416	49	368	21139	644
471000	11	431	474	12841	44	171	22010	378
472000	17	450	472	12849	11	169	21069	359
473000	14	437	469	12884	4	156	22426	284
474000	12	460	468	12919	6	118	23578	143
475000	8	489	580	12765	2	78	21568	105
476000	22	458	426	12941	4	147	22874	241
477000	20	420	471	12827	4	208	21420	368
478000	20	436	466	12967	15	71	22654	152
479000	23	438	454	13019	0	46	22504	91
480000	28	405	515	12896	6	106	23791	298
481000	18	417	586	12757	23	105	22055	180
482000	21	473	466	12904	2	98	22485	196
483000	15	464	603	12748	23	71	22804	159
484000	28	415	591	12805	5	74	23897	129
485000	20	397	632	12821	16	16	22969	69
486000	37	430	611	12714	63	2	23414	161
487000	21	453	615	12804	3	5	22504	13
488000	25	451	610	12792	22	5	22427	33
489000	14	410	464	12993	8	98	23159	171
490000	20	454	479	12941	5	86	22643	112
491000	19	436	448	13015	0	89	21934	159
492000	23	402	502	12905	1	102	23493	179
493000	13	448	484	12922	2	96	23513	233
494000	18	423	500	12980	0	18	22730	10
495000	14	439	546	12923	0	0	20858	2
496000	12	438	390	13132	39	34	24007	109
497000	12	504	493	12962	0	24	22652	4
498000	24	397	450	13076	0	19	24142	63
499000	24	463	567	12848	0	8	24150	20
500000	17	445	472	12878	134	6	22873	276
501000	31	465	507	12743	116	67	22179	273
502000	18	501	469	12759	69	130	21865	359
503000	15	469	458	12997	0	26	22328	69
504000	18	419	587	12847	0	0	23208	1
505000	20	388	579	12692	192	37	21942	539
506000	23	404	576	12810	71	38	23328	222
507000	17	422	626	12748	45	56	22896	150
508000	21	430	399	13053	39	39	23722	102
509000	12	396	368	13171	66	18	23519	101
510000	24	455	505	12888	58	37	22064	151
511000	22	463	525	12912	19	16	22955	94
512000	5	429	380	13166	3	28	23183	34
513000	9	438	490	13029	7	15	24120	69
514000	26	424	578	12752	117	0	23069	106
515000	15	432	407	13100	57	32	23510	117
516000	22	388	500	13010	21	12	22815	49
517000	29	460	575	12769	81	4	23265	205
518000	17	462	393	12941	97	87	23109	350
519000	23	407	527	12733	119	139	22086	348
520000	27	435	347	12896	113	246	23012	706
521000	13	429	393	12763	40	374	22370	685
522000	18	380	489	12803	44	248	22596	508
523000	24	453	582	12661	10	168	23182	430
524000	17	465	533	12651	7	254	23219	355
525000	18	418	452	12940	0	125	22426	171
526000	19	446	397	13053	0	129	22769	248
527000	22	440	553	12776	10	110	22078	227
528000	24	389	585	12784	9	161	23579	251
529000	15	423	406	12965	1	163	22606	391
530000	16	432	482	12754	32	240	21952	392
531000	25	413	547	12730	1	195	22559	435
532000	21	460	517	12786	25	165	22396	371
533000	24	403	423	13034	36	95	22654	255
534000	14	473	392	12977	38	130	21923	321
535000	16	450	471	12749	83	210	22253	354
536000	14	452	542	12740	68	132	21123	331
537000	33	399	513	12799	76	129	22302	348
538000	14	506	452	12779	65	176	22535	559
539000	15	427	558	12772	2	164	23654	264
540000	17	467	424	12881	7	224	22931	289
541000	19	412	432	12989	7	194	23099	288
542000	8	423	361	13192	1	62	22723	138
543000	12	463	436	13047	1	44	23161	35
544000	17	450	526	12920	12	29	23086	48
545000	9	441	345	13252	0	9	23546	13
546000	13	477	370	13026	107	7	22921	167
547000	15	443	425	13084	36	19	22994	152
548000	11	408	455	13118	0	1	22874	21
549000	11	502	403	13043	32	19	22883	87
550000	16	450	463	13029	33	12	22630	57
551000	7	372	451	13137	37	1	22973	24
552000	23	437	433	13089	11	0	22946	29
553000	30	486	492	12790	135	15	22658	348
554000	12	436	445	13008	35	22	23225	32
555000	15	407	468	13046	23	0	24157	14
556000	17	411	449	13068	0	59	22649	148
557000	27	419	426	13102	0	30	23188	41
558000	21	443	485	12947	4	60	23295	157
559000	15	404	626	12760	0	94	22277	172
560000	17	400	469	13000	0	93	23872	152
561000	10	473	293	13111	4	198	22399	259
562000	18	446	349	12986	13	263	22626	369
563000	14	437	356	12978	7	263	22382	419
564000	12	394	460	12910	2	193	22640	325
565000	23	446	499	12867	5	108	22580	193
566000	7	451	390	13067	0	121	22406	233
567000	13	471	579	12702	6	150	21412	159
568000	21	440	500	12832	4	183	23524	303
569000	10	466	387	13001	3	170	22485	271
570000	16	410	448	12945	7	167	22774	470
571000	14	454	422	12923	1	214	23032	356
572000	14	432	368	13108	0	119	23465	300
573000	14	483	407	13006	2	77	23079	101
574000	22	398	523	12884	0	125	22649	152
575000	16	441	392	12955	1	225	23106	322
576000	22	430	426	12796	10	285	22764	566
577000	20	441	382	12927	7	253	22789	407
578000	27	469	384	12810	12	309	22230	539
579000	22	443	493	12839	13	147	22651	331
580000	15	456	523	12809	4	107	23706	244
581000	10	491	399	12976	1	110	22073	131
582000	15	455	530	12717	1	245	21925	346
583000	22	493	526	12630	0	238	22685	365
584000	17	379	670	12693	12	92	23750	192
585000	19	416	496	12892	16	123	22623	192
586000	17	432	460	12893	31	111	23447	229
587000	14	432	415	13018	4	103	23215	210
588000	11	462	522	12871	7	83	22913	150
589000	20	448	423	13100	0	5	23084	29
590000	11	439	524	12968	0	14	22285	9
591000	14	405	450	13103	0	13	23472	7
592000	19	457	397	13085	0	41	21521	86
593000	18	473	504	12984	0	0	21766	1
594000	22	422	498	12887	80	73	22487	195
595000	16	388	489	12941	20	139	23184	249
596000	9	422	393	13107	0	129	22851	160
597000	9	446	429	13020	0	106	23417	141
598000	12	421	541	12831	0	162	22035	302
599000	28	456	568	12759	6	105	23266	136
600000	21	430	522	12907	0	65	22828	120
601000	13	468	607	12806	0	15	22920	0
602000	15	403	383	13130	113	2	22979	220
603000	13	453	392	13096	51	25	23917	110
604000	8	423	370	13216	18	13	22753	22
605000	24	393	643	12767	21	45	23061	134
606000	13	425	461	13057	10	50	21732	100
607000	22	408	467	13007	5	56	22107	50
608000	9	436	419	13130	0	16	22489	88
609000	14	429	463	13085	0	0	24128	9
610000	22	413	574	12826	69	29	21834	177
611000	14	420	422	13082	39	35	23292	143
612000	19	450	499	12961	22	44	23468	96
613000	16	500	663	12644	13	57	22723	146
614000	29	449	648	12594	45	126	22334	260
615000	9	480	469	12738	19	257	21798	393
616000	8	465	487	12733	8	234	22339	381
617000	10	446	368	13027	1	134	22208	194
618000	14	490	542	12818	2	102	22036	170
619000	6	422	392	13127	0	95	22290	210
620000	19	437	471	12843	4	212	23697	257
621000	23	410	413	12863	2	309	23013	444
622000	13	427	480	12667	75	327	22115	541
623000	14	395	378	12796	68	365	23000	637
624000	15	502	474	12596	99	287	22056	619
625000	15	408	452	12645	102	372	21990	723
626000	21	468	480	12627	77	277	21671	818
627000	15	429	497	12774	42	210	22154	385
628000	26	419	555	12698	70	175	23680	413
629000	24	510	549	12654	30	191	21541	389
630000	18	432	440	12845	14	236	23485	345
631000	10	415	553	12528	19	414	22425	715
632000	21	402	474	12804	29	223	22155	393
633000	17	423	401	12871	35	279	22141	635
634000	18	438	495	12759	48	194	23594	554
635000	14	420	475	12941	10	119	23625	186
636000	12	405	411	12987	24	180	22129	384
637000	16	490	372	13006	6	145	22149	222
638000	16	486	403	12962	3	130	22286	227
639000	15	490	429	12881	6	180	21193	412
640000	15	444	367	13016	15	165	23020	339
641000	18	478	450	12762	15	271	22775	422
642000	13	440	380	12956	11	233	22952	351
643000	13	425	459	12795	12	264	22954	416
644000	20	431	415	12846	3	293	22535	510
645000	8	456	354	12926	64	218	22540	634
646000	20	438	460	12714	56	303	22020	528
647000	17	461	366	12779	21	403	21426	666
648000	6	357	498	12662	13	442	23538	825
649000	15	450	492	12463	36	522	21554	994
650000	15	427	495	12490	23	526	22748	936
651000	16	461	394	12578	61	489	22388	1052
652000	24	402	448	12579	28	512	21155	1080
653000	17	394	404	12759	39	385	23468	671
654000	26	449	514	12565	15	357	22627	600
655000	18	450	480	12595	11	443	21097	720
656000	17	424	635	12453	20	351	22012	670
657000	19	446	614	12601	15	199	21552	268
658000	25	404	458	12946	14	138	22990	188
659000	9	452	424	13070	0	74	22200	95
660000	13	442	478	12850	1	158	23338	228
661000	6	430	412	12945	7	203	22722	419
662000	13	410	493	12898	10	170	22918	264
663000	12	412	499	12972	0	106	22730	240
664000	13	398	462	13055	0	52	22788	90
665000	31	444	429	13059	0	12	23430	35
666000	20	445	415	12860	165	77	21795	364
667000	28	421	416	12830	142	163	22242	439
668000	25	496	591	12652	42	89	21968	283
669000	14	394	556	12745	71	142	22421	321
670000	7	461	425	12775	32	281	22173	637
671000	42	398	643	12548	25	194	23037	241
672000	16	506	591	12680	3	153	22067	324
673000	10	432	533	12847	14	105	23973	207
674000	11	476	386	13010	0	140	23351	188
675000	19	412	433	13046	1	69	23117	91
676000	9	460	409	12958	5	162	23150	395
677000	18	416	444	12897	22	190	22631	346
678000	7	468	465	12978	0	97	23224	136
679000	12	457	449	12991	1	97	23448	170
680000	9	437	380	13053	9	143	22451	106
681000	21	418	465	12897	31	141	22108	253
682000	22	450	441	12862	59	169	23243	273
683000	20	413	602	12606	106	126	21710	349
684000	27	481	559	12605	53	237	22249	412
685000	17	393	505	12619	83	342	21512	699
686000	15	494	441	12538	74	439	22405	839
687000	12	405	420	12686	46	401	22009	674
688000	19	404	467	12795	26	286	22649	405
689000	18	443	580	12598	15	272	23463	400
690000	18	458	473	12833	7	170	21202	251
691000	8	410	402	13012	11	199	21790	356
692000	26	457	517	12659	20	275	21822	567
693000	40	414	550	12553	20	324	22267	552
694000	13	376	494	12641	20	369	22040	745
695000	12	457	462	12871	5	210	22648	466
696000	14	450	444	12842	42	201	22815	313
697000	24	455	519	12615	47	314	21721	675
698000	19	458	473	12816	67	159	22433	275
699000	22	435	405	12837	102	179	21937	461
700000	19	483	474	12697	47	252	22404	560
701000	14	465	540	12596	44	284	22374	543
702000	26	427	576	12613	83	233	22550	589
703000	35	421	649	12343	158	316	22900	935
704000	16	392	577	12502	153	274	21503	666
705000	20	389	625	12395	188	285	22265	779
706000	19	391	502	12689	108	257	22155	556
707000	22	429	539	12673	77	199	22322	672
708000	24	503	494	12769	54	112	22767	327
709000	23	409	518	12800	28	141	22193	263
710000	25	388	512	12800	24	206	22298	428
711000	20	432	495	12558	32	439	22579	732
712000	20	471	393	12217	30	926	20795	1377
713000	15	357	343	12431	58	877	21804	1660
714000	9	389	573	11762	144	1066	21740	2029
715000	32	477	495	11524	109	1298	19843	2222
716000	16	461	396	11471	131	1529	20146	2822
717000	17	426	436	11816	122	1191	21336	2282
718000	17	445	395	12019	57	1088	20465	2237
719000	9	422	338	12023	94	1164	21263	2288
720000	15	442	470	11844	122	1051	20662	2159
721000	14	447	554	11152	227	1538	19316	3316
722000	20	421	448	11469	213	1425	20969	2762
723000	12	428	430	11256	222	1662	19351	3230
724000	10	391	398	11120	273	1821	20231	3311
725000	30	444	503	11000	224	1761	19103	3646
726000	25	398	541	11143	261	1556	20583	3260
727000	23	459	483	11222	144	1620	20233	3082
728000	19	488	386	11640	223	1286	20352	2484
729000	23	430	403	11999	130	1015	20568	2144
730000	25	409	433	11830	126	1166	22209	1951
731000	17	435	436	11993	73	1045	21295	1841
732000	40	431	588	11842	73	962	19627	1668
733000	12	436	510	12148	80	768	21569	1232
734000	25	409	496	12213	44	766	21225	1358
735000	13	396	577	12408	87	463	21856	920
736000	16	427	524	12565	62	349	22430	751
737000	21	424	472	12565	28	456	21701	851
738000	18	436	589	12400	11	462	22917	1114
739000	19	475	430	12560	34	514	22270	883
740000	14	396	500	12238	52	774	22406	1247
741000	28	465	423	12478	8	581	20728	1066
742000	6	417	395	12511	41	612	21816	1193
743000	25	445	387	12430	66	678	21741	1451
744000	15	440	501	12334	50	627	21903	1226
745000	10	405	504	12361	40	658	22215	1341
746000	14	451	437	12562	21	513	21038	804
747000	20	427	569	12436	11	464	21778	623
748000	19	404	566	12494	43	405	23149	770
749000	22	409	517	12534	44	410	21831	797
750000	9	390	503	12691	48	316	22778	812
751000	12	446	372	12876	38	281	22694	520
752000	16	436	327	12925	2	315	23033	433
753000	11	440	396	12818	14	359	21505	527
754000	30	449	474	12503	23	452	21650	853
755000	9	425	411	12775	11	394	21519	813
756000	21	442	415	12710	15	407	22879	658
757000	18	421	439	12701	42	371	22820	543
758000	14	429	393	12958	13	224	23121	390
759000	19	373	417	13005	4	160	22887	154
760000	23	421	470	12872	34	171	21210	357
761000	28	410	516	12717	17	231	23475	366
762000	16	509	554	12683	0	150	23318	412
763000	19	412	398	13011	6	163	23337	188
764000	22	414	504	12864	35	72	22876	125
765000	17	427	450	12947	61	82	22508	263
766000	6	415	532	12861	28	118	22836	301
767000	23	415	583	12818	5	90	23940	156
768000	22	382	511	12863	10	142	22657	329
769000	17	411	408	12981	2	208	22984	219
770000	10	424	398	13096	6	93	23153	327
771000	19	436	483	12815	24	172	22638	244
772000	32	425	485	12747	44	216	22330	365
773000	25	423	481	12739	135	152	22348	565
774000	23	501	432	12615	109	282	21853	784
775000	27	412	358	12758	96	386	22716	714
776000	17	449	556	12460	123	354	20508	772
777000	36	395	564	12450	107	327	22270	703
778000	14	416	471	12764	42	309	22697	522
779000	10	447	652	12589	22	165	23221	271
780000	15	445	658	12522	1	271	22514	630
781000	19	497	404	12760	12	296	22717	492
782000	20	478	491	12698	2	254	21402	546
783000	22	448	614	12629	24	144	22228	409
784000	15	481	419	13022	34	73	22550	193
785000	24	434	432	13056	6	47	22946	170
786000	17	398	517	13016	0	5	23359	0
787000	38	431	569	12732	87	30	23314	136
788000	19	454	429	12929	79	78	22871	227
789000	10	427	421	12956	26	166	23756	334
790000	13	468	472	12853	48	140	22903	368
791000	24	429	462	12984	23	39	23092	214
792000	21	431	527	12888	0	90	23311	180
793000	24	409	469	13059	6	20	23005	10
794000	20	463	596	12824	5	23	21778	43
795000	17	429	406	13139	15	17	23312	25
796000	16	407	385	13151	0	15	23422	41
797000	16	415	513	13045	0	4	22958	3
798000	23	432	504	12864	80	47	22147	308
799000	14	486	395	13083	10	55	22992	112
800000	16	412	443	13118	2	0	22909	0
801000	22	464	469	12891	36	91	23301	375
802000	36	403	587	12712	37	97	22305	259
803000	28	405	529	12802	40	144	23141	340
804000	28	406	458	12870	34	182	21895	499
805000	15	479	502	12637	16	316	22935	552
806000	26	487	585	12490	21	298	22443	482
807000	21	478	433	12797	0	279	21407	530
808000	9	451	471	12820	34	206	22155	160
809000	21	434	448	12852	8	193	22161	327
810000	14	455	399	12960	16	179	22710	254
811000	16	449	507	12803	7	180	23090	325
812000	8	503	421	12919	14	143	22176	280
813000	10	444	481	12873	1	199	22367	312
814000	9	372	539	12892	11	118	23387	271
815000	13	405	580	12843	0	111	22759	249
816000	14	453	434	13024	0	78	23520	92
817000	25	478	561	12866	0	18	22958	15
818000	16	446	435	13056	17	11	23167	92
819000	15	433	440	13114	8	3	22484	47
820000	19	453	481	12945	62	14	22576	211
821000	17	395	501	13073	2	21	23044	13
822000	15	504	437	12974	11	50	22553	89
823000	14	470	331	13208	16	20	22962	161
824000	17	401	394	13155	9	2	23740	24
825000	22	498	403	13043	0	16	22715	4
826000	12	421	448	13094	0	21	23197	59
827000	17	415	487	13012	0	39	22849	29
828000	19	445	538	12974	0	13	23463	50
829000	17	441	457	13001	75	19	22099	110
830000	12	443	608	12716	54	62	22847	290
831000	12	411	454	12955	40	67	23287	289
832000	15	394	440	12957	33	160	22978	248
833000	8	436	437	12972	1	132	23452	303
834000	29	467	551	12714	54	81	21855	186
835000	21	423	599	12732	74	75	23437	267
836000	15	448	409	13032	53	45	22568	121
837000	10	426	414	12975	41	135	22412	243
838000	24	417	540	12775	36	133	23408	240
839000	13	449	588	12767	11	64	22780	221
840000	24	387	616	12788	5	36	22708	142
841000	10	402	413	13161	0	29	23292	67
842000	17	456	546	12852	3	24	23168	16
843000	31	417	507	12933	0	40	22974	6
844000	18	456	507	12984	0	6	22198	18
845000	20	438	436	12981	100	5	23682	297
846000	15	441	373	13137	72	11	21729	143
847000	22	404	572	12837	16	54	23867	191
848000	28	462	578	12791	1	52	23118	34
849000	9	441	465	12999	2	99	22520	145
850000	6	400	460	13031	14	77	23162	65
851000	23	433	597	12720	33	99	22467	174
852000	14	462	442	13003	41	16	23106	82
853000	20	450	584	12840	0	2	21899	7
854000	21	376	458	12999	70	6	24177	166
855000	8	454	352	13150	26	42	24519	89
856000	14	433	492	12965	36	18	23539	61
857000	17	425	419	13170	6	1	22898	14
858000	12	444	443	13064	37	14	22994	56
859000	21	412	478	13037	0	21	22572	15
860000	17	393	551	12907	74	4	22232	139
861000	20	395	528	12904	72	15	23438	78
862000	18	385	515	12918	57	60	22896	181
863000	21	488	412	12981	17	86	22732	219
864000	16	422	406	13011	4	140	22350	222
865000	21	433	485	12900	0	168	22188	296
866000	15	389	420	12907	12	271	22475	575
867000	20	449	586	12608	9	222	22565	301
868000	8	428	556	12757	2	209	21573	246
869000	24	397	606	12667	0	199	22280	474
870000	26	417	551	12702	21	230	22194	343
871000	30	433	529	12873	13	74	22106	183
872000	22	421	492	12733	53	205	22284	426
873000	23	435	621	12589	30	189	22490	252
874000	16	434	469	12820	2	234	22657	497
875000	23	466	549	12549	24	302	22591	481
876000	14	446	554	12602	31	306	22759	710
877000	20	489	558	12597	18	230	21788	479
878000	6	439	477	12860	5	196	22130	486
879000	19	442	453	12895	10	185	22692	322
880000	14	506	353	13031	1	138	21899	210
881000	11	442	365	12988	13	214	23614	365
882000	20	474	531	12700	6	209	22338	260
883000	14	471	453	12902	1	166	22620	259
884000	18	454	477	12781	0	246	22005	501
885000	27	442	427	12720	31	339	22824	588
886000	16	416	515	12737	31	219	21643	355
887000	20	442	578	12707	10	149	24445	251
888000	10	467	436	12838	3	243	22109	309
889000	18	448	430	12998	11	124	22758	245
890000	20	428	492	12834	31	140	22703	353
891000	19	429	560	12597	64	232	23422	343
892000	24	407	603	12742	19	140	22506	281
893000	12	442	537	12862	13	40	22667	63
894000	14	426	448	13054	0	59	22761	55
895000	15	443	506	12936	0	84	22199	119
896000	9	406	405	13094	4	37	23501	43
897000	14	463	516	12961	0	36	21948	66
898000	16	476	447	13065	0	17	22763	46
899000	17	386	506	12922	89	18	22438	201
900000	13	434	480	12962	51	15	22463	187
901000	19	386	472	13014	13	53	23667	74
902000	16	407	720	12638	26	15	22282	151
903000	20	399	550	12883	39	52	23494	286
904000	19	484	504	12919	20	22	23585	59
905000	18	421	482	12972	49	43	22923	135
906000	22	419	558	12899	6	35	23010	104
907000	10	488	381	13117	0	35	22141	49
908000	28	484	510	12834	90	9	21810	147
909000	22	474	475	12992	14	6	22140	40
910000	12	440	605	12798	11	35	23873	61
911000	35	414	516	12955	1	9	21972	29
912000	20	425	510	12832	134	43	23027	309
913000	15	426	574	12594	119	164	22059	331
914000	10	409	551	12786	27	149	23368	386
915000	29	403	629	12702	17	89	22901	135
916000	19	439	454	12934	0	135	22644	318
917000	16	423	429	12931	10	219	22486	360
918000	11	403	488	12920	24	146	22214	264
919000	14	400	341	13192	29	79	22915	125
920000	21	389	567	12779	39	118	22258	252
921000	20	385	549	12779	27	171	22478	315
922000	11	419	426	13048	4	122	22062	200
923000	19	480	409	12945	0	159	22244	219
924000	19	452	640	12477	45	236	22929	530
925000	18	421	484	12844	68	138	22532	349
926000	14	383	452	12936	45	159	22131	214
927000	8	441	390	12967	15	226	22032	408
928000	11	438	409	12963	11	183	24102	282
929000	7	446	397	12797	9	338	22389	521
930000	15	407	457	12788	13	312	22505	592
931000	15	472	379	12879	23	271	21834	534
932000	9	424	447	12907	15	184	22604	375
933000	16	435	411	12919	0	233	22908	450
934000	10	442	412	12892	11	251	23260	461
935000	9	420	334	13134	7	112	22672	168
936000	10	414	428	13041	2	138	23150	304
937000	20	422	471	13021	0	21	23573	32
938000	28	473	386	13114	0	14	23491	1
939000	17	481	446	12877	144	38	22595	332
940000	20	408	496	12879	129	37	23402	331
941000	9	450	361	13078	58	60	22344	220
942000	11	431	468	12997	37	63	23502	237
943000	13	443	497	12968	7	27	22762	100
944000	16	506	393	13068	1	45	22004	140
945000	16	448	408	13115	0	32	22726	29
946000	23	472	491	12863	125	3	23057	227
947000	10	427	511	12948	42	52	23378	160
948000	19	438	410	12982	25	129	23377	251
949000	15	456	444	12972	16	109	23205	222
950000	15	474	423	12913	3	188	22149	252
951000	25	426	440	12573	21	525	22303	811
952000	17	467	584	12257	36	541	22030	859
953000	28	441	469	12404	47	593	21586	959
954000	14	477	482	12297	74	639	20851	1317
955000	19	477	463	12156	85	787	21832	1420
956000	14	410	490	11992	137	936	21566	1454
957000	28	425	471	11763	172	1128	21092	1957
958000	19	374	352	12000	164	1112	21488	2331
959000	19	446	431	11880	160	1046	20757	2032
960000	21	424	474	11985	142	943	20331	2064
961000	17	450	548	11941	171	806	21277	1648
962000	22	420	464	11991	185	894	21556	1708
963000	19	398	409	12045	229	895	21845	1769
964000	21	444	480	11945	322	782	21244	1896
965000	24	423	592	11326	355	1197	20474	2673
966000	15	441	495	11546	203	1282	20273	2853
967000	24	383	691	11372	280	1091	21445	2387
968000	38	394	576	11581	308	1012	20730	2333
969000	19	356	623	11466	194	1237	21554	2245
970000	31	431	544	11431	212	1304	20666	2529
971000	24	419	457	11540	250	1298	20877	2868
972000	16	396	491	11084	179	1784	19451	3332
973000	21	457	413	11113	224	1756	19357	3330
974000	17	398	546	11178	276	1533	19659	2981
975000	23	493	407	11317	245	1553	19247	2750
976000	13	400	541	10975	144	1869	20038	2990
977000	18	442	568	11092	139	1672	19780	3274
978000	22	399	582	11174	125	1614	20421	2724
979000	20	466	449	11465	92	1484	20537	3009
980000	19	430	379	11557	181	1480	19868	2717
981000	11	501	458	11426	172	1436	20588	2757
982000	16	463	429	11081	191	1830	20119	3590
983000	29	446	598	10803	196	1841	19233	3252
984000	18	421	539	10920	210	1857	19146	3674
985000	29	428	468	10769	262	2033	18590	3946
986000	21	429	565	10928	252	1713	19616	3050
987000	26	400	550	10935	270	1745	20264	3623
988000	15	423	629	11055	256	1493	20134	2862
989000	27	431	397	11247	286	1627	19299	3187
990000	29	461	378	11265	231	1648	18843	3505
991000	23	392	329	10762	340	2236	19146	3988
992000	32	373	443	10494	415	2230	19634	5183
993000	27	341	550	10385	396	2241	18894	4676
994000	44	387	505	9859	553	2606	18463	5437
995000	27	448	383	10073	501	2582	17742	4905
996000	20	398	308	9979	441	2930	16944	5949
997000	24	477	451	9810	417	2829	16754	5310
998000	28	430	441	9566	500	3034	17046	5955
999000	32	425	497	9229	730	3031	16601	6513
