0	0	0	0	14400	0	0	0	0
1000	21	458	517	12808	99	44	21943	187
2000	37	380	885	12410	6	17	22283	56
3000	49	384	1203	11908	6	13	23034	4
4000	58	469	1401	11497	0	0	21823	8
5000	40	456	1463	11320	76	24	22242	180
6000	57	400	1849	10757	0	46	20823	141
7000	88	272	2247	10180	165	2	20723	159
8000	81	376	2630	9529	39	100	21196	262
9000	85	398	2552	9771	0	26	20862	51
10000	56	387	2075	10496	65	0	20662	0
11000	89	350	2716	9410	91	0	21117	113
12000	82	364	2598	9559	111	0	21252	195
13000	111	361	2429	9789	44	64	20125	111
14000	80	373	1968	10645	36	63	21347	227
15000	84	437	1632	11162	29	6	21863	6
16000	65	412	1596	11152	71	2	21650	113
17000	58	309	2081	10555	0	13	21526	70
18000	81	371	2113	10276	149	37	20060	330
19000	104	399	1899	10465	207	63	20522	501
20000	67	348	2052	10364	95	137	21791	441
21000	80	299	2282	9705	153	334	20320	706
22000	65	426	2576	9520	0	164	21533	284
23000	81	314	2780	9373	0	36	20730	46
24000	71	418	2431	9806	34	8	20341	73
25000	54	400	2138	10430	36	1	21330	28
26000	105	396	2195	10363	0	0	22389	1
27000	70	357	1726	11057	56	5	21217	96
28000	59	331	1471	11527	2	40	23580	96
29000	50	411	1659	11023	141	20	22084	310
30000	69	434	2123	10232	100	47	21339	189
31000	84	469	2193	10028	4	136	21308	163
32000	92	409	2814	9228	0	14	20603	61
33000	146	362	3068	8610	104	0	19543	61
34000	119	388	2801	9120	75	117	18782	376
35000	157	388	2519	9448	54	140	19606	586
36000	82	346	2482	9532	30	301	20747	699
37000	127	382	2601	9104	67	473	19740	871
38000	130	308	3245	7913	176	444	17846	1146
39000	103	325	3697	7124	465	317	19010	1457
40000	149	251	3813	6411	454	778	16540	2319
41000	285	239	4773	4196	859	569	15099	2309
42000	350	157	5197	4185	624	1	16331	1272
43000	228	215	4865	4833	558	94	16247	1280
44000	317	239	5320	3239	963	39	15005	1313
45000	271	195	4397	4503	1415	524	15634	2860
46000	321	183	3411	4267	2927	863	13750	6426
47000	229	185	3786	4745	1861	1057	14287	5412
48000	155	288	3390	5226	1758	1295	14737	4502
49000	176	268	3789	5058	1322	1277	15506	4450
50000	143	307	3391	5908	1111	1267	14925	3957
51000	134	248	3394	5956	1104	1306	16582	4019
52000	156	319	2994	6436	823	1589	16553	4196
53000	195	356	2662	7454	804	1065	17049	3265
54000	184	384	2759	7748	354	1007	17152	1767
55000	130	255	3452	6890	593	809	17396	2504
56000	205	230	4028	5962	270	920	17919	2536
57000	147	237	4134	6136	547	461	17771	1500
58000	122	190	4214	6114	568	318	17122	1458
59000	205	294	4294	5748	564	382	17042	1835
60000	174	250	4170	6422	347	217	18089	1148
61000	193	299	3423	7700	366	73	18738	601
62000	117	276	3272	8012	368	306	19502	1112
63000	181	305	2998	8355	296	272	17904	892
64000	257	258	3382	7839	68	364	18705	699
65000	78	253	2668	8780	96	832	20332	1486
66000	110	366	2640	8819	225	421	18964	1490
67000	137	267	2664	8859	80	516	19937	855
68000	133	381	2832	8596	146	475	19858	1008
69000	174	313	3214	8024	133	360	18266	877
70000	144	305	3240	8222	95	226	19467	535
71000	109	278	4255	6716	46	124	18960	274
72000	118	333	3023	8700	256	18	19426	422
73000	131	377	2751	9171	118	158	19764	488
74000	101	359	2679	9490	21	39	20571	119
75000	93	375	2897	9142	0	27	21390	34
76000	119	334	3366	8308	0	53	21358	180
77000	110	263	3190	8624	0	52	19998	125
78000	98	346	2731	9415	50	0	20666	74
79000	87	330	2717	9567	26	0	21182	75
80000	145	320	2936	8949	11	81	21208	225
81000	100	358	2473	9738	88	0	21518	0
82000	114	308	2658	9506	29	28	20795	93
83000	154	289	2991	8749	191	0	19467	231
84000	113	286	3478	8078	0	180	19891	415
85000	118	361	3520	7935	27	101	19452	187
86000	160	304	3530	7710	0	331	18386	586
87000	106	254	3661	7840	83	110	18277	428
88000	116	356	2575	9446	89	133	20624	346
89000	69	367	1975	10657	1	40	22767	33
90000	72	433	1940	10645	94	12	21330	70
91000	45	411	1597	11151	50	83	22231	358
92000	59	405	1452	11377	1	95	21133	227
93000	48	421	1576	11269	1	50	21712	74
94000	59	373	1917	10591	159	3	22697	226
95000	59	403	1581	11051	120	181	21091	336
96000	65	436	1400	11202	84	254	21230	556
97000	51	356	1336	11454	135	141	21191	530
98000	68	413	1468	10908	214	314	21569	790
99000	78	403	1641	10456	216	537	20485	1130
100000	80	373	2136	9195	485	700	18959	2088
101000	85	357	2080	9663	311	542	19240	1424
102000	85	363	1983	9419	240	957	19025	2246
103000	66	364	1876	9436	399	1049	18914	2888
104000	71	367	1727	9541	337	1156	18979	2393
105000	68	395	1914	9448	265	1099	19809	2533
106000	75	393	1837	9386	178	1241	20118	2380
107000	46	365	1767	9585	171	1282	19181	2453
108000	64	392	1355	10725	120	785	21179	1514
109000	75	413	1688	10003	206	834	19485	1748
110000	69	366	1599	10317	175	765	20315	1367
111000	89	493	1955	9445	219	848	18540	2159
112000	105	293	2058	9746	94	768	19909	1896
113000	69	390	2049	10017	57	463	20557	814
114000	69	367	1921	10557	1	252	21439	520
115000	85	426	1501	11199	5	156	22075	239
116000	31	392	1535	11258	22	148	22304	115
117000	62	370	1923	10675	0	134	21458	380
118000	64	417	1628	11143	15	17	21940	98
119000	70	442	1715	11008	17	2	21541	46
120000	73	446	1584	11156	36	7	20803	163
121000	76	391	1604	11246	6	0	21246	38
122000	58	385	1786	10747	186	30	22663	374
123000	104	406	1948	10265	236	172	19948	912
124000	83	374	2304	9670	316	184	20502	1062
125000	82	302	2705	9205	166	136	20868	519
126000	120	378	2712	8990	50	406	20245	776
127000	74	409	2526	9131	135	544	19579	1190
128000	92	361	2205	9466	72	701	20296	1548
129000	72	367	1879	10139	271	396	20024	980
130000	78	410	1679	10854	119	75	21492	307
131000	47	426	1564	11130	125	110	21179	481
132000	39	380	1199	11679	30	254	21262	440
133000	46	386	1425	11409	17	124	22409	315
134000	66	402	1868	10616	5	181	20205	376
135000	44	373	1936	10634	6	87	20187	37
136000	71	299	2333	10189	4	0	22085	15
137000	130	305	3138	8579	125	12	20325	221
138000	70	371	2218	10048	154	37	20281	419
139000	101	313	2838	9019	29	271	19999	444
140000	117	422	1806	10779	67	3	20828	74
141000	72	404	1657	11042	71	51	20836	218
142000	96	327	1702	10837	1	291	22148	452
143000	59	395	1901	10676	1	73	21703	223
144000	84	410	2577	9678	0	13	21789	27
145000	69	314	2292	10193	3	6	21125	38
146000	52	361	2035	10569	34	0	21850	72
147000	124	333	2517	9701	16	0	20082	67
148000	104	270	2490	9911	23	1	21042	26
149000	119	360	2598	9536	92	0	20876	51
150000	126	389	2742	9263	57	2	19595	96
151000	112	373	2543	9660	6	29	21256	57
152000	58	326	2317	10157	25	3	21053	100
153000	91	364	2411	10030	50	4	20418	51
154000	111	310	2809	9259	0	39	20712	72
155000	148	317	3183	8524	0	30	19897	55
156000	73	337	2836	9358	0	9	20226	14
157000	121	309	3199	8660	0	0	19863	8
158000	96	387	2963	8922	80	4	21076	165
159000	108	347	3254	8484	12	15	19856	80
160000	94	414	2374	9871	48	20	20980	126
161000	159	402	3298	8224	58	28	19009	25
162000	108	278	2734	9302	191	32	20361	205
163000	112	408	3022	8831	5	44	20235	60
164000	96	382	2634	9624	0	0	21363	9
165000	88	346	3034	8898	56	1	20880	125
166000	85	384	2827	9210	53	20	20568	118
167000	138	396	2686	9233	26	130	19683	228
168000	80	349	2120	10079	4	322	21578	536
169000	71	441	1915	10501	0	218	20501	448
170000	66	354	2022	10298	0	357	20880	567
171000	117	306	2685	9228	22	324	19848	964
172000	44	364	1952	10488	41	316	19585	679
173000	75	360	1864	10292	41	536	21025	949
174000	42	448	1954	9888	93	668	19836	1247
175000	44	414	1676	10281	166	753	20834	1352
176000	80	361	1817	9871	107	981	21140	2027
177000	50	351	1782	10050	204	790	19779	1689
178000	62	372	1625	10438	237	596	20584	1413
179000	85	405	1549	10574	135	571	20017	1301
180000	84	410	2099	9990	138	209	21000	671
181000	137	333	2568	9508	21	163	20274	371
182000	56	371	2683	9445	0	132	19974	252
183000	92	437	2688	9278	0	152	20003	307
184000	95	401	2410	9792	0	152	20376	277
185000	131	343	2595	8959	25	690	20111	1162
186000	73	360	2211	9156	34	1101	19175	1622
187000	76	356	1814	9564	74	1336	19013	2412
188000	91	282	2838	8099	264	1008	17984	2539
189000	95	315	2665	7634	593	1303	18292	3227
190000	143	313	2764	7737	462	1123	18772	3070
191000	102	363	2463	8079	414	1398	17566	3316
192000	113	417	1774	8484	396	2018	17215	3895
193000	77	369	1860	9091	195	1523	18451	2852
194000	57	410	1503	9768	359	1275	18638	2824
195000	85	350	1387	9759	367	1461	19325	3303
196000	85	348	1914	9472	296	1055	18760	2578
197000	94	345	2024	8716	491	1383	17911	3422
198000	116	337	2064	8652	504	1404	19055	3301
199000	99	340	2192	8823	396	1139	19052	2635
200000	94	404	2155	8855	323	1131	18877	2769
201000	61	358	1846	10148	52	677	20097	1186
202000	43	409	1660	10543	54	613	21375	987
203000	95	380	1835	9811	100	941	19995	1313
204000	75	346	2146	9328	181	901	18798	1754
205000	36	421	1547	10128	156	1094	19833	2460
206000	38	394	1100	10931	168	982	20414	1874
207000	68	404	1587	10351	324	609	20243	1735
208000	36	470	1584	10366	106	795	20571	1470
209000	96	395	1569	10230	213	761	20197	1777
210000	75	358	2067	9857	56	604	21067	978
211000	48	369	1774	10582	159	297	21302	969
212000	85	376	1834	10348	271	235	21150	734
213000	94	404	2170	9993	244	132	19933	727
214000	99	402	2789	8808	255	205	19706	511
215000	135	364	2571	9210	245	128	19982	458
216000	99	337	2006	10246	259	104	21140	683
217000	69	440	2233	9630	99	475	19282	787
218000	54	345	1882	10200	134	554	21129	1154
219000	82	416	2161	9902	74	311	20095	479
220000	88	340	2357	9916	11	211	20637	362
221000	140	369	2853	8925	12	190	19553	283
222000	138	292	3188	8434	35	151	19652	424
223000	144	355	3454	7869	150	82	19296	392
224000	85	318	2766	9321	0	37	20421	62
225000	88	357	2431	9774	120	1	21012	123
226000	121	339	2612	9401	83	2	20484	198
227000	150	325	2630	9334	205	8	20933	277
228000	99	339	2625	9326	256	62	20002	806
229000	80	298	2317	10017	31	137	21443	344
230000	98	372	2155	10241	69	23	20384	155
231000	56	431	1598	10981	227	57	20736	555
232000	59	417	1570	10966	183	119	20428	415
233000	60	375	1588	11145	115	60	21394	380
234000	67	407	1854	10743	128	20	21639	121
235000	66	365	1845	10821	25	95	21748	234
236000	76	408	2057	10520	12	15	23068	24
237000	97	360	1931	10727	0	48	21706	15
238000	72	290	2568	9745	63	2	21084	108
239000	112	402	2446	9645	130	13	20565	295
240000	134	386	2954	8930	18	45	20080	138
241000	106	388	2878	9118	0	48	19896	59
242000	106	348	2706	9336	15	109	20908	162
243000	79	355	2497	9599	9	213	20354	350
244000	92	400	2180	10122	1	154	22585	325
245000	56	370	1942	10627	0	190	20122	128
246000	55	380	1828	10574	52	306	21214	733
247000	111	366	2222	10148	0	143	20767	178
248000	77	394	1798	10616	162	137	21461	254
249000	75	356	1953	10308	96	278	21428	614
250000	87	383	1972	10313	193	149	20523	672
251000	130	329	2530	9274	223	207	20326	727
252000	73	321	2255	9871	239	85	20749	550
253000	103	392	2392	9460	171	282	19062	568
254000	114	304	2395	9269	327	439	19152	1294
255000	123	368	2686	8620	333	418	19155	1210
256000	118	331	2934	8186	339	547	18027	1585
257000	127	373	2143	8841	413	1019	19254	2220
258000	79	368	1909	9654	472	644	19064	2372
259000	127	276	2440	7937	755	1293	17966	3444
260000	111	415	2618	8551	421	542	18936	1452
261000	148	250	3488	7396	189	615	18575	1375
262000	180	208	3615	7648	10	358	17890	733
263000	93	317	3138	8278	25	450	19607	799
264000	125	332	3506	7110	161	771	18372	1631
265000	155	318	3003	7862	200	848	18544	1954
266000	81	355	2505	8483	224	1144	18684	2178
267000	117	367	2679	7696	633	1163	17976	2789
268000	89	365	1873	9228	416	1165	18077	2642
269000	89	350	1525	9983	378	1067	19694	2259
270000	61	375	2411	8412	242	1356	18641	2679
271000	128	302	2560	8109	592	977	18449	2483
272000	111	299	2844	7453	617	1099	17903	2635
273000	122	316	2339	8026	652	1348	17545	3648
274000	110	335	2712	7990	447	1004	18561	2650
275000	107	359	2046	9339	146	1001	19505	2383
276000	88	418	1802	10181	145	568	20169	1179
277000	103	426	1966	10024	19	516	20666	815
278000	95	373	2196	10035	45	244	21156	633
279000	75	370	2008	10364	56	284	21125	557
280000	79	387	1908	10482	43	198	20852	430
281000	106	297	2211	10001	160	119	21341	538
282000	64	331	2131	10130	177	207	20264	722
283000	61	335	1562	11104	80	185	22009	417
284000	41	336	1547	11354	30	78	21698	284
285000	47	436	1633	11002	7	231	21457	288
286000	70	413	1627	11083	21	82	20967	122
287000	31	437	1651	11118	0	93	20976	124
288000	68	340	1867	10733	2	186	21417	292
289000	49	386	1734	10724	22	333	20294	516
290000	80	359	1922	10073	112	601	19357	1320
291000	49	401	1516	10079	167	1148	19681	2378
292000	54	400	1414	10189	429	946	19373	2265
293000	52	355	1251	10500	337	1050	20043	2161
294000	51	358	1411	10342	280	1018	19669	2090
295000	45	380	1472	9951	239	1335	19118	2574
296000	47	381	1249	10434	272	1142	19759	2157
297000	47	359	1370	10469	217	991	20125	1731
298000	49	443	1273	10921	79	767	20464	1501
299000	83	397	1438	10423	59	1007	19136	1826
300000	66	392	1456	10498	86	946	20790	1703
301000	91	355	2341	9128	157	809	19859	1579
302000	80	353	2110	9250	277	880	19488	1640
303000	85	349	2327	9245	192	651	18845	1469
304000	70	427	2090	9919	355	146	20115	895
305000	74	372	2390	9296	189	470	20114	1112
306000	128	285	2967	8478	363	257	19698	1002
307000	116	363	2751	8738	429	225	19612	1061
308000	104	343	2860	8774	125	318	20009	888
309000	101	371	2666	9207	108	209	19628	625
310000	117	395	2799	8713	145	412	18930	726
311000	101	336	3281	7906	188	487	18915	1476
312000	79	331	2848	8410	159	694	18786	1715
313000	102	332	2381	9089	377	645	18942	1550
314000	109	380	2297	9497	244	363	19866	947
315000	99	404	2235	9474	182	503	20070	1697
316000	103	370	2062	10081	64	344	19804	864
317000	107	354	2240	9796	98	266	20580	648
318000	87	408	2340	9953	40	13	20770	110
319000	70	331	2635	9589	17	11	20079	28
320000	87	362	2326	9970	104	2	20468	64
321000	82	434	2224	10009	163	24	20604	270
322000	142	334	2202	10016	194	52	21254	409
323000	123	414	2711	9106	27	146	19950	483
324000	99	362	3089	8765	0	17	20283	4
325000	109	393	2993	8749	7	131	18882	191
326000	136	302	3104	8495	127	168	20084	488
327000	152	433	2898	8585	319	96	18988	680
328000	132	517	3177	7663	307	533	17623	1544
329000	114	358	2243	8845	462	905	19685	2060
330000	104	372	1997	9456	428	719	19582	1739
331000	97	318	2339	9405	82	626	20731	999
332000	87	376	2412	9154	74	763	19507	1299
333000	38	369	1867	10394	101	492	20111	916
334000	50	375	1900	10123	164	474	21613	903
335000	97	520	2153	9606	214	444	18894	1312
336000	92	382	2920	8641	138	322	19547	706
337000	141	284	3044	7762	467	646	18025	1770
338000	139	310	3671	7415	159	247	18764	686
339000	146	426	3421	7514	351	218	18725	1030
340000	144	412	3375	7957	162	111	19129	561
341000	106	360	2808	8950	195	143	19928	486
342000	88	311	2750	9144	159	64	20008	344
343000	65	328	2225	10023	230	113	20720	509
344000	85	311	2276	9748	460	84	21500	660
345000	83	376	2697	8601	466	360	18673	1342
346000	120	410	2359	9299	346	264	20595	1176
347000	166	413	2781	8709	257	175	19750	911
348000	145	313	3253	7956	225	280	18054	1012
349000	120	325	3090	8318	53	401	18218	875
350000	193	329	3651	7615	27	108	19090	151
351000	125	300	3434	8284	41	14	19117	120
352000	102	285	3946	7382	0	1	18255	19
353000	114	294	4277	6787	0	0	19403	3
354000	211	272	4335	6595	35	0	18934	120
355000	148	347	3617	7724	54	0	18621	136
356000	195	356	4117	6678	83	1	17810	80
357000	195	277	3608	7789	2	24	19211	51
358000	143	420	3155	8532	121	12	19487	206
359000	139	328	3038	8889	5	42	19265	87
360000	161	418	3460	7977	0	105	19934	248
361000	134	332	3166	8682	66	1	19337	136
362000	137	351	2846	9139	0	0	19672	29
363000	128	288	2694	9265	99	50	20955	194
364000	57	379	1986	10465	22	169	20961	308
365000	47	379	2054	10266	122	249	21394	682
366000	81	356	2733	9187	96	99	20231	323
367000	96	307	2500	9558	71	245	20972	653
368000	90	310	2440	9743	23	159	20782	333
369000	110	365	2283	10068	10	34	21172	54
370000	99	459	2675	9346	30	45	20992	161
371000	73	446	2261	9909	61	96	21677	325
372000	52	397	1698	11069	33	19	22384	75
373000	66	440	2061	10435	39	62	20440	97
374000	96	290	3221	8687	0	0	21137	1
375000	137	288	2831	9195	0	23	20757	121
376000	126	393	2373	9627	164	5	20795	232
377000	81	371	2288	10187	12	1	21312	38
378000	178	314	3061	8628	114	13	19875	231
379000	93	260	2238	9622	225	500	19797	1294
380000	125	316	2751	8870	276	243	19492	950
381000	140	306	2825	8465	230	577	19710	1106
382000	92	264	2617	9030	334	340	19673	934
383000	113	380	2038	10052	185	244	20174	637
384000	83	400	2012	10268	78	209	20750	467
385000	70	331	1903	10546	34	191	20906	481
386000	90	392	1916	10432	156	153	21686	699
387000	64	395	1996	10495	83	80	21612	291
388000	47	368	1723	10890	44	169	21228	686
389000	97	407	1827	10574	29	250	20254	503
390000	71	423	2226	10083	19	147	19717	193
391000	114	413	2279	9601	56	377	20772	586
392000	71	289	2544	9304	185	394	21365	863
393000	144	324	3240	8080	207	171	19060	608
394000	94	438	2516	9516	57	92	20246	231
395000	96	330	2724	9398	0	81	20799	62
396000	110	402	2298	10059	0	57	21549	47
397000	82	333	1962	10720	1	42	20977	132
398000	79	402	2659	9442	71	0	20790	28
399000	87	406	2658	9567	0	0	20912	2
400000	115	406	2293	10045	43	6	20383	16
401000	88	317	2545	9817	67	0	21649	134
402000	87	394	2349	10056	0	0	20150	1
403000	65	340	2164	10144	254	75	20784	505
404000	112	266	2495	9844	49	4	21048	88
405000	117	343	2516	9741	69	6	20295	139
406000	94	309	1919	10787	33	1	22742	94
407000	88	391	2104	10397	50	20	20544	98
408000	102	346	2010	10511	63	23	21678	77
409000	90	310	2837	9243	47	28	21249	162
410000	112	320	2691	9473	0	0	19698	21
411000	64	355	2374	10097	20	5	20966	29
412000	75	370	2317	10148	18	0	20597	72
413000	81	426	2130	10358	0	0	21729	8
414000	77	351	1590	11197	102	43	21603	193
415000	134	329	1809	10802	28	94	22149	176
416000	87	390	2068	10385	19	57	20609	183
417000	57	442	1582	11260	11	13	21676	63
418000	62	335	1808	11018	16	22	23067	84
419000	30	328	1618	11179	29	134	21624	145
420000	112	364	1827	10655	10	187	20841	370
421000	82	370	1785	10876	59	43	20952	282
422000	61	418	2022	10305	184	49	20052	291
423000	60	490	1698	10855	115	82	20758	272
424000	53	380	1583	11142	30	103	21001	177
425000	52	386	1793	10992	0	12	21763	39
426000	65	341	1945	10771	0	15	21152	23
427000	66	404	1892	10764	0	11	21208	24
428000	129	380	2460	9688	113	0	20789	239
429000	102	395	2529	9674	82	0	20110	157
430000	41	403	1828	10895	17	0	21288	9
431000	94	355	1859	10793	97	0	21088	107
432000	100	383	2034	10584	26	2	21999	87
433000	103	368	2626	9557	32	0	20842	44
434000	87	294	2469	9764	79	0	21372	32
435000	139	276	3308	8385	26	0	19847	11
436000	121	398	2297	10032	0	0	21023	20
437000	84	302	2653	9607	0	0	19960	2
438000	119	315	2552	9643	13	8	21331	21
439000	97	345	2319	10125	24	3	21087	91
440000	62	354	2140	10424	0	82	21021	90
441000	85	394	1942	10531	20	163	20971	226
442000	35	401	1896	10735	56	36	21337	63
443000	75	384	1864	10872	0	11	22109	51
444000	61	322	2196	10300	54	17	21156	146
445000	47	366	2105	10521	0	5	21971	7
446000	73	441	1746	10948	39	0	20445	40
447000	48	344	1766	11059	30	31	22592	61
448000	84	337	2002	10623	35	0	22015	52
449000	63	342	2129	10267	201	17	21677	347
450000	90	379	2553	9348	262	118	19745	614
451000	56	308	2730	9000	89	510	20071	995
452000	137	375	2572	9450	94	76	19898	350
453000	119	329	2868	8981	22	115	20081	285
454000	47	367	2531	9413	5	332	20385	585
455000	124	333	2668	8677	16	893	18477	1267
456000	87	337	3462	7529	188	529	19726	1165
457000	77	383	3042	8396	160	337	19526	763
458000	77	453	1938	10253	47	383	19798	785
459000	79	448	1884	10584	115	29	20901	200
460000	77	316	1925	10578	275	45	20981	479
461000	84	389	2184	9830	243	211	20636	784
462000	80	418	2117	9917	102	395	20113	877
463000	86	356	2804	9153	3	128	20277	151
464000	163	303	2977	8929	0	68	20678	91
465000	71	371	2946	9006	63	0	21052	160
466000	64	379	2770	9289	62	16	20543	131
467000	112	346	2352	9985	64	13	21021	83
468000	108	329	2060	10349	176	11	21193	315
469000	47	359	1860	10281	422	134	21103	757
470000	72	350	2198	9978	266	112	20885	641
471000	77	358	2432	9522	307	116	20336	764
472000	102	480	2433	9288	177	293	19130	897
473000	122	367	2450	9646	53	135	19990	325
474000	107	379	2145	10230	52	47	20877	110
475000	65	396	1932	10698	11	10	21932	20
476000	77	314	2371	10062	107	3	22042	299
477000	108	367	2335	9931	34	0	21078	72
478000	94	400	1659	11092	45	25	21019	180
479000	66	439	1485	11321	3	114	23215	262
480000	61	387	1867	10800	1	52	21786	172
481000	68	409	1696	11028	58	2	21924	105
482000	78	438	2063	10283	102	8	21180	251
483000	116	363	3133	8605	71	0	19897	32
484000	102	326	3015	8755	23	100	19792	245
485000	189	375	3085	8488	18	80	21138	134
486000	97	328	2942	9069	118	14	19500	196
487000	101	370	2345	9994	0	39	21627	142
488000	76	308	2424	9984	17	42	21589	80
489000	94	387	2320	10058	0	1	20949	0
490000	68	327	2509	9896	0	0	20967	1
491000	81	351	2206	10263	11	1	21334	49
492000	55	447	1647	11098	74	1	22055	106
493000	67	361	1919	10730	1	2	21626	24
494000	74	438	1901	10604	80	0	21352	123
495000	128	317	2885	9058	96	17	19354	290
496000	120	331	3200	8489	26	2	19748	74
497000	111	373	2872	9176	0	0	21030	1
498000	111	306	2467	9501	310	103	19533	665
499000	72	347	2479	9491	254	109	19511	521
500000	167	407	2577	9301	184	35	19372	347
501000	97	407	2305	9740	109	169	19988	612
502000	116	349	2628	9513	0	7	20625	12
503000	82	342	1925	10787	0	2	22309	20
504000	49	341	2095	10485	75	11	21191	214
505000	57	350	2116	10461	55	7	22265	30
506000	77	334	2533	9764	12	3	21552	113
507000	75	387	2204	10281	56	1	20673	63
508000	70	344	1841	10896	76	0	21800	116
509000	48	339	1699	11235	0	4	21758	9
510000	57	417	1670	11087	0	30	22426	29
511000	83	389	2017	10491	50	19	20996	101
512000	80	456	1763	10788	0	48	21228	57
513000	57	373	1608	11155	103	1	21584	210
514000	40	355	1717	11027	55	29	20939	120
515000	48	391	1883	10672	4	201	20850	201
516000	85	364	2059	10557	0	6	21498	54
517000	54	335	1682	11163	53	16	21531	198
518000	58	451	1740	10990	31	2	22638	63
519000	51	350	1714	11179	1	0	22696	1
520000	111	370	2501	9688	87	7	21146	188
521000	60	325	2410	10071	15	14	21125	61
522000	115	341	2658	9458	40	3	21105	117
523000	73	376	2177	10300	98	0	21821	204
524000	83	379	1886	10704	66	0	22148	86
525000	94	320	2329	9964	32	112	21043	336
526000	106	392	2254	9945	54	177	20352	479
527000	92	368	2512	9701	5	144	21242	243
528000	159	392	2804	9194	0	4	20362	3
529000	134	280	3496	8226	0	23	20127	107
530000	98	344	3247	8369	3	149	19784	246
531000	141	335	3401	8181	80	24	19930	259
532000	145	269	3059	8724	37	94	20130	234
533000	61	368	2819	9062	143	85	19403	322
534000	56	407	1606	11100	8	179	21643	229
535000	53	363	1776	10698	39	312	20778	759
536000	45	367	1571	10746	157	410	21201	1098
537000	75	400	1700	10236	149	672	19800	1467
538000	70	342	2369	9195	94	815	19455	1509
539000	111	442	2447	9149	172	472	18696	1195
540000	104	289	2756	9018	170	288	22058	858
541000	133	303	2511	9384	55	349	21106	741
542000	125	340	2981	8450	29	479	18984	818
543000	112	292	3337	7933	148	291	19296	736
544000	187	321	3671	7316	255	229	18907	755
545000	109	247	3391	7736	446	200	18395	751
546000	120	358	3738	7525	37	116	19121	262
547000	106	282	3396	7954	71	316	20613	471
548000	141	302	3913	7288	1	146	17863	222
549000	99	356	3952	7259	45	132	20135	399
550000	148	261	4064	6949	26	172	18382	358
551000	186	334	3770	7541	7	63	20034	180
552000	150	365	3199	8470	0	0	19095	2
553000	68	333	2738	9451	34	0	20875	88
554000	76	388	2144	10402	3	14	21583	42
555000	106	372	2121	10222	144	18	21478	210
556000	77	420	1967	10639	5	55	20848	135
557000	88	396	1683	11004	0	51	21561	22
558000	61	385	1708	11092	0	40	21404	25
559000	61	388	1526	11381	41	0	22133	62
560000	92	393	1836	10868	20	2	20670	130
561000	35	422	1334	11618	46	36	21448	202
562000	66	440	1520	11191	56	70	21196	162
563000	48	383	1681	11052	65	60	22669	169
564000	35	342	1709	11110	14	50	22699	169
565000	85	346	1948	10530	2	115	21289	182
566000	104	411	1977	10401	43	187	21205	483
567000	75	368	2325	9938	42	121	21270	190
568000	79	423	2126	10319	6	34	20565	53
569000	56	408	2433	9923	0	22	20897	49
570000	115	335	3096	8636	144	1	20371	85
571000	130	201	3808	7447	36	58	19533	99
572000	141	265	3879	7502	0	24	18585	55
573000	89	317	2856	9223	0	35	20787	18
574000	89	318	2873	9060	0	89	20483	99
575000	102	400	2729	9303	0	73	20408	159
576000	112	339	3030	8917	32	24	20786	96
577000	176	356	3395	8008	135	29	20757	254
578000	129	309	3848	7348	0	61	19590	162
579000	95	400	2828	9238	4	0	20280	13
580000	147	280	3147	8653	23	0	19879	70
581000	168	332	3954	7356	0	0	18664	1
582000	81	407	2905	9025	59	0	19652	54
583000	109	367	3164	8603	40	0	19347	101
584000	121	292	3109	8774	47	0	19880	44
585000	167	241	4089	7084	30	0	18754	40
586000	172	189	4804	5604	169	4	17957	226
587000	175	242	5128	5076	19	0	17941	15
588000	172	207	5360	4727	0	0	16637	9
589000	210	250	5205	4868	86	0	16951	139
590000	155	288	4693	5815	18	0	18444	87
591000	119	357	4036	7095	61	1	19276	103
592000	151	449	3451	7835	91	0	18157	21
593000	122	257	3645	7857	71	0	20538	119
594000	161	325	3731	7520	55	0	19149	70
595000	80	330	3372	8260	71	33	18378	207
596000	131	357	2844	9252	0	0	20832	38
597000	80	363	2167	10329	22	23	20045	90
598000	97	331	2724	9379	101	1	19921	113
599000	110	309	2513	9627	95	65	20410	351
600000	83	290	2754	9281	24	224	21390	406
601000	87	460	2171	10195	15	116	19619	253
602000	120	365	2412	9732	42	154	18983	421
603000	106	419	2028	10053	38	408	20124	960
604000	78	345	1994	10411	25	246	20325	410
605000	77	512	2159	10032	1	221	20507	301
606000	97	447	2096	10142	10	197	21239	415
607000	87	418	1546	11123	2	146	22847	216
608000	59	462	1713	11017	0	64	21974	112
609000	64	436	1559	11321	0	0	22068	51
610000	51	390	1672	11020	80	75	23085	191
611000	62	381	2059	10534	20	39	21569	30
612000	102	356	2422	9903	3	34	20446	100
613000	115	429	2052	10391	26	2	21293	68
614000	99	290	2505	9900	0	0	21220	4
615000	74	326	1835	10845	85	4	20722	228
616000	69	374	1687	11115	26	2	22646	30
617000	36	363	2294	10164	63	2	20493	91
618000	130	348	2270	10162	20	13	20789	83
619000	97	434	2323	10025	1	47	21268	64
620000	75	344	1886	10809	0	19	20061	55
621000	53	358	1906	10715	36	17	21576	115
622000	53	387	1424	11469	79	1	21907	204
623000	63	404	1607	11092	124	36	21787	332
624000	40	395	1509	11158	91	166	21000	448
625000	42	374	1297	11562	65	187	22580	338
626000	92	399	1606	10867	127	221	20737	592
627000	70	338	1942	10494	112	140	20584	575
628000	55	384	2173	9703	229	434	19704	1026
629000	113	352	2314	9211	319	559	19743	1398
630000	129	298	2504	8651	395	724	18681	1831
631000	73	373	2599	8268	275	1085	18954	2224
632000	121	270	3189	7346	296	1079	18044	2302
633000	127	267	3400	7433	176	661	18371	1494
634000	141	358	3244	7595	353	595	18294	1532
635000	108	248	3632	7204	423	383	19128	1752
636000	129	366	2809	9039	73	130	19919	419
637000	126	399	2450	9366	54	357	20547	606
638000	157	318	3090	8598	92	205	18775	479
639000	80	452	2379	9657	152	142	20812	402
640000	161	363	2718	9298	36	57	20767	169
641000	101	343	2895	9089	3	36	20472	50
642000	124	320	2847	9240	0	13	19936	19
643000	96	332	2597	9700	0	0	21765	1
644000	112	327	3352	8438	18	0	21433	16
645000	94	327	3083	8830	37	0	19409	29
646000	102	387	3158	8761	30	2	19590	47
647000	140	350	2876	9086	37	11	20820	115
648000	128	250	3379	8399	42	0	19611	31
649000	107	264	3231	8525	77	0	20584	225
650000	100	443	2653	9411	33	0	20346	19
651000	136	354	2514	9629	62	5	19978	243
652000	76	338	2369	10008	46	32	21751	225
653000	76	373	2940	9155	64	8	20177	115
654000	64	404	2266	10141	56	62	21144	251
655000	55	391	1814	10594	67	267	21441	618
656000	58	426	1137	11759	14	217	21975	439
657000	61	421	1417	11362	36	159	21753	332
658000	35	402	1303	11701	4	85	21321	223
659000	81	405	1776	10840	12	94	21351	139
660000	50	441	1439	11370	1	45	20843	100
661000	37	357	1553	11318	37	27	22035	163
662000	44	322	2045	10672	5	43	21957	123
663000	81	368	2194	10333	0	1	21694	4
664000	85	326	3069	8855	83	18	20966	191
665000	312	230	4121	6922	0	0	18643	6
666000	179	261	4318	6609	62	20	18722	131
667000	186	247	4849	5471	37	15	19027	123
668000	200	360	4562	5979	77	0	17969	29
669000	174	336	4174	6804	0	0	20076	11
670000	152	299	3600	7919	0	0	19236	1
671000	94	374	3531	8015	62	0	20307	28
672000	64	368	2799	9328	61	1	20508	197
673000	117	313	3039	8847	121	0	19275	268
674000	101	325	3069	8885	98	6	20013	151
675000	94	492	2707	9262	55	38	19363	161
676000	152	280	3826	7460	0	26	18715	47
677000	280	229	4100	6747	11	0	18077	23
678000	177	213	3959	7200	128	11	19247	245
679000	172	297	3473	8139	0	0	19083	1
680000	286	228	4044	6890	15	0	19219	0
681000	168	238	4182	6892	8	0	19893	8
682000	174	326	3826	7379	10	10	19144	56
683000	165	304	4040	7072	29	8	19233	122
684000	213	313	4650	5851	0	12	18057	37
685000	269	210	4814	5439	39	0	17249	55
686000	244	232	4680	5453	227	8	16451	549
687000	226	217	4615	5983	35	11	18986	121
688000	165	248	4488	6130	62	0	18887	45
689000	205	247	4628	5874	58	1	17333	123
690000	167	314	4421	5879	448	44	18113	633
691000	162	224	4442	6017	286	124	17106	601
692000	140	427	3889	7307	30	57	18662	139
693000	173	356	3377	7969	3	289	19203	490
694000	137	311	3799	7462	63	0	18298	65
695000	158	408	3081	8795	14	0	19170	5
696000	69	423	2036	10639	0	8	21224	0
697000	83	331	3021	8980	30	21	20594	62
698000	98	416	2684	9270	94	110	20866	358
699000	98	367	2647	9391	1	135	21240	192
700000	90	346	2089	10232	9	99	20919	246
701000	83	372	1989	10585	5	112	20373	118
702000	50	365	1796	10718	87	176	21050	325
703000	77	310	2240	9819	7	492	21043	742
704000	101	447	2116	9753	71	589	20405	1118
705000	64	408	2112	9765	73	560	20275	1064
706000	68	402	2336	9111	154	828	20078	1437
707000	103	420	1859	9786	182	824	19185	1791
708000	72	378	1733	9951	143	920	19756	1799
709000	88	414	2041	9744	236	536	19759	1221
710000	59	437	1891	9852	116	791	19861	1390
711000	69	325	1816	10168	261	547	20908	1319
712000	82	359	2361	8936	362	772	18778	1927
713000	115	344	2681	8155	467	781	18239	2348
714000	116	331	2400	8878	398	722	18686	1839
715000	80	391	2329	9070	250	861	19347	2025
716000	84	378	2496	8845	270	710	18788	1692
717000	111	405	1980	9503	178	865	19379	1141
718000	83	405	2153	9377	253	714	18674	1666
719000	67	397	2267	9039	435	739	19936	1966
720000	72	288	2195	9179	545	727	19329	2017
721000	110	369	2886	8109	434	590	19603	1831
722000	153	274	3342	7634	240	527	18887	1452
723000	140	320	3425	7770	8	459	19169	770
724000	115	320	2704	8901	53	491	19888	1042
725000	97	244	2426	9542	52	365	21204	703
726000	68	435	1925	10133	67	551	20305	816
727000	97	365	2244	9130	169	918	19618	1845
728000	114	403	2222	8712	569	1003	18358	2576
729000	121	356	2529	8134	421	1225	17743	3136
730000	55	372	2168	8980	350	1057	18227	2177
731000	62	391	2185	9452	201	711	19659	1730
732000	81	352	2308	9353	157	645	19483	1211
733000	92	322	2450	8890	360	748	18179	1780
734000	64	376	2038	9242	349	1032	19058	2064
735000	82	333	2258	9508	169	520	20355	1052
736000	82	319	2297	9670	72	451	19995	1165
737000	106	415	2414	9637	105	203	18937	446
738000	116	406	2135	9955	80	346	20349	589
739000	50	391	1819	10560	29	326	21317	509
740000	72	321	2232	9893	52	262	21822	722
741000	78	398	1972	10248	170	265	20668	592
742000	108	405	2317	9874	54	195	19742	697
743000	82	317	3333	8072	49	351	19142	733
744000	176	312	3504	7770	69	93	18699	365
745000	104	303	3598	7901	19	2	19828	56
746000	154	251	4159	6637	300	0	18819	288
747000	155	266	4472	6362	42	0	18187	68
748000	161	390	3711	7539	49	10	18539	133
749000	132	307	3668	7475	25	231	19481	495
750000	137	364	3780	7302	87	150	18084	555
751000	122	219	4504	6205	1	210	17939	345
752000	245	187	5140	4896	0	0	17482	9
753000	235	215	5258	4745	57	0	17784	63
754000	299	193	4793	5503	0	0	17042	10
755000	261	197	4572	5940	55	0	17216	161
756000	120	295	3393	8357	31	3	19825	81
757000	121	371	2557	9587	65	56	20889	267
758000	72	386	2164	10200	61	112	20001	372
759000	75	358	2624	9585	32	69	20462	183
760000	96	339	2695	9272	2	231	19745	339
761000	87	398	2485	9752	0	9	20801	41
762000	136	400	2233	10070	19	2	20694	19
763000	71	275	2718	9374	127	3	20537	146
764000	52	473	2299	9964	87	17	21004	144
765000	112	349	2413	9768	22	71	19894	80
766000	84	396	2530	9521	1	161	21654	223
767000	69	328	2579	9438	6	281	21538	558
768000	84	320	2376	9864	11	180	20481	219
769000	59	375	2314	10098	17	78	20352	217
770000	46	397	1933	10752	0	27	21593	6
771000	59	343	2687	9546	0	74	21290	93
772000	71	377	2756	9335	0	26	21434	96
773000	120	265	2872	9210	39	2	20791	136
774000	129	332	3271	8370	73	2	19517	130
775000	94	282	3497	8167	21	31	20333	143
776000	118	373	3451	8104	77	0	19432	96
777000	91	382	2920	9060	2	3	19674	15
778000	124	394	2624	9404	95	1	21142	179
779000	113	368	2480	9656	119	7	19569	114
780000	69	392	2002	10405	209	26	21919	382
781000	103	404	3223	8361	142	14	20896	320
782000	102	342	2451	9851	59	1	20899	140
783000	132	274	3146	8718	3	0	19768	4
784000	204	235	3756	7206	273	115	19302	367
785000	162	298	4068	6900	96	197	19168	553
786000	197	237	4241	6505	29	315	19785	756
787000	178	301	3679	7692	15	96	18765	225
788000	133	230	3247	8554	75	1	20287	98
789000	148	411	3086	8599	37	0	20048	149
790000	111	385	2749	9309	2	1	20678	11
791000	142	281	3370	8304	68	0	19361	143
792000	106	367	3614	7661	3	187	18601	284
793000	232	381	3092	8505	4	79	19425	184
794000	190	359	3405	7962	28	165	19801	340
795000	109	249	3927	7391	0	14	19747	80
796000	131	404	3474	8030	0	21	19249	55
797000	130	344	3310	8294	84	8	19723	81
798000	98	369	3084	8719	38	38	19812	102
799000	69	335	2687	9358	43	104	20912	194
800000	97	377	2264	10133	1	73	21451	88
801000	60	320	2004	10622	96	2	21566	165
802000	79	341	1869	10706	61	49	21625	243
803000	41	395	1875	10878	0	0	21940	1
804000	72	366	2211	10254	2	0	21548	2
805000	65	413	1984	10523	130	13	20767	196
806000	63	387	2022	10569	35	22	21619	112
807000	85	391	2242	10165	1	0	20841	20
808000	117	352	2530	9604	159	7	20107	248
809000	115	300	3491	8037	25	88	20303	213
810000	93	270	3697	7933	0	13	20770	46
811000	152	280	3627	7786	0	27	20181	46
812000	108	297	3367	8254	31	215	18895	309
813000	103	291	3519	8066	6	205	19410	391
814000	155	288	2935	8891	8	218	19828	388
815000	62	334	2359	9838	2	297	20058	318
816000	63	370	1960	10564	16	127	22166	128
817000	56	343	1845	10826	72	63	22400	176
818000	96	336	1861	10730	40	54	20500	114
819000	82	409	2000	10511	19	48	21230	168
820000	92	431	2132	10353	0	2	20614	1
821000	76	373	1537	11238	122	3	22225	180
822000	48	375	1841	10708	157	42	20760	340
823000	52	412	1408	11427	69	73	20589	295
824000	48	387	2244	10140	65	77	20585	180
825000	123	394	2471	9414	243	170	19974	974
826000	84	281	2593	9469	94	204	20550	659
827000	88	246	3105	8478	12	433	19018	562
828000	81	398	2200	9889	166	259	20832	514
829000	55	418	2038	9889	136	451	20078	1181
830000	70	438	1730	10372	82	550	21076	882
831000	61	374	1910	10426	50	277	20923	552
832000	80	362	1622	10991	88	140	21557	401
833000	65	353	1672	10908	156	90	20711	478
834000	92	410	2116	10321	11	0	21081	36
835000	104	304	2648	9635	6	0	21129	3
836000	80	314	2460	9923	46	1	21412	116
837000	118	399	2439	9891	0	0	21913	1
838000	120	293	2588	9599	25	0	20760	51
839000	120	299	2977	8864	20	43	20906	51
840000	101	421	3080	8645	20	40	19843	125
841000	105	348	2696	9413	62	0	20338	149
842000	80	297	2516	9853	20	0	21266	59
843000	89	410	2278	10020	113	0	21049	143
844000	78	406	2443	9833	103	12	20392	153
845000	100	370	2685	9468	0	19	21950	32
846000	65	349	2554	9775	4	0	20140	15
847000	64	364	1958	10505	145	44	21793	323
848000	73	392	2181	10341	5	5	21707	19
849000	81	322	1868	10724	0	124	21856	231
850000	56	481	1794	10791	0	123	21194	108
851000	51	368	1569	11317	0	1	21441	2
852000	56	454	1808	10734	70	30	21607	101
853000	86	397	2253	10089	0	65	19746	102
854000	81	346	2304	9957	0	205	20966	176
855000	60	371	2429	9915	0	73	21014	76
856000	96	397	2138	10333	89	0	20940	151
857000	100	410	2299	10110	0	38	21929	41
858000	60	357	2361	9938	25	90	20851	165
859000	75	403	2210	10055	181	1	19531	197
860000	96	346	2339	9862	213	64	20682	364
861000	72	336	2352	10030	75	16	22004	144
862000	86	397	2447	9761	53	10	20290	148
863000	74	371	1896	10698	104	0	21900	58
864000	71	396	1927	10731	29	3	20874	29
865000	78	366	2502	9768	4	31	21029	72
866000	103	382	2312	9990	0	68	20867	46
867000	86	294	3047	8712	1	247	20320	374
868000	113	410	3210	8290	3	284	19005	397
869000	115	386	2737	8936	81	347	19949	752
870000	107	369	2679	9394	59	83	20611	194
871000	97	309	2586	9707	0	5	20578	20
872000	52	368	2396	9868	100	13	21026	247
873000	58	369	2120	10419	3	54	20335	106
874000	89	360	2220	10155	6	115	20925	157
875000	124	402	2441	9569	1	118	20266	155
876000	74	327	2050	10317	20	229	21176	387
877000	87	417	1955	10580	0	41	20470	128
878000	89	480	1597	11069	50	4	21618	49
879000	53	435	1836	10857	0	45	21143	84
880000	54	332	2174	10403	0	12	20870	52
881000	75	429	2297	10082	94	4	20210	228
882000	101	353	2858	9157	89	0	20444	105
883000	64	378	2299	10088	75	4	20238	115
884000	69	313	2354	10129	16	19	21444	43
885000	154	298	2783	9265	0	0	20750	2
886000	107	331	2718	9422	61	2	19532	132
887000	69	306	2476	9849	137	9	21143	200
888000	94	355	2822	9193	102	4	20341	207
889000	97	380	2095	10162	175	113	21057	549
890000	54	372	2521	9581	216	9	20494	367
891000	72	423	2041	10231	247	84	19485	672
892000	91	287	2879	8915	334	37	20027	669
893000	118	281	2677	8921	590	112	20379	1392
894000	110	279	2922	8175	652	396	19416	1776
895000	146	306	3125	7898	396	423	19508	1718
896000	132	304	3275	7406	296	770	17516	1939
897000	202	352	3047	7545	366	780	16926	1583
898000	182	338	3643	6664	249	878	17202	1489
899000	70	340	3147	7467	162	1172	18569	2321
900000	97	414	2914	7640	114	1304	17957	2697
901000	133	406	2343	8395	417	1194	17415	2620
902000	124	338	3151	7631	261	868	18350	2000
903000	125	279	2918	7929	262	972	17748	2302
904000	117	287	2615	8229	458	907	19048	2295
905000	170	439	2487	8136	828	773	17720	2263
906000	57	372	1772	9290	851	871	18674	3292
907000	131	329	2260	8618	605	902	18490	2644
908000	119	343	2324	8981	427	717	19240	2050
909000	138	335	2523	8335	520	810	20096	2575
910000	124	318	2644	8238	608	742	18247	2086
911000	127	320	2909	7527	577	1026	17674	2154
912000	115	246	3198	7451	571	656	17301	2281
913000	104	286	2805	9310	43	70	20479	176
914000	86	379	2789	9258	28	102	20866	92
915000	155	321	2478	9813	5	0	20895	4
916000	88	366	2383	9993	12	7	20807	34
917000	120	397	2463	9772	26	0	21294	0
918000	66	336	2184	10383	0	0	22390	3
919000	68	364	2021	10538	63	2	21237	183
920000	42	385	1739	11024	0	0	21223	1
921000	78	353	1967	10458	171	88	21674	371
922000	72	317	1972	10517	66	178	21328	402
923000	92	414	1642	11173	1	4	22021	20
924000	94	318	2020	10410	196	1	21209	281
925000	71	367	2033	10501	44	13	21531	119
926000	87	403	1824	10674	11	173	21363	332
927000	73	434	1973	10258	67	324	19981	440
928000	64	314	1758	10510	139	521	21318	1161
929000	42	368	1552	10352	149	899	19909	1677
930000	57	406	1527	10415	156	832	19556	1570
931000	39	366	1273	10488	191	1149	19904	2234
932000	78	388	1991	9795	92	704	19879	1454
933000	85	354	2545	8829	339	569	19891	1383
934000	85	390	2352	9033	588	391	19927	1555
935000	104	363	3073	7896	425	509	18743	1872
936000	76	426	2227	8957	257	1086	18276	1875
937000	81	349	2201	9446	120	799	19787	1518
938000	88	321	2240	9350	51	839	19617	1359
939000	58	378	1542	10239	226	953	19504	1701
940000	21	350	1197	10844	194	989	20170	1733
941000	76	379	1355	9984	435	1254	20110	2886
942000	74	401	1625	9306	506	1391	17637	3039
943000	48	356	1934	9242	271	1288	19329	2659
944000	60	467	1692	9210	202	1652	19220	3075
945000	109	377	1916	8260	557	1911	16931	3750
946000	119	324	1688	8647	629	1856	16522	3569
947000	115	344	2205	7976	902	1327	17347	3957
948000	133	343	2274	7707	761	1675	18317	4571
949000	140	400	2937	7117	761	1110	17728	3116
950000	160	290	3014	6718	1101	1145	16969	3914
951000	156	365	2918	6951	1015	1006	15308	3520
952000	152	344	3401	6698	830	613	17032	2842
953000	223	240	4262	5439	416	890	16278	2080
954000	165	388	3355	6626	753	863	17067	2645
955000	190	275	3202	6865	854	921	16249	3152
956000	126	370	2877	6968	904	1205	16073	3306
957000	143	268	3226	6444	796	1348	16966	3744
958000	131	380	2702	8026	607	814	17708	2583
959000	152	289	3063	7198	589	1087	17101	2733
960000	165	299	3390	6745	532	1002	16669	2683
961000	102	315	3129	7902	152	734	18420	1822
962000	123	319	2769	7966	339	1025	17923	2159
963000	144	408	2994	7489	478	954	18129	2431
964000	146	376	3283	7024	540	817	17825	2240
965000	196	294	3343	7868	148	278	19288	800
966000	91	324	2817	9301	93	51	20476	205
967000	114	356	2873	9039	86	0	19952	121
968000	166	331	2720	9162	112	0	19879	180
969000	95	424	2632	9274	227	42	21085	631
970000	111	356	2516	9573	141	7	20035	184
971000	52	424	2208	10169	22	35	21984	46
972000	123	373	2500	9718	64	0	19896	163
973000	96	344	2521	9853	0	0	20807	3
974000	47	327	2186	10282	38	0	20715	92
975000	90	355	2328	10030	39	6	21142	77
976000	113	393	2611	9608	0	0	20230	2
977000	112	309	2513	9740	16	84	20289	177
978000	93	357	1917	10741	0	0	21828	14
979000	97	362	2235	10122	54	35	19815	187
980000	69	356	2168	10335	7	56	21746	201
981000	81	371	2184	10271	67	59	20854	171
982000	61	371	1932	10830	0	0	21707	3
983000	88	368	2102	10321	151	8	20736	364
984000	82	369	2232	10111	99	50	20135	210
985000	93	348	2179	10245	83	108	20911	401
986000	89	328	1890	10533	94	222	20817	539
987000	97	391	2312	9535	134	406	19893	997
988000	97	416	2781	8737	222	430	19527	1116
989000	84	323	3007	8799	207	57	19698	481
990000	89	371	2634	9448	164	23	20228	248
991000	65	380	2058	10473	83	0	20178	27
992000	76	343	2598	9658	78	79	21039	228
993000	78	360	2190	9849	29	372	20320	751
994000	88	316	2316	9790	43	321	20608	812
995000	107	338	2974	8622	114	411	20303	1028
996000	101	461	3053	8159	148	553	19479	814
997000	152	448	3076	8181	80	453	19268	875
998000	103	408	2497	9180	162	381	20396	711
999000	98	331	2274	9480	135	565	20165	1398
