0	0	0	0	14400	0	0	0	0
1000	13	276	546	12954	63	75	37667	484
2000	13	231	881	12408	29	194	37267	533
3000	17	224	1343	11738	14	169	37256	374
4000	16	232	1410	11800	7	11	36346	82
5000	31	274	1256	11943	29	6	36160	84
6000	21	233	932	12471	10	0	37129	26
7000	29	250	1026	12216	128	4	38113	287
8000	28	232	1160	11965	133	73	36965	567
9000	38	194	1533	11262	213	155	35181	981
10000	20	221	1329	11703	50	229	36515	849
11000	37	210	1888	10766	14	229	35644	588
12000	43	199	1847	11074	6	72	35774	240
13000	39	238	1540	11426	2	164	35746	332
14000	40	208	1585	11452	0	84	36406	282
15000	32	212	1186	12072	28	50	38224	234
16000	24	228	1205	12028	12	37	38175	99
17000	30	262	1323	11901	0	7	37132	100
18000	35	267	1225	12017	0	37	37567	78
19000	25	248	1372	11858	0	0	36240	2
20000	28	227	1262	11908	61	25	37301	196
21000	13	248	1581	11456	30	16	36007	213
22000	18	228	1335	11850	35	7	38024	156
23000	45	256	1647	11267	67	19	37002	172
24000	21	206	1681	11395	0	2	36682	38
25000	23	235	1723	11299	0	14	36395	87
26000	46	227	1923	10865	0	0	35858	15
27000	70	232	2289	10281	0	11	34668	28
28000	37	248	1721	11238	12	68	36681	208
29000	50	226	2101	10625	92	2	35267	282
30000	77	225	2498	9877	88	12	35188	233
31000	49	206	2401	10156	23	3	35361	59
32000	57	243	1861	10874	148	0	36025	255
33000	31	214	1909	10995	15	73	36937	236
34000	16	211	1444	11583	8	218	37613	604
35000	32	219	1285	11961	0	70	38114	259
36000	21	212	1681	11351	0	75	36360	142
37000	12	232	1281	12046	0	21	36783	39
38000	24	222	1633	11472	0	0	37161	1
39000	22	224	1359	11885	6	5	35560	17
40000	49	274	1595	11301	144	7	34315	406
41000	41	271	1900	10839	33	3	35238	183
42000	59	255	1938	10873	0	2	34847	16
43000	30	174	1632	11343	140	11	35234	396
44000	63	294	2296	10251	87	34	33996	412
45000	45	235	1818	10918	87	87	35688	403
46000	27	299	1151	12083	3	23	35399	137
47000	26	253	1447	11643	116	14	38164	317
48000	28	231	1467	11558	44	101	36390	407
49000	35	243	1430	11637	0	95	36078	197
50000	29	199	1374	11784	0	87	37573	324
51000	35	270	1390	11698	19	69	35395	254
52000	29	213	1320	11676	17	258	35392	825
53000	22	259	1035	11733	18	593	35035	1373
54000	24	245	810	12200	19	504	36219	1195
55000	16	280	709	12292	6	532	36796	1377
56000	29	245	984	11992	53	372	35796	940
57000	37	186	1342	11354	129	431	34616	1351
58000	31	251	1321	11330	270	320	34338	1580
59000	25	244	1288	11470	171	294	35498	1493
60000	34	250	1239	11334	321	397	34903	2174
61000	37	280	1255	11322	118	538	34654	1751
62000	40	249	1504	10826	44	710	34795	1567
63000	33	291	1316	11238	17	616	34238	1616
64000	25	221	1111	11730	7	507	37435	1229
65000	33	246	1476	11184	33	449	36487	1099
66000	29	260	1116	11964	0	242	35856	705
67000	34	275	1264	11681	20	252	35568	669
68000	32	242	1233	11816	36	197	36117	725
69000	20	246	1305	11851	2	101	36386	241
70000	35	223	1512	11546	5	102	36806	433
71000	33	288	1395	11591	49	58	35324	323
72000	22	274	972	12303	103	58	35607	428
73000	28	235	1019	12215	53	84	37545	368
74000	23	243	1142	12123	5	107	38180	318
75000	29	238	1325	11833	51	107	36612	205
76000	23	259	1125	12076	62	110	36353	544
77000	23	263	1225	12027	0	7	36920	22
78000	20	262	1419	11807	0	0	34457	2
79000	37	255	1459	11660	47	19	34927	123
80000	19	235	1548	11481	16	40	36066	193
81000	39	210	1528	11640	0	0	34688	5
82000	21	245	1219	12068	15	1	35969	36
83000	20	253	1231	11963	65	32	36509	264
84000	16	207	1197	12110	32	33	37209	97
85000	22	268	1220	12091	2	0	37531	61
86000	41	210	1912	10810	122	51	34084	333
87000	32	229	1608	11212	69	195	35730	749
88000	17	245	1446	11451	12	312	35275	699
89000	33	258	1555	11209	16	278	36225	945
90000	39	229	1941	10493	24	373	34610	1328
91000	13	182	1578	11098	11	491	34950	1285
92000	34	208	1434	10980	30	781	33254	2217
93000	23	253	1403	11220	75	501	35162	1803
94000	19	240	1270	11309	11	641	34344	1912
95000	23	265	1285	11320	54	603	35274	1473
96000	24	273	1415	11015	116	583	34993	2162
97000	36	234	1388	11251	123	427	34824	1316
98000	33	244	1337	11295	78	514	33831	1697
99000	30	231	1763	10607	63	532	34721	1675
100000	43	221	1525	10744	182	666	34053	2179
101000	30	274	1136	10797	449	887	33942	3258
102000	43	221	1610	10022	327	1130	32399	4532
103000	58	197	1876	9528	491	1011	32612	4267
104000	63	267	1762	9940	373	820	31064	2786
105000	47	207	2101	9514	172	936	32737	3209
106000	40	271	1842	10040	130	880	32783	2880
107000	38	204	1361	10919	161	779	34288	2903
108000	24	279	1295	10939	178	816	32911	2570
109000	39	210	1779	10419	159	654	32603	2297
110000	61	196	2071	9903	223	599	33444	2372
111000	43	246	1791	10309	234	699	33181	2630
112000	45	191	1832	10434	277	456	34740	2482
113000	52	202	1879	10612	142	295	35460	1253
114000	15	243	1345	11298	107	484	36214	1222
115000	22	220	1261	11615	39	372	36269	913
116000	12	219	1080	11993	95	283	35066	956
117000	28	281	1154	12020	12	130	37442	420
118000	17	237	1339	11852	0	53	35989	61
119000	35	278	1185	12097	0	33	37656	105
120000	23	252	1024	12328	0	25	37624	172
121000	21	287	978	12417	7	33	36819	193
122000	12	240	1006	12382	5	28	37828	148
123000	14	271	1138	12171	0	37	36287	238
124000	19	230	1198	12092	0	33	37313	81
125000	23	241	1343	11772	16	82	37095	167
126000	27	254	1427	11599	19	70	36999	341
127000	34	264	1729	11306	0	0	36587	10
128000	53	256	1777	11093	71	0	36392	221
129000	19	233	1872	10956	76	5	36846	298
130000	27	207	1491	11655	73	9	34612	314
131000	28	267	1386	11792	0	0	36689	45
132000	27	232	1922	10890	0	8	36359	5
133000	46	198	2591	9855	56	2	34150	172
134000	57	233	2990	9208	40	0	32999	96
135000	43	226	2771	9569	0	6	34532	0
136000	71	201	3042	8987	54	0	33683	135
137000	45	171	2567	9933	44	4	33671	116
138000	32	227	1592	11432	48	1	36845	226
139000	23	284	1531	11509	57	20	36134	200
140000	22	244	1410	11807	3	25	36375	64
141000	21	208	1312	11983	0	0	37735	1
142000	31	277	1283	11704	110	100	36025	755
143000	25	274	1119	12095	32	69	36941	266
144000	22	227	1236	11976	2	96	37465	266
145000	45	263	1899	10900	0	53	35805	167
146000	34	214	1717	11264	90	0	35933	0
147000	35	250	1882	10905	0	60	35039	181
148000	33	193	2037	10665	11	124	35403	439
149000	30	244	1581	11471	0	33	35315	189
150000	28	229	1527	11444	2	111	36571	307
151000	36	217	1234	11919	3	117	37042	387
152000	16	237	1360	11731	8	73	37040	254
153000	17	250	1103	12061	42	159	35812	789
154000	20	226	1021	12133	38	268	36729	1068
155000	19	248	1003	12313	0	135	35990	253
156000	10	302	850	12519	12	112	35858	308
157000	18	201	1450	11663	0	52	36361	111
158000	37	245	1233	11955	0	40	36227	73
159000	27	213	1288	11882	32	66	36636	233
160000	22	291	1245	11945	0	74	35634	272
161000	26	193	1466	11688	0	42	35937	74
162000	29	242	1280	11960	4	71	37127	128
163000	33	218	1572	11477	7	103	37338	351
164000	36	259	1367	11712	15	144	35682	513
165000	34	203	1514	11366	187	37	36614	488
166000	31	288	1365	11515	206	101	36345	870
167000	33	218	1647	11243	166	21	36186	450
168000	54	248	1331	11671	135	66	37535	561
169000	17	234	1363	11604	83	168	36622	610
170000	44	251	1126	11908	8	258	35713	520
171000	27	282	1506	11286	50	291	34757	898
172000	26	239	1455	11480	53	220	37052	577
173000	27	265	1346	11728	0	92	36033	149
174000	45	255	1223	11886	26	157	35773	586
175000	39	254	1666	11273	19	25	36584	157
176000	30	264	1271	11921	0	53	35631	299
177000	19	216	1514	11596	0	39	36539	114
178000	45	209	1737	11194	1	69	36392	75
179000	26	240	1212	12115	0	6	37169	14
180000	29	269	1341	11843	0	18	35763	12
181000	27	218	1434	11646	91	9	34906	333
182000	11	261	1222	12031	30	13	37694	134
183000	36	247	1121	12013	29	149	35674	810
184000	15	277	1030	12263	26	84	36244	371
185000	24	248	1062	12223	10	82	37308	193
186000	35	239	1463	11526	0	120	35262	222
187000	33	273	1206	12004	5	45	36662	133
188000	28	262	1257	11982	0	0	36838	23
189000	28	239	1184	12052	93	2	36630	199
190000	20	203	1450	11506	137	73	36871	520
191000	56	235	1465	11214	401	94	35125	1321
192000	51	227	1487	11299	227	108	35243	862
193000	29	239	1285	11629	239	163	34846	866
194000	22	211	1150	11480	220	534	35234	1863
195000	19	237	1122	11458	294	480	34806	2070
196000	35	243	1621	10801	212	380	35664	1794
197000	49	263	1927	10436	202	303	33683	1355
198000	31	207	1509	11132	123	353	34413	1101
199000	38	211	1479	11091	183	405	35134	1480
200000	38	274	1446	10955	187	520	35187	2142
201000	23	220	1340	11053	196	660	35106	2565
202000	32	220	1682	10265	151	964	32492	3177
203000	40	232	1755	10198	110	887	33642	3037
204000	25	237	1520	10428	59	1097	33756	3203
205000	25	207	1637	10170	246	1031	32324	3243
206000	24	252	1324	10489	316	1077	34044	4370
207000	53	211	1221	10450	391	1281	32328	4660
208000	40	233	1467	9653	519	1530	30854	4816
209000	35	237	1375	10014	535	1304	31690	4358
210000	48	265	1353	9488	566	1775	30021	6179
211000	40	274	1238	9652	515	1820	30415	6990
212000	47	230	1268	9321	306	2306	28944	7134
213000	36	226	1470	9303	561	1810	31084	6055
214000	35	245	1385	9514	704	1618	30856	5761
215000	39	222	1342	9532	688	1666	29681	6398
216000	53	221	1590	9066	625	1804	30363	6707
217000	28	233	1680	9734	409	1242	30550	5007
218000	22	217	1346	10105	359	1447	32929	5051
219000	46	229	1483	10029	311	1316	32249	4518
220000	40	268	1263	10056	310	1595	31072	5763
221000	28	237	1274	10231	409	1342	30585	4773
222000	39	261	1208	10538	212	1307	31697	4374
223000	29	232	1292	10296	216	1508	31588	4643
224000	35	237	1459	10129	382	1207	32710	4102
225000	26	255	1123	10889	308	1028	32093	3601
226000	22	225	1311	10406	205	1353	33431	3964
227000	29	197	1288	10608	419	907	32862	4062
228000	33	260	1465	10147	360	1131	32994	4077
229000	40	230	1419	10047	220	1450	31773	4552
230000	31	208	1426	10138	202	1466	32319	4868
231000	25	274	1269	10424	197	1345	32765	4151
232000	25	234	979	10943	105	1402	33802	4282
233000	29	233	1212	10525	207	1367	33154	4004
234000	38	225	1453	10068	333	1332	32071	5246
235000	27	227	1447	10147	286	1288	31448	4465
236000	30	246	1657	9677	259	1457	32051	4885
237000	23	251	1384	10078	121	1630	32280	4945
238000	30	227	1506	10116	165	1424	31943	4441
239000	28	286	1149	10854	159	1090	33557	3422
240000	28	210	1334	10699	57	1242	32068	3870
241000	17	249	1222	10709	97	1236	32776	3588
242000	28	243	1149	10464	322	1366	31427	4154
243000	42	250	1171	10388	237	1497	31027	5408
244000	15	249	1181	10902	127	1083	33768	3774
245000	41	251	1196	11195	111	806	34946	2662
246000	40	242	1072	11385	211	702	34930	1936
247000	27	230	1200	11051	289	737	34073	2073
248000	32	239	1167	11428	267	470	35627	2169
249000	38	235	1302	11378	126	452	35064	1772
250000	45	243	1310	11152	275	480	33561	2052
251000	22	222	1018	11486	126	766	34635	2531
252000	39	243	1121	11415	109	658	35649	2236
253000	29	211	1441	10865	187	676	34804	2194
254000	30	214	1411	10967	240	614	33884	2213
255000	33	229	1193	11407	144	493	35555	1734
256000	35	244	1176	11612	186	343	34825	1303
257000	24	254	1117	11555	89	591	34434	1779
258000	32	274	1040	11752	52	500	34259	1456
259000	24	235	1226	11765	16	317	36040	1006
260000	27	273	1444	11482	42	147	34179	648
261000	42	224	1706	11060	86	103	35402	650
262000	34	230	1261	11652	128	202	36306	1145
263000	22	285	1220	11808	24	214	37543	786
264000	30	208	1513	11474	15	168	35874	916
265000	37	238	1427	11588	69	42	36711	290
266000	43	236	1687	11262	0	67	35877	305
267000	37	228	1489	11620	0	91	34851	302
268000	16	243	1274	11924	0	31	36435	138
269000	36	230	1224	12034	0	23	37110	85
270000	36	278	1271	11920	0	0	35766	45
271000	40	220	1592	11457	45	0	37295	245
272000	42	232	1778	11042	48	17	36008	82
273000	57	181	1973	10756	0	133	34369	292
274000	52	211	1515	11475	22	118	35315	230
275000	34	253	1557	11455	0	61	35261	279
276000	24	250	1397	11726	5	59	36094	127
277000	23	230	1438	11634	0	104	35082	176
278000	21	251	1313	11782	6	118	35241	345
279000	19	296	1129	12048	12	146	36442	311
280000	34	240	1480	11438	18	205	35724	618
281000	22	260	1546	10961	24	550	34214	1508
282000	25	262	1166	11405	106	558	35785	1986
283000	21	251	1210	11544	106	510	33809	1647
284000	28	237	1425	11407	47	295	36622	1184
285000	45	228	1765	11130	35	121	35774	648
286000	52	235	2116	10421	3	128	34955	427
287000	48	186	1888	10950	15	153	34942	503
288000	53	252	2009	10501	39	252	34203	613
289000	18	253	1558	11291	25	243	35641	730
290000	44	197	1623	11433	0	58	35831	299
291000	43	258	1764	11023	4	154	34039	420
292000	41	202	1729	11238	0	115	35994	364
293000	36	204	1508	11646	0	0	37245	5
294000	40	246	1714	11270	0	6	36115	57
295000	57	221	2072	10687	71	0	35341	248
296000	51	210	2117	10469	119	0	34972	162
297000	39	241	1700	11092	82	122	34009	444
298000	32	230	1464	11372	81	246	36756	901
299000	38	200	1866	10650	223	172	35161	988
300000	42	271	2106	10022	175	447	33126	1256
301000	44	224	2090	9949	209	560	32747	2655
302000	51	169	2465	8926	446	719	31621	3289
303000	68	201	2488	8521	372	1121	31086	3887
304000	51	188	1954	9279	477	1227	31376	4162
305000	51	193	2149	8841	428	1324	30109	4513
306000	69	188	2733	8068	478	1118	30429	4393
307000	53	192	1833	9366	662	1058	31834	4881
308000	43	233	1743	9415	562	1288	30349	4916
309000	41	265	1544	10156	467	968	30296	4120
310000	44	241	1869	10003	369	640	32113	3044
311000	61	210	2031	9526	352	905	32849	4215
312000	33	268	1864	9991	221	807	31398	3061
313000	29	239	1344	11371	190	349	34425	1495
314000	45	253	1383	11544	13	233	35385	621
315000	38	262	1593	11223	19	166	35180	463
316000	16	264	1172	11816	0	311	36536	945
317000	15	272	1560	11303	36	173	35346	694
318000	49	240	1481	11216	135	254	35369	865
319000	25	244	1287	11738	125	145	36298	704
320000	49	255	1592	10808	308	335	34378	1381
321000	40	179	1923	10318	300	428	33516	1929
322000	43	198	1920	10356	260	327	35729	1272
323000	61	218	2077	9809	281	530	33235	2067
324000	48	209	1855	10371	193	588	32106	1820
325000	60	192	2194	9873	245	368	34154	1861
326000	46	176	2007	10303	270	330	34214	1618
327000	27	242	1578	11038	272	192	34909	1218
328000	39	243	1521	11239	126	203	35710	974
329000	44	227	1777	10841	93	247	34612	731
330000	20	252	1271	11396	168	473	35266	1916
331000	24	222	1465	11242	34	459	34364	1361
332000	43	209	1451	11333	52	354	33425	1192
333000	32	265	1393	11397	164	251	36118	991
334000	32	237	1058	11980	107	248	36256	1194
335000	14	277	911	12091	58	420	35457	1330
336000	32	222	1126	11893	24	316	37217	1075
337000	21	256	1088	12076	4	217	36935	766
338000	36	252	1087	12063	7	181	36996	543
339000	29	270	1040	12006	4	334	36358	801
340000	58	290	1448	11415	20	155	35579	511
341000	41	218	1687	11290	0	44	34627	155
342000	23	254	1672	11403	3	0	37045	12
343000	34	237	2052	10520	88	38	34905	482
344000	42	210	1636	11263	95	17	36951	404
345000	58	196	2106	10687	43	35	35508	273
346000	33	236	1813	11088	6	35	35790	130
347000	29	246	1352	11740	75	23	36264	344
348000	40	221	2023	10706	11	88	34892	272
349000	31	260	2110	10635	0	0	35704	6
350000	37	215	1765	11115	146	12	35283	458
351000	33	249	1390	11549	213	45	36656	716
352000	33	228	1759	11132	72	54	35308	416
353000	53	230	1586	11320	54	51	36461	210
354000	48	243	1651	11197	74	103	35691	456
355000	33	265	1458	11561	117	7	36277	217
356000	30	226	1294	11711	138	108	36459	675
357000	22	253	1404	11591	61	215	35481	825
358000	29	242	1541	11267	46	283	35656	982
359000	35	228	1285	11568	43	374	34969	1384
360000	21	258	1290	11809	48	110	35920	344
361000	20	265	1153	11961	96	118	37459	615
362000	16	267	1024	12264	22	140	36895	514
363000	28	235	990	12322	76	65	37704	516
364000	41	271	1395	11603	0	160	34853	417
365000	39	260	1412	11664	0	79	35172	252
366000	39	271	1702	11138	1	103	36082	290
367000	45	241	2168	10412	0	102	35506	256
368000	35	253	1852	10864	5	195	35782	327
369000	22	202	2030	10770	0	11	35976	50
370000	57	232	2443	10062	0	0	33974	3
371000	41	245	1941	10801	74	16	34976	191
372000	30	264	1620	11169	248	50	36508	757
373000	24	269	1436	11467	125	99	35538	768
374000	51	221	1393	11308	319	151	35290	1137
375000	42	220	1420	11114	243	375	35136	1740
376000	48	248	1624	10581	175	622	33759	1798
377000	34	280	1352	11201	141	509	35809	1911
378000	35	215	1682	10895	76	414	35154	1222
379000	26	232	1420	11215	195	390	34925	1953
380000	49	245	1422	11391	55	286	35372	1112
381000	20	262	1321	11685	27	234	37150	1004
382000	17	223	1134	12070	2	173	38609	682
383000	17	278	1102	12032	5	132	35950	376
384000	32	236	978	12392	0	49	38140	173
385000	16	247	959	12401	103	0	38315	0
386000	36	248	1549	11426	52	41	36689	295
387000	38	226	1487	11535	158	3	35356	444
388000	50	204	1758	11183	19	25	35550	152
389000	27	303	1696	11133	7	142	35181	514
390000	9	226	1358	11692	13	113	37088	287
391000	22	237	1123	12060	3	150	36271	588
392000	39	266	1190	11963	2	87	37596	219
393000	22	258	1206	11914	0	175	36657	512
394000	24	264	1475	11381	12	246	35692	930
395000	37	226	1469	11470	4	212	35000	849
396000	43	236	1435	11475	27	183	36280	575
397000	28	217	1685	11145	58	238	34698	830
398000	25	256	1263	11760	9	232	36422	551
399000	36	236	1557	11424	3	101	36008	274
400000	61	307	2032	10496	10	236	34837	500
401000	30	212	2138	10235	72	237	33969	864
402000	47	219	1962	10775	108	26	35024	512
403000	52	199	2184	10533	63	18	36087	300
404000	61	218	1874	10617	83	303	34834	1376
405000	42	214	1996	10452	33	397	34887	1248
406000	20	198	1794	10796	90	374	34648	1514
407000	20	258	1638	10771	102	511	34095	1933
408000	39	236	2188	10090	20	449	34664	967
409000	30	231	1854	10237	104	769	32899	2480
410000	60	208	1737	10186	378	700	32004	2619
411000	30	248	1548	10364	434	772	33051	3354
412000	29	253	1326	10868	368	679	34063	3068
413000	34	206	1293	10909	335	741	34287	2891
414000	70	214	1755	10235	236	684	32831	2252
415000	42	255	1555	10791	136	586	34139	2143
416000	46	208	1471	11047	327	391	34881	1865
417000	43	271	1426	11375	90	324	35252	1395
418000	12	238	1219	11689	49	419	35459	1309
419000	33	225	1435	11402	87	238	35828	774
420000	24	227	1334	11611	67	183	35241	906
421000	24	205	1530	11436	40	135	36530	646
422000	52	228	1549	11348	29	167	34907	540
423000	30	256	1168	11940	1	195	35534	684
424000	15	258	986	12150	10	272	35995	579
425000	18	254	998	12053	27	329	36474	865
426000	39	222	1547	11297	4	242	36113	758
427000	23	229	1501	11324	6	385	35123	722
428000	33	285	1862	10637	37	354	34908	1208
429000	34	245	1489	11501	5	142	36743	308
430000	43	254	1731	11101	6	125	34672	458
431000	29	241	1985	10803	0	0	35356	7
432000	37	255	2014	10844	0	11	35264	19
433000	64	209	2432	9950	121	27	33859	301
434000	44	220	1938	10805	35	2	35305	64
435000	76	255	2511	9859	0	54	35108	361
436000	80	204	2773	9399	90	0	33535	351
437000	62	212	2302	10305	22	4	35118	90
438000	37	206	1998	10883	0	0	34287	2
439000	47	227	1746	11129	92	1	36212	337
440000	47	273	2186	10324	7	128	34613	462
441000	55	267	1996	10810	0	40	34675	113
442000	50	236	1396	11736	7	31	36531	144
443000	37	219	1505	11645	0	0	36748	5
444000	78	238	1840	10980	10	28	36403	142
445000	36	229	1593	11294	168	1	36129	355
446000	39	259	1560	11381	106	8	35060	209
447000	32	251	1273	11953	44	0	36749	93
448000	24	239	1205	12051	14	1	37075	57
449000	11	221	942	12534	70	3	37794	79
450000	31	246	1210	12019	64	8	36818	173
451000	34	265	1493	11380	169	39	35997	446
452000	34	243	1437	11551	130	62	35107	583
453000	45	235	1760	11232	21	11	36181	84
454000	24	256	1732	11159	3	61	36799	163
455000	29	263	1240	11963	0	67	36615	145
456000	17	301	1187	12061	0	65	36113	201
457000	30	210	1758	11248	6	0	36570	8
458000	40	223	1396	11777	19	20	36920	88
459000	25	223	1253	11889	150	4	37343	290
460000	34	190	1649	11237	150	61	36139	636
461000	37	267	1576	11161	125	184	35444	1036
462000	35	241	1698	11006	69	236	36302	992
463000	26	206	1332	11717	86	132	36201	636
464000	25	237	1174	11666	130	374	33846	1289
465000	21	240	1012	11792	162	453	35444	1283
466000	29	214	1379	11353	58	465	35680	1786
467000	45	236	1539	10811	89	608	34064	1554
468000	45	203	1790	10445	107	557	34198	2227
469000	27	182	1728	10928	78	334	34858	1430
470000	23	285	1443	11271	10	348	33879	1034
471000	21	243	1594	10963	69	421	35357	1216
472000	24	215	1450	10896	90	781	34437	2036
473000	17	270	1024	11701	149	551	35837	1809
474000	21	224	1094	11321	346	621	33677	2538
475000	21	217	1096	11538	171	565	35849	2110
476000	24	235	1148	11642	78	511	35088	1751
477000	23	258	1168	11547	104	500	34404	2171
478000	25	276	1260	11439	87	455	35117	1549
479000	43	294	1561	10900	163	405	33794	1678
480000	34	265	1379	11325	136	291	34464	1186
481000	27	243	1417	11502	59	276	36591	659
482000	28	258	1353	11602	28	258	36341	778
483000	50	207	1617	11353	0	119	36024	272
484000	16	233	1464	11612	4	101	35928	166
485000	36	232	1639	11318	66	34	34948	181
486000	12	228	1046	12379	1	27	37470	204
487000	28	247	958	12500	0	4	36758	1
488000	22	250	1295	11806	101	0	35971	138
489000	26	240	1400	11655	139	40	35473	555
490000	34	260	1195	11777	145	166	36433	647
491000	34	220	1315	11591	277	87	35581	1070
492000	37	239	1373	11376	364	102	36777	1076
493000	36	227	1390	11277	430	100	34172	1278
494000	40	260	1757	10810	165	248	34703	1393
495000	52	224	1631	11015	177	250	35120	1132
496000	41	234	1681	11097	121	156	35632	741
497000	41	229	1027	11966	54	390	36066	1128
498000	29	213	1220	11523	71	520	35125	1749
499000	25	269	963	11940	58	452	36396	1335
500000	26	261	1400	10998	24	693	34833	1903
501000	34	205	1488	10773	63	822	33836	2383
502000	27	202	1616	10519	40	955	32642	2853
503000	48	229	1840	10242	106	690	34442	1983
504000	30	225	1908	10440	19	522	35842	1440
505000	36	230	1722	10717	166	392	33960	1366
506000	55	252	1737	10565	314	319	35085	1906
507000	46	220	1969	10317	256	295	34670	1807
508000	41	215	1874	10475	237	290	33938	1327
509000	36	223	1609	10872	156	376	33937	1532
510000	32	207	1357	11148	234	526	33917	1960
511000	37	245	1560	10813	193	589	34282	2632
512000	36	240	1340	10764	256	823	33892	3043
513000	35	284	1288	10731	234	947	31906	3105
514000	13	237	1057	11046	99	1224	33710	3383
515000	36	274	1241	10340	158	1482	32094	4810
516000	38	287	1376	10243	113	1464	31733	3677
517000	26	228	1170	10558	208	1378	33092	4063
518000	45	241	1284	10041	373	1511	30893	5132
519000	25	249	920	11231	164	1146	33774	3397
520000	34	265	1075	10560	257	1490	31949	4593
521000	20	262	1150	9951	353	1866	31420	6033
522000	59	267	1186	9627	529	1959	29725	5952
523000	44	286	1420	10036	188	1542	31082	5089
524000	36	229	1562	9437	388	1742	31046	6297
525000	26	187	1068	10253	314	1802	30794	5971
526000	42	219	1291	10467	191	1343	32744	3876
527000	23	265	1340	10731	276	889	35102	3443
528000	37	234	1279	10827	313	862	31759	3362
529000	28	257	1525	10434	344	762	32866	3125
530000	21	265	1455	10437	353	953	34499	2830
531000	45	281	1217	10887	282	860	32531	2847
532000	24	242	1033	11284	267	792	33662	3399
533000	30	282	1260	11102	233	645	34528	2787
534000	46	243	1208	11022	120	875	34580	2615
535000	22	203	1280	10632	173	1241	34566	3625
536000	34	249	1482	10235	226	1217	32507	4309
537000	44	214	1245	10129	353	1548	32667	5367
538000	35	233	1467	9792	294	1569	31817	5432
539000	48	223	1828	9565	337	1208	31570	4040
540000	38	192	1890	9809	252	972	32742	3065
541000	44	276	2047	9856	204	712	33554	2468
542000	45	199	1942	10198	77	576	34497	2039
543000	74	208	2030	9922	377	468	32249	2460
544000	60	213	1897	10497	128	333	33775	1645
545000	29	218	1541	11349	59	201	34976	870
546000	21	247	1302	11716	48	194	35304	1038
547000	34	206	1831	10566	132	388	33754	1729
548000	35	265	1367	11390	118	306	35123	1052
549000	29	230	949	12230	35	240	36040	669
550000	18	243	963	12061	58	384	35751	959
551000	22	247	1390	11261	95	473	35752	1237
552000	33	316	1443	10798	103	741	33665	2346
553000	26	253	1103	11129	233	825	33527	3000
554000	34	239	1162	11116	234	794	32404	2657
555000	20	239	1047	11230	189	926	33949	3091
556000	31	260	1035	11307	67	977	32346	3053
557000	14	211	852	11620	110	979	35072	2754
558000	16	235	1008	11627	62	704	34747	2145
559000	33	235	970	11605	87	798	35283	2707
560000	29	226	1052	11372	40	901	35720	2598
561000	31	259	1244	11345	31	651	35497	1972
562000	16	258	994	11720	18	699	35131	1573
563000	26	234	1146	11540	17	635	35132	1762
564000	27	239	1466	10957	74	629	35190	1649
565000	37	249	1321	11259	24	602	34161	2124
566000	32	274	1294	11381	19	493	35517	1233
567000	21	288	910	11818	87	564	35565	2013
568000	13	252	1059	11777	24	565	36120	2041
569000	24	260	1182	11551	38	503	35501	1126
570000	33	242	1337	11284	137	463	34383	1889
571000	31	243	1407	11230	73	496	34285	1603
572000	55	225	2017	10241	22	475	32945	1370
573000	64	242	2067	9862	43	701	33973	1727
574000	14	253	1414	11195	43	547	34203	1680
575000	25	235	1250	11108	88	838	35583	2430
576000	33	240	1123	11426	170	638	34160	2575
577000	19	219	1110	11597	28	639	35789	2140
578000	19	261	1278	11346	42	571	35284	1777
579000	24	222	1244	11408	128	562	35958	2052
580000	31	234	1437	11337	117	298	35762	1329
581000	19	258	1460	10879	119	610	34666	1668
582000	36	252	1413	10949	54	778	34325	2125
583000	42	194	1348	10885	177	807	34322	3007
584000	40	288	1325	10742	232	939	35094	3037
585000	28	233	1094	10889	227	1117	33839	3077
586000	24	241	1065	10656	158	1489	32913	5182
587000	25	249	1177	10530	64	1590	31913	4136
588000	31	228	1209	10055	161	1852	29741	5287
589000	26	222	1440	9864	428	1463	31858	5568
590000	33	230	1435	9794	337	1611	31428	5420
591000	25	235	1234	10380	231	1458	32299	4584
592000	25	269	961	10901	192	1374	32218	4332
593000	21	233	1092	10858	218	1223	33108	4030
594000	37	282	1080	10791	347	1103	32674	3833
595000	24	265	1158	10699	431	1018	32716	4205
596000	45	212	1340	10459	358	1039	32626	3780
597000	31	266	1406	9730	430	1597	31112	5863
598000	39	226	1515	9765	352	1455	29865	5721
599000	36	249	1210	9906	438	1742	29996	5901
600000	30	240	1086	10171	417	1735	31430	6214
601000	26	251	1078	10036	410	1907	30727	6662
602000	40	193	1523	9797	548	1306	29893	5322
603000	27	245	1870	8780	521	1764	29513	6024
604000	43	232	1903	8769	479	1693	29820	5233
605000	48	218	2074	9154	338	1296	30796	4831
606000	57	250	1883	9111	435	1469	30256	5263
607000	37	240	1357	9680	634	1584	31040	6027
608000	46	240	1458	9489	620	1598	30403	6123
609000	47	211	1325	10011	474	1413	32303	5136
610000	25	243	1345	10206	319	1431	31801	4794
611000	21	256	1268	10069	447	1421	32305	4826
612000	23	239	1302	10062	436	1465	30734	4998
613000	38	211	1351	10578	256	997	31698	3806
614000	38	218	1355	10499	323	1092	33014	3538
615000	35	245	1532	9981	372	1192	32910	4018
616000	34	226	1511	10238	430	945	31840	4218
617000	48	256	1364	9872	373	1553	32215	5148
618000	42	265	1252	10282	486	1240	32883	4398
619000	45	277	1436	9959	614	1103	31361	4776
620000	33	240	1125	10796	410	1008	34818	4124
621000	28	236	1338	10354	334	1211	31731	4305
622000	24	248	1215	10488	313	1292	32121	4366
623000	39	220	1436	10618	252	873	32307	3057
624000	31	257	1195	10589	155	1382	33283	3875
625000	20	210	1164	10808	351	980	32909	3703
626000	31	226	1544	9931	353	1289	32092	4711
627000	32	259	1492	10193	218	1236	32967	4054
628000	34	232	1294	10554	190	1192	32394	3801
629000	41	199	2046	9937	198	668	34695	2710
630000	30	223	1790	10050	254	873	32473	3205
631000	32	259	1664	10641	128	576	34080	2088
632000	44	259	1583	10889	168	457	33571	1972
633000	27	296	1247	11452	64	450	34470	1730
634000	29	251	1265	11510	51	455	35536	1543
635000	23	270	1191	11570	45	424	36158	1148
636000	16	274	1343	11519	42	295	34832	826
637000	22	264	1109	11767	29	416	35630	1204
638000	14	272	1380	11473	20	312	34851	968
639000	25	258	1064	12008	20	280	36725	687
640000	25	223	1086	12059	18	200	37030	534
641000	15	240	1055	12197	16	171	36950	423
642000	19	269	997	12243	5	144	36369	317
643000	19	271	1060	12201	38	99	37126	300
644000	20	261	831	12520	31	118	37367	462
645000	24	285	1042	12266	1	63	36167	163
646000	24	268	1065	12283	0	12	36450	36
647000	21	262	810	12677	0	5	36580	5
648000	28	261	1061	12163	105	37	36681	236
649000	19	226	1296	11850	17	71	36316	229
650000	15	269	1271	11964	11	41	37740	172
651000	11	224	1353	11868	4	41	36532	38
652000	20	240	1301	11851	0	79	36826	193
653000	47	241	1660	11392	0	8	36312	44
654000	23	257	1569	11491	8	0	37165	89
655000	23	212	1313	11865	57	0	35283	152
656000	21	263	1006	12317	21	17	36920	100
657000	34	232	1214	12028	25	12	38380	139
658000	33	213	1042	12137	171	47	36612	441
659000	20	245	1107	12050	42	105	36444	342
660000	25	246	1501	11573	33	68	35799	357
661000	39	250	1555	11428	43	0	36760	40
662000	27	276	1793	10975	100	67	35166	524
663000	38	220	1667	11219	54	124	34989	436
664000	26	239	1607	11433	54	20	36605	268
665000	18	282	1102	12211	13	17	36197	87
666000	22	228	1486	11685	0	44	35826	38
667000	40	236	1797	11056	96	1	36929	236
668000	49	219	2044	10578	175	6	34141	331
669000	43	256	2390	9969	168	62	34436	575
670000	25	239	1313	11770	9	122	36782	346
671000	24	204	1504	11404	87	182	36479	622
672000	37	253	1401	11612	0	167	35724	311
673000	46	220	1988	10738	18	116	34752	495
674000	42	264	1603	11262	46	75	35551	327
675000	36	242	1345	11803	0	8	36700	20
676000	24	251	1657	11403	3	26	34771	76
677000	22	237	1507	11406	23	211	35116	726
678000	24	226	1330	11645	5	260	35885	893
679000	25	253	1145	11825	43	336	35825	1015
680000	43	226	1344	11325	41	510	36052	1668
681000	23	232	1297	11570	13	362	36482	1098
682000	20	241	1123	12012	0	250	37033	840
683000	29	275	1444	11561	4	105	35379	307
684000	27	203	1572	11469	27	20	37145	175
685000	23	275	1135	12138	40	1	37998	198
686000	21	228	1498	11572	68	18	37135	201
687000	37	231	1366	11824	60	28	35557	297
688000	26	250	1277	11845	69	34	37638	301
689000	19	237	1497	11675	24	2	37248	116
690000	45	233	1491	11648	0	36	36059	61
691000	24	267	1472	11605	0	24	36310	78
692000	40	226	1338	11799	0	98	36143	206
693000	22	238	1276	11898	0	118	36419	400
694000	20	271	982	12179	0	281	36188	712
695000	22	234	981	12175	37	266	36340	879
696000	19	286	1203	11811	11	260	36972	754
697000	37	220	1843	10775	32	325	35578	1052
698000	38	233	2017	10306	65	405	34963	1044
699000	52	206	2678	9360	22	361	34244	1152
700000	69	219	2334	9813	52	529	33367	2138
701000	53	186	2591	9103	82	678	34755	1614
702000	87	207	2440	9016	128	965	31175	2815
703000	82	192	2696	7940	294	1380	28709	4558
704000	58	202	2132	9035	614	995	30834	4347
705000	60	224	2024	8799	585	1379	30104	5445
706000	69	211	2247	8709	528	1173	30717	4267
707000	73	194	2087	8266	624	1820	27049	7354
708000	67	230	1890	8775	758	1438	30841	6162
709000	41	245	1431	9869	562	1339	29831	5773
710000	55	255	1827	9287	636	1175	32837	4975
711000	43	230	1489	9649	862	1059	30282	5184
712000	60	213	1870	9518	659	857	31776	4271
713000	38	215	2199	8868	372	1323	29665	5349
714000	45	192	2027	8954	486	1400	30285	5088
715000	61	183	2498	8862	279	891	31429	3296
716000	28	301	2145	9288	128	1160	31137	4024
717000	45	217	2108	9173	158	1365	30123	4421
718000	44	247	1509	9997	263	1339	31289	4433
719000	25	273	1315	10106	308	1503	30405	4770
720000	16	266	1114	10878	146	1194	32461	3988
721000	41	226	1236	10708	237	1129	33404	3824
722000	34	226	1534	10485	193	885	32578	2983
723000	35	221	1386	10360	170	1285	32636	3664
724000	36	248	1082	11345	225	704	34704	2316
725000	37	237	1054	11401	108	772	35410	2193
726000	19	222	888	11716	226	672	35161	2185
727000	31	277	1180	10933	325	835	34431	2900
728000	38	216	1412	10590	437	719	33581	3036
729000	36	215	1423	10565	94	1094	34401	3496
730000	32	287	928	10753	141	1559	32504	4192
731000	32	230	1003	10825	348	1275	32837	4424
732000	27	259	1166	10203	414	1461	32098	5105
733000	49	281	1284	9984	425	1488	31020	5921
734000	25	230	1461	9747	550	1397	30894	5183
735000	43	243	1098	10632	349	1248	31214	4826
736000	35	246	1236	10375	227	1430	32330	4554
737000	39	260	1943	9921	317	643	32573	2971
738000	48	241	1452	10942	269	444	34071	1693
739000	31	238	1445	11032	164	502	36198	1960
740000	23	235	1360	11134	180	571	35608	1827
741000	26	254	1228	11295	128	654	34484	2335
742000	28	208	1185	11506	129	551	35509	2077
743000	15	257	1007	11765	118	494	35331	1795
744000	24	255	974	12053	121	250	35754	1116
745000	25	244	1097	11955	138	194	37430	769
746000	43	241	1380	11415	173	166	36407	882
747000	37	244	1625	11009	183	226	35332	1120
748000	32	244	1720	10944	185	175	34757	1041
749000	22	246	1797	10678	177	293	35548	1463
750000	39	214	1613	10989	298	168	34913	1310
751000	36	191	1926	10352	247	373	34596	1771
752000	36	208	2031	10177	225	487	34178	1970
753000	51	217	1737	10249	492	479	33245	2590
754000	44	249	2172	9697	177	706	32242	2771
755000	49	238	2031	9967	128	704	33322	2119
756000	65	248	2277	8941	273	999	31537	3227
757000	38	232	1812	9991	376	784	33181	3142
758000	48	258	1663	10264	249	858	31746	3470
759000	21	238	1151	10953	227	1052	34104	3370
760000	28	237	1287	10974	312	728	34715	3202
761000	33	227	1228	10794	335	919	33811	3175
762000	32	245	1342	10765	301	770	33607	3151
763000	40	234	1348	10968	86	821	34069	2420
764000	29	214	1264	10718	185	1108	33427	3478
765000	25	235	1315	10608	262	1064	33243	3721
766000	35	202	1330	9928	520	1464	31566	5352
767000	28	237	1338	9796	464	1650	30315	5303
768000	38	243	1763	9162	825	1314	30320	6317
769000	63	205	1734	9256	898	1133	29369	5541
770000	50	313	1797	8338	982	1770	27195	7106
771000	74	214	1679	8163	863	2291	26595	8833
772000	46	184	1904	7826	714	2436	26650	9090
773000	54	192	2410	7167	638	2385	27208	7769
774000	74	256	1828	7730	1348	1929	26557	9039
775000	57	204	1897	7521	1552	1954	25962	9116
776000	81	192	1592	8160	1481	1809	27844	9516
777000	59	176	1342	8482	1251	2249	27526	9903
778000	60	214	1401	8836	1014	1969	28323	8533
779000	51	192	1209	9471	539	2136	29118	8171
780000	45	241	1490	8775	545	2320	28691	8060
781000	62	202	1569	9057	419	2042	29533	6095
782000	43	235	1709	9373	233	1637	31712	5082
783000	17	231	1274	9781	324	1840	30382	6136
784000	32	209	1374	9680	368	1850	30283	6278
785000	25	217	1507	9422	383	1882	29433	6858
786000	29	283	1597	9121	443	1877	29011	6153
787000	34	259	1011	9683	628	2057	29249	7373
788000	28	250	1285	9525	589	1813	30256	6949
789000	28	265	1045	10025	604	1651	29723	6694
790000	42	281	1203	9557	797	1727	29728	6200
791000	34	221	1303	9799	323	1827	30027	6315
792000	41	243	1658	9144	402	1860	29563	6536
793000	59	262	1742	9603	205	1388	32180	4566
794000	40	228	1836	9066	413	1629	27496	5442
795000	40	243	1767	9051	346	1785	30133	5794
796000	35	193	1379	9250	355	2315	30205	7398
797000	43	245	1522	8675	571	2311	27663	8119
798000	31	256	1105	9639	651	1985	30316	7541
799000	38	243	1279	9226	496	2202	29163	7747
800000	34	231	1262	9281	676	1983	30264	7207
801000	30	200	1472	9070	770	1912	28789	7994
802000	41	253	1873	8526	416	2066	28500	6437
803000	51	242	2073	8306	521	1866	29657	6435
804000	25	252	1398	9122	405	2282	28816	7776
805000	50	245	1335	9406	325	2171	29902	6838
806000	44	171	1776	8686	271	2287	30193	6771
807000	34	216	1392	9056	568	2246	27640	7222
808000	46	215	1154	9198	563	2394	29251	8502
809000	46	223	1511	8977	802	1876	28835	7466
810000	48	208	1574	9291	628	1624	29113	6478
811000	61	280	1560	8935	722	1803	29204	7345
812000	71	235	2034	7893	713	2059	27817	7079
813000	67	238	2101	7540	826	2298	25671	8557
814000	58	184	1681	7298	906	3161	24916	11848
815000	40	233	1151	7638	949	3602	24437	12223
816000	52	227	1113	7659	967	3581	24740	12389
817000	57	218	990	7304	1135	3988	22988	14134
818000	22	209	1132	8015	830	3403	26068	12528
819000	44	220	998	8089	1154	3207	24622	12260
820000	32	213	929	7717	963	3863	24071	13502
821000	37	209	1065	8072	1022	3235	25658	12217
822000	49	240	1423	7864	709	3157	25698	10521
823000	87	179	1770	7495	879	2787	25606	10693
824000	50	232	1391	7802	1022	3003	25517	11466
825000	53	188	1364	7633	1002	3239	25392	11832
826000	47	195	1187	7450	1182	3487	24138	12740
827000	60	220	1298	7202	1087	3693	23248	13541
828000	33	246	1147	6415	1099	4689	21503	14988
829000	26	182	1116	6017	1338	4978	20621	17319
830000	33	262	1073	5944	1182	5144	19876	17588
831000	61	192	1449	5841	1370	4527	19889	17162
832000	57	223	1407	6473	1551	3729	21843	15247
833000	72	194	1551	5419	2054	4066	18979	17295
834000	92	170	1572	5800	2316	3345	20000	15908
835000	76	210	1557	6129	2057	3352	21348	15632
836000	69	182	1610	5913	1992	3544	20338	15491
837000	73	160	1745	6426	1849	2985	22487	13370
838000	65	225	1409	6452	1458	3858	20485	15353
839000	71	233	1331	6844	1306	3686	22617	14213
840000	52	230	1308	7283	1250	3365	24488	12549
841000	51	214	1641	7293	1447	2691	24658	11898
842000	75	216	1933	6483	1579	2892	23038	12642
843000	45	206	1690	6825	1430	3008	24006	12813
844000	66	275	1477	6841	1171	3574	24143	13221
845000	69	172	1622	7132	1119	3218	24151	12341
846000	61	226	1307	7349	1436	3111	24270	12919
847000	55	178	1866	6815	1343	2938	24656	12125
848000	69	183	1482	7342	1390	2947	24943	11584
849000	60	209	1430	7762	1176	2840	23722	11662
850000	48	258	1736	7281	744	3232	25481	10225
851000	71	218	1961	7160	924	2803	25865	10299
852000	36	229	1586	7959	976	2554	26266	9544
853000	51	180	1502	8213	983	2464	26907	10468
854000	61	159	1443	8122	1259	2345	26899	10131
855000	48	193	1269	8611	1086	2293	26811	10012
856000	46	218	1353	9096	819	1916	30479	7197
857000	37	257	1264	8687	1018	2270	27130	8660
858000	70	230	1621	8752	510	2165	27731	7907
859000	38	236	1532	9448	332	1876	29706	7005
860000	51	224	1388	9361	758	1646	30910	6547
861000	45	183	1513	9061	589	2022	30937	7000
862000	44	223	1456	8736	744	2265	28603	8681
863000	48	227	1437	8546	678	2487	27861	8514
864000	40	211	1242	8772	741	2537	27797	8982
865000	28	230	1419	8505	853	2420	27039	9195
866000	48	207	1762	8329	458	2446	28922	7743
867000	29	211	1371	9137	500	2206	29064	7031
868000	55	194	1462	8756	719	2190	29070	8110
869000	42	198	1697	8610	851	1869	28024	7235
870000	61	172	1534	8811	854	1922	28832	7816
871000	62	207	1629	8732	635	2123	28656	7778
872000	65	222	1290	9098	702	2142	29394	7884
873000	31	244	1064	8874	824	2596	27840	9140
874000	23	217	1142	8912	407	2923	28424	9765
875000	37	272	986	9199	439	2777	28720	8152
876000	20	214	1054	9574	288	2558	28814	8561
877000	22	207	1120	9880	376	2008	29937	7246
878000	26	238	1330	9370	612	1885	29954	6442
879000	40	239	1503	9120	515	1953	28159	6636
880000	39	252	1635	8401	829	2117	27729	7663
881000	51	235	1590	7828	961	2692	25063	9607
882000	52	191	1201	8177	1190	2803	26290	12132
883000	78	194	1361	7565	1493	2768	24618	11401
884000	63	215	2114	6720	1604	2310	25072	11164
885000	87	245	2309	6111	1771	2320	23431	11184
886000	95	198	2151	6174	1917	2453	22631	12737
887000	121	206	2370	6738	1478	1921	25519	10260
888000	107	170	2411	7141	1598	1367	27358	8771
889000	143	166	2504	6060	1642	2252	24664	10463
890000	84	176	2194	6548	1701	2207	24871	10294
891000	93	160	2491	7088	1317	1582	26179	8482
892000	86	205	2055	7144	1036	2470	25067	9305
893000	69	213	1978	6904	1541	2425	24123	11296
894000	57	178	2066	7391	1399	1945	25613	9043
895000	103	198	2220	6700	1900	1751	24411	9731
896000	78	218	1977	7574	1588	1669	26361	9246
897000	66	147	1762	7641	1449	2181	26836	9626
898000	73	222	1608	7098	1672	2580	24291	12168
899000	71	179	1643	7104	1432	2867	24862	12054
900000	50	208	1543	7210	1347	3044	23980	11177
901000	87	156	2024	5757	1677	3387	22577	12309
902000	55	211	1363	6086	1299	4520	20914	15603
903000	55	239	1104	6465	1189	4548	21073	16388
904000	46	220	1239	6640	1205	4265	21542	16312
905000	62	275	1241	7022	1266	3705	23663	13343
906000	46	237	997	6737	1649	4078	20117	16286
907000	42	192	1008	6796	1338	4310	21244	15456
908000	63	184	1288	6061	1463	4443	19694	15957
909000	51	208	1250	5824	1413	4767	19321	16822
910000	69	203	1377	5364	1658	4787	19701	17133
911000	84	260	1172	5868	1758	4397	18331	16202
912000	68	230	1160	6335	2028	3748	19963	15712
913000	45	219	1445	6295	1384	4024	20831	14593
914000	55	216	1312	6716	1581	3655	20480	14883
915000	55	223	1290	5718	1714	4523	21404	16576
916000	61	195	1356	5904	1616	4329	19666	16324
917000	93	221	1385	5814	1570	4290	20447	15912
918000	54	209	1230	6766	1387	3891	21374	15024
919000	34	198	963	7290	1605	3601	21925	15308
920000	50	203	1344	6407	1538	3963	21942	15344
921000	38	158	1401	6855	1135	3814	22227	13758
922000	65	224	1506	6624	1267	3671	22872	13536
923000	66	199	1721	5847	1624	3740	21367	14434
924000	39	181	1362	5947	1430	4495	20136	15402
925000	93	211	1443	5267	1665	4746	18628	17920
926000	41	195	1463	5189	1615	4913	18541	17848
927000	79	178	1637	4541	2077	4859	16960	20062
928000	73	201	1063	4192	3219	4875	15342	21813
929000	90	168	1193	4053	3130	4920	14579	21735
930000	91	199	1452	4427	2732	4508	15588	20152
931000	67	177	1088	4911	2660	4717	16897	19515
932000	67	224	1296	4950	2286	4735	16653	20160
933000	91	206	1161	4918	2517	4657	15956	19681
934000	97	162	1547	4190	2705	4692	15504	20633
935000	99	156	1772	3352	3337	4450	15058	21389
936000	89	198	1297	4324	2655	4953	15555	21250
937000	92	190	1148	3935	2589	5560	14029	22399
938000	77	217	1032	3493	2558	6225	12852	25038
939000	43	212	780	4958	2048	5776	15901	21154
940000	81	216	853	4724	2350	5500	15015	22193
941000	71	164	1098	4706	2290	5259	16324	20983
942000	56	191	1089	4889	1912	5494	16650	21359
943000	44	233	1068	5749	1536	5015	18332	17667
944000	21	202	1255	6334	1186	4504	20319	17286
945000	49	249	1300	6149	1487	4322	20355	16092
946000	49	216	1413	6358	1331	4062	21639	14824
947000	65	197	1586	6090	1582	3851	22123	14208
948000	85	191	1691	6270	1472	3580	21717	13819
949000	52	220	1386	7223	1157	3432	23669	12840
950000	51	233	1356	7599	772	3401	25005	11769
951000	62	215	1188	7179	1062	3845	22346	12696
952000	55	214	1490	5993	1268	4406	21625	15450
953000	87	176	1637	5511	1500	4373	19950	15248
954000	63	217	1280	5638	1790	4522	19088	16424
955000	78	235	1137	5421	1841	4891	17695	19076
956000	86	238	1485	5319	2028	4232	19394	17096
957000	56	178	1527	5026	2288	4295	17935	19283
958000	73	158	1399	5428	2374	3985	19506	17747
959000	78	171	1843	4249	2373	4499	16955	19521
960000	75	172	1425	4812	3032	3952	16988	20061
961000	82	171	1107	4452	3252	4506	15502	22251
962000	97	162	933	4272	3395	4808	14455	21917
963000	75	180	843	4006	2929	5704	12892	23796
964000	51	224	1144	3658	2119	6405	13384	23712
965000	56	173	1214	4285	2309	5522	14481	23599
966000	69	179	1037	4746	2039	5545	16270	21729
967000	68	188	1069	4782	2106	5431	16479	20835
968000	66	198	1257	4646	2276	5043	16131	20636
969000	49	177	946	4720	1838	5950	15679	21847
970000	44	210	877	5161	1784	5644	16401	21280
971000	45	238	827	5100	1778	5810	16215	20803
972000	40	240	679	4881	1645	6331	16319	21921
973000	57	168	771	5659	1571	5576	16645	19733
974000	40	266	879	5354	1644	5553	18758	19582
975000	57	240	906	5600	2035	4902	17621	19160
976000	41	243	849	5796	1563	5226	19047	18887
977000	64	197	949	6023	1527	4956	18726	17202
978000	75	181	1098	5223	2036	5018	17763	19147
979000	76	204	1720	4908	2025	4309	18526	18287
980000	67	222	1555	4936	1852	4649	17998	18594
981000	59	198	1171	5169	1665	5345	17710	19523
982000	62	200	831	5121	1836	5704	17062	19898
983000	68	212	905	5701	1730	5120	18738	18146
984000	44	223	1242	5344	1182	5540	19172	17903
985000	37	212	915	5583	1221	5780	17906	18851
986000	39	231	704	5801	1445	5631	17963	19738
987000	46	196	830	6165	1540	4994	19759	19236
988000	48	227	955	5604	1745	5112	18808	18597
989000	66	241	953	5769	1618	4985	18196	18224
990000	49	227	1128	5628	1632	4907	19460	18980
991000	47	227	1322	6050	1465	4418	20730	16060
992000	65	186	1411	6282	1688	3797	21645	14974
993000	62	207	997	6610	1905	3851	20677	16222
994000	63	189	1057	6644	1819	3836	21123	15545
995000	76	213	1203	6585	1263	4271	20874	15478
996000	66	170	1085	6248	1646	4385	20672	17532
997000	43	233	1025	6484	1443	4469	20308	16754
998000	59	222	1093	5870	1802	4555	19700	17346
999000	56	213	1221	6140	1693	4201	20157	15613
