0	0	0	0	14400	0	0	0	0
1000	9	225	409	13251	106	22	39090	361
2000	19	247	530	13128	28	38	37659	277
3000	7	250	433	13246	0	37	38958	154
4000	10	272	424	13224	1	64	37885	176
5000	9	239	513	13184	0	12	39442	41
6000	3	234	435	13319	0	35	38653	54
7000	17	261	538	13082	0	48	37558	303
8000	2	258	511	13055	9	124	38080	324
9000	16	261	556	12920	48	160	36774	486
10000	7	288	436	13086	6	177	38614	568
11000	6	266	334	13235	29	197	37133	797
12000	2	330	448	13116	11	110	37200	509
13000	6	261	540	12957	11	176	37343	494
14000	7	244	553	12953	14	175	37595	609
15000	18	274	526	12939	13	179	37234	382
16000	9	239	461	13127	4	158	38055	492
17000	4	254	453	13124	2	153	37921	485
18000	8	242	441	13219	5	72	39172	145
19000	8	238	583	12962	13	104	38444	214
20000	8	276	477	13146	0	96	37776	309
21000	9	249	490	13155	0	72	38719	269
22000	17	249	470	13176	0	70	38064	133
23000	3	289	525	13072	3	34	38363	102
24000	16	259	442	13242	0	8	36912	64
25000	12	291	564	13035	0	5	37528	4
26000	12	271	479	13116	76	22	37336	219
27000	13	252	585	13014	35	60	37618	215
28000	10	239	580	13020	0	55	37830	259
29000	13	303	443	13223	5	18	37692	118
30000	4	264	540	13169	0	0	37541	12
31000	13	223	542	13098	54	11	37760	269
32000	4	254	434	13315	1	20	37573	68
33000	7	261	425	13298	0	33	37527	83
34000	9	252	461	13264	0	15	38470	33
35000	4	264	438	13246	0	42	37154	78
36000	13	249	511	13113	28	51	38378	242
37000	8	233	413	13285	20	55	37877	119
38000	3	260	328	13368	7	125	37469	370
39000	11	292	449	13070	0	129	36443	310
40000	13	257	556	12934	1	172	38551	609
41000	8	234	519	13034	39	149	36083	450
42000	9	273	744	12519	70	216	37052	839
43000	4	286	473	12828	49	313	35507	1088
44000	19	269	540	12737	85	286	36806	1100
45000	18	224	565	12706	104	334	36581	1502
46000	16	253	456	12858	105	269	36626	1199
47000	19	283	634	12494	117	347	37125	1242
48000	11	286	492	12776	181	254	36580	1288
49000	10	286	608	12378	149	495	36004	1380
50000	10	235	497	12460	138	635	36516	2268
51000	14	263	498	12491	86	616	35358	2135
52000	18	298	483	12472	125	572	37159	2064
53000	3	269	504	12426	98	683	36405	2152
54000	6	257	417	12370	95	863	34914	2652
55000	7	226	468	12151	121	1016	35383	2969
56000	12	301	517	11925	175	1027	36035	3337
57000	18	280	467	11989	201	1072	34325	3261
58000	9	321	426	11948	172	1140	34199	3558
59000	14	256	432	11771	251	1265	34093	4213
60000	20	232	590	11592	169	1337	33497	3973
61000	10	253	405	11804	227	1316	33636	3955
62000	9	261	380	12080	145	1177	34628	4429
63000	7	257	301	11897	118	1479	33044	4418
64000	13	233	434	11633	221	1456	34033	4235
65000	17	247	516	11697	157	1327	33748	4004
66000	18	256	472	11502	179	1571	33722	4806
67000	20	267	554	11435	293	1408	33590	4847
68000	16	258	390	11660	185	1516	33622	5156
69000	10	240	409	11531	183	1634	33001	5237
70000	8	266	402	11730	282	1347	33663	4311
71000	18	266	527	11293	252	1599	31795	4950
72000	12	247	405	11512	220	1598	34562	5286
73000	25	255	504	11203	315	1658	32376	5138
74000	20	259	518	11040	310	1827	32261	5602
75000	17	267	468	11194	367	1670	30826	5443
76000	21	263	631	10704	440	1809	31633	6496
77000	12	262	606	10991	321	1721	32716	5490
78000	17	228	556	11397	296	1401	34048	4628
79000	16	245	489	11480	244	1485	33249	5238
80000	12	235	534	11431	195	1521	33569	4159
81000	16	255	508	11409	266	1496	33951	4806
82000	11	260	389	11293	271	1821	33495	5600
83000	12	264	607	11029	284	1700	32076	5578
84000	20	286	485	11318	250	1615	32294	5090
85000	13	253	419	11309	328	1687	33063	5607
86000	14	265	370	11259	327	1821	32535	5115
87000	16	245	417	11560	256	1554	32458	5134
88000	15	240	495	11346	281	1604	31707	5416
89000	9	242	524	10985	270	1957	32788	5209
90000	13	239	458	11011	231	2037	31708	6030
91000	10	275	358	11221	206	1955	33503	5710
92000	8	273	437	11289	167	1845	31641	5762
93000	16	216	500	11065	208	1981	30795	6087
94000	14	271	437	11114	203	1940	32882	6107
95000	11	221	418	10955	199	2213	32743	6146
96000	11	231	383	10625	255	2488	31765	7390
97000	12	212	469	10223	404	2628	29460	8178
98000	20	236	547	10216	286	2639	29148	9286
99000	15	251	482	10100	352	2787	29188	9002
100000	15	259	388	10575	384	2363	29799	7312
101000	17	268	354	10486	371	2528	29712	8007
102000	14	265	413	10682	480	2163	31163	7336
103000	13	237	380	10877	256	2237	30868	6939
104000	13	284	336	10932	324	2199	30569	6236
105000	20	261	461	11132	389	1673	32997	6126
106000	11	242	438	11102	313	1917	30835	6019
107000	21	237	552	10588	484	2024	32330	7174
108000	12	274	506	10789	365	2038	32207	6232
109000	16	258	521	10741	434	1950	31509	6639
110000	14	268	487	11019	248	1948	31141	6530
111000	18	250	476	11060	191	1995	31018	5929
112000	6	236	415	11638	139	1583	32840	5287
113000	16	236	520	11437	250	1482	33427	5344
114000	19	279	456	11512	307	1415	32306	4758
115000	11	276	555	11702	216	1205	33621	4006
116000	13	275	463	11327	274	1637	33217	5526
117000	9	271	439	11414	233	1610	32047	5833
118000	16	205	505	11317	250	1634	32519	5599
119000	22	285	457	11495	174	1529	32733	4235
120000	16	293	485	11231	136	1774	31046	5383
121000	12	290	398	11152	141	2021	32869	6077
122000	17	217	434	10755	203	2386	31093	7154
123000	15	294	526	10460	266	2411	30313	7560
124000	15	217	435	10958	400	2006	32297	7391
125000	10	291	499	10939	341	1893	30986	6267
126000	12	254	495	11074	330	1794	31477	5653
127000	17	269	542	11266	233	1645	32139	5530
128000	16	266	425	11382	138	1731	32457	4995
129000	14	249	559	11263	258	1605	33331	5479
130000	18	282	463	11508	233	1491	32553	4516
131000	15	268	451	11231	379	1656	32684	5433
132000	11	259	357	11506	260	1687	33177	5578
133000	12	270	530	11024	285	1822	31318	5712
134000	11	255	439	11286	343	1658	32468	5457
135000	19	270	470	11331	274	1563	32680	5334
136000	10	286	417	11161	225	1903	32251	5721
137000	16	261	436	11262	261	1789	31989	5294
138000	18	257	450	11223	212	1807	32161	5387
139000	14	294	359	11537	215	1625	34120	5157
140000	14	217	413	11385	286	1703	33862	5491
141000	10	239	438	11586	222	1472	33709	4721
142000	15	237	489	11611	240	1362	32685	4500
143000	9	253	486	11421	215	1585	32412	5358
144000	23	251	502	11529	291	1380	33645	4678
145000	10	241	530	11541	266	1383	33283	4827
146000	12	223	596	11238	260	1553	33275	4724
147000	9	241	509	11329	185	1667	33869	4815
148000	17	282	562	11060	188	1843	33922	4835
149000	9	226	401	11368	210	1837	32786	5583
150000	7	259	324	11647	217	1588	33625	5013
151000	17	240	396	11484	274	1582	32528	4967
152000	8	271	456	11678	283	1340	34451	4769
153000	8	268	399	11452	289	1605	33185	4776
154000	14	252	461	11631	270	1361	33297	4903
155000	16	240	555	11603	227	1307	32822	4435
156000	10	260	544	11687	230	1214	32930	3846
157000	9	252	557	11854	139	1143	34138	3613
158000	9	291	394	12038	110	1222	33763	3215
159000	8	272	382	11968	105	1286	34362	3373
160000	12	268	445	11638	207	1379	34078	3976
161000	16	294	414	11773	275	1215	33506	3662
162000	16	281	438	11885	149	1214	33799	3845
163000	10	236	478	11888	195	1170	34880	3728
164000	17	293	587	11904	215	893	33997	3485
165000	12	252	421	12039	199	1088	35831	3593
166000	11	224	479	11708	208	1303	35356	4479
167000	15	262	498	11635	336	1214	34027	4539
168000	18	229	537	11403	277	1472	32067	4888
169000	10	267	483	11558	228	1426	32812	4792
170000	15	265	409	11193	288	1843	31934	5183
171000	9	249	475	10867	378	1996	32445	6688
172000	16	261	443	11146	368	1754	31458	5982
173000	15	245	528	10975	416	1733	33074	6298
174000	17	244	453	11322	299	1653	33037	5500
175000	23	243	530	11144	301	1716	33430	5602
176000	19	272	431	10921	369	1990	32444	6388
177000	13	244	465	10766	308	2211	30826	6849
178000	19	248	451	10671	612	1966	31233	6834
179000	18	277	534	10715	578	1853	30846	6989
180000	14	267	528	10698	390	2061	29805	6502
181000	19	210	704	10657	345	1912	31591	6241
182000	11	258	660	10988	307	1646	32816	6003
183000	18	238	489	11123	354	1755	32891	6408
184000	19	308	666	11253	321	1344	32326	4638
185000	19	272	721	11680	281	872	32926	3392
186000	12	252	460	11978	251	1028	34752	3663
187000	12	233	366	12045	242	1159	35744	3892
188000	16	304	410	12087	249	931	33671	3053
189000	8	258	480	12380	191	668	34477	2417
190000	13	231	514	12217	273	700	36037	2505
191000	14	245	498	12411	137	634	35844	2089
192000	11	270	430	12620	49	606	36475	1476
193000	11	262	364	12606	29	760	35003	2133
194000	13	232	486	12334	90	792	35522	2709
195000	12	256	532	12325	108	725	35261	2361
196000	15	254	455	12425	96	742	36314	2526
197000	10	264	415	12432	134	752	36192	2375
198000	12	259	435	12348	114	793	35791	2599
199000	22	241	654	12043	101	818	37042	2474
200000	4	228	493	12603	30	633	35689	1788
201000	5	256	444	12567	46	679	35053	1839
202000	8	252	477	12498	86	640	36447	1784
203000	14	267	564	12420	38	588	36767	1563
204000	8	283	608	12454	13	527	37259	1348
205000	12	246	600	12681	27	367	37415	1391
206000	10	268	392	13069	17	290	37222	758
207000	8	243	366	13084	7	327	37816	992
208000	7	276	395	13054	27	222	38511	704
209000	9	240	464	12967	22	264	37654	690
210000	14	245	486	13045	61	141	38056	377
211000	9	247	561	12985	35	107	36685	522
212000	11	279	454	13084	11	129	37795	411
213000	11	271	395	13269	5	85	38200	347
214000	3	266	390	13358	0	47	38361	137
215000	4	217	428	13290	6	67	38142	123
216000	11	265	511	13132	0	59	39217	290
217000	4	263	463	13242	0	15	37509	104
218000	13	269	464	13233	0	0	37351	4
219000	7	263	508	13125	45	31	36970	243
220000	7	284	501	13050	29	83	37066	372
221000	6	218	420	13299	44	56	39985	350
222000	12	254	477	13096	55	89	37677	349
223000	10	273	433	13235	21	40	38006	160
224000	12	255	454	13305	4	1	38822	18
225000	12	269	575	13017	10	0	37778	62
226000	17	250	496	13193	1	0	37176	23
227000	29	224	664	12894	63	7	37043	285
228000	12	299	525	13011	70	20	37938	302
229000	12	212	661	12971	41	19	38060	272
230000	13	271	466	13213	14	0	38024	81
231000	9	245	495	13196	16	0	38009	11
232000	13	233	621	13003	20	8	38411	68
233000	10	252	471	13251	0	11	39800	52
234000	9	292	557	12979	105	1	37953	52
235000	10	258	505	13140	31	27	38014	176
236000	14	258	627	12969	19	14	37572	87
237000	7	266	524	13110	54	6	37996	130
238000	12	277	503	13070	32	67	37930	221
239000	9	271	543	13013	40	43	37373	268
240000	6	257	422	13213	45	57	39947	256
241000	25	268	568	13003	63	35	38282	426
242000	10	280	552	13107	4	60	38345	225
243000	9	212	441	13215	7	119	37890	322
244000	5	257	522	13135	0	57	39039	317
245000	7	221	467	13275	0	12	38578	39
246000	15	263	548	13113	0	0	38131	1
247000	8	248	441	13213	54	5	38595	105
248000	11	208	483	13236	11	14	37873	95
249000	19	317	523	13087	4	26	38639	68
250000	14	262	680	12904	3	19	35691	29
251000	6	267	657	12918	0	55	36433	130
252000	15	283	640	12931	0	22	36989	95
253000	10	293	582	13039	6	16	37947	107
254000	13	264	536	13116	0	0	37572	1
255000	13	276	524	13050	51	34	38807	312
256000	6	279	456	13213	18	17	38602	96
257000	7	287	531	13065	15	1	38681	50
258000	6	264	500	13205	0	7	37724	1
259000	9	266	487	13185	0	33	39187	90
260000	8	256	408	13306	9	5	37156	30
261000	13	234	496	13219	0	0	39521	1
262000	12	258	472	13140	40	39	37008	281
263000	10	287	476	13143	9	75	36675	147
264000	12	284	509	13078	24	46	37343	278
265000	4	248	401	13369	0	4	38929	16
266000	8	296	464	13151	67	9	36193	192
267000	13	274	448	13142	88	57	36644	451
268000	11	248	502	12996	72	118	38124	456
269000	9	250	505	12915	66	227	37920	990
270000	15	244	451	13048	59	166	37086	768
271000	8	247	578	12831	53	173	36993	498
272000	8	259	690	12626	40	241	36462	985
273000	8	244	410	13062	18	247	38331	788
274000	10	236	567	12719	27	341	38516	870
275000	13	230	538	12922	3	270	38202	632
276000	11	254	519	12847	4	341	36248	694
277000	10	219	497	12953	49	243	37170	955
278000	10	293	376	13087	25	233	37766	688
279000	12	274	492	12759	10	437	38038	1412
280000	7	262	484	12712	15	513	35070	1312
281000	8	256	390	12681	35	617	36423	1739
282000	10	276	377	12880	14	513	37782	1413
283000	15	266	593	12502	58	473	37208	1276
284000	14	244	480	12828	100	297	36426	983
285000	19	267	689	12431	93	355	36465	1204
286000	14	224	633	12492	50	512	37869	1352
287000	14	235	598	12393	102	608	35242	2117
288000	12	248	493	12500	116	594	35799	1831
289000	11	254	433	12506	112	715	35701	2574
290000	6	222	489	12550	95	591	37073	2021
291000	10	234	468	12678	78	518	37253	1432
292000	5	267	450	12651	42	558	35544	1724
293000	14	263	441	12709	77	496	37451	1691
294000	8	249	433	12904	36	390	37646	1131
295000	14	250	498	12917	40	228	36592	814
296000	18	276	447	12939	25	267	37144	678
297000	16	246	508	12939	46	218	36617	699
298000	13	239	584	12867	18	183	36782	436
299000	14	249	514	12786	38	356	37567	1085
300000	9	261	312	13098	46	336	37144	806
301000	7	223	521	12810	22	382	36976	1133
302000	9	256	504	12697	30	485	36500	1104
303000	7	243	474	12865	19	385	37486	1187
304000	14	247	421	12953	35	352	36630	1215
305000	12	263	451	12864	17	345	37591	1167
306000	9	260	387	12848	22	500	37694	1494
307000	5	248	444	12732	62	521	36505	1577
308000	9	241	426	12918	31	411	36729	1056
309000	10	260	575	12540	125	388	36654	1566
310000	19	288	548	12526	96	421	37193	1512
311000	19	260	594	12270	224	534	36198	1946
312000	13	260	531	12426	197	535	36378	2076
313000	13	243	634	12456	39	515	37341	1181
314000	23	256	615	12694	29	281	37014	1080
315000	5	274	469	12956	41	266	36367	1000
316000	7	243	570	12789	44	305	36571	700
317000	7	235	540	12873	56	267	37232	832
318000	6	231	468	12868	25	419	36876	1113
319000	8	255	506	12706	26	443	37516	1655
320000	14	247	442	12804	71	392	38124	1394
321000	24	265	481	12746	43	447	35839	1356
322000	12	251	536	12513	119	508	35971	1583
323000	22	260	462	12557	133	586	36177	1873
324000	8	238	475	12671	91	491	37632	1493
325000	7	256	472	12927	37	318	36543	1081
326000	9	276	528	12712	45	361	38689	1123
327000	12	253	511	12742	34	381	37695	897
328000	7	249	479	12798	37	428	36852	1477
329000	8	232	524	12713	75	390	37648	1159
330000	10	256	533	12779	23	340	37880	1013
331000	4	239	459	12810	17	452	36253	1205
332000	9	226	476	12908	59	361	36374	1099
333000	4	252	347	13045	56	341	37165	1004
334000	14	266	450	12820	61	407	36452	1465
335000	6	232	477	12742	39	498	38576	1426
336000	10	277	390	12677	42	594	35826	1668
337000	11	229	434	12884	105	359	38144	1239
338000	9	247	583	12778	93	231	36441	1197
339000	14	232	496	12920	116	199	38312	833
340000	9	253	445	13052	56	153	38791	606
341000	9	266	360	13092	33	260	38342	880
342000	7	283	371	13127	17	215	36683	553
343000	16	254	454	13057	28	145	37140	562
344000	12	258	511	12804	142	198	38035	816
345000	15	250	578	12686	121	277	38147	1263
346000	17	223	560	12574	115	459	36874	1643
347000	20	235	837	12132	66	461	35814	1302
348000	11	239	617	12536	98	407	36863	1496
349000	7	224	471	12743	50	479	36471	1625
350000	11	269	486	12594	154	463	36090	1490
351000	17	285	495	12659	87	451	35576	1411
352000	13	264	577	12648	95	352	37283	1261
353000	15	284	536	12546	43	512	36188	1420
354000	16	222	525	12795	25	353	35952	1081
355000	6	255	492	12866	32	306	37867	906
356000	9	189	460	13084	30	203	38198	905
357000	10	252	488	12835	39	363	37150	1032
358000	19	285	523	12598	60	446	36137	1146
359000	6	277	486	12739	59	390	36625	1222
360000	4	280	384	12954	36	359	36531	1311
361000	8	255	543	12837	7	317	36595	1107
362000	16	272	402	12968	55	291	36744	993
363000	8	243	488	13009	24	199	38250	538
364000	4	278	543	12920	27	122	37658	360
365000	6	229	430	13172	39	113	37189	454
366000	6	235	426	13089	4	246	38184	770
367000	9	228	383	13086	15	276	38002	804
368000	7	266	517	12919	16	256	37527	870
369000	7	235	518	12907	26	277	36531	725
370000	9	239	517	12912	76	219	37272	1043
371000	11	262	467	12993	149	79	38631	875
372000	15	242	474	12922	64	221	36451	770
373000	18	280	524	12814	143	161	36255	963
374000	23	214	544	12905	82	173	37019	1011
375000	16	285	423	12971	64	258	37935	853
376000	6	256	486	12900	42	281	36771	856
377000	5	260	374	13171	11	216	36239	808
378000	3	300	429	13019	1	262	38255	748
379000	10	294	369	12973	1	360	36874	951
380000	6	291	494	12992	25	188	37219	629
381000	15	265	572	12871	22	222	37804	722
382000	6	300	479	12901	58	243	37049	838
383000	10	274	498	12803	45	319	37651	1125
384000	18	245	525	12770	42	365	37966	1195
385000	17	268	441	12901	37	320	35511	956
386000	7	277	452	12756	81	400	36655	1144
387000	12	276	377	13096	39	242	38375	962
388000	13	284	371	13012	134	227	38012	1040
389000	10	270	379	12969	146	259	36780	1167
390000	9	248	659	12677	76	258	36751	851
391000	8	243	503	12922	64	263	36707	894
392000	8	292	461	12856	39	334	37420	1058
393000	11	285	542	12527	126	461	34684	1549
394000	17	271	489	12739	73	369	36191	1334
395000	13	256	342	13078	125	260	36676	1080
396000	9	279	402	12834	111	379	37247	1491
397000	22	256	486	12781	159	268	35315	1036
398000	9	303	396	12940	91	298	36838	1005
399000	6	246	428	12989	21	304	37128	867
400000	12	221	510	12790	12	363	38274	1056
401000	10	263	505	12637	53	484	34758	1330
402000	5	252	460	12677	49	543	36795	1487
403000	13	286	536	12425	46	640	34871	1827
404000	11	264	487	12633	18	585	35604	1777
405000	7	238	402	12829	73	475	37174	1432
406000	6	242	427	12894	16	424	37485	1425
407000	8	248	426	12783	40	494	36946	1298
408000	13	238	490	12734	92	400	37671	1338
409000	13	249	439	12947	59	296	37258	1050
410000	7	257	510	12762	57	318	37452	932
411000	7	288	499	12813	22	338	36287	871
412000	10	278	484	12933	17	254	37525	939
413000	9	269	560	12867	36	208	37709	623
414000	17	257	601	12915	9	116	37781	338
415000	21	311	663	12629	12	197	36409	495
416000	10	308	649	12881	3	26	37422	189
417000	10	253	609	13015	0	15	39278	83
418000	11	280	384	13355	0	7	37999	17
419000	10	280	475	13124	99	8	36756	163
420000	10	293	470	13125	71	19	38969	321
421000	15	250	583	12791	136	128	37430	741
422000	8	285	490	12921	85	203	37410	732
423000	11	255	549	12859	79	205	37118	799
424000	8	297	503	12942	38	179	36641	355
425000	12	260	594	12891	12	93	37046	407
426000	12	276	518	12974	1	187	36778	550
427000	8	271	525	13070	1	94	37499	340
428000	5	286	464	13144	0	73	37590	195
429000	12	299	466	13208	0	9	38380	19
430000	8	283	503	13069	96	0	38225	223
431000	6	259	479	13202	33	2	38874	78
432000	8	236	516	13141	30	16	38281	185
433000	14	288	537	13025	28	51	37607	288
434000	14	273	476	13092	26	84	39265	236
435000	8	284	424	13277	4	44	38016	97
436000	3	268	412	13331	14	0	38023	45
437000	9	256	364	13341	37	0	39193	61
438000	10	252	433	13251	18	11	38764	68
439000	6	294	448	13211	0	7	37421	0
440000	4	243	432	13349	0	0	38757	2
441000	10	245	430	13234	31	35	39129	212
442000	12	259	458	13242	16	41	38136	225
443000	9	251	443	13160	68	78	37659	363
444000	14	267	425	12965	104	214	37022	829
445000	11	286	594	12806	48	142	36966	668
446000	5	219	384	13257	46	159	37093	426
447000	8	257	353	13183	49	217	36813	1057
448000	6	258	406	12938	11	360	38940	1051
449000	11	265	502	12616	26	514	37113	1613
450000	16	248	515	12618	65	482	35670	1685
451000	11	240	548	12775	29	321	37190	951
452000	1	251	454	13033	51	238	36432	785
453000	7	249	492	12968	25	183	38571	674
454000	8	299	455	12967	32	264	36926	897
455000	7	279	369	13062	20	317	36498	965
456000	13	310	485	12758	27	368	36408	930
457000	9	267	449	12995	28	281	36549	897
458000	6	276	436	12980	42	265	38259	1013
459000	7	275	489	12963	6	272	37177	979
460000	4	239	414	13143	18	209	37956	618
461000	4	253	447	13166	7	98	37921	486
462000	12	278	444	13155	0	96	37193	195
463000	5	243	534	13100	5	72	38271	315
464000	5	208	468	13220	0	83	38124	187
465000	7	226	567	13041	2	87	38431	224
466000	9	235	457	13194	1	134	37006	329
467000	9	241	430	13183	21	111	37420	289
468000	12	254	470	13247	9	33	37041	208
469000	6	239	496	13020	40	140	38150	394
470000	7	250	427	12990	13	326	37148	920
471000	8	210	402	13052	2	354	38384	1177
472000	7	268	438	12865	21	394	35899	1255
473000	10	280	534	12676	41	364	37564	1052
474000	7	263	419	12952	23	329	36041	1102
475000	8	251	421	12915	62	348	36032	1001
476000	12	241	447	12760	36	485	37551	1618
477000	12	287	459	12644	46	526	36594	1586
478000	11	262	471	12648	26	531	35185	1506
479000	15	247	501	12687	51	483	36936	1365
480000	10	286	492	12795	49	361	37353	876
481000	8	223	325	13195	19	293	36908	899
482000	3	239	470	12912	33	336	36347	946
483000	10	272	451	12954	14	270	35948	894
484000	13	276	481	12976	0	216	37640	438
485000	12	276	494	13019	6	170	36825	468
486000	9	275	586	12927	19	92	37382	303
487000	16	230	661	12787	22	146	37015	372
488000	20	275	524	13111	16	28	37940	170
489000	6	248	598	12973	53	37	36355	359
490000	5	239	661	12935	3	56	37014	299
491000	8	265	540	13099	3	62	37676	99
492000	12	256	489	13007	54	110	37957	257
493000	10	240	406	13104	90	162	37491	596
494000	11	252	400	13228	28	88	38177	321
495000	5	226	362	13383	24	35	38972	147
496000	9	274	431	13268	8	24	38375	127
497000	5	288	436	13321	0	16	37391	49
498000	13	245	629	12860	125	18	38041	384
499000	9	223	596	13009	31	57	39063	236
500000	20	253	655	12889	18	6	37567	76
501000	10	265	529	13087	17	10	38564	133
502000	11	256	488	13223	4	6	37579	29
503000	7	260	486	13208	28	8	38724	170
504000	10	283	560	13035	21	22	36347	160
505000	17	237	588	13044	17	4	38043	96
506000	22	251	581	13060	22	5	36716	21
507000	16	227	501	13151	16	13	38252	95
508000	7	242	511	13134	13	23	38943	123
509000	5	253	415	13287	0	65	38803	131
510000	3	237	448	13254	17	29	37225	127
511000	5	251	446	13287	9	14	38905	105
512000	7	260	422	13218	93	2	37766	171
513000	10	235	544	13075	50	26	36948	210
514000	6	242	393	13404	0	15	36867	55
515000	7	265	453	13192	0	41	39154	182
516000	18	269	640	13006	0	4	38506	20
517000	15	267	548	13020	0	10	38415	72
518000	11	277	420	13285	0	0	37657	12
519000	8	229	461	13122	109	59	37883	386
520000	6	274	488	13098	46	89	37041	324
521000	8	253	438	13253	15	52	37669	266
522000	6	271	449	13177	0	73	37929	180
523000	6	235	422	13228	8	112	36913	343
524000	10	255	472	13145	0	94	37487	353
525000	13	254	542	12931	2	193	37461	363
526000	8	300	428	13154	0	116	37330	198
527000	7	277	453	12849	0	401	36620	980
528000	10	249	380	13056	25	287	37759	715
529000	6	253	432	12867	64	371	38338	872
530000	11	272	450	12938	8	341	38091	929
531000	12	248	598	12768	16	263	38246	716
532000	8	254	428	13113	21	155	38757	475
533000	13	253	502	12968	23	191	38910	425
534000	7	274	516	12948	1	221	38432	404
535000	9	261	465	13015	15	236	37521	625
536000	10	221	473	13090	6	200	37089	621
537000	10	273	508	12957	0	192	38355	464
538000	13	250	502	13051	1	130	37709	377
539000	1	257	476	13180	0	121	37237	279
540000	18	254	444	13057	1	231	36889	393
541000	7	250	501	12996	4	181	37616	366
542000	7	221	521	13032	24	121	38869	414
543000	8	255	509	13070	7	107	37837	246
544000	15	249	496	13160	0	65	37215	242
545000	10	257	430	13328	0	6	38953	72
546000	12	247	479	13122	80	1	36415	172
547000	5	237	456	13279	9	25	37388	42
548000	15	264	418	13252	0	53	39324	47
549000	5	229	568	13131	0	4	39339	22
550000	12	250	415	13158	154	5	38334	459
551000	2	279	535	12952	99	61	37404	515
552000	13	263	555	12871	53	124	38329	629
553000	11	252	426	13140	59	142	38386	610
554000	12	230	533	13001	38	126	38013	502
555000	14	253	602	12888	31	97	36997	221
556000	11	225	658	12841	34	95	36803	400
557000	18	267	487	13057	53	123	37593	448
558000	9	268	503	12928	80	153	36303	751
559000	8	280	398	13188	47	121	37877	412
560000	16	251	478	12995	108	114	35774	532
561000	10	261	502	12847	107	210	36633	1072
562000	15	233	557	12869	117	164	37012	719
563000	3	261	570	12795	31	294	36521	741
564000	4	259	405	13046	17	290	38075	944
565000	12	286	483	12906	29	268	36370	889
566000	11	261	448	13105	6	147	38464	677
567000	9	233	584	12874	0	217	37169	500
568000	19	283	590	12794	0	217	38662	676
569000	7	271	469	13187	7	100	38472	264
570000	9	269	439	13180	0	84	39354	170
571000	9	260	527	12903	13	225	37364	509
572000	12	241	594	12724	29	311	37186	960
573000	6	248	490	13031	7	139	37499	377
574000	6	234	522	13145	0	54	39426	327
575000	8	267	537	13145	0	9	36806	20
576000	14	260	471	13064	112	43	37967	423
577000	7	264	626	12937	80	22	37050	259
578000	11	247	506	13066	44	96	36833	371
579000	9	300	479	13129	2	78	37491	175
580000	8	236	479	13184	0	40	38287	126
581000	7	206	594	13031	0	42	37980	112
582000	8	235	510	13121	0	84	36704	232
583000	6	261	513	13109	0	38	37877	81
584000	22	263	594	12952	4	78	37259	186
585000	14	256	443	13264	1	22	37610	31
586000	14	257	393	13336	10	3	38003	6
587000	11	253	478	13225	6	0	37929	19
588000	8	252	476	13208	0	0	38339	2
589000	7	233	426	13311	18	16	39670	156
590000	10	246	543	13103	14	15	37691	59
591000	10	226	422	13311	0	52	37698	175
592000	7	292	479	13143	0	22	38467	41
593000	10	247	508	13103	102	0	38203	115
594000	14	260	538	13013	136	11	38762	308
595000	4	215	511	13165	48	11	37501	130
596000	10	265	559	12975	46	27	38442	144
597000	15	298	495	13119	37	6	36343	77
598000	9	243	399	13381	10	0	37111	2
599000	17	279	478	13032	143	50	38238	526
600000	17	255	574	12811	152	110	37370	730
601000	9	275	449	13071	118	88	36442	508
602000	14	239	479	13100	52	89	38100	269
603000	9	265	482	13166	7	58	36927	191
604000	7	250	514	13174	5	35	37811	174
605000	11	263	505	13069	9	85	37756	139
606000	7	245	491	13190	0	27	37604	60
607000	11	237	421	13337	0	17	36946	44
608000	8	266	402	13286	0	20	37290	12
609000	11	250	533	13092	0	23	38566	120
610000	7	241	375	13316	0	76	38563	159
611000	19	275	599	13000	2	1	37257	17
612000	9	214	539	13107	70	28	38277	193
613000	12	257	475	13157	51	21	36410	162
614000	12	274	548	12962	102	49	37795	619
615000	13	275	563	12715	186	187	37214	954
616000	13	244	403	12979	84	279	37152	910
617000	8	240	456	12943	40	262	36090	1188
618000	13	265	445	12865	22	359	36512	1242
619000	13	234	414	13039	28	257	37697	801
620000	6	274	412	12982	12	337	36208	788
621000	5	287	328	13204	24	223	36618	791
622000	16	253	357	13111	43	255	37958	971
623000	15	269	575	12780	45	202	36076	590
624000	8	283	457	12968	55	240	37104	594
625000	9	219	481	12901	85	269	37584	1230
626000	11	267	454	12861	46	326	37324	1178
627000	21	242	580	12832	44	154	36722	400
628000	7	256	627	12934	26	52	37482	229
629000	15	264	449	12988	84	169	38087	570
630000	11	269	549	12906	62	187	35658	651
631000	14	275	439	12954	62	235	37689	1013
632000	16	284	442	12973	32	251	36984	701
633000	10	246	416	13043	13	281	38608	828
634000	15	246	584	12706	58	285	36204	974
635000	4	286	394	12825	34	473	35685	1137
636000	7	267	412	12879	12	427	36934	1365
637000	8	257	436	12788	42	449	37564	1464
638000	8	254	535	12791	33	354	37774	1064
639000	9	266	425	12864	98	352	36383	1262
640000	19	297	446	12642	83	513	36180	1665
641000	11	265	544	12676	58	409	36151	1477
642000	14	262	619	12358	160	456	35645	1627
643000	9	247	470	12541	97	648	36622	1860
644000	24	245	496	12609	65	542	36678	1625
645000	5	260	477	12733	38	484	36045	1449
646000	6	282	426	12739	23	512	35312	1640
647000	14	239	498	12737	9	423	36595	1139
648000	7	251	404	12880	10	464	36980	1218
649000	10	250	446	12861	44	359	37581	1280
650000	17	233	545	12795	40	279	38336	711
651000	1	284	522	12880	31	219	36641	698
652000	8	280	448	13099	9	163	38062	483
653000	8	272	512	12823	2	336	37376	752
654000	7	263	603	12598	21	373	37675	1051
655000	17	268	641	12548	14	430	39356	1084
656000	10	264	450	13025	19	232	36737	757
657000	8	251	539	12904	79	199	36721	1254
658000	12	267	453	13032	25	188	35203	573
659000	14	287	496	12988	113	84	37118	429
660000	11	256	560	12828	147	135	37192	796
661000	8	272	462	13056	111	49	36766	354
662000	17	227	551	12939	85	97	37533	614
663000	12	264	573	12914	37	138	35943	581
664000	13	277	520	12803	141	210	37797	926
665000	6	265	720	12539	170	182	37508	919
666000	13	250	576	12800	123	167	37873	541
667000	19	238	417	12921	168	211	36786	952
668000	4	246	402	12891	90	369	37383	1121
669000	8	261	451	13096	15	178	37406	665
670000	8	289	382	13261	0	41	38801	176
671000	6	271	357	13354	4	67	39096	138
672000	9	272	532	12987	19	133	37242	418
673000	24	279	495	13051	35	109	37685	345
674000	11	230	449	13151	24	147	38682	517
675000	12	251	419	13189	14	115	39083	310
676000	4	293	480	13071	0	100	37758	333
677000	14	265	433	13161	3	132	37483	510
678000	18	278	393	13212	2	86	37882	242
679000	12	264	414	13179	17	100	37443	296
680000	15	244	496	13093	0	89	39524	189
681000	11	255	459	13133	20	109	38124	318
682000	7	288	496	13109	1	53	38498	159
683000	8	252	414	13164	5	153	38216	433
684000	6	228	407	13245	8	123	38097	455
685000	12	244	523	13075	15	99	36224	276
686000	17	238	532	13164	3	20	36904	98
687000	9	260	553	12998	129	1	38236	130
688000	14	285	485	12999	164	36	37142	400
689000	25	263	490	12921	130	139	37159	707
690000	10	262	567	12885	93	84	37538	539
691000	8	262	557	12994	0	116	38059	318
692000	11	270	542	13059	0	77	37452	189
693000	17	260	572	12994	6	52	37729	33
694000	17	264	428	13241	2	51	37729	179
695000	8	285	519	13045	0	100	37217	291
696000	7	236	417	13216	7	143	37763	527
697000	10	278	379	13162	23	179	36631	486
698000	14	226	521	12973	6	188	38754	852
699000	11	241	506	12990	4	191	36449	456
700000	10	248	544	12992	4	131	39203	407
701000	10	280	590	12706	6	299	37160	963
702000	15	258	558	12727	6	373	36273	1058
703000	13	264	553	12570	41	495	36696	1416
704000	5	233	620	12320	98	602	36211	1664
705000	6	242	634	12278	101	593	34542	2227
706000	20	270	437	12408	163	725	36119	2481
707000	17	275	414	12161	94	1032	36320	3033
708000	6	298	394	12059	78	1188	35534	3353
709000	5	257	412	12090	181	1070	33048	3693
710000	7	247	389	12160	110	1149	35092	3435
711000	9	260	343	12099	188	1144	33973	4398
712000	7	218	449	12116	112	1065	35539	3527
713000	13	270	358	12059	90	1263	34298	3725
714000	7	242	450	11999	104	1184	33731	3624
715000	3	256	445	12061	75	1132	34955	3507
716000	10	254	471	12091	134	1004	35258	3116
717000	12	229	505	11986	125	1090	34888	3535
718000	8	244	462	12136	89	1050	33674	3659
719000	5	270	490	12220	117	879	35969	2732
720000	9	248	423	12221	144	932	34603	3542
721000	12	284	493	12288	149	710	35653	2523
722000	6	234	537	12095	155	960	36191	2685
723000	11	273	433	12091	174	982	35855	3535
724000	13	283	466	11860	140	1214	33792	3559
725000	13	279	491	11934	54	1172	34978	3709
726000	20	250	571	11610	96	1360	32654	4165
727000	12	248	486	11917	134	1231	34197	3829
728000	17	269	575	11836	173	1086	33539	3536
729000	7	250	413	12032	87	1219	35310	4089
730000	10	283	337	12189	114	1086	33632	3550
731000	16	258	341	12376	51	940	36352	2590
732000	8	237	348	12634	42	760	35871	2359
733000	5	239	441	12367	87	853	36262	2370
734000	10	247	527	11785	191	1203	34798	3620
735000	19	250	553	11722	212	1184	33738	3534
736000	11	278	498	11763	190	1200	33869	4152
737000	9	224	429	11760	270	1276	33639	4365
738000	19	254	492	11688	297	1180	34597	4155
739000	19	291	441	11702	226	1288	33997	3545
740000	28	249	550	11267	162	1657	33018	4471
741000	18	250	591	11175	369	1508	31063	5194
742000	16	269	440	11290	394	1608	32468	5062
743000	17	269	559	11287	405	1429	33450	5519
744000	13	238	437	11475	309	1543	33056	4792
745000	14	264	576	11241	386	1402	34579	4929
746000	7	224	457	11484	485	1356	33777	5132
747000	23	213	491	11363	362	1501	33524	4929
748000	12	248	464	11206	389	1648	32747	6058
749000	22	242	432	11073	373	1857	33376	6338
750000	19	279	443	11404	294	1548	31953	5116
751000	8	273	551	11533	319	1285	33729	4834
752000	14	236	440	11995	299	1011	34556	3697
753000	15	234	423	12254	266	822	35291	2976
754000	16	222	431	12151	204	988	33657	3346
755000	14	256	470	12258	167	831	35193	2602
756000	13	235	498	12307	156	734	36348	2180
757000	9	277	287	12742	114	630	36682	2121
758000	11	280	286	12608	93	827	34550	2339
759000	11	268	583	12288	55	751	36283	2584
760000	5	275	470	12090	83	1074	35327	2912
761000	13	221	612	11871	83	1124	35757	2905
762000	4	261	502	12222	50	950	35829	2662
763000	14	242	435	12512	47	728	34933	2203
764000	16	282	564	12173	60	857	34618	2962
765000	12	250	603	11848	113	1052	34971	2954
766000	12	276	520	11800	94	1210	33556	3498
767000	4	254	498	11701	106	1428	35149	3822
768000	19	232	523	11303	99	1769	31855	4830
769000	9	232	501	11460	190	1584	34914	5056
770000	9	258	511	11559	145	1465	33304	4627
771000	17	271	512	11518	99	1533	33400	4855
772000	2	248	434	12127	85	1138	34518	3486
773000	20	286	464	12350	99	798	33719	2693
774000	11	233	469	12388	76	834	34638	2678
775000	6	242	476	12557	40	666	35937	1932
776000	5	280	439	12484	53	727	34693	2361
777000	11	257	536	12039	103	998	34896	3124
778000	8	235	509	12467	53	673	35921	1978
779000	11	269	419	12520	61	731	34555	2277
780000	10	294	502	12362	70	729	36001	2347
781000	16	224	482	11935	82	1230	34321	3346
782000	11	271	442	11947	112	1237	34345	3266
783000	14	220	502	11900	248	1099	34440	3764
784000	14	229	485	11881	329	1034	34137	4279
785000	18	274	637	11690	343	953	34636	3105
786000	11	298	427	12075	275	904	35401	3370
787000	31	267	600	11750	227	1003	34582	3533
788000	12	295	601	11460	391	1172	32792	4013
789000	13	257	495	11479	268	1454	33080	4740
790000	10	237	575	11532	224	1351	33495	4329
791000	12	250	497	11950	139	1106	35561	3277
792000	15	243	546	12143	113	855	35252	3414
793000	11	253	643	12241	190	554	35202	2039
794000	13	220	536	12444	97	614	37319	1859
795000	6	261	462	12213	251	812	36616	3092
796000	11	245	443	12305	177	844	36263	2937
797000	23	269	521	12136	275	760	35071	2932
798000	17	266	503	11910	195	1063	34224	3032
799000	13	263	505	12056	196	937	36214	3186
800000	11	235	606	11775	136	1149	35425	3403
801000	16	254	524	11684	243	1228	34449	4170
802000	13	240	617	11586	215	1250	33635	3734
803000	8	240	407	11661	121	1575	31408	4268
804000	7	259	410	11488	170	1691	32982	5028
805000	9	244	515	11363	171	1668	32927	4593
806000	14	244	496	11525	186	1494	33728	4636
807000	22	241	732	11080	189	1575	32389	4710
808000	5	213	390	11352	262	1832	31971	5889
809000	15	217	396	11038	308	2058	31723	6344
810000	16	269	406	11024	366	1951	32160	6664
811000	18	253	469	10779	344	2110	32325	7229
812000	8	233	533	10458	249	2456	31649	7289
813000	14	245	534	10456	339	2337	31243	7334
814000	23	233	469	10230	423	2624	30429	7819
815000	9	271	393	10023	490	2849	30623	9438
816000	19	239	500	10088	651	2495	30454	8472
817000	12	227	548	10686	441	2053	31728	7152
818000	10	260	579	11032	324	1681	32068	5353
819000	16	228	557	10931	423	1808	31315	5931
820000	11	239	516	11020	368	1774	33012	6170
821000	29	267	537	10720	382	1996	31651	6458
822000	22	234	519	10665	475	2020	30747	6753
823000	20	263	579	10914	340	1769	32028	6378
824000	17	214	611	10592	394	2086	30570	6561
825000	10	243	796	10176	253	2353	30674	6760
826000	19	276	630	10456	491	2038	30059	6652
827000	21	253	531	10754	362	2074	30875	6299
828000	16	261	399	11110	253	1988	31306	6060
829000	17	218	541	11192	169	1815	32973	5652
830000	18	282	466	11419	199	1585	33599	4651
831000	11	235	345	11667	230	1550	33098	4802
832000	12	255	489	11172	333	1679	33070	5346
833000	12	273	364	11285	353	1751	31982	6437
834000	23	223	613	10984	415	1639	33240	5866
835000	13	256	474	11186	317	1728	32187	5639
836000	9	226	508	11213	264	1767	32820	5866
837000	10	235	378	11068	248	2078	32291	6543
838000	18	254	441	11017	329	1917	30466	7277
839000	16	241	476	10767	388	2097	30337	6495
840000	13	255	506	10740	465	1992	31085	6762
841000	17	209	456	10678	339	2251	30086	7479
842000	16	246	436	10364	382	2552	29545	7900
843000	15	284	441	10082	261	2892	29618	8894
844000	17	265	476	9781	339	3094	29554	9158
845000	13	245	408	9705	361	3266	28562	10392
846000	23	229	415	9387	576	3378	27558	10968
847000	12	241	459	9501	452	3320	28252	10874
848000	25	227	565	8324	538	4239	24485	13025
849000	22	271	382	9127	496	3740	25765	11609
850000	30	196	476	8423	589	4247	25091	12849
851000	19	245	336	8946	683	3859	24167	12016
852000	26	226	482	8733	759	3750	25631	12319
853000	24	224	415	8559	838	3976	25490	13867
854000	33	239	444	8440	853	3982	24994	13163
855000	27	226	407	8400	907	4003	24573	13542
856000	31	222	491	7868	991	4359	23029	15621
857000	14	247	490	7793	811	4601	23350	15566
858000	26	193	585	7129	955	5019	21592	16338
859000	44	270	446	6453	1249	5546	18689	18609
860000	42	213	415	6615	1245	5434	19904	18635
861000	43	259	457	7145	1102	4946	21602	16563
862000	48	263	449	7264	1292	4665	20856	16199
863000	37	222	519	7010	1441	4752	21981	16234
864000	36	210	429	6837	1623	4875	19775	18211
865000	38	214	490	6510	1407	5286	19674	18181
866000	26	243	443	6788	1219	5280	19076	19114
867000	22	207	484	6800	1254	5201	19146	19389
868000	26	282	612	6591	1210	5155	19408	17835
869000	41	263	460	6934	948	5324	20904	16495
870000	33	239	547	6975	984	5165	20979	16999
871000	24	233	514	7215	1001	4986	21368	15805
872000	20	249	290	7006	968	5542	20998	17736
873000	22	241	290	6906	1244	5369	20643	18298
874000	27	239	355	6730	1054	5598	20032	18887
875000	52	224	438	6517	1449	5273	19303	17968
876000	29	211	451	6492	1475	5321	19347	18110
877000	42	221	470	6916	1514	4785	19487	18314
878000	53	220	504	6715	1527	4911	19803	17129
879000	36	246	593	7425	1193	4427	21963	16265
880000	34	230	540	7400	1094	4610	22007	16336
881000	24	211	536	7633	1157	4364	22855	14946
882000	31	221	445	7622	1086	4587	23060	15787
883000	24	258	400	7740	1112	4460	22856	15335
884000	48	240	545	7306	990	4765	21195	15338
885000	33	242	536	7170	1010	4917	20497	17092
886000	32	275	448	6873	1217	5125	20631	16816
887000	24	202	409	7210	1147	5026	21014	16805
888000	29	247	369	7401	1204	4791	21854	16322
889000	28	238	458	7268	1190	4813	20948	17719
890000	34	216	583	6604	1378	5134	20652	17192
891000	34	228	437	6380	1638	5255	18893	19026
892000	28	231	465	6101	1690	5428	18395	19831
893000	36	224	400	6152	1726	5466	17514	19973
894000	41	179	536	6131	1725	5329	18930	18985
895000	45	185	641	5948	1654	5411	18961	20166
896000	47	227	563	6297	1590	5198	18514	19727
897000	32	203	421	6493	1494	5343	20208	19036
898000	36	224	417	6516	1322	5439	19892	18524
899000	20	239	435	6491	1337	5492	19023	19728
900000	43	225	519	6740	1302	5072	20613	18655
901000	39	228	546	6798	1423	4887	20232	18263
902000	34	253	531	7177	1305	4633	20980	17376
903000	19	247	530	7116	998	5005	22104	16649
904000	39	206	659	7381	1141	4460	22801	15877
905000	19	214	523	7579	817	4815	22301	15363
906000	24	235	491	8048	750	4421	23058	14883
907000	20	275	394	8366	889	4070	23372	14661
908000	25	256	477	8497	640	4084	24679	12422
909000	12	264	289	9045	541	3957	25440	11479
910000	30	251	452	8699	610	3952	25051	12185
911000	22	260	510	8762	580	3795	25104	13271
912000	21	251	487	8350	716	4143	24654	12565
913000	26	242	535	7909	962	4228	24728	15300
914000	29	263	624	7900	1131	3956	23409	14350
915000	29	244	538	7843	871	4399	23328	14488
916000	22	272	520	8163	887	4065	23693	14144
917000	12	255	453	8029	964	4286	23199	13802
918000	17	233	541	8262	811	4052	24952	13426
919000	27	247	515	8358	723	4095	24218	13608
920000	24	229	512	8698	882	3580	26348	14104
921000	29	210	552	9047	947	3134	27453	12383
922000	31	245	542	8693	917	3483	25101	12321
923000	16	272	551	9002	692	3380	25758	11985
924000	22	276	538	9317	614	3149	27577	10666
925000	32	299	516	9598	608	2907	28236	9908
926000	25	255	458	9554	734	2931	28057	10186
927000	27	230	515	9337	789	3040	27324	10272
928000	20	247	516	9135	696	3346	26331	11210
929000	15	231	514	8907	657	3580	27015	12735
930000	12	260	358	9394	612	3413	27199	11960
931000	25	239	493	9165	595	3474	26993	11513
932000	15	251	414	9155	372	3790	26176	10407
933000	16	254	359	9367	379	3645	26895	10889
934000	15	233	490	8942	589	3675	26825	11383
935000	20	253	488	9195	575	3445	26081	11302
936000	25	222	395	9364	579	3443	26937	11930
937000	30	231	496	9437	583	3153	27740	10086
938000	14	285	500	9417	620	3126	26127	10429
939000	13	220	618	9575	566	2877	28765	10195
940000	22	263	604	9563	587	2883	27708	10162
941000	17	286	607	9169	631	3223	27815	10890
942000	20	274	389	9027	483	3841	24933	11268
943000	20	248	430	8821	699	3784	24916	11810
944000	27	241	494	8482	849	3873	25177	12813
945000	34	218	472	8491	846	3934	25176	12708
946000	28	263	343	8714	776	3954	25537	12656
947000	21	225	392	8573	666	4173	24736	13111
948000	21	246	393	8972	745	3641	25238	12326
949000	22	243	445	8619	992	3647	25047	12953
950000	25	232	430	8485	901	3867	24555	14104
951000	29	212	408	8347	1083	3911	24188	12913
952000	32	261	509	8231	999	3911	23124	13909
953000	25	227	512	8631	981	3610	25881	12929
954000	32	251	569	8976	858	3228	26141	10648
955000	34	244	384	8991	807	3546	25054	12024
956000	28	267	465	9200	808	3217	26876	11077
957000	21	258	541	9338	543	3246	27579	10512
958000	15	264	514	9780	412	2961	29930	9403
959000	15	259	568	9706	410	2978	28449	10158
960000	9	255	484	9572	419	3258	26521	10549
961000	8	263	377	9866	250	3279	28272	10663
962000	7	269	316	10282	233	2969	29504	8611
963000	15	247	341	10093	382	2982	27689	9668
964000	11	252	401	10553	390	2404	29252	7875
965000	17	241	416	10271	557	2474	28607	7889
966000	25	260	452	9628	648	2970	27182	9988
967000	20	256	503	9635	723	2814	27112	9890
968000	22	262	583	9801	627	2626	29362	9062
969000	22	229	502	10059	543	2607	29308	8384
970000	18	229	496	10192	541	2511	29393	9050
971000	18	259	474	10463	575	2198	29205	7915
972000	32	225	570	9783	732	2555	29303	9771
973000	24	256	598	9366	616	3011	27501	10344
974000	25	258	588	9528	587	2903	28751	8827
975000	23	256	446	9846	544	2862	28448	9342
976000	21	229	330	10025	739	2721	28257	9708
977000	12	264	382	10194	577	2592	30323	7775
978000	12	238	467	10018	480	2780	29852	8899
979000	16	264	516	10416	412	2307	29635	7885
980000	17	227	453	10395	372	2485	29850	7785
981000	14	251	377	10408	348	2605	31415	7944
982000	18	271	495	10248	420	2525	29629	8411
983000	19	243	527	10530	346	2312	30414	7277
984000	23	242	530	10709	457	2038	31381	6863
985000	21	275	481	10727	349	2116	31296	6641
986000	14	298	488	10811	364	1987	31703	6779
987000	14	240	462	10838	449	1971	31312	6417
988000	21	244	460	10987	426	1866	32381	6075
989000	22	258	422	11059	479	1745	31710	6239
990000	14	259	356	11602	327	1479	33459	5506
991000	13	263	399	11605	298	1468	32312	5676
992000	21	233	457	11291	459	1547	32919	5718
993000	10	243	454	11140	464	1666	31771	6301
994000	20	228	423	11268	467	1608	32659	5983
995000	18	238	461	11048	483	1731	31618	6194
996000	10	269	388	11461	395	1498	32011	5006
997000	13	274	488	11507	358	1367	33150	4481
998000	16	239	544	11630	145	1365	34700	4065
999000	9	253	590	11513	183	1385	32406	4406
