0	0	0	0	14400	0	0	0	0
1000	9	267	453	13104	93	48	39629	417
2000	4	257	866	12505	7	71	40897	194
3000	17	225	859	12654	0	26	39611	121
4000	13	266	858	12594	0	46	39899	127
5000	15	198	753	12854	0	15	39927	75
6000	12	218	974	12427	0	23	40495	90
7000	21	223	999	12453	0	4	39704	27
8000	22	219	964	12407	69	0	39081	188
9000	19	246	1041	12278	20	37	38728	156
10000	32	216	1406	11730	0	66	39569	93
11000	18	232	1180	12203	0	0	38218	11
12000	24	183	1258	12059	13	3	37271	29
13000	18	178	987	12502	16	0	38944	32
14000	14	257	942	12389	141	5	39858	547
15000	28	221	864	12606	42	22	39393	194
16000	28	218	1259	12026	0	33	39712	73
17000	38	223	1237	11974	64	4	39955	260
18000	32	240	1309	11930	24	32	37941	163
19000	24	285	1133	12145	0	32	37764	15
20000	16	229	845	12692	0	29	39608	60
21000	16	234	896	12491	2	95	40065	329
22000	19	232	856	12512	0	114	39175	224
23000	9	247	871	12445	2	187	39378	462
24000	15	257	859	12425	1	175	39066	350
25000	20	223	1031	12216	12	171	38896	576
26000	14	248	789	12527	17	235	39539	749
27000	16	209	673	12706	75	189	38604	770
28000	22	230	913	12567	11	59	37998	314
29000	14	226	839	12652	1	80	40444	235
30000	22	254	1081	11989	4	257	37920	823
31000	32	252	995	12263	0	135	39020	340
32000	24	229	932	12402	21	141	38722	478
33000	18	231	707	12633	6	245	38495	691
34000	6	251	702	12633	21	278	38431	749
35000	14	222	830	12351	29	324	38269	924
36000	9	258	532	12765	26	357	38421	987
37000	17	250	875	12322	79	212	38496	818
38000	16	280	720	12629	57	116	38744	650
39000	16	262	636	12807	0	137	40746	467
40000	17	254	685	12615	0	277	39480	621
41000	16	240	666	12610	14	347	39690	800
42000	12	250	940	12201	5	309	39215	910
43000	19	214	749	12646	11	196	39065	696
44000	12	262	790	12463	3	264	38966	740
45000	23	224	929	12494	0	66	38343	164
46000	20	240	782	12793	0	2	38093	3
47000	19	239	1022	12330	79	18	39617	216
48000	26	221	970	12316	100	95	37204	531
49000	8	258	911	12473	42	115	37962	529
50000	22	233	1151	12027	34	129	38955	517
51000	11	209	1105	12218	1	53	39883	165
52000	19	257	878	12540	5	22	39721	226
53000	21	248	840	12603	54	1	37852	159
54000	11	219	862	12595	38	54	39604	378
55000	15	227	863	12594	6	67	39535	271
56000	12	274	726	12814	3	43	38636	47
57000	9	286	886	12561	0	0	38739	2
58000	10	228	777	12720	80	5	40894	122
59000	21	249	860	12492	108	7	39728	374
60000	21	254	1038	12340	0	28	38597	181
61000	17	249	879	12506	0	72	40748	274
62000	13	238	877	12642	0	29	41256	86
63000	16	252	1065	12259	0	20	39299	54
64000	9	218	1012	12438	0	0	39096	2
65000	28	222	889	12535	86	24	38455	472
66000	6	234	497	13110	57	74	39708	417
67000	22	245	669	12773	30	70	39443	220
68000	13	273	780	12617	49	98	39607	497
69000	11	271	770	12640	68	58	38963	247
70000	21	248	794	12546	134	113	38174	745
71000	16	254	898	12402	69	123	38983	745
72000	19	226	861	12428	57	189	37677	1044
73000	9	234	853	12593	23	127	37864	624
74000	15	186	769	12711	14	167	40011	606
75000	12	292	586	12887	8	172	39521	521
76000	18	248	744	12543	10	241	37868	605
77000	14	247	887	12398	19	216	39002	397
78000	20	232	903	12406	5	163	39569	653
79000	19	209	1138	12204	2	44	37323	180
80000	22	269	968	12357	7	120	38713	292
81000	17	256	684	12785	10	121	39909	482
82000	11	264	648	12808	54	99	38404	385
83000	15	215	765	12614	5	213	40728	369
84000	16	247	702	12734	22	133	38652	327
85000	19	234	708	12794	0	82	40274	315
86000	15	181	797	12801	0	23	40044	131
87000	17	207	837	12659	96	1	41021	189
88000	13	249	752	12733	70	30	38193	202
89000	14	243	788	12540	40	120	40621	389
90000	23	243	940	12372	0	134	39746	322
91000	16	231	1087	12104	55	182	38607	778
92000	22	222	1133	12041	17	214	39327	570
93000	21	213	1134	11950	1	235	38575	834
94000	16	226	922	12410	3	152	40748	511
95000	22	243	714	12824	0	47	38075	203
96000	6	279	746	12758	0	1	39526	7
97000	13	273	810	12607	47	50	38878	368
98000	11	255	754	12735	30	51	38643	258
99000	13	233	664	12919	9	38	38461	209
100000	25	234	912	12530	0	23	38848	102
101000	18	258	858	12563	86	3	40044	325
102000	16	205	1062	12331	54	4	37304	196
103000	18	243	886	12587	24	31	39100	217
104000	15	237	896	12591	17	1	39830	97
105000	10	192	709	12844	0	44	40831	130
106000	14	248	660	12912	0	46	39287	173
107000	17	211	795	12691	0	78	39911	155
108000	16	237	797	12502	9	223	39806	639
109000	24	226	1057	12266	0	61	38270	273
110000	11	235	860	12614	0	61	39362	146
111000	9	248	715	12781	4	78	39041	193
112000	15	237	796	12633	0	133	37883	495
113000	29	205	1033	12305	2	113	38982	282
114000	22	232	879	12634	0	0	39405	2
115000	19	206	946	12357	94	82	39835	581
116000	15	230	1090	12169	62	98	39181	372
117000	27	255	1209	11873	86	150	39545	750
118000	19	233	1262	11825	159	53	37258	799
119000	24	248	1039	12250	49	40	38943	250
120000	17	256	1054	12282	22	0	39221	38
121000	14	217	931	12417	151	0	37207	310
122000	15	219	926	12353	181	55	38860	659
123000	14	220	797	12525	146	84	39031	687
124000	18	264	927	12325	166	46	38123	762
125000	28	261	927	12350	29	89	38859	328
126000	14	275	924	12483	7	53	38266	115
127000	20	227	848	12599	14	29	39191	92
128000	17	248	708	12773	67	68	40824	218
129000	16	252	859	12613	59	52	39527	303
130000	13	194	903	12503	60	80	40077	426
131000	15	244	753	12691	21	114	39299	343
132000	19	234	762	12650	27	145	39251	450
133000	12	240	684	12765	30	107	37752	420
134000	13	261	766	12713	8	104	39575	266
135000	14	237	938	12438	70	87	38966	399
136000	22	214	1085	12337	9	10	39872	103
137000	12	266	887	12619	0	5	39663	16
138000	16	258	893	12489	109	0	39829	0
139000	15	263	1080	12258	13	32	38183	158
140000	16	273	680	12883	1	4	37315	97
141000	19	266	921	12484	73	20	38130	150
142000	8	241	764	12772	34	15	40315	157
143000	8	249	667	12877	13	41	41734	136
144000	18	230	779	12750	0	42	38964	207
145000	9	217	748	12790	0	41	39729	134
146000	16	243	766	12803	0	0	40532	42
147000	9	244	567	12905	133	50	40154	475
148000	22	272	943	12401	52	6	39140	188
149000	15	205	961	12460	66	28	39302	272
150000	20	248	1059	12314	18	0	38641	39
151000	5	217	814	12727	22	2	39883	53
152000	16	240	1039	12324	29	14	37938	136
153000	22	256	822	12675	2	7	37954	29
154000	14	241	705	12829	104	4	39794	241
155000	12	246	727	12686	84	77	39386	435
156000	19	224	821	12525	118	57	39286	689
157000	22	256	993	12146	135	118	38042	681
158000	21	220	1346	11551	164	204	37374	1249
159000	18	238	855	12148	223	335	37777	1297
160000	30	258	817	12305	103	277	37185	1096
161000	13	237	730	12459	78	290	39146	978
162000	14	208	741	12634	29	218	37957	646
163000	10	247	645	12876	2	119	39694	355
164000	13	234	747	12775	0	54	38814	208
165000	18	218	825	12642	1	64	40068	204
166000	16	270	952	12505	0	14	39027	34
167000	21	271	1016	12377	0	0	39033	2
168000	7	254	672	12855	57	28	38971	249
169000	12	269	972	12400	2	30	38771	86
170000	13	242	1003	12449	0	16	38718	111
171000	19	214	888	12638	0	34	39456	107
172000	14	228	827	12689	17	61	39648	332
173000	14	241	893	12606	8	24	39334	73
174000	24	231	967	12494	10	10	39309	4
175000	19	258	884	12445	143	20	38349	435
176000	25	232	872	12416	117	90	38945	562
177000	20	214	1001	12255	50	141	38441	624
178000	13	276	940	12184	121	141	37876	805
179000	15	210	874	12282	91	270	38244	1006
180000	25	220	907	12194	64	338	38213	1487
181000	22	231	1201	11553	95	438	36841	1907
182000	14	240	1158	11668	50	494	38421	1468
183000	22	207	1064	12007	51	279	38382	1194
184000	17	242	1105	11955	2	249	37988	753
185000	31	216	926	12268	7	277	39170	929
186000	23	236	850	12328	14	344	36219	950
187000	18	259	751	12631	4	121	38291	565
188000	9	257	554	12900	5	187	38678	511
189000	18	234	799	12605	15	86	39459	450
190000	8	208	881	12610	3	59	40329	125
191000	15	245	945	12380	89	75	38121	476
192000	22	227	860	12377	186	120	38512	886
193000	21	249	1011	12149	67	176	37945	882
194000	16	219	1065	12180	112	51	38931	576
195000	23	215	912	12384	176	20	38796	521
196000	10	232	904	12428	163	41	39156	643
197000	17	231	957	12363	60	72	39663	535
198000	7	205	825	12630	72	82	38046	498
199000	12	226	940	12456	27	75	40063	456
200000	19	241	931	12272	182	80	38102	616
201000	15	240	1022	12212	80	109	37196	460
202000	15	213	913	12280	157	135	38833	670
203000	19	235	939	12284	59	130	38674	350
204000	33	222	1015	12331	36	103	38978	510
205000	18	244	1004	12235	24	131	38464	490
206000	13	241	848	12445	34	224	39366	940
207000	20	251	923	12360	35	100	39049	363
208000	15	223	755	12607	70	139	39244	493
209000	6	240	923	12343	52	105	37921	440
210000	12	242	614	12792	101	120	38165	621
211000	14	212	812	12533	28	173	39809	735
212000	11	262	955	12217	24	270	38699	921
213000	17	206	1026	12036	69	299	37701	1171
214000	10	254	896	12137	22	428	38288	1170
215000	35	311	1021	11976	69	310	37041	1013
216000	13	249	880	12374	105	215	38024	966
217000	22	235	929	12002	288	256	37720	1352
218000	21	239	1028	11957	134	305	37765	1245
219000	41	260	1301	11364	48	433	37555	1677
220000	23	226	1051	11463	128	773	36647	3075
221000	17	231	1029	11613	197	554	35818	2486
222000	21	219	894	12259	69	311	38236	1129
223000	7	214	821	12504	6	227	40156	640
224000	21	262	947	12372	0	116	38408	496
225000	17	256	948	12449	0	21	39758	61
226000	15	278	1177	12088	8	104	39786	274
227000	15	251	1212	12020	0	52	38884	147
228000	11	266	1131	12184	0	7	39821	0
229000	24	244	1018	12385	0	56	38098	159
230000	37	223	974	12422	0	17	38684	66
231000	20	225	1206	12107	0	19	38039	26
232000	8	277	968	12334	93	0	39425	80
233000	22	230	959	12398	75	41	40162	333
234000	22	249	992	12390	19	34	39047	211
235000	16	217	1008	12448	0	22	40853	32
236000	16	244	1027	12384	16	9	39549	68
237000	15	216	875	12524	98	3	42175	259
238000	10	240	714	12736	90	81	38899	477
239000	22	214	878	12431	118	111	37840	673
240000	21	253	1036	12121	77	183	38978	735
241000	22	265	958	12210	19	213	38693	573
242000	27	218	917	12354	45	172	39188	793
243000	10	225	840	12298	13	341	38038	992
244000	22	258	780	12452	8	279	36893	848
245000	17	227	1010	12239	0	190	38589	541
246000	24	252	793	12696	2	27	39820	78
247000	19	227	690	12871	5	73	39164	182
248000	15	249	665	12892	3	34	38468	179
249000	8	247	723	12867	0	20	40458	45
250000	20	222	786	12797	0	4	37393	26
251000	19	228	863	12610	63	2	38843	229
252000	14	257	776	12699	26	36	38659	342
253000	3	252	716	12839	0	25	39765	153
254000	9	224	790	12780	0	20	40115	50
255000	25	211	1087	12259	41	1	39783	118
256000	28	253	1250	12014	0	6	37955	49
257000	27	260	963	12482	0	0	39073	1
258000	19	184	1203	12164	36	8	39386	115
259000	33	231	1020	12390	38	2	40475	65
260000	13	222	1070	12296	15	24	39427	113
261000	18	245	974	12391	56	53	38799	193
262000	15	289	847	12407	27	166	39560	648
263000	21	238	707	12845	12	33	40184	121
264000	20	239	793	12728	0	10	39172	71
265000	20	242	986	12434	6	38	39181	136
266000	10	232	879	12650	0	3	37894	53
267000	20	265	788	12545	137	30	38319	345
268000	16	234	742	12721	100	68	39117	320
269000	13	192	907	12389	91	152	39465	539
270000	19	239	651	12570	73	293	37784	1235
271000	13	210	664	12570	120	280	39440	919
272000	16	226	762	12312	134	419	37734	1798
273000	25	241	739	12375	103	353	38822	1308
274000	25	249	690	12250	120	505	37955	1615
275000	15	192	828	11861	170	708	38928	1800
276000	17	254	833	11822	193	679	37033	2543
277000	10	216	736	12187	204	497	37166	2007
278000	24	278	708	12281	111	441	38293	1965
279000	10	241	768	12291	44	433	38862	1333
280000	25	221	892	12186	61	371	38517	1367
281000	15	231	590	12669	65	331	37777	1280
282000	14	230	692	12646	73	208	37392	674
283000	13	242	583	12949	0	162	39987	608
284000	30	249	899	12345	4	167	38176	406
285000	18	258	1029	12121	15	229	38414	703
286000	18	260	886	12387	0	164	38710	655
287000	17	222	783	12805	0	26	39107	96
288000	10	262	627	12968	0	12	39152	38
289000	10	232	668	12880	97	0	39871	108
290000	18	251	775	12712	26	35	39163	144
291000	21	232	777	12731	0	40	39454	192
292000	9	271	586	12986	1	110	39626	223
293000	10	252	590	13026	0	60	41777	144
294000	15	217	607	13003	19	59	39901	281
295000	24	282	869	12479	123	0	38187	197
296000	14	240	913	12469	87	29	39004	430
297000	12	259	913	12541	15	20	38949	116
298000	26	232	1052	12323	0	37	37746	132
299000	26	228	1273	11928	0	6	41558	26
300000	34	248	1433	11654	42	17	38673	218
301000	16	218	1045	12321	69	3	39653	263
302000	17	228	1213	12067	2	21	39522	116
303000	25	292	1124	12100	32	16	38145	108
304000	21	183	1238	12067	0	41	38068	101
305000	23	233	1052	12217	1	93	38393	215
306000	13	230	988	12388	0	75	40422	288
307000	15	215	886	12497	19	119	38866	528
308000	29	262	824	12595	6	60	38645	266
309000	15	223	774	12689	10	95	38714	134
310000	25	233	831	12607	47	60	38578	303
311000	17	247	885	12503	22	71	39597	262
312000	8	233	661	12866	9	104	38944	513
313000	16	235	802	12643	27	86	39652	401
314000	23	224	935	12520	7	17	39276	68
315000	21	266	950	12462	0	0	38075	1
316000	14	207	1122	12094	142	16	38560	337
317000	14	219	1203	12008	84	41	38164	517
318000	12	214	1114	12130	147	60	38564	683
319000	20	250	832	12365	142	157	39668	882
320000	22	234	1079	12247	35	77	38988	334
321000	8	224	833	12641	7	69	39010	136
322000	11	209	848	12619	2	63	39526	180
323000	23	224	747	12719	41	72	38024	264
324000	17	212	967	12460	0	55	39080	223
325000	13	225	899	12593	0	0	41123	6
326000	32	246	1051	12247	64	18	38554	257
327000	19	176	1024	12375	2	22	38144	101
328000	14	243	839	12581	1	84	38660	356
329000	22	262	1021	12174	11	172	38276	552
330000	15	229	805	12670	23	67	38851	271
331000	16	290	761	12674	0	67	38840	185
332000	13	212	810	12698	0	64	39562	77
333000	11	230	671	12945	0	27	38105	90
334000	6	254	635	12927	55	0	38616	178
335000	18	259	907	12467	31	38	39891	148
336000	13	255	789	12724	21	8	40295	46
337000	23	250	794	12634	77	36	39155	250
338000	6	233	784	12768	10	21	40643	90
339000	33	225	986	12420	68	7	40138	166
340000	20	253	772	12698	62	23	38209	213
341000	10	190	973	12266	31	228	38647	604
342000	20	250	705	12494	26	339	38692	1036
343000	10	247	706	12603	2	232	38306	931
344000	20	216	864	12376	6	219	39637	585
345000	15	234	933	12213	19	289	39518	818
346000	16	215	842	12430	58	217	38690	669
347000	14	207	623	12631	26	410	37998	1236
348000	18	217	911	12249	48	289	37456	1200
349000	12	244	876	12494	37	73	38430	265
350000	14	247	876	12572	0	46	38789	124
351000	9	237	857	12636	5	8	38811	97
352000	16	255	692	12882	0	3	39229	56
353000	8	258	625	12975	0	19	40511	45
354000	8	273	506	13137	0	14	40482	85
355000	18	257	662	12879	0	41	39660	51
356000	16	207	723	12803	92	2	39290	241
357000	19	270	750	12715	58	9	38231	191
358000	24	237	908	12517	38	7	40155	215
359000	19	247	820	12671	7	0	38380	98
360000	19	209	800	12744	1	0	39572	37
361000	3	252	714	12823	50	5	39278	261
362000	14	263	752	12742	54	0	39606	94
363000	15	241	684	12908	50	2	40054	155
364000	12	251	639	12905	59	46	40237	405
365000	7	184	501	13211	42	35	39373	166
366000	8	241	699	12870	28	53	39782	231
367000	13	266	691	12702	63	135	38610	568
368000	20	261	788	12518	88	121	39378	535
369000	22	234	875	12562	29	69	38509	378
370000	16	258	957	12412	5	54	39613	153
371000	27	264	776	12763	0	0	40062	2
372000	13	243	761	12711	42	7	39151	117
373000	13	248	771	12677	48	7	40271	138
374000	34	252	972	12386	32	30	38421	181
375000	18	254	876	12583	0	40	39475	57
376000	20	196	772	12692	0	77	39928	183
377000	21	261	996	12401	0	13	40851	160
378000	10	250	783	12737	0	0	39370	1
379000	14	207	793	12725	10	23	39594	121
380000	15	257	679	12805	114	1	38282	188
381000	26	224	764	12599	128	62	38502	573
382000	19	224	847	12506	177	46	39730	722
383000	6	254	753	12538	98	208	37330	765
384000	16	234	779	12558	111	99	40410	631
385000	18	227	693	12719	69	139	39784	674
386000	26	242	857	12507	68	102	38999	361
387000	17	215	944	12381	54	128	40489	440
388000	16	231	1000	12226	9	182	39222	707
389000	18	267	990	12256	24	142	38126	360
390000	23	224	1020	12158	34	195	38796	676
391000	11	226	950	12161	93	257	38176	1155
392000	18	252	910	12192	35	304	38895	1026
393000	11	226	804	12349	111	279	39215	1148
394000	29	256	852	12270	56	272	37951	740
395000	7	239	820	12399	104	237	38464	996
396000	10	256	757	12451	33	313	38100	1073
397000	8	235	687	12739	23	213	38568	717
398000	19	284	837	12424	1	242	38941	875
399000	18	208	1015	12383	12	88	40169	202
400000	14	242	814	12711	10	27	39116	125
401000	14	242	760	12850	1	3	40374	78
402000	13	212	734	12883	26	0	40630	46
403000	12	266	663	12895	9	17	39485	96
404000	18	236	840	12721	2	4	38392	75
405000	16	242	638	12874	94	9	39714	125
406000	6	243	551	13090	14	21	39353	155
407000	4	258	480	13213	6	33	40200	130
408000	8	213	728	12900	0	28	39708	54
409000	14	243	800	12678	0	36	39233	92
410000	21	239	742	12775	0	41	39270	129
411000	12	235	552	13153	0	4	39257	55
412000	13	226	705	12841	0	47	40461	140
413000	15	263	802	12766	0	2	39168	0
414000	14	251	843	12563	96	7	37862	335
415000	17	266	934	12397	11	54	38216	98
416000	9	241	883	12591	0	61	38451	154
417000	11	250	782	12628	0	165	38623	358
418000	11	239	626	12755	8	251	38308	676
419000	18	248	641	12914	43	31	40368	362
420000	14	209	711	12807	39	29	41609	298
421000	14	263	719	12846	0	5	38718	11
422000	26	242	642	12763	32	122	38962	550
423000	14	226	639	12888	10	133	38465	385
424000	13	257	799	12645	3	60	37644	213
425000	22	236	1044	12404	0	2	38328	67
426000	17	217	1143	12073	102	56	40110	408
427000	23	244	1146	11934	34	243	37759	764
428000	12	243	940	12413	11	107	40924	226
429000	15	219	754	12647	30	152	39731	569
430000	11	258	701	12769	1	67	38839	261
431000	20	244	651	12832	0	89	38952	181
432000	24	241	747	12766	13	6	39953	63
433000	5	237	622	12993	31	12	39614	237
434000	16	221	615	13004	54	26	37777	153
435000	14	252	705	12854	16	19	39352	163
436000	14	234	670	12954	47	2	38676	31
437000	8	229	700	12896	20	1	39759	26
438000	20	266	824	12544	96	6	38886	313
439000	17	226	698	12643	244	49	39302	734
440000	18	227	899	12266	226	76	37632	968
441000	25	215	1324	11697	139	85	38205	767
442000	13	250	1070	12241	62	56	37694	373
443000	21	270	828	12597	9	21	39757	91
444000	22	212	865	12650	11	43	39315	163
445000	9	200	861	12726	0	2	38530	28
446000	16	247	825	12632	84	3	39352	207
447000	19	248	950	12376	109	50	38491	321
448000	21	247	962	12266	94	102	38252	562
449000	19	223	953	12406	48	103	38643	541
450000	11	238	832	12420	14	241	39036	866
451000	19	240	783	12496	19	196	39333	523
452000	19	255	806	12527	0	182	39435	563
453000	17	229	873	12494	7	141	39929	334
454000	14	270	939	12205	15	322	37073	1091
455000	15	206	962	12185	108	242	38168	856
456000	22	243	820	12241	232	262	37219	1557
457000	14	252	1093	11881	91	311	38817	1135
458000	12	222	918	11949	210	455	37828	1834
459000	19	227	709	12414	160	374	39345	1393
460000	22	253	760	12367	46	357	39224	1317
461000	21	265	832	12176	112	394	38518	1497
462000	13	259	788	12366	37	355	37712	1189
463000	14	234	824	12424	91	217	38891	978
464000	10	251	839	12513	29	146	38666	521
465000	23	219	890	12378	35	240	38396	822
466000	16	228	988	12120	13	341	37606	1008
467000	16	207	1178	11767	40	386	37407	1086
468000	31	227	1088	11742	19	528	38148	1606
469000	11	202	793	12141	15	630	37271	1778
470000	12	265	776	12191	15	542	37729	1721
471000	15	209	639	12540	32	497	36976	1888
472000	7	241	798	12304	14	466	39008	1346
473000	26	259	1042	11922	38	370	38503	1186
474000	15	279	964	12007	100	357	36313	1148
475000	18	255	711	12567	14	284	38838	1104
476000	9	241	803	12437	19	320	38428	1027
477000	15	241	892	12226	21	345	37830	1058
478000	16	208	752	12417	7	436	38780	1177
479000	14	232	631	12679	11	332	38038	927
480000	24	264	768	12553	40	216	37747	958
481000	11	216	882	12433	21	205	39192	799
482000	11	261	747	12628	5	209	38760	658
483000	14	260	1012	12271	2	138	39920	560
484000	20	221	814	12627	1	148	39530	439
485000	17	218	647	12905	0	130	41572	346
486000	20	235	693	12713	18	205	37956	557
487000	11	229	700	12582	22	326	39795	966
488000	15	235	694	12763	22	141	39754	590
489000	21	244	864	12546	5	138	39353	557
490000	14	262	849	12516	0	133	39255	390
491000	14	241	926	12442	3	154	39338	508
492000	24	235	886	12482	2	123	39502	439
493000	11	258	973	12304	0	173	37545	414
494000	10	194	809	12501	8	300	39062	883
495000	18	267	730	12528	2	293	39423	770
496000	10	270	724	12605	16	232	40625	625
497000	11	278	649	12649	24	261	38791	701
498000	4	211	612	12925	37	156	39898	649
499000	20	237	834	12522	0	154	40287	223
500000	13	232	1020	12243	17	147	37913	534
501000	24	235	874	12518	28	115	37632	406
502000	15	229	886	12501	23	115	39510	318
503000	18	220	1045	12094	45	246	37707	792
504000	14	199	927	12412	7	119	38927	408
505000	14	235	1045	12057	0	349	37912	770
506000	21	223	842	12490	71	141	37805	702
507000	14	233	914	12467	25	85	37603	506
508000	16	230	970	12439	29	31	38919	173
509000	18	243	970	12444	0	29	39594	190
510000	24	266	1312	11909	0	0	37100	6
511000	19	241	1129	12180	74	6	37786	226
512000	9	261	1059	12374	15	2	39270	92
513000	23	239	811	12632	3	49	39465	167
514000	20	261	801	12657	1	68	37594	268
515000	14	233	760	12719	0	73	40558	207
516000	13	249	601	12948	3	79	41280	237
517000	15	260	729	12818	9	81	40728	169
518000	19	257	824	12545	21	119	37849	403
519000	19	216	1019	12341	0	93	38389	236
520000	29	197	1163	11988	14	196	39090	654
521000	9	198	936	12197	60	377	38833	1149
522000	23	208	921	11980	43	527	38140	1687
523000	19	243	936	12022	126	410	37744	1798
524000	23	257	987	11839	163	480	38523	1633
525000	10	236	660	12376	74	478	38722	1602
526000	13	244	775	12284	13	475	38008	1182
527000	20	222	653	12570	31	332	39378	1246
528000	7	228	848	12420	26	245	38103	821
529000	16	284	750	12453	109	224	37203	963
530000	21	231	794	12392	106	282	38371	1113
531000	15	223	731	12431	78	389	38758	1330
532000	16	276	596	12691	38	310	40265	1081
533000	13	251	660	12588	4	335	38724	1123
534000	16	253	675	12576	21	326	38093	791
535000	26	207	760	12508	17	300	38850	913
536000	12	260	691	12587	26	272	39099	778
537000	9	271	705	12594	38	271	39166	1130
538000	23	231	904	12318	12	225	36971	797
539000	22	220	879	12262	35	316	37832	816
540000	13	233	1064	12131	41	181	38494	625
541000	14	207	767	12654	28	108	38840	473
542000	22	244	770	12680	8	118	38339	386
543000	11	229	880	12485	4	173	39463	569
544000	21	239	907	12307	16	268	38875	603
545000	14	221	1071	12038	6	312	38347	583
546000	17	223	1035	12090	45	276	38479	950
547000	11	229	1058	12134	21	203	39623	669
548000	27	218	796	12576	28	172	37652	460
549000	24	255	889	12370	40	162	38366	637
550000	16	243	820	12351	66	282	39122	739
551000	30	295	963	12033	72	332	38341	1386
552000	17	249	923	11887	45	616	37941	2208
553000	11	231	696	12380	22	548	36540	2029
554000	21	245	895	11989	46	568	37192	1941
555000	15	251	949	11833	31	670	35981	2175
556000	19	236	770	12124	36	625	37241	2140
557000	18	276	668	12279	62	598	37408	1721
558000	14	203	819	12133	51	557	38341	2178
559000	21	214	791	12221	45	459	38508	1194
560000	17	260	722	12469	32	335	38322	1075
561000	4	244	786	12398	9	358	38306	1040
562000	13	217	540	12858	22	290	40513	853
563000	20	255	841	12448	45	208	39468	567
564000	11	177	901	12453	0	199	39092	636
565000	21	224	772	12624	15	156	38358	592
566000	22	261	815	12569	1	172	39900	538
567000	12	244	951	12396	25	88	37981	277
568000	17	283	844	12632	13	21	38988	143
569000	12	216	791	12762	0	4	38265	46
570000	15	260	988	12427	0	0	39804	1
571000	24	210	796	12666	116	48	39231	727
572000	18	271	839	12579	47	31	39407	162
573000	20	252	717	12772	23	83	39085	273
574000	17	250	881	12580	14	34	37827	114
575000	12	247	893	12551	4	58	37032	177
576000	18	228	878	12634	0	37	39398	68
577000	26	286	813	12556	109	3	39411	331
578000	12	248	809	12589	92	29	39787	224
579000	9	268	674	12757	100	34	38880	239
580000	16	227	823	12636	35	76	40198	317
581000	8	237	730	12679	42	149	38647	418
582000	20	288	862	12342	7	197	37384	648
583000	26	243	1017	12207	8	135	39013	444
584000	30	203	1149	11914	56	175	37457	693
585000	17	278	874	12353	66	182	39998	919
586000	10	235	821	12414	88	238	38156	1126
587000	15	247	653	12749	17	191	40394	707
588000	17	223	805	12560	74	130	38771	682
589000	25	256	761	12560	63	159	38786	595
590000	14	279	830	12496	64	128	38581	756
591000	11	217	872	12616	40	54	39964	253
592000	15	263	722	12737	12	52	39501	249
593000	17	257	866	12626	0	24	38619	76
594000	13	242	868	12551	62	31	37436	156
595000	12	255	726	12830	24	20	38881	58
596000	13	265	842	12721	0	0	39789	1
597000	15	219	683	12880	34	43	40539	224
598000	8	243	609	12982	15	12	40788	126
599000	10	236	863	12697	0	0	39370	3
600000	14	220	866	12537	111	15	39593	360
601000	13	249	1003	12332	13	81	38816	292
602000	29	239	1076	12165	3	147	38232	325
603000	11	233	1016	12392	0	62	39715	280
604000	12	221	930	12550	15	52	39491	375
605000	25	237	850	12547	9	89	39439	316
606000	10	254	794	12642	21	77	39174	296
607000	6	228	764	12768	14	69	39627	153
608000	10	226	761	12695	30	67	40624	255
609000	8	208	697	12899	1	84	39251	278
610000	13	242	813	12609	23	99	39595	283
611000	14	244	874	12595	0	59	39494	125
612000	18	243	732	12779	0	55	39680	152
613000	17	254	687	12890	0	64	38617	236
614000	16	255	730	12798	2	21	39145	25
615000	12	254	836	12637	1	11	39670	49
616000	18	256	903	12584	0	5	39585	14
617000	18	222	892	12472	102	9	39157	288
618000	27	223	1057	12207	81	44	39664	263
619000	26	211	1089	12205	33	47	38689	183
620000	20	261	983	12291	59	59	38931	338
621000	14	236	993	12219	130	88	37439	442
622000	14	222	1061	12083	171	95	37639	666
623000	23	222	1205	11832	69	162	38257	820
624000	15	210	846	12334	49	265	39082	417
625000	19	211	1053	12066	23	287	37600	932
626000	15	243	692	12647	69	199	40937	718
627000	21	231	628	12751	111	177	38874	854
628000	17	239	732	12245	106	493	39756	1842
629000	15	224	964	11875	175	475	36685	1982
630000	27	227	954	11876	251	355	37272	1600
631000	8	229	678	12278	103	570	37875	1758
632000	20	252	895	12023	46	514	37738	1696
633000	25	224	1007	11973	129	354	37081	1358
634000	19	222	905	12027	93	455	38128	1595
635000	13	239	831	12122	69	519	37393	1481
636000	13	242	669	12293	79	591	39827	1851
637000	14	223	641	12577	73	399	37639	1465
638000	15	252	782	12107	74	591	37265	2000
639000	22	230	802	12305	62	400	36498	1558
640000	16	238	726	12379	35	413	38087	1557
641000	18	246	772	12283	83	401	38184	1416
642000	18	248	840	12208	95	394	38467	1211
643000	18	220	1002	11928	39	477	36769	1545
644000	15	276	758	12392	48	327	39261	972
645000	19	249	504	13023	49	148	38588	672
646000	24	221	897	12418	13	189	39455	625
647000	8	232	856	12464	0	253	39089	456
648000	17	232	890	12436	19	172	39192	559
649000	18	265	658	12742	4	226	38011	660
650000	12	224	946	12314	13	198	38449	503
651000	15	252	875	12456	1	149	39094	631
652000	12	264	1080	12194	9	67	38779	227
653000	31	248	971	12350	10	85	38936	323
654000	21	279	762	12693	20	58	40170	266
655000	13	265	716	12747	52	7	39303	114
656000	11	225	783	12791	0	68	39878	104
657000	17	234	1009	12412	0	41	39405	73
658000	24	262	962	12452	5	1	39771	8
659000	26	258	910	12492	47	27	39559	379
660000	18	272	843	12593	23	32	39404	250
661000	13	231	778	12718	9	79	39066	245
662000	5	236	683	12793	12	151	40383	430
663000	16	222	887	12613	14	5	38784	98
664000	5	229	812	12681	39	48	39683	175
665000	23	250	756	12639	16	147	38874	525
666000	13	215	779	12556	1	252	39753	693
667000	12	243	718	12617	1	271	39202	1035
668000	18	233	638	12816	12	173	40117	497
669000	17	248	916	12380	13	170	39423	683
670000	18	259	980	12245	12	186	37331	650
671000	7	277	858	12547	2	119	38683	332
672000	22	225	785	12289	9	411	37853	1091
673000	14	248	811	12433	3	272	38571	1080
674000	24	233	1068	11935	18	351	37426	1229
675000	20	256	926	11990	5	517	39282	1510
676000	14	215	830	12335	1	403	38348	1255
677000	17	230	767	12270	32	522	38211	1472
678000	7	252	750	12283	64	478	38603	1437
679000	11	268	743	12467	53	300	38352	1344
680000	16	256	756	12429	39	311	38315	1209
681000	10	272	894	12116	64	376	37630	1110
682000	26	230	874	12054	127	411	37613	1843
683000	12	222	1007	11899	42	538	37333	1697
684000	13	248	1023	11844	25	525	38341	2015
685000	17	252	826	12156	32	514	36448	1624
686000	13	230	805	12246	64	469	39608	1369
687000	12	267	852	12013	119	546	36384	2434
688000	28	273	904	11797	146	606	37538	2161
689000	18	238	766	11935	146	715	37227	2610
690000	21	226	1061	11645	213	486	37063	2169
691000	15	287	1025	11955	103	341	36767	1375
692000	20	223	1085	12035	38	200	37655	858
693000	18	241	811	12452	24	248	38545	664
694000	15	247	895	12237	12	390	39182	1137
695000	9	227	725	12516	10	341	39075	994
696000	16	249	741	12530	12	287	39490	691
697000	14	230	719	12679	5	216	38775	601
698000	13	257	845	12433	4	230	38235	594
699000	20	263	901	12510	0	114	39363	286
700000	9	220	591	12963	0	135	39426	236
701000	20	281	719	12633	1	180	38837	372
702000	19	254	863	12494	19	112	38124	311
703000	13	234	747	12705	58	133	39436	350
704000	23	208	788	12673	42	102	38897	605
705000	17	228	865	12485	79	111	38474	632
706000	20	225	746	12796	18	13	39261	125
707000	11	242	650	12935	14	45	40904	241
708000	24	215	889	12537	84	6	37725	294
709000	10	255	697	12854	30	12	39860	98
710000	17	251	661	12917	24	1	39279	103
711000	13	196	774	12782	0	18	40492	127
712000	20	270	779	12704	0	50	40675	115
713000	17	259	757	12709	0	55	39019	121
714000	22	214	914	12573	1	43	40797	173
715000	23	228	939	12538	0	0	38207	1
716000	17	220	960	12421	86	25	39907	404
717000	19	242	726	12776	6	59	39258	196
718000	18	231	697	12863	2	48	39263	149
719000	18	254	612	13019	0	33	39190	12
720000	12	247	653	12858	20	61	39396	275
721000	16	243	621	12957	3	34	41013	121
722000	13	259	702	12868	11	15	41164	117
723000	20	222	718	12841	0	1	40811	14
724000	6	249	748	12723	87	26	38157	439
725000	17	240	814	12607	56	74	39614	485
726000	35	275	862	12461	46	61	39414	420
727000	16	253	699	12837	0	10	39533	46
728000	12	227	968	12539	0	0	40981	10
729000	17	258	908	12470	119	18	39317	270
730000	10	251	800	12699	50	10	38468	59
731000	15	243	979	12412	48	16	38894	28
732000	12	246	808	12730	17	4	39483	104
733000	11	201	540	13153	4	6	39894	22
734000	16	266	900	12544	0	7	37033	27
735000	23	229	805	12641	107	0	39396	356
736000	33	255	851	12504	86	33	37161	395
737000	15	280	819	12563	28	57	39447	195
738000	16	235	728	12791	23	48	39929	177
739000	20	245	815	12707	0	3	39251	20
740000	13	270	872	12515	39	33	37318	266
741000	7	238	782	12614	35	124	40447	428
742000	18	230	719	12621	111	177	39475	974
743000	21	247	973	12260	73	155	38263	720
744000	16	229	900	12291	115	202	38848	1038
745000	22	200	1083	12041	72	223	38144	777
746000	21	214	1071	12030	25	250	37915	694
747000	25	182	1007	12297	12	167	39606	447
748000	16	228	813	12371	1	352	39524	1167
749000	16	209	623	12805	14	243	38463	646
750000	17	232	667	12663	80	211	39251	795
751000	10	215	994	12236	41	130	39415	646
752000	18	253	866	12401	30	233	37958	756
753000	16	248	849	12359	80	193	38427	680
754000	20	228	854	12419	51	185	39603	718
755000	12	247	672	12595	23	330	37856	1153
756000	19	246	675	12346	115	487	36522	2092
757000	27	288	732	11965	199	610	36953	2432
758000	11	233	774	11875	219	671	37092	2436
759000	31	253	888	11522	138	874	36077	3170
760000	15	227	722	11807	152	939	36233	3187
761000	15	257	821	12028	128	572	36246	2368
762000	22	197	834	12136	194	398	38719	1711
763000	21	245	825	12239	77	397	36978	1702
764000	24	236	930	12054	50	439	37299	1497
765000	19	235	856	11875	44	724	35548	2338
766000	18	275	966	11603	160	719	38073	2269
767000	19	222	869	11894	250	514	37041	2247
768000	22	228	834	11602	235	879	36589	3298
769000	31	239	1026	11466	130	795	35601	2482
770000	15	193	1121	11194	129	967	37334	3366
771000	19	247	967	11443	128	887	36379	3328
772000	16	206	919	11648	126	822	36986	2435
773000	23	210	803	11791	138	828	35668	2927
774000	22	211	987	11456	99	882	36658	2546
775000	10	212	736	12026	70	768	37490	2605
776000	17	250	1012	11522	81	842	36786	2628
777000	18	257	867	11545	133	946	36496	3892
778000	24	227	906	11376	138	1070	36872	3339
779000	11	221	1164	10807	152	1213	35438	3957
780000	25	223	1075	11210	165	948	36872	2751
781000	20	234	1013	11216	278	939	35504	3572
782000	26	274	930	11202	429	864	33981	3663
783000	22	244	943	11406	239	846	36964	3568
784000	15	217	772	11589	82	1144	35424	3663
785000	13	248	575	11750	93	1240	34855	4453
786000	14	235	747	11715	61	1077	35440	3394
787000	20	195	918	10985	130	1445	35417	4535
788000	32	268	990	10917	246	1212	34190	4544
789000	16	224	775	11465	208	1124	36636	3964
790000	21	224	976	11166	378	964	35482	4182
791000	31	234	1003	10546	659	1183	35479	5138
792000	31	211	1246	10309	399	1342	33687	5004
793000	31	230	824	10760	443	1504	32698	4847
794000	15	215	1081	10511	426	1396	33080	5474
795000	25	231	757	10443	422	1943	32609	6152
796000	20	226	695	10368	647	1857	33550	7707
797000	21	228	667	10258	546	2127	30519	7355
798000	35	279	648	9972	603	2354	30855	8794
799000	33	242	725	9621	576	2639	30261	9176
800000	20	259	602	10007	437	2600	29985	8614
801000	21	226	733	9734	530	2599	30158	8847
802000	25	218	688	10097	437	2397	31511	9121
803000	21	232	943	9831	531	2132	31199	8828
804000	27	259	862	9631	650	2303	30772	8207
805000	38	239	865	9481	788	2322	29571	8864
806000	32	216	1046	9661	638	2085	31041	8038
807000	32	234	834	10128	423	2121	31056	7726
808000	21	245	788	9940	371	2472	31381	8091
809000	33	249	754	10026	360	2370	31165	7949
810000	20	268	712	10171	353	2319	31699	7609
811000	26	264	1058	10081	204	2045	32118	6847
812000	37	260	1073	10143	359	1796	32670	6317
813000	19	217	1062	10459	195	1680	33917	5435
814000	13	250	819	10820	328	1543	33917	5763
815000	14	246	719	10751	529	1595	33074	5869
816000	28	276	975	10180	521	1757	31956	6323
817000	54	229	1370	9479	698	1639	33024	6193
818000	23	224	766	10191	407	2211	32360	6799
819000	29	263	1050	9454	576	2290	31027	7851
820000	20	228	901	10128	474	1971	32467	7700
821000	31	215	1156	9724	644	1806	31833	6847
822000	40	215	1090	9411	772	2160	29469	8664
823000	37	228	1156	9149	815	2181	28916	9031
824000	41	239	1181	8791	658	2664	27849	10051
825000	21	245	960	9623	583	2239	30588	8279
826000	15	208	729	10352	349	2227	31872	7398
827000	19	201	612	9952	437	2623	32646	8674
828000	22	239	676	9582	500	2860	31205	9402
829000	19	238	532	9565	448	3115	29099	10897
830000	17	235	638	9948	453	2576	30508	9134
831000	13	220	645	10162	298	2552	32228	8771
832000	19	262	686	9605	301	2969	29774	9599
833000	23	209	702	9319	639	2982	29872	10488
834000	26	224	487	9317	708	3229	29672	11547
835000	31	196	653	9231	802	2969	28221	11534
836000	26	226	730	8793	807	3276	27118	11486
837000	17	262	606	9020	578	3429	28701	11364
838000	20	215	657	8742	778	3463	27286	12614
839000	15	227	843	8535	700	3455	27139	12294
840000	48	226	774	8557	877	3284	27903	11202
841000	23	234	882	8168	921	3536	26324	13432
842000	26	207	861	8192	950	3505	26612	13278
843000	33	201	929	8642	887	3046	27688	11351
844000	53	263	895	8363	1052	3115	26629	11310
845000	43	198	756	8232	1174	3413	25410	13042
846000	50	200	1075	8268	1223	2855	27457	12074
847000	38	222	931	8646	772	3092	27181	10914
848000	28	233	916	8975	740	2826	28099	10926
849000	22	255	648	9591	577	2773	31576	9751
850000	27	241	668	9045	482	3430	27516	11283
851000	31	211	757	8525	461	3868	27223	12974
852000	27	229	786	8722	596	3413	28274	11752
853000	25	237	664	8300	912	3727	26146	14114
854000	40	230	719	8798	927	3099	27566	11583
855000	34	250	824	9021	820	2846	29043	10573
856000	32	178	932	9176	520	2829	29810	10564
857000	30	242	837	9752	540	2399	30254	9229
858000	24	247	637	9938	449	2603	31474	9118
859000	20	253	788	10092	445	2223	30684	7989
860000	26	237	928	9464	441	2666	28447	9151
861000	15	223	814	9501	304	2952	28901	10052
862000	26	234	836	9485	356	2866	29575	8979
863000	27	246	717	9379	415	3061	31098	9569
864000	25	257	711	9362	557	2936	29241	10229
865000	33	203	983	9234	731	2471	30791	9205
866000	21	210	941	9291	672	2596	28909	9933
867000	30	219	812	9596	907	2202	30066	9027
868000	18	235	689	9785	793	2334	30265	9658
869000	23	252	721	9583	890	2383	29500	9291
870000	42	229	850	8844	815	3011	28851	11327
871000	32	198	944	8260	1024	3195	28028	12281
872000	37	218	752	8108	856	3863	24640	13634
873000	23	178	850	7579	1310	3840	25549	14149
874000	48	237	838	8076	1149	3365	25853	14269
875000	38	216	709	7611	1093	4175	25451	14561
876000	32	180	581	7615	1066	4446	25005	16076
877000	28	216	693	7296	1291	4350	23538	17516
878000	27	221	813	7778	1257	3691	24999	14282
879000	45	177	895	6992	1461	4153	23941	15984
880000	38	186	980	6668	1498	4350	23378	15939
881000	46	207	913	6525	1432	4592	21510	17613
882000	28	248	687	7024	1274	4584	21586	17368
883000	40	256	763	6835	1277	4642	21943	16668
884000	29	206	855	6526	1099	5042	20774	18715
885000	32	188	647	6614	1125	5271	19802	19737
886000	45	216	812	6435	1371	4912	21498	18137
887000	39	216	733	6434	1385	5054	21097	18838
888000	30	199	770	6034	1709	5080	20411	20331
889000	61	216	732	6331	1876	4590	20172	19430
890000	69	186	1164	5937	2057	4163	20753	18839
891000	66	181	1142	5971	2412	3850	20393	19356
892000	47	194	918	5990	1619	4956	21110	18343
893000	37	214	780	6312	1554	4907	20688	18100
894000	57	174	698	5972	2074	4884	20561	20919
895000	53	206	825	6253	1814	4623	21233	18515
896000	37	181	964	6461	1883	4207	21831	17523
897000	50	207	867	6790	1602	4166	22116	17935
898000	34	207	914	6879	1376	4311	23216	15950
899000	36	175	965	6992	1261	4318	23195	16521
900000	37	213	788	7091	1259	4453	22617	17337
901000	36	250	489	6771	1305	5103	20696	18002
902000	41	193	757	6531	1333	4950	21124	18705
903000	56	190	737	6276	1730	4820	20360	19323
904000	46	229	847	6061	1737	4795	21574	18318
905000	51	204	847	5858	2208	4589	20069	19786
906000	45	177	803	5818	1974	4974	19587	20937
907000	62	189	838	5787	2198	4709	19011	19883
908000	48	195	784	6055	2210	4491	19730	20147
909000	42	193	870	5620	2028	5024	18348	19856
910000	60	211	960	5542	2172	4709	18446	20627
911000	57	204	915	5376	1965	5210	18078	21561
912000	53	196	916	5538	2087	4937	19450	19746
913000	61	212	727	5527	2329	4955	17605	21222
914000	62	194	958	4909	2160	5398	17306	21415
915000	58	235	712	5237	2191	5404	16750	21299
916000	31	216	775	5524	2025	5234	18055	20925
917000	40	237	812	6021	1729	4930	19729	20065
918000	49	228	669	6425	1858	4605	20417	19313
919000	36	247	667	6469	1296	5153	21362	18022
920000	52	182	915	7036	1025	4530	22661	16212
921000	37	232	967	6750	1219	4490	22575	15950
922000	52	192	1010	6148	1438	4823	20778	17749
923000	36	219	876	6395	1373	4837	20021	18829
924000	58	204	898	6304	1879	4391	20219	18233
925000	58	199	947	5835	1809	4862	19700	19833
926000	42	186	871	5820	1786	5056	20333	19836
927000	49	203	707	6183	1506	5199	19992	21063
928000	54	220	653	5830	1710	5399	19143	21828
929000	64	201	857	5385	1911	5337	19674	20414
930000	43	170	633	5479	1930	5622	16732	21273
931000	45	211	645	5836	1694	5444	18099	22023
932000	52	194	751	5813	1579	5429	19444	21046
933000	55	220	813	6318	1429	4934	20895	18065
934000	43	200	655	6856	1366	4792	20872	17669
935000	29	182	800	6881	986	4896	21721	18164
936000	29	212	709	7267	921	4696	21732	16936
937000	34	221	871	7583	955	4121	24541	15143
938000	37	230	737	7925	975	3921	24826	15980
939000	36	190	782	7708	1075	4044	23044	16068
940000	29	201	812	7388	828	4557	24767	15470
941000	39	209	714	7174	833	4815	24162	15974
942000	31	210	533	7027	986	5149	21813	17549
943000	24	235	584	7785	850	4454	25257	14384
944000	31	256	492	8266	917	4061	24571	13882
945000	22	229	695	8278	759	3908	25409	12642
946000	28	209	779	8048	1011	3759	26033	13501
947000	39	204	933	8005	900	3630	26855	13171
948000	41	198	1081	7685	973	3602	25485	13102
949000	64	225	945	7362	1151	3968	24231	15145
950000	31	245	1008	7827	908	3611	26194	13128
951000	37	208	1209	7078	1438	3539	24640	14308
952000	50	172	1183	7417	1421	3325	24472	13627
953000	27	220	973	7210	1180	4098	23906	14661
954000	35	181	1402	6485	1479	3863	24083	15138
955000	62	215	1399	7733	1143	2883	25470	12688
956000	41	201	1017	7810	1058	3584	26830	13824
957000	55	182	1248	7746	1118	3187	26795	12693
958000	44	247	1057	7677	911	3659	26254	13096
959000	38	217	1023	8020	1096	3254	25957	12509
960000	27	210	750	8468	957	3456	26617	13900
961000	33	210	819	8977	768	2930	28205	10579
962000	28	240	692	9230	836	2797	29103	10937
963000	27	214	1015	9119	724	2579	30346	8913
964000	41	212	969	9307	835	2302	29459	9094
965000	28	244	668	9366	977	2615	28366	10798
966000	29	255	909	8729	981	2860	27419	10671
967000	31	227	906	8919	1017	2648	28202	11025
968000	32	202	914	8944	759	2921	28950	11176
969000	31	232	896	9441	689	2473	31126	9213
970000	25	249	1204	9200	703	2251	30197	8206
971000	23	213	773	9787	327	2703	30489	9036
972000	21	220	950	9987	392	2158	31004	7679
973000	19	265	717	10526	223	2096	31781	6315
974000	13	208	726	10686	195	1978	33176	7154
975000	13	194	668	10635	315	1991	34271	7332
976000	21	222	689	10475	310	2113	31587	7175
977000	8	221	515	10485	311	2378	32017	7667
978000	22	264	643	10577	279	2091	32044	7968
979000	14	228	840	10463	301	2004	34625	6766
980000	31	250	814	10078	542	2053	31393	7456
981000	25	235	870	10118	562	1988	31690	7130
982000	24	233	798	10004	454	2255	31001	8172
983000	28	235	696	9760	499	2675	30835	9669
984000	13	235	769	10135	408	2246	31837	8127
985000	22	229	909	10187	365	2032	32347	6703
986000	21	257	830	10201	469	1996	32873	7349
987000	35	272	969	10085	502	1846	30945	7141
988000	25	197	893	10162	411	2076	32038	7300
989000	26	231	835	10665	440	1580	31986	5990
990000	17	250	763	11215	274	1336	35826	4370
991000	21	275	824	11086	338	1257	34902	4537
992000	25	269	773	10899	543	1301	33940	5119
993000	19	223	723	10993	440	1479	34957	5680
994000	11	276	765	10845	315	1620	34700	5442
995000	13	220	632	11369	145	1526	34444	4799
996000	27	224	894	11159	287	1164	34271	4808
997000	28	239	1075	10696	144	1438	33017	4383
998000	22	282	971	10155	289	2014	31629	6403
999000	15	194	809	10603	467	1744	32034	6977
