0	0	0	0	14400	0	0	0	0
1000	32	424	533	12857	80	25	22846	256
2000	35	389	967	12343	5	7	21474	24
3000	39	389	1105	11762	142	113	21883	433
4000	74	370	1536	11033	63	269	20522	551
5000	53	467	1899	10546	93	150	21473	402
6000	106	311	2448	9867	87	4	21378	109
7000	83	397	2490	9738	43	48	20809	135
8000	137	291	3276	8544	18	0	20196	50
9000	95	372	2804	9212	75	12	19680	230
10000	116	325	2817	8732	410	75	20593	751
11000	109	334	2535	9490	166	93	19799	586
12000	140	403	3257	8131	145	150	18781	553
13000	117	358	3712	7202	197	342	18530	809
14000	117	316	3885	6792	84	577	17849	1042
15000	170	292	4071	6454	177	391	17785	1105
16000	261	271	3904	6840	58	260	18904	509
17000	95	262	4715	5857	6	0	18279	26
18000	296	279	4972	4704	282	13	17063	455
19000	187	276	5034	5186	59	0	18205	137
20000	174	301	4542	6130	70	0	17523	45
21000	222	218	4843	5574	20	1	16236	99
22000	150	149	4741	5899	81	0	18228	178
23000	196	178	5310	4952	15	0	18130	32
24000	373	195	4936	5118	24	0	17015	50
25000	302	223	4713	5655	109	52	17446	416
26000	144	276	4502	6252	49	4	19141	113
27000	152	261	4331	6570	30	35	18717	113
28000	179	242	4841	5405	140	0	17358	212
29000	213	204	5331	4328	278	32	15869	503
30000	310	158	5835	3178	0	0	15005	1
31000	296	197	5781	3615	33	0	15903	0
32000	215	207	5978	3063	8	0	14616	22
33000	242	186	5649	3823	83	0	16565	131
34000	194	184	5186	4960	10	0	17215	26
35000	221	268	3945	7100	43	1	18338	83
36000	166	306	4232	6717	0	0	16633	1
37000	268	198	4903	5224	109	1	17807	95
38000	254	191	5006	5081	75	0	17186	138
39000	220	232	5313	4533	38	1	17111	124
40000	188	286	4132	6843	69	0	18780	87
41000	171	220	4457	6365	82	0	18732	205
42000	443	316	5188	4222	109	12	16122	258
43000	272	137	5134	4778	202	0	17401	259
44000	381	179	5756	3000	392	8	15022	682
45000	282	189	5930	3024	9	14	15357	82
46000	194	225	5617	3937	135	0	17218	194
47000	196	198	5041	5157	50	3	17697	99
48000	309	258	5041	5173	7	0	17157	3
49000	185	401	4718	5931	11	0	17907	4
50000	205	161	4551	6013	96	0	17950	226
51000	163	277	4410	6100	328	6	19339	542
52000	235	280	4010	6680	251	51	18259	670
53000	167	238	4377	6187	374	34	17197	788
54000	119	359	3161	7896	486	277	18203	1358
55000	116	484	2700	8833	153	380	18933	1024
56000	132	361	2619	9064	228	218	20661	814
57000	100	353	2603	9284	239	76	20170	649
58000	107	320	2961	8962	127	83	20459	472
59000	103	375	3096	8593	37	165	19853	324
60000	138	292	3117	8617	2	264	19480	466
61000	91	316	2477	9345	14	542	19449	970
62000	125	309	2875	9040	17	131	19924	200
63000	114	341	3126	8609	58	10	20557	280
64000	167	365	3622	7773	0	38	19322	97
65000	170	288	3996	7250	1	10	18328	110
66000	223	311	3767	7355	59	4	18762	95
67000	195	383	4627	6004	68	0	17811	155
68000	174	140	4829	5282	469	47	17572	1162
69000	271	249	4604	5454	578	17	17369	913
70000	197	265	4774	5340	173	201	17067	519
71000	194	179	4575	5861	91	220	17702	799
72000	181	332	4061	7014	0	106	19320	224
73000	153	282	3520	7661	28	345	18461	732
74000	165	367	3681	7217	249	322	18361	907
75000	144	372	2951	8206	498	252	18557	1282
76000	128	268	3419	8133	124	95	19438	411
77000	149	260	3358	8104	228	26	19237	511
78000	166	269	3721	7677	32	2	19330	34
79000	212	141	4718	5698	33	0	17800	115
80000	193	294	4736	5927	0	0	17687	1
81000	255	267	4959	5275	18	0	16450	15
82000	245	318	4998	5116	41	0	17025	0
83000	142	275	4236	6413	295	14	17782	335
84000	202	273	3817	6976	435	31	17915	839
85000	83	317	3724	7567	150	158	18386	502
86000	135	311	3738	7488	32	113	18981	236
87000	127	262	4256	6700	9	158	18868	414
88000	149	336	4613	5883	0	221	17345	361
89000	215	235	4496	6160	95	0	17961	186
90000	246	240	4069	6989	16	0	18111	2
91000	255	238	4605	5895	56	0	18349	28
92000	212	224	4395	6445	111	1	18111	175
93000	283	310	4245	6498	0	0	18946	4
94000	199	303	4123	6771	32	27	18400	219
95000	175	165	4997	5372	99	29	17418	255
96000	236	197	5218	4778	14	0	16549	9
97000	251	148	5685	3782	46	0	15850	40
98000	389	155	5983	2605	134	0	13904	108
99000	332	193	5544	3779	93	0	15107	238
100000	196	276	4634	5947	43	9	18545	38
101000	298	217	4649	5602	78	0	17704	149
102000	186	242	4884	5497	15	0	17269	39
103000	184	157	5244	4845	87	0	17550	95
104000	156	245	4849	5503	42	37	17064	141
105000	172	299	4822	5581	38	1	17921	105
106000	260	218	4323	6108	235	0	17988	262
107000	339	183	5329	4329	50	0	16503	162
108000	175	279	4803	5467	118	0	16184	164
109000	312	156	6039	2597	190	0	15101	336
110000	355	122	6237	2194	106	0	13821	101
111000	280	233	5508	4168	2	0	16525	19
112000	244	118	6284	2382	8	0	15099	0
113000	339	159	6095	2255	261	9	13464	507
114000	335	33	6609	969	75	0	13816	208
115000	495	62	6472	677	151	0	12439	250
116000	501	24	6508	329	4	0	11793	30
117000	435	4	6533	229	20	0	12680	0
118000	457	0	6577	0	0	0	11685	0
119000	605	0	6361	0	0	0	11069	0
120000	239	0	6873	0	0	0	10810	0
121000	375	0	6570	0	0	0	11242	0
122000	427	0	6625	0	0	0	11602	0
123000	485	0	6610	0	0	0	11657	0
124000	528	0	6440	0	0	0	10630	0
125000	236	0	6880	0	0	0	11331	0
126000	358	0	6739	0	0	0	10591	0
127000	361	0	6515	0	0	0	11123	0
128000	444	0	6567	0	0	0	10662	0
129000	382	0	6837	0	0	0	11164	0
130000	426	0	6624	0	0	0	11634	0
131000	708	0	6313	0	0	0	10106	0
132000	439	0	6507	0	0	0	11220	0
133000	645	0	6389	0	0	0	10597	0
134000	498	0	6607	0	0	0	10891	0
135000	622	0	6388	0	0	0	11290	0
136000	271	0	6636	0	0	0	11029	0
137000	359	0	6726	0	0	0	11160	0
138000	347	0	6724	0	0	0	11370	0
139000	507	0	6657	0	0	0	11513	0
140000	202	0	6878	0	0	0	11874	0
141000	420	0	6511	0	0	0	11515	0
142000	538	0	6494	0	0	0	11383	0
143000	423	0	6552	0	0	0	11349	0
144000	432	0	6631	0	0	0	10849	0
145000	454	0	6561	0	0	0	11172	0
146000	438	0	6677	0	0	0	11054	0
147000	374	0	6567	0	0	0	11905	0
148000	636	0	6438	0	0	0	10243	0
149000	408	0	6581	0	0	0	10863	0
150000	599	0	6278	0	0	0	11229	0
151000	602	0	6504	0	0	0	10038	0
152000	658	0	6526	0	0	0	11370	0
153000	462	0	6628	0	0	0	11364	0
154000	441	0	6636	0	0	0	11059	0
155000	256	0	6903	0	0	0	11495	0
156000	434	0	6576	0	0	0	11186	0
157000	430	0	6432	0	0	0	11934	0
158000	508	0	6558	0	0	0	10931	0
159000	448	0	6503	0	0	0	11466	0
160000	744	0	6346	0	0	0	10291	0
161000	675	0	6516	0	0	0	10262	0
162000	538	0	6584	0	0	0	11301	0
163000	336	0	6767	0	0	0	11327	0
164000	466	0	6501	0	0	0	11544	0
165000	235	0	6729	0	0	0	11410	0
166000	446	0	6701	0	0	0	11190	0
167000	543	0	6385	0	0	0	11856	0
168000	477	0	6618	0	0	0	10507	0
169000	548	0	6599	0	0	0	10246	0
170000	828	0	6192	0	0	0	10425	0
171000	532	0	6625	0	0	0	11141	0
172000	693	0	6311	0	0	0	10675	0
173000	382	0	6765	0	0	0	10937	0
174000	285	0	6737	0	0	0	11711	0
175000	311	0	6691	0	0	0	11107	0
176000	624	0	6545	0	0	0	10517	0
177000	356	0	6754	0	0	0	11429	0
178000	433	0	6515	0	0	0	10978	0
179000	409	0	6679	0	0	0	11139	0
180000	504	0	6536	0	0	0	11005	0
181000	519	0	6303	0	0	0	11084	0
182000	446	0	6688	0	0	0	11193	0
183000	539	0	6564	0	0	0	11164	0
184000	212	0	6755	0	0	0	11861	0
185000	413	0	6732	0	0	0	11894	0
186000	608	0	6371	0	0	0	10819	0
187000	829	0	6182	0	0	0	10241	0
188000	443	0	6719	0	0	0	10926	0
189000	369	0	6571	0	0	0	10960	0
190000	419	0	6414	0	0	0	11209	0
191000	398	0	6605	0	0	0	11057	0
192000	343	0	6740	0	0	0	11270	0
193000	662	0	6467	0	0	0	10765	0
194000	599	0	6449	0	0	0	11163	0
195000	492	0	6473	0	0	0	10254	0
196000	674	0	6422	0	0	0	10993	0
197000	611	0	6417	0	0	0	11356	0
198000	789	0	6305	0	0	0	10307	0
199000	490	0	6692	0	0	0	10835	0
200000	574	0	6380	0	0	0	10661	0
201000	552	0	6578	0	0	0	10908	0
202000	406	0	6548	0	0	0	11571	0
203000	523	0	6453	0	0	0	11010	0
204000	369	0	6692	0	0	0	10868	0
205000	256	0	6783	0	0	0	11790	0
206000	368	0	6762	0	0	0	10928	0
207000	380	0	6646	0	0	0	11596	0
208000	501	0	6473	0	0	0	10482	0
209000	417	0	6642	0	0	0	11218	0
210000	586	0	6177	0	0	0	10103	0
211000	475	0	6515	0	0	0	11207	0
212000	391	0	6599	0	0	0	11043	0
213000	348	0	6596	0	0	0	10944	0
214000	482	0	6594	0	0	0	10553	0
215000	518	0	6506	0	0	0	11887	0
216000	432	0	6614	0	0	0	11069	0
217000	205	0	6724	0	0	0	11824	0
218000	455	0	6478	0	0	0	11536	0
219000	569	0	6540	0	0	0	10945	0
220000	670	0	6268	0	0	0	11067	0
221000	551	0	6458	0	0	0	11265	0
222000	393	0	6589	0	0	0	10745	0
223000	549	0	6389	0	0	0	10429	0
224000	537	0	6471	0	0	0	11087	0
225000	633	0	6572	0	0	0	10592	0
226000	593	0	6307	0	0	0	10353	0
227000	608	0	6371	0	0	0	10107	0
228000	596	0	6427	0	0	0	11005	0
229000	431	0	6715	0	0	0	11392	0
230000	755	0	6261	0	0	0	10921	0
231000	435	0	6675	0	0	0	11769	0
232000	697	0	6519	0	0	0	10648	0
233000	648	0	6491	0	0	0	10945	0
234000	570	0	6385	0	0	0	10220	0
235000	492	0	6527	0	0	0	10350	0
236000	491	0	6447	0	0	0	10687	0
237000	650	0	6416	0	0	0	11056	0
238000	506	0	6518	0	0	0	11033	0
239000	521	0	6513	0	0	0	11011	0
240000	624	0	6549	0	0	0	10658	0
241000	443	0	6559	0	0	0	10662	0
242000	562	0	6422	0	0	0	11573	0
243000	489	0	6530	0	0	0	10797	0
244000	402	0	6591	0	0	0	11545	0
245000	675	0	6389	0	0	0	10631	0
246000	442	0	6513	0	0	0	10818	0
247000	315	0	6546	0	0	0	10535	0
248000	467	0	6530	0	0	0	10276	0
249000	390	0	6542	0	0	0	11723	0
250000	316	0	6603	0	0	0	11995	0
251000	510	0	6516	0	0	0	10855	0
252000	459	0	6717	0	0	0	12287	0
253000	388	0	6665	0	0	0	10592	0
254000	377	0	6632	0	0	0	11816	0
255000	542	0	6617	0	0	0	10701	0
256000	545	0	6525	0	0	0	10340	0
257000	391	0	6567	0	0	0	10854	0
258000	1078	0	6049	0	0	0	10081	0
259000	745	0	6361	0	0	0	10164	0
260000	674	0	6215	0	0	0	10621	0
261000	440	0	6611	0	0	0	11801	0
262000	487	0	6556	0	0	0	10489	0
263000	322	0	6740	0	0	0	11477	0
264000	376	0	6606	0	0	0	10836	0
265000	441	0	6558	0	0	0	11067	0
266000	619	0	6510	0	0	0	10699	0
267000	425	0	6580	0	0	0	10589	0
268000	355	0	6578	0	0	0	12089	0
269000	337	0	6829	0	0	0	11187	0
270000	494	0	6518	0	0	0	11120	0
271000	647	0	6349	0	0	0	11556	0
272000	787	0	6338	0	0	0	10117	0
273000	505	0	6433	0	0	0	11166	0
274000	635	0	6356	0	0	0	11505	0
275000	540	0	6506	0	0	0	11510	0
276000	615	0	6485	0	0	0	11633	0
277000	686	0	6364	0	0	0	10719	0
278000	318	0	6596	0	0	0	11702	0
279000	491	0	6644	0	0	0	10644	0
280000	502	0	6426	0	0	0	10309	0
281000	533	0	6492	0	0	0	10741	0
282000	444	0	6559	0	0	0	11643	0
283000	427	0	6384	0	0	0	11431	0
284000	513	0	6664	0	0	0	11236	0
285000	461	0	6583	0	0	0	11113	0
286000	587	0	6428	0	0	0	10372	0
287000	386	0	6655	0	0	0	11379	0
288000	522	0	6403	0	0	0	11445	0
289000	338	0	6677	0	0	0	11905	0
290000	690	0	6206	0	0	0	10472	0
291000	591	0	6440	0	0	0	11403	0
292000	691	0	6324	0	0	0	11078	0
293000	310	0	6601	0	0	0	11649	0
294000	770	0	6353	0	0	0	10551	0
295000	433	0	6658	0	0	0	10181	0
296000	520	0	6582	0	0	0	11015	0
297000	498	0	6466	0	0	0	11233	0
298000	535	0	6303	0	0	0	11549	0
299000	457	0	6518	0	0	0	11698	0
300000	669	0	6526	0	0	0	11358	0
301000	303	0	6633	0	0	0	12062	0
302000	699	0	6386	0	0	0	10994	0
303000	337	0	6648	0	0	0	12334	0
304000	346	0	6524	0	0	0	11344	0
305000	383	0	6738	0	0	0	11147	0
306000	429	0	6437	0	0	0	10809	0
307000	316	0	6722	0	0	0	11597	0
308000	460	0	6606	0	0	0	10772	0
309000	406	0	6655	0	0	0	11139	0
310000	762	0	6305	0	0	0	10848	0
311000	503	0	6482	0	0	0	11121	0
312000	412	0	6549	0	0	0	11739	0
313000	500	0	6489	0	0	0	11354	0
314000	429	0	6570	0	0	0	10480	0
315000	419	0	6705	0	0	0	12033	0
316000	777	0	6365	0	0	0	10712	0
317000	426	0	6659	0	0	0	11392	0
318000	393	0	6654	0	0	0	11290	0
319000	371	0	6547	0	0	0	10681	0
320000	326	0	6715	0	0	0	11516	0
321000	540	0	6508	0	0	0	11561	0
322000	508	0	6647	0	0	0	10581	0
323000	244	0	6618	0	0	0	11823	0
324000	624	0	6369	0	0	0	11085	0
325000	469	0	6549	0	0	0	11927	0
326000	406	0	6475	0	0	0	10651	0
327000	655	0	6366	0	0	0	10297	0
328000	581	0	6420	0	0	0	11015	0
329000	421	0	6509	0	0	0	11521	0
330000	599	0	6382	0	0	0	10736	0
331000	431	0	6699	0	0	0	11681	0
332000	319	0	6791	0	0	0	11608	0
333000	593	0	6455	0	0	0	10352	0
334000	350	0	6636	0	0	0	11260	0
335000	395	0	6550	0	0	0	10948	0
336000	420	0	6735	0	0	0	11554	0
337000	566	0	6397	0	0	0	10755	0
338000	394	0	6723	0	0	0	11473	0
339000	371	0	6521	0	0	0	11333	0
340000	586	0	6451	0	0	0	11153	0
341000	370	0	6728	0	0	0	11023	0
342000	350	0	6557	0	0	0	10974	0
343000	511	0	6500	0	0	0	10714	0
344000	542	0	6506	0	0	0	11213	0
345000	403	0	6738	0	0	0	10802	0
346000	417	0	6533	0	0	0	11245	0
347000	592	0	6538	0	0	0	11739	0
348000	395	0	6602	0	0	0	11243	0
349000	621	0	6404	0	0	0	10842	0
350000	484	0	6606	0	0	0	10807	0
351000	344	0	6677	0	0	0	11007	0
352000	536	0	6387	0	0	0	11237	0
353000	411	0	6708	0	0	0	10860	0
354000	707	0	6300	0	0	0	11253	0
355000	364	0	6662	0	0	0	11635	0
356000	391	0	6654	0	0	0	11589	0
357000	782	0	6175	0	0	0	10160	0
358000	607	0	6398	0	0	0	11049	0
359000	531	0	6396	0	0	0	10352	0
360000	393	0	6431	0	0	0	11036	0
361000	492	0	6465	0	0	0	10631	0
362000	476	0	6378	0	0	0	10448	0
363000	387	0	6525	0	0	0	10618	0
364000	419	0	6628	0	0	0	11098	0
365000	613	0	6429	0	0	0	10473	0
366000	326	0	6689	0	0	0	11444	0
367000	452	0	6558	0	0	0	10741	0
368000	750	0	6298	0	0	0	10675	0
369000	545	0	6463	0	0	0	10438	0
370000	544	0	6504	0	0	0	11394	0
371000	742	0	6150	0	0	0	10116	0
372000	456	0	6702	0	0	0	11538	0
373000	566	0	6324	0	0	0	10995	0
374000	482	0	6465	0	0	0	10943	0
375000	572	0	6361	0	0	0	10786	0
376000	547	0	6428	0	0	0	10860	0
377000	435	0	6537	0	0	0	11532	0
378000	482	0	6598	0	0	0	11125	0
379000	412	0	6652	0	0	0	11471	0
380000	241	0	6858	0	0	0	11591	0
381000	495	0	6409	0	0	0	11645	0
382000	638	0	6567	0	0	0	10639	0
383000	510	0	6459	0	0	0	11125	0
384000	578	0	6421	0	0	0	11475	0
385000	453	0	6578	0	0	0	10631	0
386000	519	0	6385	0	0	0	10924	0
387000	537	0	6503	0	0	0	11360	0
388000	497	0	6471	0	0	0	10712	0
389000	594	0	6532	0	0	0	10347	0
390000	544	0	6384	0	0	0	10916	0
391000	455	0	6424	0	0	0	11702	0
392000	698	0	6283	0	0	0	10613	0
393000	506	0	6426	0	0	0	10593	0
394000	398	0	6552	0	0	0	11578	0
395000	465	0	6487	0	0	0	10475	0
396000	518	0	6462	0	0	0	11486	0
397000	502	0	6544	0	0	0	11340	0
398000	588	0	6396	0	0	0	10921	0
399000	589	0	6435	0	0	0	11500	0
400000	673	0	6321	0	0	0	10733	0
401000	686	0	6354	0	0	0	10679	0
402000	468	0	6524	0	0	0	11188	0
403000	443	0	6519	0	0	0	11644	0
404000	634	0	6342	0	0	0	10848	0
405000	420	0	6559	0	0	0	10687	0
406000	367	0	6683	0	0	0	11503	0
407000	398	0	6747	0	0	0	11429	0
408000	509	0	6770	0	0	0	10647	0
409000	377	0	6718	0	0	0	10977	0
410000	419	0	6506	0	0	0	11446	0
411000	385	0	6654	0	0	0	11268	0
412000	399	0	6667	0	0	0	11724	0
413000	486	0	6527	0	0	0	11846	0
414000	501	0	6492	0	0	0	11488	0
415000	411	0	6786	0	0	0	11832	0
416000	353	0	6778	0	0	0	11173	0
417000	646	0	6358	0	0	0	11129	0
418000	493	0	6613	0	0	0	10040	0
419000	445	0	6633	0	0	0	11523	0
420000	441	0	6495	0	0	0	11116	0
421000	456	0	6447	0	0	0	11569	0
422000	714	0	6225	0	0	0	10739	0
423000	613	0	6326	0	0	0	10823	0
424000	431	0	6589	0	0	0	10847	0
425000	580	0	6531	0	0	0	10666	0
426000	511	0	6583	0	0	0	11231	0
427000	653	0	6345	0	0	0	9320	0
428000	556	0	6288	0	0	0	10839	0
429000	301	0	6802	0	0	0	11002	0
430000	378	0	6666	0	0	0	11261	0
431000	275	0	6697	0	0	0	11821	0
432000	642	0	6365	0	0	0	11223	0
433000	479	0	6478	0	0	0	11096	0
434000	606	0	6427	0	0	0	10761	0
435000	488	0	6475	0	0	0	10725	0
436000	427	0	6641	0	0	0	11509	0
437000	612	0	6591	0	0	0	11168	0
438000	607	0	6404	0	0	0	11133	0
439000	470	0	6507	0	0	0	11202	0
440000	554	0	6435	0	0	0	11030	0
441000	603	0	6480	0	0	0	10381	0
442000	632	0	6227	0	0	0	10310	0
443000	580	0	6439	0	0	0	11151	0
444000	469	0	6669	0	0	0	10927	0
445000	554	0	6354	0	0	0	10496	0
446000	637	0	6394	0	0	0	10550	0
447000	511	0	6580	0	0	0	10717	0
448000	504	0	6637	0	0	0	11782	0
449000	697	0	6176	0	0	0	11301	0
450000	465	0	6531	0	0	0	10837	0
451000	550	0	6567	0	0	0	10903	0
452000	539	0	6383	0	0	0	11128	0
453000	561	0	6455	0	0	0	10110	0
454000	503	0	6349	0	0	0	11556	0
455000	486	0	6609	0	0	0	10950	0
456000	676	0	6275	0	0	0	10858	0
457000	496	0	6590	0	0	0	10841	0
458000	507	0	6568	0	0	0	10812	0
459000	364	0	6595	0	0	0	11015	0
460000	514	0	6521	0	0	0	10556	0
461000	426	0	6570	0	0	0	11315	0
462000	310	0	6644	0	0	0	10679	0
463000	941	0	6123	0	0	0	10168	0
464000	628	0	6225	0	0	0	10618	0
465000	422	0	6601	0	0	0	11643	0
466000	445	0	6601	0	0	0	12024	0
467000	442	0	6531	0	0	0	11360	0
468000	524	0	6403	0	0	0	10943	0
469000	363	0	6702	0	0	0	11326	0
470000	406	0	6750	0	0	0	11459	0
471000	312	0	6726	0	0	0	11408	0
472000	672	0	6354	0	0	0	10602	0
473000	447	0	6644	0	0	0	11127	0
474000	614	0	6518	0	0	0	10674	0
475000	168	0	6863	0	0	0	12169	0
476000	441	0	6625	0	0	0	11961	0
477000	524	0	6518	0	0	0	11509	0
478000	620	0	6491	0	0	0	10727	0
479000	453	0	6518	0	0	0	10917	0
480000	800	0	6266	0	0	0	10298	0
481000	443	0	6576	0	0	0	11379	0
482000	342	0	6547	0	0	0	10965	0
483000	332	0	6662	0	0	0	11774	0
484000	552	0	6521	0	0	0	10907	0
485000	389	0	6623	0	0	0	10962	0
486000	579	0	6389	0	0	0	10207	0
487000	580	0	6461	0	0	0	10349	0
488000	503	0	6674	0	0	0	10319	0
489000	364	0	6670	0	0	0	11879	0
490000	505	0	6428	0	0	0	11511	0
491000	333	0	6797	0	0	0	11588	0
492000	406	0	6505	0	0	0	11115	0
493000	415	0	6583	0	0	0	11021	0
494000	200	0	6901	0	0	0	11390	0
495000	568	0	6377	0	0	0	11373	0
496000	678	0	6538	0	0	0	11929	0
497000	518	0	6394	0	0	0	11383	0
498000	721	0	6292	0	0	0	10137	0
499000	446	0	6540	0	0	0	11361	0
500000	677	0	6318	0	0	0	11096	0
501000	604	0	6414	0	0	0	10794	0
502000	237	0	6779	0	0	0	11523	0
503000	489	0	6662	0	0	0	11322	0
504000	613	0	6388	0	0	0	10719	0
505000	362	0	6661	0	0	0	11057	0
506000	567	0	6459	0	0	0	10765	0
507000	526	0	6546	0	0	0	11092	0
508000	401	0	6623	0	0	0	11164	0
509000	684	0	6223	0	0	0	10553	0
510000	441	0	6599	0	0	0	10774	0
511000	663	0	6369	0	0	0	11303	0
512000	382	0	6624	0	0	0	11244	0
513000	328	0	6482	0	0	0	11531	0
514000	831	0	6149	0	0	0	11021	0
515000	585	0	6448	0	0	0	10397	0
516000	424	0	6774	0	0	0	10875	0
517000	537	0	6486	0	0	0	11344	0
518000	398	0	6789	0	0	0	11093	0
519000	407	0	6546	0	0	0	11265	0
520000	249	0	6793	0	0	0	11743	0
521000	596	0	6383	0	0	0	10425	0
522000	387	0	6472	0	0	0	11330	0
523000	356	0	6728	0	0	0	11093	0
524000	517	0	6585	0	0	0	10989	0
525000	442	0	6532	0	0	0	11021	0
526000	178	0	6824	0	0	0	11956	0
527000	482	0	6540	0	0	0	11977	0
528000	423	0	6540	0	0	0	10807	0
529000	476	0	6599	0	0	0	11247	0
530000	435	0	6612	0	0	0	11279	0
531000	458	0	6476	0	0	0	11314	0
532000	665	0	6475	0	0	0	10899	0
533000	460	0	6611	0	0	0	11365	0
534000	523	0	6520	0	0	0	10811	0
535000	328	0	6838	0	0	0	11813	0
536000	491	0	6682	0	0	0	10912	0
537000	552	0	6541	0	0	0	10935	0
538000	597	0	6454	0	0	0	10856	0
539000	389	0	6620	0	0	0	11636	0
540000	356	0	6653	0	0	0	10806	0
541000	450	0	6652	0	0	0	11245	0
542000	758	0	6282	0	0	0	10935	0
543000	642	0	6372	0	0	0	10520	0
544000	495	0	6614	0	0	0	10813	0
545000	261	0	6642	0	0	0	10988	0
546000	445	0	6567	0	0	0	10698	0
547000	485	0	6660	0	0	0	11320	0
548000	531	0	6368	0	0	0	10436	0
549000	688	0	6321	0	0	0	11575	0
550000	381	0	6548	0	0	0	10924	0
551000	486	0	6530	0	0	0	11052	0
552000	1027	0	6016	0	0	0	10820	0
553000	673	0	6372	0	0	0	10439	0
554000	477	0	6552	0	0	0	10385	0
555000	437	0	6532	0	0	0	10530	0
556000	641	0	6282	0	0	0	10435	0
557000	445	0	6540	0	0	0	11509	0
558000	593	0	6446	0	0	0	10747	0
559000	505	0	6520	0	0	0	11452	0
560000	362	0	6644	0	0	0	11266	0
561000	344	0	6655	0	0	0	11025	0
562000	373	0	6513	0	0	0	10700	0
563000	347	0	6649	0	0	0	11065	0
564000	503	0	6500	0	0	0	10215	0
565000	380	0	6736	0	0	0	10944	0
566000	564	0	6220	0	0	0	11165	0
567000	505	0	6544	0	0	0	11234	0
568000	462	0	6521	0	0	0	10457	0
569000	429	0	6631	0	0	0	10893	0
570000	362	0	6660	0	0	0	11319	0
571000	479	0	6446	0	0	0	11316	0
572000	232	0	6801	0	0	0	10392	0
573000	530	0	6370	0	0	0	10723	0
574000	473	0	6436	0	0	0	11559	0
575000	415	0	6597	0	0	0	11422	0
576000	463	0	6470	0	0	0	10864	0
577000	395	0	6679	0	0	0	10809	0
578000	518	0	6349	0	0	0	11320	0
579000	643	0	6429	0	0	0	11378	0
580000	473	0	6535	0	0	0	12072	0
581000	703	0	6335	0	0	0	11007	0
582000	610	0	6360	0	0	0	10436	0
583000	553	0	6558	0	0	0	10800	0
584000	459	0	6587	0	0	0	12121	0
585000	801	0	6142	0	0	0	10340	0
586000	455	0	6594	0	0	0	11325	0
587000	608	0	6439	0	0	0	11475	0
588000	650	0	6306	0	0	0	10598	0
589000	851	0	6180	0	0	0	10149	0
590000	296	0	6794	0	0	0	12098	0
591000	466	0	6570	0	0	0	11202	0
592000	283	0	6840	0	0	0	10972	0
593000	374	0	6611	0	0	0	11103	0
594000	562	0	6427	0	0	0	10850	0
595000	265	0	6933	0	0	0	11285	0
596000	396	0	6608	0	0	0	11714	0
597000	541	0	6392	0	0	0	10118	0
598000	431	0	6747	0	0	0	11007	0
599000	436	0	6655	0	0	0	11199	0
600000	570	0	6448	0	0	0	10663	0
601000	534	0	6550	0	0	0	10915	0
602000	419	0	6632	0	0	0	11401	0
603000	637	0	6418	0	0	0	10279	0
604000	247	0	6672	0	0	0	11818	0
605000	404	0	6639	0	0	0	11426	0
606000	574	0	6374	0	0	0	11252	0
607000	492	0	6593	0	0	0	10980	0
608000	583	0	6570	0	0	0	10253	0
609000	478	0	6594	0	0	0	10899	0
610000	438	0	6745	0	0	0	11146	0
611000	469	0	6664	0	0	0	11181	0
612000	633	0	6334	0	0	0	10226	0
613000	537	0	6491	0	0	0	11232	0
614000	546	0	6444	0	0	0	10755	0
615000	333	0	6535	0	0	0	10460	0
616000	481	0	6567	0	0	0	11047	0
617000	588	0	6498	0	0	0	11223	0
618000	537	0	6483	0	0	0	10928	0
619000	499	0	6500	0	0	0	10292	0
620000	404	0	6548	0	0	0	10921	0
621000	475	0	6548	0	0	0	11386	0
622000	519	0	6450	0	0	0	11142	0
623000	392	0	6854	0	0	0	11349	0
624000	392	0	6464	0	0	0	11168	0
625000	693	0	6338	0	0	0	10781	0
626000	588	0	6544	0	0	0	10620	0
627000	490	0	6633	0	0	0	11229	0
628000	306	0	6754	0	0	0	11538	0
629000	377	0	6632	0	0	0	11639	0
630000	499	0	6446	0	0	0	10564	0
631000	313	0	6715	0	0	0	11160	0
632000	392	0	6541	0	0	0	11163	0
633000	272	0	6742	0	0	0	11941	0
634000	425	0	6671	0	0	0	11847	0
635000	384	0	6597	0	0	0	10506	0
636000	462	0	6625	0	0	0	10474	0
637000	439	0	6608	0	0	0	11155	0
638000	343	0	6701	0	0	0	12122	0
639000	296	0	6845	0	0	0	11583	0
640000	603	0	6467	0	0	0	11447	0
641000	492	0	6565	0	0	0	11320	0
642000	241	0	6830	0	0	0	12249	0
643000	383	0	6794	0	0	0	11553	0
644000	414	0	6676	0	0	0	11566	0
645000	854	0	6135	0	0	0	10103	0
646000	354	0	6663	0	0	0	11722	0
647000	392	0	6730	0	0	0	11467	0
648000	487	0	6464	0	0	0	11281	0
649000	668	0	6331	0	0	0	11165	0
650000	465	0	6342	0	0	0	11187	0
651000	577	0	6427	0	0	0	10818	0
652000	433	0	6620	0	0	0	10947	0
653000	800	0	6305	0	0	0	11085	0
654000	442	0	6521	0	0	0	10913	0
655000	439	0	6541	0	0	0	10710	0
656000	857	0	6127	0	0	0	11541	0
657000	845	0	6132	0	0	0	10569	0
658000	634	0	6420	0	0	0	10947	0
659000	508	0	6554	0	0	0	11244	0
660000	582	0	6492	0	0	0	9990	0
661000	546	0	6594	0	0	0	10272	0
662000	568	0	6282	0	0	0	11878	0
663000	417	0	6628	0	0	0	11398	0
664000	554	0	6439	0	0	0	11227	0
665000	474	0	6505	0	0	0	11152	0
666000	632	0	6376	0	0	0	11349	0
667000	576	0	6382	0	0	0	10225	0
668000	367	0	6733	0	0	0	11520	0
669000	615	0	6303	0	0	0	11352	0
670000	520	0	6570	0	0	0	11141	0
671000	472	0	6412	0	0	0	10176	0
672000	377	0	6637	0	0	0	11081	0
673000	340	0	6652	0	0	0	11414	0
674000	598	0	6576	0	0	0	11321	0
675000	506	0	6414	0	0	0	11554	0
676000	493	0	6391	0	0	0	11057	0
677000	603	0	6422	0	0	0	10853	0
678000	668	0	6511	0	0	0	10067	0
679000	697	0	6272	0	0	0	11384	0
680000	620	0	6408	0	0	0	11056	0
681000	355	0	6644	0	0	0	10675	0
682000	355	0	6764	0	0	0	11476	0
683000	724	0	6454	0	0	0	10777	0
684000	425	0	6565	0	0	0	11001	0
685000	416	0	6492	0	0	0	11412	0
686000	581	0	6336	0	0	0	11482	0
687000	601	0	6431	0	0	0	10749	0
688000	672	0	6348	0	0	0	9999	0
689000	612	0	6379	0	0	0	10793	0
690000	388	0	6739	0	0	0	11122	0
691000	682	0	6414	0	0	0	10616	0
692000	460	0	6671	0	0	0	10330	0
693000	633	0	6337	0	0	0	10264	0
694000	632	0	6444	0	0	0	11099	0
695000	492	0	6741	0	0	0	12031	0
696000	454	0	6527	0	0	0	11123	0
697000	384	0	6646	0	0	0	11155	0
698000	612	0	6427	0	0	0	10478	0
699000	419	0	6707	0	0	0	11551	0
700000	491	0	6568	0	0	0	11428	0
701000	284	0	6686	0	0	0	11368	0
702000	450	0	6650	0	0	0	11867	0
703000	371	0	6773	0	0	0	11256	0
704000	349	0	6672	0	0	0	11497	0
705000	495	0	6669	0	0	0	10981	0
706000	355	0	6671	0	0	0	11614	0
707000	331	0	6703	0	0	0	10946	0
708000	519	0	6619	0	0	0	10887	0
709000	452	0	6635	0	0	0	11011	0
710000	535	0	6416	0	0	0	11035	0
711000	568	0	6525	0	0	0	11309	0
712000	450	0	6571	0	0	0	11179	0
713000	688	0	6369	0	0	0	10990	0
714000	635	0	6518	0	0	0	11150	0
715000	752	0	6429	0	0	0	10661	0
716000	635	0	6384	0	0	0	11132	0
717000	414	0	6568	0	0	0	11020	0
718000	468	0	6566	0	0	0	11340	0
719000	292	0	6767	0	0	0	11438	0
720000	513	0	6670	0	0	0	10454	0
721000	609	0	6281	0	0	0	10726	0
722000	429	0	6573	0	0	0	11486	0
723000	374	0	6576	0	0	0	10822	0
724000	588	0	6476	0	0	0	11237	0
725000	422	0	6453	0	0	0	11267	0
726000	671	0	6461	0	0	0	10173	0
727000	425	0	6541	0	0	0	11194	0
728000	521	0	6337	0	0	0	11407	0
729000	478	0	6559	0	0	0	11534	0
730000	640	0	6327	0	0	0	11555	0
731000	326	0	6665	0	0	0	11356	0
732000	552	0	6464	0	0	0	11284	0
733000	651	0	6337	0	0	0	10704	0
734000	480	0	6534	0	0	0	10963	0
735000	412	0	6471	0	0	0	11274	0
736000	465	0	6536	0	0	0	11152	0
737000	650	0	6357	0	0	0	10964	0
738000	496	0	6474	0	0	0	10583	0
739000	329	0	6662	0	0	0	10524	0
740000	530	0	6598	0	0	0	10324	0
741000	495	0	6503	0	0	0	11072	0
742000	523	0	6565	0	0	0	11127	0
743000	439	0	6773	0	0	0	11738	0
744000	431	0	6502	0	0	0	10791	0
745000	495	0	6527	0	0	0	11299	0
746000	339	0	6719	0	0	0	11435	0
747000	528	0	6563	0	0	0	11139	0
748000	554	0	6530	0	0	0	11274	0
749000	566	0	6351	0	0	0	11275	0
750000	550	0	6347	0	0	0	10718	0
751000	329	0	6916	0	0	0	12107	0
752000	555	0	6373	0	0	0	11035	0
753000	410	0	6692	0	0	0	10506	0
754000	445	0	6563	0	0	0	10912	0
755000	547	0	6301	0	0	0	11441	0
756000	804	0	6230	0	0	0	10300	0
757000	494	0	6507	0	0	0	10763	0
758000	461	0	6569	0	0	0	10984	0
759000	687	0	6351	0	0	0	10398	0
760000	596	0	6433	0	0	0	10330	0
761000	545	0	6540	0	0	0	10743	0
762000	450	0	6600	0	0	0	11242	0
763000	461	0	6611	0	0	0	11678	0
764000	437	0	6592	0	0	0	10891	0
765000	444	0	6605	0	0	0	10766	0
766000	610	0	6356	0	0	0	11184	0
767000	305	0	6678	0	0	0	11146	0
768000	526	0	6364	0	0	0	10784	0
769000	241	0	6903	0	0	0	11626	0
770000	306	0	6592	0	0	0	11469	0
771000	532	0	6553	0	0	0	10753	0
772000	643	0	6402	0	0	0	10705	0
773000	481	0	6456	0	0	0	10715	0
774000	317	0	6731	0	0	0	12156	0
775000	452	0	6487	0	0	0	11310	0
776000	654	0	6459	0	0	0	10213	0
777000	516	0	6537	0	0	0	11545	0
778000	408	0	6575	0	0	0	10918	0
779000	409	0	6587	0	0	0	11392	0
780000	477	0	6609	0	0	0	10545	0
781000	454	0	6726	0	0	0	11215	0
782000	526	0	6469	0	0	0	10887	0
783000	469	0	6595	0	0	0	11640	0
784000	486	0	6601	0	0	0	11428	0
785000	585	0	6454	0	0	0	11287	0
786000	238	0	6773	0	0	0	11775	0
787000	698	0	6413	0	0	0	11276	0
788000	389	0	6539	0	0	0	10774	0
789000	577	0	6464	0	0	0	10901	0
790000	757	0	6295	0	0	0	9933	0
791000	386	0	6735	0	0	0	11405	0
792000	456	0	6561	0	0	0	10816	0
793000	493	0	6545	0	0	0	10962	0
794000	270	0	6645	0	0	0	12048	0
795000	600	0	6566	0	0	0	11545	0
796000	415	0	6539	0	0	0	10801	0
797000	656	0	6301	0	0	0	10776	0
798000	369	0	6712	0	0	0	10932	0
799000	378	0	6583	0	0	0	10671	0
800000	561	0	6504	0	0	0	10482	0
801000	435	0	6719	0	0	0	11008	0
802000	409	0	6582	0	0	0	11492	0
803000	480	0	6519	0	0	0	10771	0
804000	421	0	6460	0	0	0	11311	0
805000	420	0	6755	0	0	0	11466	0
806000	461	0	6532	0	0	0	11196	0
807000	527	0	6595	0	0	0	11718	0
808000	635	0	6573	0	0	0	10388	0
809000	543	0	6522	0	0	0	11153	0
810000	259	0	6859	0	0	0	11796	0
811000	453	0	6667	0	0	0	11582	0
812000	466	0	6363	0	0	0	10724	0
813000	432	0	6652	0	0	0	11344	0
814000	501	0	6465	0	0	0	10858	0
815000	532	0	6508	0	0	0	11725	0
816000	492	0	6444	0	0	0	12205	0
817000	359	0	6690	0	0	0	11029	0
818000	519	0	6482	0	0	0	11009	0
819000	773	0	6131	0	0	0	10279	0
820000	467	0	6505	0	0	0	10704	0
821000	521	0	6688	0	0	0	11142	0
822000	541	0	6499	0	0	0	10565	0
823000	373	0	6599	0	0	0	11104	0
824000	470	0	6635	0	0	0	12554	0
825000	476	0	6596	0	0	0	11413	0
826000	579	0	6318	0	0	0	10330	0
827000	609	0	6316	0	0	0	11069	0
828000	607	0	6466	0	0	0	10816	0
829000	397	0	6646	0	0	0	11775	0
830000	346	0	6847	0	0	0	11050	0
831000	491	0	6356	0	0	0	11135	0
832000	572	0	6460	0	0	0	11062	0
833000	296	0	6777	0	0	0	10888	0
834000	405	0	6580	0	0	0	10807	0
835000	284	0	6728	0	0	0	11042	0
836000	391	0	6457	0	0	0	11579	0
837000	428	0	6497	0	0	0	12145	0
838000	604	0	6425	0	0	0	10444	0
839000	342	0	6618	0	0	0	11914	0
840000	515	0	6402	0	0	0	11178	0
841000	388	0	6655	0	0	0	11547	0
842000	622	0	6351	0	0	0	10750	0
843000	371	0	6710	0	0	0	11884	0
844000	439	0	6465	0	0	0	11189	0
845000	418	0	6618	0	0	0	10712	0
846000	510	0	6476	0	0	0	10425	0
847000	487	0	6547	0	0	0	11101	0
848000	581	0	6400	0	0	0	10587	0
849000	622	0	6424	0	0	0	10986	0
850000	611	0	6353	0	0	0	10813	0
851000	302	0	6696	0	0	0	11291	0
852000	605	0	6484	0	0	0	11002	0
853000	445	0	6443	0	0	0	10871	0
854000	373	0	6717	0	0	0	11991	0
855000	295	0	6723	0	0	0	11558	0
856000	360	0	6717	0	0	0	11046	0
857000	450	0	6495	0	0	0	11201	0
858000	780	0	6464	0	0	0	10132	0
859000	386	0	6565	0	0	0	11686	0
860000	603	0	6387	0	0	0	11770	0
861000	458	0	6596	0	0	0	10666	0
862000	541	0	6663	0	0	0	10861	0
863000	401	0	6618	0	0	0	11032	0
864000	541	0	6661	0	0	0	11235	0
865000	629	0	6391	0	0	0	12128	0
866000	680	0	6285	0	0	0	11005	0
867000	596	0	6289	0	0	0	10574	0
868000	415	0	6594	0	0	0	11148	0
869000	649	0	6514	0	0	0	11358	0
870000	515	0	6482	0	0	0	11248	0
871000	422	0	6462	0	0	0	11155	0
872000	665	0	6415	0	0	0	11176	0
873000	369	0	6743	0	0	0	11316	0
874000	810	0	6173	0	0	0	10209	0
875000	479	0	6667	0	0	0	11379	0
876000	799	0	6296	0	0	0	10336	0
877000	444	0	6453	0	0	0	11065	0
878000	402	0	6500	0	0	0	10961	0
879000	380	0	6607	0	0	0	11254	0
880000	416	0	6583	0	0	0	11355	0
881000	384	0	6624	0	0	0	11698	0
882000	672	0	6290	0	0	0	10675	0
883000	292	0	6719	0	0	0	11911	0
884000	512	0	6600	0	0	0	11181	0
885000	536	0	6516	0	0	0	10131	0
886000	454	0	6449	0	0	0	11456	0
887000	549	0	6611	0	0	0	11100	0
888000	518	0	6416	0	0	0	10885	0
889000	498	0	6531	0	0	0	10822	0
890000	436	0	6632	0	0	0	11402	0
891000	510	0	6388	0	0	0	10780	0
892000	610	0	6524	0	0	0	10929	0
893000	313	0	6689	0	0	0	11802	0
894000	616	0	6493	0	0	0	11102	0
895000	386	0	6628	0	0	0	11340	0
896000	681	0	6451	0	0	0	10600	0
897000	613	0	6402	0	0	0	11382	0
898000	481	0	6546	0	0	0	11297	0
899000	402	0	6652	0	0	0	10767	0
900000	412	0	6562	0	0	0	11301	0
901000	268	0	6732	0	0	0	12281	0
902000	460	0	6462	0	0	0	10428	0
903000	458	0	6609	0	0	0	10800	0
904000	765	0	6331	0	0	0	11346	0
905000	415	0	6630	0	0	0	11058	0
906000	503	0	6568	0	0	0	10913	0
907000	412	0	6766	0	0	0	10084	0
908000	663	0	6437	0	0	0	10785	0
909000	486	0	6589	0	0	0	10672	0
910000	575	0	6375	0	0	0	11464	0
911000	665	0	6216	0	0	0	10329	0
912000	379	0	6595	0	0	0	11411	0
913000	627	0	6415	0	0	0	11224	0
914000	267	0	6662	0	0	0	10794	0
915000	636	0	6255	0	0	0	10763	0
916000	648	0	6443	0	0	0	10923	0
917000	812	0	6114	0	0	0	10596	0
918000	433	0	6749	0	0	0	12275	0
919000	377	0	6593	0	0	0	12108	0
920000	639	0	6570	0	0	0	10106	0
921000	500	0	6557	0	0	0	11396	0
922000	578	0	6419	0	0	0	10697	0
923000	452	0	6494	0	0	0	11138	0
924000	434	0	6825	0	0	0	11696	0
925000	683	0	6345	0	0	0	10659	0
926000	494	0	6520	0	0	0	11096	0
927000	504	0	6517	0	0	0	10558	0
928000	545	0	6565	0	0	0	10447	0
929000	756	0	6194	0	0	0	10600	0
930000	486	0	6465	0	0	0	11172	0
931000	463	0	6652	0	0	0	10501	0
932000	484	0	6599	0	0	0	11224	0
933000	566	0	6552	0	0	0	10926	0
934000	429	0	6607	0	0	0	10713	0
935000	531	0	6423	0	0	0	11267	0
936000	399	0	6529	0	0	0	11061	0
937000	540	0	6475	0	0	0	11406	0
938000	446	0	6704	0	0	0	10968	0
939000	434	0	6570	0	0	0	12120	0
940000	467	0	6515	0	0	0	10511	0
941000	441	0	6618	0	0	0	11774	0
942000	481	0	6540	0	0	0	10784	0
943000	480	0	6530	0	0	0	11199	0
944000	513	0	6652	0	0	0	9701	0
945000	417	0	6649	0	0	0	11367	0
946000	411	0	6635	0	0	0	10763	0
947000	474	0	6369	0	0	0	10701	0
948000	467	0	6481	0	0	0	10572	0
949000	872	0	6117	0	0	0	10068	0
950000	438	0	6503	0	0	0	11005	0
951000	341	0	6600	0	0	0	11558	0
952000	778	0	6183	0	0	0	11259	0
953000	378	0	6691	0	0	0	10603	0
954000	849	0	6066	0	0	0	10399	0
955000	479	0	6468	0	0	0	11808	0
956000	561	0	6404	0	0	0	10865	0
957000	506	0	6574	0	0	0	10633	0
958000	603	0	6377	0	0	0	11052	0
959000	583	0	6522	0	0	0	11396	0
960000	546	0	6489	0	0	0	10476	0
961000	603	0	6339	0	0	0	11360	0
962000	511	0	6627	0	0	0	10592	0
963000	339	0	6755	0	0	0	10865	0
964000	540	0	6555	0	0	0	11436	0
965000	393	0	6761	0	0	0	10602	0
966000	593	0	6467	0	0	0	10087	0
967000	482	0	6596	0	0	0	10771	0
968000	805	0	6150	0	0	0	10891	0
969000	415	0	6632	0	0	0	10863	0
970000	308	0	6794	0	0	0	11281	0
971000	671	0	6364	0	0	0	10741	0
972000	445	0	6595	0	0	0	11039	0
973000	383	0	6834	0	0	0	10538	0
974000	419	0	6741	0	0	0	11327	0
975000	495	0	6438	0	0	0	11137	0
976000	516	0	6540	0	0	0	10933	0
977000	480	0	6528	0	0	0	11409	0
978000	484	0	6541	0	0	0	10994	0
979000	346	0	6734	0	0	0	10934	0
980000	641	0	6351	0	0	0	10813	0
981000	601	0	6474	0	0	0	10928	0
982000	671	0	6319	0	0	0	10318	0
983000	452	0	6552	0	0	0	11623	0
984000	237	0	6615	0	0	0	10729	0
985000	420	0	6521	0	0	0	11569	0
986000	501	0	6424	0	0	0	11670	0
987000	494	0	6584	0	0	0	11358	0
988000	500	0	6564	0	0	0	11336	0
989000	491	0	6585	0	0	0	10315	0
990000	629	0	6293	0	0	0	11052	0
991000	516	0	6392	0	0	0	11413	0
992000	563	0	6569	0	0	0	11517	0
993000	404	0	6629	0	0	0	11523	0
994000	686	0	6282	0	0	0	10575	0
995000	332	0	6736	0	0	0	10855	0
996000	711	0	6266	0	0	0	10780	0
997000	278	0	6851	0	0	0	10480	0
998000	826	0	6197	0	0	0	11426	0
999000	310	0	6612	0	0	0	11058	0
