0	0	0	0	14400	0	0	0	0
1000	12	229	418	13175	84	77	37641	477
2000	8	291	812	12520	30	175	36981	405
3000	15	254	941	12306	39	140	37401	527
4000	26	253	879	12448	16	105	36108	413
5000	19	211	739	12812	0	71	37644	226
6000	19	276	680	12834	14	56	37335	162
7000	13	277	663	12917	10	21	37927	100
8000	24	267	715	12851	10	0	37189	31
9000	10	220	918	12584	0	0	37389	1
10000	26	259	820	12648	34	20	38558	221
11000	12	255	708	12821	50	5	37410	270
12000	12	234	738	12866	11	0	38345	88
13000	21	247	877	12517	54	6	37889	249
14000	9	291	635	12889	13	12	36892	140
15000	25	255	683	12772	112	0	38189	84
16000	20	236	1026	12178	201	39	37129	770
17000	26	270	1138	11820	160	180	35301	1017
18000	21	257	1078	11998	149	162	36717	948
19000	24	232	740	12558	81	248	37280	960
20000	21	269	647	12641	30	297	35833	956
21000	17	258	899	12381	10	138	36986	559
22000	15	224	801	12730	0	49	37660	140
23000	23	244	913	12426	45	115	37705	436
24000	13	248	628	12865	29	103	37683	334
25000	19	233	714	12701	56	121	37600	552
26000	12	256	680	12816	39	65	37777	208
27000	20	294	876	12379	124	62	37003	650
28000	30	248	955	12247	109	160	37494	488
29000	27	280	863	12294	109	168	36989	668
30000	18	242	625	12677	93	232	37552	1003
31000	13	214	868	12451	91	130	38753	593
32000	35	249	835	12321	81	274	36925	1167
33000	25	269	907	12307	18	227	36454	588
34000	17	268	1069	12134	0	157	37244	499
35000	9	223	952	12330	31	196	37196	517
36000	18	242	702	12701	27	165	36607	762
37000	13	247	910	12170	51	328	37645	1005
38000	12	296	759	12585	13	233	36746	536
39000	18	281	683	12692	0	207	36358	691
40000	17	269	834	12370	0	310	37156	759
41000	15	239	590	13016	16	91	38407	211
42000	17	252	803	12573	0	115	37458	274
43000	22	239	827	12635	0	65	37641	307
44000	11	274	668	12904	0	7	37291	31
45000	13	262	777	12666	98	5	37652	377
46000	19	252	934	12429	46	58	37532	342
47000	10	230	806	12702	64	58	37546	433
48000	18	210	842	12535	52	132	37151	420
49000	10	257	1016	12192	22	190	36601	867
50000	16	249	751	12582	21	176	38303	444
51000	18	265	923	12335	36	161	36974	469
52000	17	235	784	12564	20	184	38788	755
53000	14	287	745	12685	1	94	36727	285
54000	14	301	753	12717	4	57	37101	136
55000	14	251	862	12556	0	80	37827	332
56000	15	273	705	12674	5	155	36687	479
57000	16	242	901	12493	4	104	37709	337
58000	21	276	924	12438	8	59	36623	146
59000	18	272	849	12576	3	103	36472	536
60000	16	215	881	12466	10	171	37191	435
61000	13	284	686	12713	1	142	38634	443
62000	32	249	826	12545	2	129	37385	365
63000	17	257	895	12447	28	114	37312	345
64000	23	249	926	12466	0	61	37869	137
65000	23	274	1054	12279	0	41	36901	161
66000	18	227	969	12386	2	124	37573	508
67000	34	254	923	12539	0	18	38530	74
68000	11	256	902	12476	83	8	36946	442
69000	33	225	818	12584	39	64	35582	225
70000	17	274	740	12689	14	150	38041	494
71000	9	248	633	12738	36	222	36746	684
72000	12	271	753	12665	23	134	36764	549
73000	26	228	788	12507	18	208	37984	486
74000	19	261	960	12285	36	136	36913	553
75000	14	238	699	12700	22	184	36831	574
76000	17	219	975	12275	15	271	36239	763
77000	19	237	1074	11914	10	370	36497	1029
78000	12	260	838	12165	7	472	36295	1368
79000	9	247	865	12263	18	379	35137	1119
80000	16	248	817	12383	9	323	36272	853
81000	9	270	863	12279	7	314	38174	883
82000	17	237	833	12262	4	409	35822	1623
83000	15	237	898	12116	63	451	37001	1217
84000	15	229	864	12102	87	479	36604	1571
85000	22	226	883	12109	28	524	36488	1414
86000	18	281	1163	11724	55	341	34390	1076
87000	17	201	923	12316	33	268	36472	790
88000	15	255	724	12485	38	279	36666	810
89000	11	251	608	12839	13	212	36259	645
90000	17	296	680	12511	54	288	37862	888
91000	11	258	721	12442	13	375	36248	1020
92000	15	235	698	12598	10	263	36825	499
93000	17	238	871	12411	16	268	37434	666
94000	20	324	960	12184	6	210	37557	655
95000	10	263	585	12966	3	97	37675	344
96000	16	236	888	12655	0	1	37678	12
97000	18	238	989	12394	26	33	37379	112
98000	12	243	915	12471	3	118	37050	326
99000	6	273	660	12781	32	86	38814	315
100000	7	244	817	12655	1	72	37567	295
101000	16	224	779	12745	3	46	38327	142
102000	10	251	754	12821	0	28	38529	65
103000	23	267	887	12564	0	8	38305	35
104000	27	266	979	12310	92	1	36496	155
105000	8	253	939	12489	23	8	37533	38
106000	15	229	766	12808	10	0	37097	40
107000	20	239	885	12536	81	3	36626	162
108000	31	239	848	12585	36	26	38117	278
109000	19	246	793	12711	30	11	37926	161
110000	18	258	975	12340	58	25	36260	74
111000	17	277	923	12407	108	21	36380	369
112000	22	220	993	12155	259	54	36260	713
113000	26	254	1083	11975	190	84	35691	880
114000	18	237	1142	11889	175	154	37205	671
115000	25	223	902	12221	152	211	36457	1222
116000	30	267	971	12074	120	238	36775	1031
117000	23	239	1006	12204	3	228	35854	792
118000	19	261	1016	12198	5	175	37156	570
119000	13	230	845	12586	26	45	37240	184
120000	24	235	714	12814	1	32	36923	237
121000	10	235	674	12881	0	58	37968	215
122000	25	251	690	12850	0	40	37850	135
123000	22	256	729	12822	0	22	36535	62
124000	24	264	796	12674	0	4	37051	1
125000	22	252	998	12311	86	5	37831	292
126000	16	253	788	12607	97	66	38834	294
127000	23	245	857	12576	41	60	37715	535
128000	18	245	985	12395	46	4	37269	104
129000	7	273	759	12821	1	0	35745	17
130000	12	263	779	12628	135	2	37227	476
131000	18	234	880	12437	93	109	38312	308
132000	16	276	970	12262	108	85	36039	439
133000	24	236	866	12332	168	163	38101	921
134000	15	237	617	12652	181	176	36804	1073
135000	22	242	664	12291	252	369	37339	1442
136000	27	243	853	12323	90	263	35373	1262
137000	18	235	983	12200	86	188	35740	858
138000	28	267	1030	12102	117	142	36096	614
139000	19	253	754	12510	57	246	37508	889
140000	14	252	840	12506	9	198	36262	727
141000	12	213	816	12644	0	55	37781	300
142000	9	201	697	12833	0	90	36852	89
143000	10	255	817	12586	7	102	37586	239
144000	16	230	729	12809	22	24	36239	205
145000	15	258	798	12625	44	48	37444	234
146000	14	258	757	12727	15	61	37825	197
147000	15	229	765	12823	0	7	37178	3
148000	20	237	849	12566	77	10	37659	332
149000	22	248	948	12506	18	8	36844	118
150000	25	281	926	12369	122	2	36577	156
151000	20	272	814	12540	61	92	38281	376
152000	23	253	835	12515	43	103	37192	342
153000	27	266	826	12383	90	167	36660	728
154000	20	233	1033	12142	50	170	36219	596
155000	15	190	1092	11988	0	346	36140	912
156000	15	262	956	12288	21	239	35916	942
157000	22	248	869	12377	0	244	36536	536
158000	18	278	1056	12127	11	172	36673	540
159000	25	220	1003	12303	5	175	36304	536
160000	19	321	753	12704	1	36	38407	163
161000	20	239	770	12805	0	30	39299	90
162000	12	266	623	12907	1	93	38994	184
163000	7	221	589	12869	2	203	38487	500
164000	20	274	788	12511	26	203	37197	652
165000	10	265	670	12669	44	199	37299	618
166000	13	244	722	12625	25	238	37083	777
167000	20	233	853	12190	55	439	35297	1418
168000	22	251	945	11989	71	399	35805	1336
169000	17	282	792	12440	46	269	36065	1200
170000	21	254	728	12449	29	376	36148	1119
171000	21	291	859	12080	98	383	35086	1202
172000	20	264	970	12124	53	283	35741	1002
173000	21	287	916	12223	65	227	36472	581
174000	16	254	950	12237	60	254	35511	1123
175000	15	225	1037	12094	56	279	37267	864
176000	4	275	852	12317	38	309	37043	719
177000	23	233	689	12399	117	359	36306	1432
178000	10	242	558	12552	141	417	36021	1506
179000	20	259	737	12154	170	446	35768	1827
180000	16	243	649	12227	207	522	34623	1915
181000	22	252	742	11927	207	708	34857	2518
182000	20	280	631	11870	109	982	35118	3109
183000	22	285	844	11769	34	835	34342	2624
184000	14	253	1001	11477	30	886	33599	2425
185000	18	266	1002	11646	43	729	34829	2324
186000	28	229	956	11622	131	734	34601	2321
187000	16	278	764	11890	99	804	35201	2798
188000	40	239	1045	11379	96	872	34180	2939
189000	18	268	1061	11050	145	1092	33033	3120
190000	15	268	944	11146	95	1222	34485	3749
191000	16	231	1023	10967	282	1220	32878	4199
192000	21	264	862	11358	245	1018	34981	3349
193000	11	265	852	11445	312	936	33203	3283
194000	25	222	808	11591	298	886	34669	3052
195000	24	264	869	11207	287	1101	34212	3996
196000	21	256	850	11475	245	908	34840	3053
197000	22	275	781	11812	195	728	33910	2745
198000	29	228	898	11762	185	683	34863	2391
199000	17	273	751	12203	125	459	36777	1781
200000	14	255	714	12225	69	547	37364	1699
201000	8	248	676	12344	18	510	35581	1637
202000	21	228	631	12160	49	806	36308	2153
203000	17	269	779	12039	126	588	36096	1924
204000	18	259	600	12311	109	608	36379	1708
205000	21	236	573	12413	26	612	36091	1613
206000	20	240	1050	11772	66	520	35192	1781
207000	20	272	1175	11641	45	450	35426	1357
208000	15	278	1122	11765	64	388	35165	1380
209000	19	253	988	11879	86	506	36019	1759
210000	24	231	966	11745	185	541	34825	2471
211000	35	253	763	12090	120	559	35705	1751
212000	27	245	775	11668	388	735	34505	2999
213000	11	253	716	11991	161	749	34548	2712
214000	16	219	665	11963	262	811	34586	3022
215000	18	201	733	11905	284	714	35806	2833
216000	31	258	805	11869	221	620	34690	2039
217000	25	279	786	12179	141	418	36810	1618
218000	26	246	949	11909	139	445	35107	1746
219000	21	289	972	11923	35	422	36517	1380
220000	13	235	796	12566	48	208	36647	686
221000	16	276	997	12239	11	152	36430	402
222000	20	223	660	12682	109	125	37413	831
223000	26	280	890	12437	44	91	35093	343
224000	24	206	830	12623	8	110	36889	392
225000	18	254	650	12720	0	232	37368	722
226000	16	277	497	12726	35	421	36400	1244
227000	19	252	823	11902	96	639	35694	1724
228000	25	239	853	11866	36	693	35482	1844
229000	18	203	814	11940	90	702	36267	2105
230000	23	256	945	11984	105	395	36068	1507
231000	24	211	1105	11426	233	655	34451	2477
232000	19	266	855	11943	38	703	35812	1856
233000	18	232	692	12035	77	790	35330	2442
234000	14	270	842	11536	94	1034	34351	3165
235000	24	295	799	11126	218	1290	31771	3838
236000	22	243	682	11592	126	1218	34285	4292
237000	4	253	531	11824	131	1178	35498	3909
238000	17	215	633	11590	140	1263	34720	3868
239000	4	230	693	11492	116	1347	33589	4371
240000	27	266	866	11544	116	969	34616	2923
241000	8	235	803	11945	142	670	35813	2194
242000	21	256	707	12227	70	549	34266	1464
243000	10	245	709	12456	45	388	36159	1340
244000	25	275	805	12081	145	498	36410	1827
245000	20	225	808	12256	54	448	34647	1216
246000	18	255	943	12005	28	448	35916	1175
247000	11	261	610	12627	50	292	36390	1346
248000	13	274	653	12693	37	205	37719	653
249000	9	273	870	12351	17	201	35956	635
250000	20	253	851	12594	34	38	38304	294
251000	8	252	667	12789	8	112	38028	304
252000	13	287	700	12706	12	130	36417	375
253000	14	234	759	12548	2	247	38037	540
254000	14	252	660	12608	38	303	36692	987
255000	8	263	521	12926	40	198	37609	720
256000	17	236	755	12658	32	111	37612	557
257000	28	275	718	12718	15	75	36241	207
258000	23	235	934	12507	5	26	37738	62
259000	28	262	1115	12163	0	32	37429	94
260000	24	258	896	12526	0	56	37932	178
261000	30	240	916	12417	65	76	37236	518
262000	23	243	789	12623	40	60	36941	449
263000	13	242	624	12810	56	170	37103	599
264000	9	217	812	12427	98	226	36995	742
265000	23	253	920	11923	192	439	36210	1864
266000	19	243	1050	12016	101	259	36032	1029
267000	21	281	853	12540	33	85	36200	520
268000	9	217	785	12727	2	50	37261	164
269000	17	284	752	12687	4	93	38073	200
270000	18	239	936	12455	1	88	37527	180
271000	14	280	917	12485	20	52	37014	166
272000	23	247	787	12674	25	39	39057	298
273000	15	212	958	12448	60	68	37615	334
274000	12	250	693	12859	33	52	39089	167
275000	11	262	618	12935	0	51	38834	220
276000	20	270	873	12537	0	21	36613	156
277000	12	233	700	12912	1	25	37798	38
278000	17	257	828	12664	28	0	36297	41
279000	15	241	853	12562	108	0	39120	51
280000	21	296	934	12449	38	32	37270	236
281000	27	248	767	12679	55	37	36385	253
282000	16	266	673	12844	36	64	37419	336
283000	11	236	679	12915	3	58	37334	301
284000	17	240	896	12509	0	83	37069	261
285000	19	246	864	12584	1	64	37068	233
286000	22	262	848	12580	3	79	36831	263
287000	14	260	715	12877	0	11	38821	25
288000	13	237	669	12924	1	52	37444	105
289000	14	207	809	12765	0	27	37455	94
290000	20	260	860	12629	0	28	36765	79
291000	24	251	1204	11997	59	0	37867	108
292000	11	279	786	12700	32	18	37166	164
293000	20	233	760	12772	5	0	38099	33
294000	8	206	752	12790	0	0	38362	1
295000	14	286	680	12778	49	31	37039	343
296000	11	232	676	12919	30	6	37856	58
297000	7	234	995	12400	18	23	36712	110
298000	18	269	985	12383	16	20	37197	123
299000	16	209	949	12452	91	2	36754	217
300000	15	270	944	12296	97	39	37019	377
301000	14	192	987	12420	4	21	37501	183
302000	9	247	781	12721	7	36	36247	69
303000	13	268	1052	12249	0	77	37850	211
304000	16	207	1208	12140	3	34	34726	203
305000	36	249	1263	11951	1	77	36120	190
306000	23	252	1079	12225	0	11	35171	41
307000	20	223	1153	12191	0	41	37446	85
308000	11	266	742	12760	0	53	36330	167
309000	31	261	920	12486	9	33	37308	234
310000	15	214	948	12528	30	36	37063	141
311000	18	223	833	12601	40	62	36917	361
312000	25	266	1006	12194	45	132	35752	597
313000	19	209	1164	12072	14	146	36330	432
314000	24	240	988	12155	8	241	37654	588
315000	9	218	715	12717	6	173	36112	543
316000	3	280	571	12819	2	222	36946	439
317000	12	243	684	12823	8	92	38210	397
318000	7	246	665	12929	0	41	38489	160
319000	11	236	892	12599	0	11	36674	43
320000	8	236	1049	12314	64	2	37307	260
321000	24	279	794	12586	44	15	38299	159
322000	12	214	761	12781	42	0	37412	123
323000	16	275	830	12544	62	35	36971	317
324000	25	248	1070	12179	21	51	37249	163
325000	30	257	996	12383	1	4	36816	38
326000	32	239	1117	12213	1	42	36461	103
327000	22	256	906	12372	1	149	37603	237
328000	21	256	849	12441	7	196	37821	503
329000	21	281	841	12425	14	184	38167	704
330000	17	235	1194	11953	0	179	37725	409
331000	13	232	902	12389	5	217	37756	703
332000	25	287	1158	11974	4	128	37489	305
333000	24	237	1028	12187	3	164	36064	774
334000	25	247	1010	12299	0	77	37203	348
335000	18	249	982	12234	1	220	37302	547
336000	22	257	979	12281	3	147	36249	519
337000	23	282	936	12416	6	33	35833	113
338000	19	211	845	12687	0	14	38078	33
339000	15	256	867	12614	0	0	37169	7
340000	23	236	998	12329	120	22	36654	415
341000	21	280	1044	12181	78	44	37850	224
342000	16	243	1102	12182	60	48	37541	222
343000	15	277	784	12476	56	189	35929	833
344000	22	195	1066	12092	131	135	36614	894
345000	23	248	1139	11699	152	318	35019	1108
346000	16	262	1060	12055	90	199	37721	1083
347000	16	274	799	12560	7	167	36817	521
348000	14	250	900	12435	18	136	37749	419
349000	18	252	974	12430	0	11	36669	43
350000	17	243	926	12518	0	56	38340	142
351000	8	277	909	12530	0	30	36656	70
352000	20	232	919	12555	0	9	38079	33
353000	11	283	788	12610	114	5	35435	264
354000	20	213	836	12479	13	221	36334	567
355000	20	228	747	12557	2	298	36917	1008
356000	21	254	611	12836	0	214	36387	461
357000	22	255	649	12786	5	197	37574	707
358000	29	254	906	12362	5	167	37362	286
359000	18	247	768	12681	7	73	37377	129
360000	12	269	728	12694	23	88	36504	431
361000	19	278	661	12894	20	21	36429	132
362000	16	258	719	12779	45	53	37230	232
363000	14	261	758	12670	17	92	37964	365
364000	14	241	602	12956	6	46	40123	224
365000	6	283	572	13039	0	16	38245	2
366000	24	251	877	12534	72	17	38006	351
367000	17	256	660	12890	32	20	37529	116
368000	17	238	767	12742	12	17	37598	72
369000	19	225	767	12787	13	28	37295	117
370000	15	279	1013	12390	0	10	37887	81
371000	17	212	833	12657	0	76	35423	232
372000	13	256	686	12816	5	86	38037	308
373000	16	266	789	12621	10	70	37450	298
374000	11	281	869	12523	0	67	35870	115
375000	16	261	678	12867	0	35	36883	31
376000	14	267	610	12967	0	48	36890	173
377000	24	252	992	12336	0	81	37469	177
378000	25	259	1135	12109	0	90	36732	281
379000	21	269	950	12357	0	88	36981	144
380000	18	284	904	12446	0	99	37087	275
381000	18	294	603	12957	1	76	38217	316
382000	12	216	664	12933	0	94	38250	279
383000	17	271	587	13008	7	56	37562	339
384000	10	270	560	13071	3	46	38627	248
385000	12	265	901	12443	37	60	37102	334
386000	29	266	913	12402	16	87	37141	378
387000	27	275	863	12436	1	118	36635	313
388000	17	265	1035	12228	0	112	37306	335
389000	20	242	816	12465	0	248	35127	541
390000	17	306	959	12236	12	204	35947	674
391000	18	214	830	12535	5	142	37240	633
392000	19	253	740	12679	0	190	36110	563
393000	18	250	1000	12127	8	262	35660	816
394000	21	215	844	12263	18	443	36122	893
395000	19	227	803	12343	4	395	37353	894
396000	16	288	676	12581	23	266	35582	847
397000	13	258	722	12452	27	362	37778	1110
398000	17	236	818	12140	12	577	36388	1664
399000	11	265	629	12272	113	621	35629	1710
400000	18	240	642	12416	80	475	35894	1592
401000	10	224	709	12396	94	437	35711	1783
402000	20	258	728	12279	77	467	36825	1465
403000	9	284	669	12452	26	444	34527	1484
404000	15	220	647	12481	68	446	37170	1389
405000	19	249	552	12691	62	357	36792	939
406000	15	254	738	12422	78	349	36087	1177
407000	12	252	786	12335	148	288	35435	1077
408000	25	244	827	12428	46	237	37050	946
409000	13	251	717	12786	22	78	38503	348
410000	10	269	761	12649	38	101	38550	377
411000	9	261	681	12797	38	112	38072	440
412000	9	245	695	12754	39	129	36840	346
413000	10	248	729	12582	45	236	36165	675
414000	24	254	714	12430	79	333	36444	1247
415000	26	238	818	12161	194	315	36091	1376
416000	25	242	616	12542	116	344	35931	1529
417000	18	231	993	11908	170	380	36622	1752
418000	51	229	1066	11619	242	452	34891	2227
419000	28	256	1120	11500	248	478	35794	1897
420000	23	233	866	11954	193	471	35141	1650
421000	24	223	1183	11498	77	594	34782	1658
422000	16	268	940	11767	80	703	35540	2025
423000	16	265	728	11676	126	1008	34649	3124
424000	24	266	696	11360	193	1327	34048	4204
425000	20	224	690	11607	137	1154	33905	3462
426000	16	289	628	11589	199	1173	33163	4084
427000	18	205	714	11487	93	1297	33592	4216
428000	23	272	701	11431	105	1349	34403	3956
429000	14	238	843	11164	173	1350	33390	3830
430000	15	214	1028	11024	244	1156	33751	4037
431000	32	250	975	10776	327	1303	32266	4357
432000	25	241	883	11131	262	1223	33205	4396
433000	42	239	1007	10719	552	1144	33551	4891
434000	27	239	887	10813	407	1326	32398	4917
435000	18	220	846	11046	310	1312	34788	4797
436000	14	281	641	11135	256	1572	31901	5231
437000	23	251	776	10733	205	1826	31020	5401
438000	31	229	1066	10125	386	1789	32503	6438
439000	23	233	1124	9863	347	1996	31479	5912
440000	13	259	740	10358	244	2204	30301	6588
441000	28	233	760	10259	256	2318	29547	7263
442000	30	252	820	10043	279	2366	29706	7843
443000	28	227	785	10420	482	1900	31553	6763
444000	31	222	935	10153	717	1689	29746	7426
445000	24	272	944	10037	466	1947	31424	6807
446000	22	223	912	10184	513	1889	31040	6817
447000	18	240	799	10361	456	1933	30529	6873
448000	15	239	563	10578	604	1964	31899	6491
449000	17	236	888	10070	537	1978	30964	6759
450000	23	246	1023	10009	455	1840	29846	6648
451000	20	267	662	10492	393	2001	30701	6681
452000	16	262	666	10825	363	1763	32810	6163
453000	18	221	841	10744	445	1514	31962	5275
454000	17	265	571	11271	309	1505	33565	4944
455000	21	231	909	10638	224	1725	32545	5153
456000	30	239	1216	10198	268	1610	32325	5740
457000	14	216	991	10171	298	2012	31666	5917
458000	42	244	1077	9644	418	2154	28862	6826
459000	37	256	996	9775	404	2216	29976	7571
460000	31	256	803	10192	342	2171	29271	6375
461000	39	213	973	9742	459	2254	30118	7562
462000	26	260	1089	9650	457	2124	30992	7032
463000	44	265	1081	9605	588	2016	30184	6594
464000	20	194	944	10380	522	1654	31651	6375
465000	22	219	780	10553	464	1795	32494	6303
466000	23	225	1019	10068	365	2029	29933	6336
467000	22	225	1075	10097	448	1825	30053	5904
468000	22	220	772	10849	439	1517	31114	5944
469000	30	253	987	10708	440	1240	32335	4543
470000	43	242	1059	10477	373	1504	32438	5435
471000	25	204	1015	10356	512	1542	32200	5530
472000	28	236	869	10008	646	1953	30616	6591
473000	22	267	629	10485	384	2113	30180	6454
474000	25	238	1053	9396	723	2276	30147	7591
475000	19	253	724	9427	670	2723	28078	9092
476000	30	211	658	9717	666	2568	29211	8549
477000	19	241	573	10043	431	2614	28590	8335
478000	32	235	691	10010	449	2406	28949	7975
479000	21	250	923	9574	410	2565	30016	8591
480000	24	232	763	9564	538	2690	30122	8922
481000	20	244	728	9438	594	2764	28986	9492
482000	29	255	828	9080	672	2930	26494	10076
483000	26	229	901	8846	579	3146	27423	10171
484000	25	250	684	8812	523	3557	26150	11420
485000	32	244	644	8316	688	3977	25025	12982
486000	29	201	649	8369	849	3803	25411	12347
487000	30	243	780	8522	929	3284	24752	12560
488000	20	236	663	8842	756	3359	27367	11522
489000	24	245	671	8947	515	3446	26183	11783
490000	30	253	642	8932	609	3417	26388	11447
491000	24	213	894	8733	840	3054	27967	10376
492000	47	276	949	8748	671	3029	26326	10590
493000	24	248	952	8871	817	2772	27425	10431
494000	30	244	940	8923	961	2625	27150	9730
495000	27	241	1065	8861	863	2574	26837	9252
496000	37	234	1160	8905	874	2414	27832	8698
497000	46	214	1077	8232	1206	2841	26585	11126
498000	31	221	1056	8054	1169	3068	25093	12667
499000	43	230	924	7795	1279	3423	25221	12987
500000	48	210	855	7202	1318	4091	22343	15447
501000	43	239	1276	6846	986	4157	22197	14092
502000	42	247	1151	6949	1243	3966	22440	13909
503000	37	236	985	7135	1253	4016	22452	15598
504000	66	256	959	6579	1379	4417	21458	15678
505000	51	199	747	6243	1609	4945	19577	18102
506000	54	213	871	5824	2074	4687	18666	18947
507000	55	210	912	6533	1924	4040	20823	17670
508000	77	185	1054	6222	2101	3991	20073	15612
509000	65	194	1003	6118	2238	4041	20373	16732
510000	59	192	881	6543	1964	4092	20926	16889
511000	63	204	877	6552	1877	4165	20766	16768
512000	44	184	850	6320	1566	4773	19830	17619
513000	40	226	741	6754	1731	4360	20985	17572
514000	63	231	800	6851	1773	4054	20907	16298
515000	44	194	956	6589	1468	4454	20374	16431
516000	51	268	782	6512	1520	4667	21063	16712
517000	34	218	924	6494	1431	4648	21061	17383
518000	38	232	837	6878	1203	4600	20539	16237
519000	46	227	732	7386	1213	4224	22516	15313
520000	44	261	750	7025	1235	4508	21706	15768
521000	37	229	866	7855	1412	3378	24564	13136
522000	42	212	945	7977	1095	3403	24387	13237
523000	54	242	813	8254	977	3423	25643	12654
524000	38	200	1117	8489	852	2976	26403	10839
525000	37	272	762	8979	676	3071	26593	10462
526000	22	290	944	8981	618	2877	27488	9627
527000	19	265	871	9511	618	2519	28397	9525
528000	29	244	631	9627	515	2838	29294	9512
529000	22	254	963	9745	354	2385	28638	7938
530000	23	238	939	9626	321	2568	28442	8327
531000	20	238	653	10182	430	2387	29815	8589
532000	18	243	696	9793	378	2739	28541	7890
533000	28	238	871	8909	622	3101	28082	10058
534000	33	230	853	9208	705	2709	27897	9199
535000	23	250	918	9250	485	2792	29269	8701
536000	32	209	700	9088	553	3269	26444	11098
537000	25	213	800	8477	753	3532	25295	12230
538000	17	245	818	8540	881	3290	25942	10983
539000	44	234	1067	7905	760	3600	24610	11780
540000	47	244	947	8773	764	2915	26576	11115
541000	27	215	869	9033	823	2764	27318	10444
542000	40	217	850	8471	1241	2964	25062	12047
543000	45	178	892	8327	1263	3079	26156	11831
544000	43	231	839	8579	1440	2607	26480	11190
545000	47	217	1214	7834	1500	2718	25503	11825
546000	54	194	1163	7467	1745	2984	24025	12944
547000	51	204	1147	7282	1681	3157	23086	14326
548000	51	214	950	7282	1569	3568	23941	14009
549000	40	252	904	7141	1521	3913	22274	15527
550000	46	220	996	7092	1462	3822	23299	15011
551000	50	227	1058	6688	1320	4325	21715	15373
552000	53	232	1029	6983	1257	4042	22072	15757
553000	47	207	970	7197	1272	4016	22834	15467
554000	44	230	692	7054	1133	4665	22072	16319
555000	39	229	865	7673	1006	3978	23378	13582
556000	30	219	755	7520	925	4378	23990	14503
557000	37	207	607	7788	1161	4048	23309	14730
558000	36	252	909	6830	1175	4534	20414	15484
559000	30	227	813	7568	976	4183	22391	14978
560000	30	272	855	7637	1094	3875	23564	12881
561000	47	220	834	7851	1053	3787	24008	13071
562000	41	226	831	7883	1024	3730	23500	13131
563000	28	255	801	8163	1199	3314	25251	12947
564000	32	261	744	8323	853	3637	24667	11522
565000	26	251	834	8070	707	3863	24508	13422
566000	22	248	739	8042	647	4118	24933	13769
567000	31	247	747	8115	803	3862	23753	12307
568000	17	271	618	9264	498	3227	26536	11294
569000	20	222	498	9379	601	3278	26863	11000
570000	33	245	707	9032	754	3108	25603	9977
571000	29	241	926	8812	789	2922	26818	10450
572000	12	220	749	9405	796	2661	28195	10539
573000	30	210	833	8992	920	2810	27944	10549
574000	29	269	701	9145	745	2942	26278	10090
575000	19	242	673	8569	654	3711	26167	12541
576000	19	246	596	8698	751	3608	25986	12143
577000	29	270	675	8554	578	3755	25579	12049
578000	22	259	694	7928	472	4478	24624	13582
579000	17	246	771	8346	564	3853	24676	12233
580000	17	253	725	8867	493	3480	26140	10653
581000	21	252	808	9434	576	2733	28288	9234
582000	27	240	655	9506	790	2646	27520	9938
583000	49	238	878	9037	953	2633	26204	9685
584000	35	238	922	9278	589	2627	26768	9642
585000	27	183	1025	9370	698	2336	28778	8437
586000	30	229	939	9299	812	2412	29199	8448
587000	17	270	659	9185	758	2942	27234	9863
588000	33	230	770	9083	690	2984	28223	10185
589000	28	292	596	9268	504	3192	26713	9940
590000	15	204	649	9152	343	3507	27590	10416
591000	19	240	603	9206	428	3396	26402	11281
592000	28	220	882	8763	442	3420	26001	10412
593000	13	253	728	9271	395	3207	28700	10092
594000	17	248	736	9024	508	3299	27253	10760
595000	32	254	696	8647	652	3562	26003	11931
596000	21	201	731	8728	692	3449	26466	12426
597000	24	233	796	8796	544	3460	26661	11398
598000	40	297	946	8217	784	3420	24943	10928
599000	29	236	831	8850	659	3173	27004	10403
600000	29	244	709	8836	791	3243	27045	11051
601000	22	267	628	9002	762	3197	27018	11195
602000	35	250	773	9189	583	2972	28436	10039
603000	32	194	779	9101	798	2893	28021	10194
604000	33	232	726	9113	857	2886	27925	9856
605000	23	219	642	8808	812	3395	26854	11599
606000	48	236	861	8548	678	3345	25665	10535
607000	40	231	652	9264	628	3065	27354	10437
608000	26	254	664	9049	467	3422	27294	10750
609000	19	320	742	9278	485	2992	27762	9308
610000	22	240	531	9390	399	3333	27513	11430
611000	27	258	621	9537	538	2909	27305	10478
612000	24	276	745	9606	569	2581	28264	9752
613000	11	225	748	9816	449	2623	29260	8330
614000	23	243	744	9518	622	2721	28026	9617
615000	33	195	888	9166	592	2840	28392	9163
616000	45	273	833	9769	428	2429	29228	7854
617000	18	268	676	10159	286	2442	31010	7733
618000	17	258	845	10054	325	2292	30337	6752
619000	27	283	588	10211	396	2390	28933	8208
620000	22	255	729	9991	359	2478	29764	8147
621000	18	211	751	10220	374	2203	31693	7175
622000	17	243	667	10802	293	1835	32148	6226
623000	19	234	938	10178	329	2007	30533	6430
624000	14	266	795	10432	218	2060	31423	5967
625000	20	239	790	10601	232	1937	31359	5881
626000	19	236	889	10620	241	1736	32916	5152
627000	26	232	867	11198	278	1166	32462	4112
628000	20	234	898	10839	615	1163	30993	4853
629000	44	261	928	10898	399	1163	31923	4513
630000	31	260	851	10658	309	1658	32407	5395
631000	29	236	970	10377	196	1886	32080	5304
632000	19	240	910	10399	318	1844	31686	6552
633000	18	257	692	10321	450	2113	29618	6659
634000	19	235	916	10055	569	1975	31194	7217
635000	40	271	907	9932	554	2033	29895	7440
636000	34	221	831	10297	662	1724	30690	6552
637000	36	204	1155	10131	584	1459	32181	5807
638000	40	192	1039	9826	625	1901	30073	6534
639000	15	266	883	10327	463	1814	30735	6605
640000	35	221	1121	10342	611	1292	33110	5598
641000	40	237	1023	10158	872	1359	31732	6631
642000	24	211	878	10325	628	1740	32094	6130
643000	27	259	914	9915	802	1811	30470	7050
644000	19	219	1275	10005	432	1620	31008	5661
645000	45	229	1065	9271	505	2533	28078	8149
646000	18	233	770	9768	453	2612	29782	9026
647000	23	305	907	9829	389	2314	29457	7655
648000	31	256	977	9672	534	2264	30146	8059
649000	23	236	697	9879	603	2366	30346	8085
650000	24	243	826	9398	547	2699	28467	8932
651000	22	258	951	9750	553	2205	29498	7481
652000	18	252	909	9990	563	1991	29609	7184
653000	29	262	903	9860	545	2146	30209	7598
654000	32	240	724	10100	271	2446	30290	7223
655000	23	259	747	9965	386	2408	29517	7882
656000	17	241	651	9980	432	2598	28831	8240
657000	23	244	879	9627	322	2655	29869	8495
658000	27	263	813	9394	403	2897	28152	8757
659000	21	227	924	9339	570	2658	28901	9189
660000	36	253	946	9072	686	2684	26919	9155
661000	18	256	642	9325	634	3055	27581	10299
662000	22	210	1026	9026	497	2913	27155	10290
663000	30	232	928	9230	394	2937	27328	9334
664000	19	282	1066	9263	405	2644	27331	8682
665000	19	217	900	9539	522	2550	28476	8667
666000	27	268	915	9347	540	2687	28103	7870
667000	37	232	939	9552	505	2400	28752	8649
668000	28	225	779	9622	506	2644	29359	7937
669000	29	231	981	9812	494	2136	29607	8070
670000	36	275	1368	9210	692	1881	28969	6778
671000	39	257	1078	9818	620	1816	31710	6982
672000	30	213	1106	9448	776	2083	30110	8495
673000	15	264	873	9687	532	2363	30141	8244
674000	34	238	1144	9547	604	2056	28901	7163
675000	32	274	1270	9291	287	2424	29060	8023
676000	31	267	1190	9676	185	2218	29739	6255
677000	18	244	885	10505	225	1866	31102	5483
678000	39	195	1008	10255	301	1893	31742	5994
679000	42	267	929	10404	280	1790	32615	5334
680000	25	262	792	10409	379	1930	30377	6636
681000	13	225	695	10433	390	2090	32562	6706
682000	22	254	623	10674	254	2062	32220	6612
683000	16	239	730	10473	289	2097	30739	6448
684000	18	288	607	10627	355	1983	30083	6387
685000	14	264	643	10795	162	1990	31060	6592
686000	16	236	672	10861	248	1826	30301	6114
687000	14	266	735	10323	353	2154	30432	6446
688000	19	229	916	10453	561	1579	31047	5512
689000	23	185	834	10603	599	1516	31418	5832
690000	20	251	962	10546	603	1354	31246	5352
691000	32	225	1200	10360	436	1379	31723	4777
692000	26	209	974	10899	465	1141	33109	4612
693000	20	262	869	11042	345	1209	32999	4443
694000	41	265	817	10899	339	1411	32135	4801
695000	12	260	818	11165	351	1163	34180	4285
696000	23	258	878	10982	306	1277	32859	4601
697000	20	240	778	11362	200	1204	33513	3917
698000	18	264	798	11230	139	1341	32985	4392
699000	15	255	849	11469	167	1013	34186	3334
700000	9	274	740	11558	187	1080	33760	3544
701000	17	246	1007	11466	136	808	34371	2707
702000	19	250	779	11610	160	1004	36097	3491
703000	12	244	699	11702	66	1136	34695	3414
704000	17	216	700	11724	127	1117	34373	3400
705000	17	219	749	11239	142	1445	34159	4117
706000	17	250	683	11343	183	1399	33698	4127
707000	20	284	684	11224	183	1460	34322	4781
708000	13	268	635	11699	149	1149	32999	3751
709000	15	256	731	11407	202	1192	34720	3449
710000	14	253	595	11418	170	1455	34832	4377
711000	29	280	789	11343	114	1205	32806	3805
712000	30	229	996	11062	84	1256	34065	3898
713000	25	238	967	10737	117	1593	33023	4850
714000	32	262	866	10807	265	1523	31759	4787
715000	22	231	977	11058	234	1160	34164	3976
716000	23	252	1039	11228	91	1063	35368	3584
717000	16	235	867	11761	96	844	35906	2718
718000	27	230	878	11797	121	720	34328	3097
719000	25	260	960	11410	201	850	35360	2414
720000	23	270	1102	11197	282	768	34874	2916
721000	28	259	1110	11293	224	714	34302	2649
722000	26	259	943	11453	302	750	34425	2347
723000	26	234	961	11467	172	898	33556	2904
724000	10	259	725	11670	241	917	34273	2733
725000	25	260	728	11633	175	1025	33490	3661
726000	19	246	818	11271	336	1079	33481	4331
727000	33	223	976	10668	384	1434	32038	5347
728000	20	249	936	10769	419	1323	32024	4997
729000	15	233	948	10614	480	1431	33780	5444
730000	28	219	887	11157	438	1068	32863	4782
731000	50	209	983	10553	345	1600	32025	4984
732000	16	217	812	10785	191	1776	32547	6071
733000	20	214	990	10529	412	1590	31684	5388
734000	32	217	748	11033	444	1372	31978	4493
735000	36	281	847	10767	316	1501	32127	5145
736000	11	271	965	10834	290	1317	31682	4948
737000	15	242	1030	11027	122	1265	34655	3566
738000	37	266	1104	10739	94	1435	32866	4251
739000	30	263	1198	10683	46	1414	31941	4337
740000	32	235	1112	11017	245	970	34757	3488
741000	28	222	1096	10739	381	1142	34414	4226
742000	28	256	987	10812	298	1383	33930	4710
743000	19	239	805	11229	232	1305	33040	3725
744000	27	210	828	11329	184	1179	32726	3802
745000	17	300	889	11333	254	951	33335	3198
746000	17	226	922	11514	116	974	34444	2918
747000	22	243	893	11266	197	1154	33369	3727
748000	20	260	780	11406	253	1087	32018	3478
749000	20	265	694	11578	224	1043	34118	3761
750000	27	241	848	11347	252	1063	33048	3907
751000	32	262	914	11161	251	1126	33874	4122
752000	16	237	1080	10577	241	1489	32336	4794
753000	22	225	1095	10433	365	1486	32078	5410
754000	25	231	921	10228	402	1981	31396	6015
755000	23	234	822	10638	364	1720	30881	6297
756000	17	251	581	10788	350	1932	32615	5831
757000	22	222	903	10501	184	1881	31751	5593
758000	13	210	1010	10359	317	1829	30805	5826
759000	29	237	893	10194	350	2043	31807	6426
760000	34	285	642	10198	393	2273	29685	7043
761000	17	273	585	10482	612	1959	30780	7368
762000	13	256	593	10391	518	2194	30788	7138
763000	27	217	795	10053	620	2068	30560	6833
764000	40	269	968	10030	547	1863	30266	7270
765000	31	238	829	9936	433	2315	29542	8476
766000	26	255	778	9936	481	2305	31219	7613
767000	24	260	719	10206	521	2171	30560	7137
768000	21	240	1023	9908	333	2165	30406	6567
769000	23	281	837	9997	485	2161	29210	8197
770000	18	252	626	10695	490	1828	32233	6808
771000	27	239	994	10201	655	1641	29937	6278
772000	38	242	793	9873	602	2243	29427	8196
773000	32	207	832	9638	563	2488	29130	8706
774000	25	242	648	10031	430	2524	28993	7848
775000	31	231	807	10034	378	2248	29911	7366
776000	25	258	839	10295	375	1959	30636	6929
777000	23	205	710	10421	447	2002	30012	6770
778000	30	246	1051	10360	396	1540	31931	4492
779000	24	223	753	10909	490	1395	32446	5610
780000	12	242	744	11018	354	1414	32046	5425
781000	20	232	929	10126	742	1726	31618	6653
782000	28	255	810	10345	663	1677	32802	6181
783000	28	231	895	9930	771	1836	30043	7281
784000	39	248	970	9622	566	2256	30309	8400
785000	31	244	958	9666	714	2086	29440	8176
786000	16	269	787	10517	268	1961	30253	6131
787000	28	201	855	10709	230	1764	32335	5548
788000	19	237	771	10611	350	1828	31836	5625
789000	12	200	630	11217	229	1638	33118	4992
790000	10	243	798	10976	203	1574	33246	4866
791000	21	228	801	10853	365	1541	32032	5054
792000	24	230	876	11062	278	1273	32720	4707
793000	17	246	722	11500	263	1089	33561	3136
794000	17	277	739	11539	189	1045	33532	3559
795000	24	205	719	11790	238	869	34252	3884
796000	38	249	956	11219	322	886	34276	3427
797000	22	282	746	12030	106	683	36536	2079
798000	21	278	931	11893	83	535	35470	1469
799000	24	268	705	12318	94	425	34132	1567
800000	13	270	811	12104	69	545	34419	1630
801000	9	233	774	12191	37	542	36512	1499
802000	22	253	1057	11693	11	641	34719	1757
803000	18	227	951	12102	45	395	36905	1408
804000	17	224	922	12012	104	393	37054	1146
805000	22	236	972	12027	32	431	34757	1225
806000	26	233	1245	11642	11	417	35896	994
807000	22	257	960	12027	28	439	36629	993
808000	25	229	797	12424	31	306	36239	856
809000	16	245	834	12483	18	202	35971	721
810000	16	262	779	12407	45	269	37524	733
811000	18	290	819	12265	14	375	35805	828
812000	22	248	809	12502	41	143	37066	497
813000	10	270	644	12842	22	85	37418	310
814000	9	213	553	13002	23	96	38437	414
815000	8	239	547	13108	0	47	38774	131
816000	18	267	716	12754	1	105	38269	147
817000	6	249	653	12713	6	254	37275	587
818000	7	264	739	12513	37	219	37121	684
819000	9	223	630	12725	7	278	37566	693
820000	12	243	648	12710	17	242	36323	581
821000	11	224	692	12725	13	171	38832	562
822000	19	253	694	12668	9	189	37365	732
823000	25	270	1041	12132	6	209	37333	712
824000	39	267	1015	12028	56	266	35444	911
825000	6	219	933	12153	50	411	36691	1128
826000	12	239	958	12201	72	250	37793	792
827000	29	238	1064	11996	90	221	35739	810
828000	7	221	932	12199	52	360	35788	1379
829000	14	244	756	12548	24	239	35403	1025
830000	14	273	654	12741	25	151	36998	333
831000	16	227	864	12502	69	135	36787	541
832000	43	236	1124	12008	163	60	36261	717
833000	23	225	958	12295	101	126	36483	780
834000	17	268	824	12355	88	264	37200	881
835000	19	201	869	12338	85	255	37275	1192
836000	26	240	929	12342	136	96	35772	833
837000	23	236	824	12520	73	106	35689	443
838000	11	250	728	12667	5	188	37460	542
839000	13	269	755	12745	6	101	38426	443
840000	13	234	826	12527	15	163	37799	519
841000	17	233	909	12297	45	216	36782	690
842000	19	235	914	12248	58	261	36704	860
843000	16	252	860	12316	28	325	37153	850
844000	23	247	933	12208	5	296	36598	980
845000	12	245	713	12516	0	371	36078	842
846000	11	256	736	12620	0	202	37488	595
847000	25	224	992	12297	6	178	36525	411
848000	31	236	1092	12211	5	82	37016	298
849000	11	270	723	12804	2	11	35883	15
850000	19	272	872	12590	4	0	38131	18
851000	17	244	650	12913	42	4	37593	157
852000	20	266	819	12674	37	4	37235	95
853000	13	258	759	12753	16	18	38496	217
854000	17	235	762	12604	145	16	36683	311
855000	14	235	741	12702	22	86	37052	425
856000	21	232	1116	12161	18	89	36443	171
857000	28	283	1065	12113	132	35	35938	435
858000	29	252	1212	11883	73	122	36739	556
859000	14	224	796	12424	31	321	36976	897
860000	15	265	773	12419	39	285	36587	952
861000	16	274	684	12530	15	353	37600	1081
862000	17	243	660	12693	16	279	36151	851
863000	18	282	991	12077	27	296	36006	819
864000	18	269	905	12036	69	466	36578	1356
865000	13	200	750	12154	75	610	35402	1749
866000	18	263	880	11830	83	672	34964	1975
867000	28	263	865	11519	106	965	32941	2845
868000	8	289	775	11188	50	1517	33626	4102
869000	15	266	706	11261	101	1479	33469	4200
870000	14	272	714	10972	149	1742	33231	4970
871000	27	245	665	10573	398	2009	30488	6696
872000	22	274	557	10732	422	1941	30274	5746
873000	17	246	820	10337	434	1954	30281	6856
874000	29	226	706	10545	553	1803	31876	6345
875000	19	271	743	10604	390	1808	31127	5597
876000	23	245	798	10420	425	1834	30964	6485
877000	30	236	988	10290	479	1682	31620	6290
878000	25	234	1009	10208	519	1678	31171	5803
879000	27	216	978	10199	544	1740	32523	6514
880000	29	244	1046	10029	543	1751	31547	6025
881000	30	212	899	10216	437	1966	31783	6566
882000	28	261	888	10116	294	2156	30270	6700
883000	22	232	720	10216	358	2289	30142	7502
884000	14	244	608	10661	335	2069	31283	6924
885000	24	284	806	10375	229	2122	32286	6793
886000	19	255	707	10154	361	2361	30243	7598
887000	28	257	592	10347	339	2405	30933	8069
888000	16	261	624	9830	514	2657	30108	8513
889000	25	265	611	9351	436	3230	26807	10812
890000	31	278	613	9239	453	3249	26639	10292
891000	30	261	623	9210	511	3253	26901	10596
892000	24	240	645	9163	772	3016	26865	10585
893000	38	211	870	9343	663	2576	29155	8607
894000	21	262	879	9174	501	2956	27973	10143
895000	25	227	833	8891	682	3185	26988	10171
896000	22	226	808	9162	550	3047	27793	9514
897000	26	261	873	9068	418	3108	27864	9823
898000	20	234	672	9041	619	3305	27222	10093
899000	21	252	813	8778	489	3385	26103	10426
900000	39	263	749	8958	704	3103	26754	11534
901000	36	296	773	9532	503	2657	29481	8301
902000	24	244	699	9681	649	2582	29006	9299
903000	23	285	857	9559	494	2495	27473	8856
904000	21	251	785	9800	473	2457	27866	7949
905000	22	242	848	9726	503	2449	29593	8408
906000	35	272	1139	9184	612	2375	27574	8142
907000	21	204	926	9468	396	2756	29177	8810
908000	18	233	671	9675	328	2891	29156	9450
909000	19	256	819	10247	276	2139	29756	7222
910000	20	277	834	10034	413	2204	30530	7175
911000	30	273	750	10431	487	1840	31046	6102
912000	17	265	806	10521	422	1749	32119	5727
913000	21	249	731	10700	361	1804	32487	5644
914000	18	260	889	10960	306	1326	32073	4576
915000	19	225	861	10531	359	1746	32233	5619
916000	19	270	846	10523	342	1752	30804	6059
917000	9	244	810	10305	236	2203	31590	6632
918000	30	235	688	9789	495	2630	29429	8177
919000	33	229	811	9248	712	2726	28069	9216
920000	31	267	894	9466	740	2324	29159	8044
921000	39	243	1017	8974	751	2643	28374	8764
922000	51	234	1006	8923	798	2644	29263	10327
923000	32	230	1203	9354	627	2157	28646	7600
924000	37	217	1080	8860	851	2626	27044	8979
925000	28	236	1095	9341	546	2428	28377	8022
926000	24	235	881	10015	440	2175	29418	7816
927000	27	252	964	10049	576	1882	30307	7409
928000	22	214	981	9806	685	2018	29036	7431
929000	31	261	897	9846	504	2206	29118	7451
930000	27	237	998	10099	305	2007	30671	6434
931000	25	237	775	10089	233	2419	31110	7090
932000	18	270	758	10220	428	2111	29870	6673
933000	24	253	791	10503	425	1823	31105	6241
934000	28	239	739	10912	333	1582	31914	5286
935000	24	286	784	11043	389	1276	31532	5107
936000	20	217	857	10759	398	1546	31456	5373
937000	25	275	753	10603	416	1760	31486	6298
938000	27	228	857	10452	342	1895	31110	6462
939000	24	209	947	10863	261	1387	33380	5051
940000	32	219	885	10679	395	1519	30753	4952
941000	23	248	888	10922	450	1213	32104	4864
942000	38	260	813	11019	463	1176	33074	4321
943000	31	238	1133	10727	318	1154	31955	4620
944000	30	221	1031	10657	412	1341	32957	4663
945000	27	254	998	10977	522	927	31867	3740
946000	22	288	878	11182	355	1011	33662	3214
947000	25	313	844	11133	302	1145	33151	3937
948000	32	242	914	11006	323	1175	33901	4287
949000	23	235	978	10749	332	1378	30693	4865
950000	22	262	945	10806	289	1368	31995	4293
951000	31	239	1008	10508	375	1471	31959	5446
952000	26	251	1055	10007	405	1963	31330	6597
953000	23	246	964	9925	298	2253	29247	7306
954000	37	262	944	9968	249	2255	30231	7431
955000	26	196	887	10137	307	2206	30887	6992
956000	25	247	861	10629	423	1606	32852	6132
957000	16	229	741	10890	416	1566	32235	5278
958000	16	262	696	10971	261	1676	32944	5682
959000	24	279	612	10882	313	1769	32649	6295
960000	18	233	663	10246	399	2352	30482	7801
961000	24	202	802	10149	540	2049	30205	8159
962000	31	235	980	9469	433	2574	28669	8172
963000	34	248	641	9694	463	2777	28885	8780
964000	14	248	700	9731	474	2668	29245	8803
965000	32	255	680	9924	459	2517	30047	8450
966000	20	247	749	9979	373	2474	29817	8540
967000	29	268	793	9805	479	2453	30100	7938
968000	22	256	889	10031	323	2262	29480	7092
969000	33	235	828	9852	449	2395	29784	8592
970000	21	211	695	9213	867	2797	27930	10120
971000	31	222	905	8949	703	2896	27199	10833
972000	36	219	760	8697	564	3554	26057	11498
973000	45	213	1026	8401	662	3334	25359	11051
974000	20	233	612	8413	667	3936	25532	13131
975000	25	245	832	7689	833	4123	21618	14143
976000	27	222	756	7119	1128	4566	22086	15982
977000	28	235	631	7006	1423	4543	21781	16718
978000	43	254	694	7449	1296	4124	22262	15179
979000	32	223	789	7026	1432	4298	21794	14921
980000	66	179	868	6829	1601	4159	21537	16781
981000	36	223	793	6016	1575	5143	18710	17998
982000	53	202	607	5892	1833	5314	18001	18877
983000	60	243	805	5624	1730	5319	17602	18867
984000	36	253	689	5995	1365	5503	18201	18702
985000	51	238	1035	5986	1267	5074	19179	17416
986000	31	230	885	6197	1638	4760	20394	17513
987000	52	186	849	6621	1341	4723	21082	17594
988000	56	230	714	6536	1807	4539	19901	17018
989000	34	213	727	6132	1780	4971	18873	18491
990000	28	260	785	6081	1317	5350	19309	17607
991000	64	186	818	6230	1275	5206	19957	18295
992000	42	237	708	6311	997	5546	20237	18426
993000	25	266	666	5998	1121	5817	18303	19277
994000	37	225	662	6347	1132	5477	19515	18012
995000	29	252	520	6449	1402	5276	19558	18354
996000	58	220	746	6616	1489	4669	20717	16604
997000	28	224	788	5945	1818	4996	18810	18354
998000	35	222	756	6589	1496	4701	21055	15835
999000	59	202	851	6430	1427	4784	20364	16828
