0	0	0	0	14400	0	0	0	0
1000	9	275	384	13274	41	45	37987	402
2000	11	249	503	13144	0	52	38732	92
3000	15	237	485	13208	0	58	39135	62
4000	12	233	398	13295	0	72	37776	175
5000	7	254	465	13203	1	76	37596	251
6000	19	260	666	12865	0	37	37719	106
7000	9	260	606	12979	3	48	37277	102
8000	5	247	570	13049	5	51	37670	205
9000	12	243	501	13040	1	166	36966	342
10000	15	298	478	13058	6	124	38569	370
11000	15	269	395	13194	5	139	37032	481
12000	20	267	461	13150	10	118	36844	324
13000	9	273	650	12868	1	64	36897	99
14000	13	253	590	12979	21	80	37390	155
15000	8	248	499	13036	37	117	38209	574
16000	14	283	474	13143	14	46	36985	248
17000	13	225	391	13353	0	31	36339	117
18000	9	289	441	13218	9	43	36866	116
19000	11	253	439	13188	10	138	37485	442
20000	7	261	412	13124	26	205	36107	759
21000	8	253	340	13244	20	165	38480	509
22000	10	262	384	13161	47	190	37077	721
23000	5	270	536	12957	77	113	37288	616
24000	18	235	585	12814	42	197	37726	468
25000	18	262	422	12985	40	263	37729	719
26000	13	267	586	12734	15	307	37225	719
27000	12	287	406	13062	3	254	37473	644
28000	10	266	578	12780	30	295	37245	1064
29000	12	267	598	12684	77	281	36121	1004
30000	15	296	446	12717	155	400	36563	1440
31000	9	280	495	12691	160	300	37717	1524
32000	16	261	605	12400	169	432	36980	1745
33000	12	204	408	12706	150	549	36901	1837
34000	16	228	513	12451	90	663	35391	1930
35000	12	242	554	12242	143	700	35849	1936
36000	11	263	396	12668	89	599	35884	2109
37000	13	266	503	12486	59	609	36310	1559
38000	9	254	510	12699	39	431	36925	1374
39000	13	271	530	12705	8	408	35865	1164
40000	6	247	458	12803	42	465	35474	1744
41000	10	259	517	12771	24	373	38484	978
42000	7	258	460	12901	16	312	37113	910
43000	12	234	480	12887	33	266	36577	804
44000	10	252	431	12973	29	320	37531	838
45000	8	266	413	12957	39	289	37654	991
46000	6	243	493	13131	13	90	38049	317
47000	10	266	481	13004	96	120	37883	480
48000	14	285	469	12930	80	212	37018	591
49000	6	275	467	13028	74	143	36850	669
50000	12	261	541	13003	25	67	37194	207
51000	17	258	474	13171	17	60	38377	278
52000	11	287	514	13139	0	16	37503	142
53000	4	290	371	13373	0	12	37769	79
54000	4	252	431	13289	0	0	37825	7
55000	10	225	369	13259	126	46	39256	485
56000	12	275	454	13165	61	16	38641	286
57000	13	236	555	13120	0	21	36710	136
58000	10	250	551	13157	0	9	37142	44
59000	10	264	483	13218	0	14	36486	3
60000	4	252	551	13169	0	3	38154	0
61000	14	283	525	12999	101	35	36057	441
62000	14	234	562	13012	18	88	38378	429
63000	12	254	454	13119	3	150	38876	379
64000	4	250	492	13083	0	153	37692	236
65000	4	247	429	13191	4	141	37290	274
66000	13	272	471	13081	7	123	37552	296
67000	12	267	467	13107	2	126	36733	460
68000	17	326	530	12877	4	177	36295	361
69000	11	268	522	12979	6	205	37894	553
70000	14	270	509	13031	2	170	37382	460
71000	8	263	478	13053	28	149	36308	570
72000	14	250	576	12864	59	155	38275	598
73000	7	231	527	12896	82	228	38683	597
74000	14	243	606	12763	115	205	37143	983
75000	7	283	503	12902	76	189	38346	749
76000	14	280	460	12936	94	199	38471	685
77000	17	249	556	12842	101	200	36757	887
78000	9	251	465	12741	134	391	36237	1560
79000	11	238	461	12696	142	385	36123	1362
80000	11	248	414	12778	151	442	36168	1579
81000	12	252	433	12709	44	507	36581	1393
82000	8	245	547	12614	79	495	36011	1535
83000	5	276	592	12578	46	431	36807	1548
84000	11	302	425	12719	38	513	35811	1892
85000	9	247	327	12937	60	464	37010	1099
86000	10	251	462	12756	60	453	35247	1287
87000	9	286	574	12509	76	418	36171	1395
88000	13	274	579	12507	111	494	35440	1468
89000	9	297	455	12481	127	594	36477	1654
90000	15	243	439	12599	107	562	35895	2234
91000	6	256	376	12629	176	574	36510	1699
92000	6	257	459	12719	82	478	36138	1574
93000	11	282	448	12856	41	355	37501	1050
94000	13	282	379	12946	38	369	36693	981
95000	12	233	548	12731	18	410	36969	1340
96000	2	229	394	12882	35	503	37726	1259
97000	11	257	450	12803	35	441	37316	1507
98000	5	245	443	12884	14	384	37269	910
99000	12	249	550	12897	3	257	37667	824
100000	20	267	662	12704	9	266	36657	1062
101000	21	257	625	12617	10	353	35280	1134
102000	11	237	633	12513	13	508	35997	1553
103000	5	236	475	12876	29	363	36614	1406
104000	9	244	511	12769	51	381	37471	1274
105000	9	251	482	12646	128	429	37199	1277
106000	10	251	425	12956	79	293	38019	1123
107000	11	231	382	12828	44	502	37871	1396
108000	17	250	515	12552	64	495	37005	1492
109000	9	239	648	12614	55	353	37248	1327
110000	12	270	616	12792	16	215	36866	561
111000	9	242	450	13105	27	189	38375	665
112000	5	254	406	13157	3	203	37468	560
113000	7	248	367	13174	9	200	37832	940
114000	5	264	427	13036	3	252	37168	780
115000	9	257	422	13122	5	187	36904	636
116000	14	233	378	13249	4	160	38167	457
117000	6	279	358	13263	3	93	38386	250
118000	8	275	644	12900	4	85	36758	265
119000	6	250	506	13185	0	14	37244	20
120000	9	252	512	13186	0	5	37341	42
121000	10	264	464	13189	49	6	37992	228
122000	14	286	571	12954	51	47	37136	166
123000	3	245	429	13210	19	49	36944	283
124000	14	244	423	13197	24	101	37665	341
125000	6	247	433	13200	4	140	38694	484
126000	10	258	598	12887	16	123	36732	353
127000	8	269	395	13161	0	177	37430	457
128000	9	229	451	13067	2	243	37421	691
129000	10	263	491	12863	28	277	38403	857
130000	7	272	456	12852	2	388	37557	1323
131000	7	258	467	12881	9	384	36000	1222
132000	17	289	453	12752	18	473	36647	1528
133000	19	244	403	12775	22	537	37034	1749
134000	10	240	416	12945	59	342	37968	1338
135000	9	259	412	12803	88	393	37112	1352
136000	20	267	550	12696	50	328	36831	1356
137000	5	269	527	12742	30	357	35993	1165
138000	9	264	401	13103	16	234	37304	627
139000	8	263	406	13138	5	197	37379	636
140000	12	294	415	13020	4	232	37061	607
141000	22	247	532	12990	13	128	37050	515
142000	16	285	786	12597	22	107	38470	378
143000	16	230	538	13119	10	41	38272	158
144000	11	240	511	13184	24	1	37951	45
145000	7	267	460	13164	132	0	37690	27
146000	10	258	454	13205	47	26	37992	229
147000	11	227	491	13086	33	118	39018	273
148000	16	208	558	12964	0	125	37690	260
149000	11	261	523	13099	1	42	37958	106
150000	19	258	543	12995	148	1	38632	362
151000	14	259	657	12866	60	30	37361	361
152000	13	236	519	13094	74	52	37395	333
153000	6	297	465	13152	47	37	37616	238
154000	11	233	515	13148	0	70	38883	119
155000	7	280	509	13109	3	33	37960	148
156000	12	270	541	13027	1	101	37683	248
157000	7	218	561	13135	6	20	38745	133
158000	13	242	588	13045	12	30	37743	46
159000	3	271	372	13319	27	0	38129	53
160000	5	267	392	13336	1	0	38353	2
161000	7	249	533	13115	32	9	37578	189
162000	24	254	581	12956	53	6	37422	185
163000	19	267	598	12898	40	52	38538	151
164000	11	285	519	13127	18	15	38118	165
165000	14	250	534	13075	29	4	38412	83
166000	12	279	456	13201	54	3	38260	150
167000	14	278	529	13107	2	12	37247	32
168000	9	256	499	13181	2	32	38998	66
169000	18	245	559	13089	0	16	37725	27
170000	10	241	510	13190	0	0	38770	1
171000	17	252	549	13076	34	5	38041	97
172000	7	263	542	13086	30	7	37777	113
173000	9	238	400	13283	36	58	38232	185
174000	10	275	423	13160	40	86	37327	313
175000	16	257	400	13257	48	49	38357	193
176000	9	278	553	12909	59	97	37232	503
177000	10	255	465	13023	94	150	37774	706
178000	14	232	543	12681	91	359	37392	1199
179000	6	258	428	12969	60	313	37555	1233
180000	8	232	449	12907	62	337	36339	1177
181000	14	241	652	12592	78	309	36938	1067
182000	9	260	695	12300	87	502	35832	1602
183000	10	246	521	12720	94	389	37521	1212
184000	14	240	435	12811	5	485	37323	1149
185000	13	261	645	12453	17	482	35638	1293
186000	16	246	655	12403	39	523	36571	1537
187000	9	240	507	12744	15	489	36134	1389
188000	5	266	442	12758	23	509	35082	1514
189000	10	256	483	12764	25	418	35125	1127
190000	7	260	571	12772	27	303	37099	1158
191000	16	266	523	12824	21	326	36679	1197
192000	13	280	513	12820	55	303	36807	1177
193000	14	247	531	12861	40	257	37744	781
194000	7	233	500	12988	24	209	36497	543
195000	3	272	471	13075	21	140	37285	483
196000	11	255	515	13002	8	179	38576	755
197000	5	255	383	13191	23	178	38502	502
198000	17	244	492	13094	1	168	36571	450
199000	4	249	528	12962	4	184	38427	703
200000	8	246	408	13170	7	187	37066	437
201000	10	278	483	13120	0	100	37705	305
202000	13	247	477	13207	3	23	37875	99
203000	17	263	441	13222	30	19	37261	164
204000	9	244	414	13332	7	18	39541	51
205000	9	312	480	13123	3	39	38754	53
206000	6	238	459	13276	1	0	38383	3
207000	10	263	413	13256	26	11	40045	197
208000	19	286	410	13268	3	0	35941	10
209000	9	268	364	13308	74	12	37934	385
210000	12	227	578	13025	42	27	39533	152
211000	18	257	694	12831	35	9	36093	153
212000	6	292	496	13158	0	10	37379	3
213000	17	246	501	13140	26	17	37828	120
214000	6	272	467	13223	3	27	36912	125
215000	10	250	475	13128	0	45	38010	109
216000	10	242	381	13269	0	99	38614	246
217000	13	291	532	13087	0	18	37952	64
218000	14	267	431	13248	0	14	37909	58
219000	8	270	522	13137	0	0	37736	5
220000	12	276	509	13076	44	46	36975	292
221000	6	256	459	13275	6	6	37714	56
222000	15	240	492	13222	5	8	37792	38
223000	16	265	547	13020	30	29	38279	59
224000	7	256	523	13209	0	2	37940	19
225000	7	253	420	13321	18	3	38499	165
226000	12	267	357	13348	8	61	38250	245
227000	7	292	331	13365	0	85	37775	181
228000	11	269	478	13194	0	22	37347	160
229000	10	265	519	13089	0	54	38017	211
230000	8	307	523	13068	0	44	37591	102
231000	20	291	568	12962	2	36	38933	90
232000	7	241	479	13221	1	47	36892	134
233000	7	270	447	13133	5	111	37761	312
234000	22	270	539	13037	0	64	36830	329
235000	11	230	437	13241	26	19	38178	111
236000	14	248	473	13206	4	42	37309	35
237000	19	233	610	12986	1	9	38371	65
238000	7	240	436	13341	0	2	37549	0
239000	20	233	570	13025	87	8	38172	243
240000	14	261	648	12848	67	35	38132	261
241000	4	276	337	13413	28	1	39236	39
242000	11	265	496	13071	102	7	37499	330
243000	4	238	461	13232	44	22	37079	229
244000	8	286	372	13272	50	31	38120	217
245000	8	255	415	13249	29	34	38480	188
246000	7	237	502	13214	7	10	37065	56
247000	13	290	421	13270	21	5	37498	49
248000	4	282	589	13043	18	6	38741	140
249000	14	244	614	12889	172	5	37556	250
250000	11	262	522	13019	113	53	37192	366
251000	12	276	537	12784	178	168	37415	1138
252000	13	265	568	12712	193	193	36081	1123
253000	7	256	542	12882	89	165	37509	657
254000	14	221	584	12752	165	155	36527	676
255000	16	284	524	12600	221	267	37268	1030
256000	16	283	470	12767	93	355	36749	1364
257000	19	266	347	13004	55	317	36250	1201
258000	9	269	353	13004	70	348	36666	1024
259000	4	274	373	13099	80	171	37050	942
260000	13	291	396	12991	37	283	35410	771
261000	11	249	473	12805	36	394	35830	1041
262000	9	274	596	12585	49	410	36274	1138
263000	11	226	661	12425	76	476	36594	1621
264000	11	264	530	12500	92	549	35979	2092
265000	11	262	482	12641	117	457	35794	1783
266000	20	211	734	12315	88	449	36002	1562
267000	9	306	514	12609	34	511	36330	1595
268000	13	253	402	12783	33	513	37337	1658
269000	7	237	603	12576	53	448	37183	1089
270000	5	244	474	12735	46	442	37339	1526
271000	20	264	359	12672	48	675	38080	1985
272000	15	247	372	12739	71	646	36400	2008
273000	14	292	434	12467	100	676	37403	2057
274000	7	255	423	12334	179	794	35715	2492
275000	17	229	455	12241	88	950	36684	2911
276000	12	270	427	12119	102	1056	35340	3215
277000	9	232	353	12248	124	1074	36069	3006
278000	11	289	454	11733	194	1267	33487	4521
279000	8	264	401	11641	166	1512	34584	4942
280000	7	250	502	11749	187	1240	33886	3926
281000	27	257	483	11889	215	1091	34852	3463
282000	29	268	468	11654	300	1234	34353	3682
283000	23	250	489	11517	335	1366	33444	4787
284000	15	261	456	11528	207	1537	33217	5160
285000	12	237	584	11025	243	1826	32374	6354
286000	17	260	505	10696	477	1994	32159	6727
287000	10	239	469	10653	507	2140	31588	6901
288000	12	279	348	10619	381	2423	29552	7457
289000	12	284	440	10867	320	2031	31699	6652
290000	18	265	488	10858	267	2022	31251	6270
291000	23	230	524	10918	382	1867	32131	6480
292000	12	266	519	10746	367	2046	29839	6931
293000	14	254	474	10609	377	2257	30913	7287
294000	20	273	548	10548	567	1986	31127	7107
295000	27	282	516	10488	464	2161	29858	6694
296000	20	278	491	10514	409	2230	30102	7111
297000	14	209	409	11208	351	1797	32513	5250
298000	15	262	427	11092	427	1807	31814	6181
299000	4	223	340	11100	326	2063	32392	6394
300000	16	282	381	11010	410	1936	31386	5926
301000	27	239	525	10851	438	1847	31424	6207
302000	23	237	502	11222	189	1775	32618	5279
303000	21	275	439	11115	403	1721	32415	5756
304000	13	244	408	11444	400	1509	32599	4955
305000	13	228	511	11657	345	1184	33831	4540
306000	24	255	333	11700	240	1487	33168	4419
307000	16	244	490	11495	368	1318	34083	4688
308000	24	243	624	11049	286	1700	33114	5064
309000	13	257	483	11409	290	1514	33597	5318
310000	17	246	522	11442	452	1296	33998	5272
311000	14	234	489	11410	490	1306	33132	4691
312000	15	230	521	11546	296	1344	32454	4875
313000	10	231	459	11731	211	1332	33225	4234
314000	7	273	400	11750	211	1361	33283	4224
315000	11	260	501	11759	133	1305	34556	4143
316000	5	259	415	11914	81	1364	35516	3396
317000	9	236	372	12088	120	1202	34294	4176
318000	14	262	479	11788	123	1290	34939	3425
319000	10	257	443	11799	236	1281	31951	4575
320000	13	237	370	11874	154	1355	34911	3958
321000	14	312	463	12142	103	919	34475	3112
322000	14	251	476	12258	43	905	35325	2499
323000	4	216	426	12216	38	1076	34809	2974
324000	21	275	511	12009	84	1081	34820	3070
325000	12	267	501	11876	56	1216	33725	3446
326000	13	262	584	12055	105	883	34254	2883
327000	21	235	475	12216	181	849	35628	2803
328000	10	251	408	12391	146	815	35845	2686
329000	6	277	581	12096	97	848	35304	2786
330000	12	244	457	12281	161	847	36538	2722
331000	18	223	505	12284	152	804	34719	2471
332000	16	241	526	12360	80	701	36604	1982
333000	16	231	399	12496	133	768	35275	2472
334000	22	248	424	12391	45	837	35197	2884
335000	9	253	441	12639	64	578	36747	1555
336000	18	232	448	12804	67	475	37793	1575
337000	15	264	459	12692	42	494	36915	1286
338000	8	264	510	12811	28	360	36925	1211
339000	5	275	472	12888	12	293	36738	1004
340000	7	265	426	13018	17	265	37613	1056
341000	5	263	343	13129	17	270	36438	817
342000	6	226	550	12970	5	143	37323	280
343000	7	282	402	13209	1	78	37329	192
344000	8	251	511	13110	4	42	37578	122
345000	8	275	493	13101	5	63	38643	144
346000	4	247	434	13290	0	47	39236	41
347000	3	270	460	13214	0	56	38362	90
348000	13	242	445	13268	15	15	38151	86
349000	5	231	477	13240	17	11	39490	69
350000	7	257	528	13137	0	13	37276	20
351000	9	228	402	13366	0	28	37782	48
352000	6	270	497	13136	0	35	37554	64
353000	13	262	490	13027	147	4	37875	378
354000	8	277	435	13167	48	31	38438	204
355000	7	213	426	13210	68	86	39532	290
356000	19	265	517	13020	78	105	36779	474
357000	9	243	535	13069	41	41	37031	147
358000	12	237	571	12988	98	25	38400	376
359000	11	244	555	12938	105	75	37744	545
360000	11	224	563	13036	40	53	38168	316
361000	16	261	576	12908	38	123	36977	665
362000	11	270	560	12893	16	173	37823	449
363000	12	280	534	12937	31	145	36741	548
364000	15	252	505	13028	2	175	38064	476
365000	12	232	516	12899	3	279	37639	668
366000	8	305	465	12998	4	207	37552	654
367000	10	277	457	12981	16	253	37621	753
368000	9	256	437	12930	37	334	36814	947
369000	7	275	574	12720	24	306	36605	768
370000	23	276	703	12548	8	309	35647	766
371000	2	235	596	12813	35	224	37531	686
372000	7	249	492	12888	55	273	38622	819
373000	9	259	417	12923	34	386	38110	911
374000	6	275	355	13014	55	322	38122	1015
375000	10	262	461	12946	47	244	37484	828
376000	10	243	523	12741	123	316	37327	1214
377000	22	257	621	12630	113	278	36873	1209
378000	12	247	531	12889	17	263	37352	1131
379000	18	312	464	12932	24	247	35344	1173
380000	19	266	535	12780	25	313	37481	803
381000	11	267	466	12782	37	384	37167	1188
382000	4	273	468	12883	11	368	36944	1014
383000	16	282	406	12768	29	534	37280	1348
384000	12	259	465	12749	45	443	36502	1219
385000	9	257	460	12957	30	297	37322	1209
386000	5	261	430	13012	9	297	38019	721
387000	7	278	415	13010	15	301	36748	740
388000	10	281	500	12884	41	241	36393	1050
389000	13	257	529	12851	52	279	37834	849
390000	9	267	411	13127	52	165	37580	554
391000	12	277	538	12880	111	118	37710	777
392000	19	261	549	12861	43	199	37495	694
393000	7	261	481	12931	25	299	37489	733
394000	9	291	513	12757	29	342	37451	996
395000	6	277	404	13083	30	213	37668	623
396000	7	269	434	13044	8	208	36735	458
397000	16	256	467	13092	6	150	37566	588
398000	10	243	494	13037	10	141	38263	332
399000	12	264	475	13037	1	175	37588	375
400000	8	239	506	13098	5	90	39748	400
401000	10	231	424	13275	0	53	38108	152
402000	7	235	425	13350	0	15	37097	14
403000	14	259	502	13146	0	0	37520	1
404000	18	262	479	13048	103	72	36697	578
405000	24	266	589	12946	36	24	37676	153
406000	9	234	605	12984	56	49	37021	240
407000	8	245	378	13312	8	77	37807	248
408000	13	293	560	13006	7	71	37037	147
409000	12	305	536	13059	0	2	37631	48
410000	12	289	575	12862	107	33	37302	511
411000	9	241	491	12991	122	80	37958	634
412000	8	262	507	13087	57	48	37250	405
413000	24	247	558	12907	127	64	36936	743
414000	4	248	430	13173	100	50	38150	206
415000	14	262	555	12911	72	86	37247	462
416000	15	292	484	13095	11	81	37528	308
417000	5	286	522	12932	0	188	36849	394
418000	10	223	515	13080	10	141	36648	427
419000	11	289	408	13180	0	158	38800	518
420000	4	259	504	13010	18	187	37451	388
421000	10	228	488	12890	7	340	37057	788
422000	9	296	464	12741	12	460	36256	1336
423000	4	237	434	12882	18	406	37541	1399
424000	2	212	524	12829	11	329	38385	994
425000	6	279	624	12632	2	362	36417	892
426000	5	296	483	12854	8	329	36772	1005
427000	9	231	562	12881	81	184	36721	785
428000	20	255	678	12634	34	232	36993	882
429000	9	246	488	13048	30	156	37201	424
430000	8	272	415	12968	53	264	36988	841
431000	4	258	617	12872	62	111	37393	589
432000	8	240	422	12971	71	297	36620	1060
433000	7	243	479	12935	21	259	39260	864
434000	9	269	519	12812	73	278	36462	763
435000	7	255	487	12869	76	278	37123	952
436000	7	264	528	12919	20	210	35937	658
437000	6	281	519	12947	14	207	35948	574
438000	15	243	458	13016	19	226	36556	720
439000	6	240	422	13079	7	258	36133	819
440000	7	260	475	12940	12	256	37381	673
441000	7	259	510	13014	21	166	38025	530
442000	8	232	384	13199	2	180	39264	515
443000	8	297	450	13109	10	124	38391	313
444000	6	252	416	13192	7	168	38619	347
445000	7	237	430	13092	6	240	38088	612
446000	9	247	369	13152	21	246	36830	432
447000	15	245	464	13049	27	208	37464	650
448000	11	243	363	13039	23	309	37816	933
449000	12	246	364	13123	13	261	37992	958
450000	6	220	476	12944	36	292	36916	910
451000	3	272	480	12834	24	389	35608	1231
452000	9	265	535	12757	15	361	37997	950
453000	14	266	541	12865	24	207	37080	702
454000	7	239	554	12909	13	209	38294	535
455000	7	232	497	13031	1	217	39030	531
456000	7	280	505	13100	0	98	37447	269
457000	12	294	511	12977	4	126	37738	347
458000	4	247	400	13266	2	122	38858	415
459000	8	267	344	13343	17	74	37455	256
460000	16	292	450	13158	0	51	38301	115
461000	9	247	469	13109	21	142	36864	441
462000	18	252	517	12997	19	172	37106	590
463000	7	292	555	12801	26	264	36898	815
464000	22	230	572	12753	81	270	36598	1000
465000	14	284	534	12794	34	333	37283	1138
466000	10	244	567	12707	59	346	36030	1014
467000	3	256	520	12853	61	280	37069	1096
468000	8	244	499	12744	105	407	37022	1315
469000	12	249	712	12402	81	395	35372	1766
470000	14	268	529	12524	13	578	36508	1304
471000	8	243	488	12732	43	433	36958	1433
472000	11	237	465	12801	49	405	36417	1179
473000	11	271	460	12838	5	400	36671	1164
474000	17	256	528	12828	29	328	35994	1166
475000	14	247	497	12759	41	413	36761	1092
476000	10	243	423	12879	108	341	37764	1145
477000	6	213	557	12819	76	248	37167	870
478000	12	226	576	12747	63	263	39658	808
479000	16	253	623	12644	130	218	37740	937
480000	8	278	623	12771	40	179	37484	810
481000	7	231	548	12977	14	181	37375	549
482000	14	235	534	13081	2	84	38610	195
483000	22	267	531	12996	0	87	37184	235
484000	12	230	519	13102	2	56	37630	171
485000	7	265	393	13335	0	1	38464	1
486000	11	228	539	13121	29	11	38641	190
487000	12	286	535	13093	3	7	37439	50
488000	4	202	425	13267	118	3	36665	186
489000	10	217	444	13278	50	7	37433	125
490000	14	232	606	12981	45	25	38386	317
491000	7	273	511	13115	28	44	37262	270
492000	4	243	376	13365	0	61	38377	304
493000	7	239	383	13320	25	67	37725	395
494000	8	257	466	13150	5	98	37947	338
495000	11	228	518	13071	1	115	37609	197
496000	9	258	447	13159	19	113	37487	307
497000	13	262	519	13013	18	136	37144	256
498000	13	277	410	13196	8	84	38237	327
499000	7	228	532	13053	14	87	37585	189
500000	6	230	548	13038	0	103	38209	467
501000	10	267	526	13034	19	72	37685	361
502000	7	258	536	13095	35	32	37322	176
503000	8	270	521	13163	20	0	37725	29
504000	5	265	450	13245	4	16	38341	25
505000	7	223	501	13204	0	0	38644	14
506000	8	227	595	13024	74	11	38431	286
507000	16	287	508	13058	29	15	37629	52
508000	13	285	524	13052	42	64	36028	225
509000	1	225	454	13146	69	106	37975	382
510000	14	255	498	12949	78	194	36068	878
511000	10	254	489	12901	40	252	36439	1011
512000	8	249	381	13149	51	200	37545	751
513000	17	249	579	12834	37	195	37979	688
514000	12	227	538	12887	20	223	38568	705
515000	10	259	601	12707	7	293	36274	780
516000	16	269	489	13072	2	105	38164	379
517000	2	281	372	13266	3	113	36532	294
518000	15	229	412	13293	10	26	38561	110
519000	11	254	632	12854	100	1	36589	98
520000	4	293	477	13102	83	48	37859	391
521000	7	285	449	13067	77	45	36813	429
522000	5	251	439	13188	62	72	38717	301
523000	12	271	482	13071	24	123	36017	438
524000	14	257	497	12980	118	108	36575	608
525000	6	249	564	12875	64	170	37022	689
526000	15	272	581	12810	44	174	38269	765
527000	13	253	555	12860	38	204	36857	455
528000	8	285	502	12956	28	158	37417	643
529000	2	253	450	13138	0	152	37729	365
530000	12	273	557	12999	0	75	38073	275
531000	16	253	471	13017	18	179	37372	597
532000	8	241	444	13079	45	188	37563	967
533000	4	211	531	13018	11	203	36873	511
534000	9	262	569	12851	6	214	38935	667
535000	10	237	508	12904	39	260	36606	632
536000	16	250	506	12838	57	289	37642	852
537000	15	278	450	12882	18	324	37710	1173
538000	15	270	455	12986	45	224	36953	919
539000	18	270	564	12533	168	352	36314	1432
540000	7	217	465	12839	104	350	37068	1541
541000	14	210	466	12980	28	290	36749	807
542000	7	269	487	13021	16	180	38637	714
543000	6	291	485	12947	9	222	38690	498
544000	5	297	416	13181	3	96	36620	431
545000	4	262	368	13338	11	40	38313	112
546000	5	266	374	13346	7	24	37014	128
547000	11	255	376	13423	0	0	38762	12
548000	18	247	496	12988	107	66	37882	385
549000	14	245	675	12759	112	75	38998	560
550000	14	262	552	12806	59	200	35973	818
551000	26	271	461	12978	38	220	35736	771
552000	13	265	456	12917	42	271	36816	956
553000	5	274	609	12852	17	136	38519	505
554000	7	260	481	13065	66	91	37625	360
555000	10	294	475	13136	83	30	39023	288
556000	12	223	630	12977	10	36	37863	83
557000	15	232	678	12816	0	88	37354	257
558000	12	260	492	13094	2	94	38224	113
559000	8	272	355	13279	8	156	38252	630
560000	14	267	495	13030	34	141	37647	479
561000	7	278	476	13099	47	99	36685	322
562000	11	272	408	13082	29	194	36872	523
563000	8	275	482	12939	22	260	37205	923
564000	6	300	479	12832	2	322	36573	1174
565000	7	262	560	12788	6	328	37443	901
566000	7	250	413	13129	26	190	37618	462
567000	12	260	558	12949	40	101	36340	407
568000	6	255	379	13176	61	133	38247	391
569000	10	269	414	12967	84	265	37100	905
570000	7	268	426	13036	50	180	37529	606
571000	14	286	418	13149	15	154	36287	405
572000	9	239	427	13210	19	128	37336	314
573000	10	273	504	13052	1	99	37647	333
574000	16	283	638	12945	0	23	37980	95
575000	18	271	469	13221	0	3	37765	0
576000	11	257	583	12856	123	57	36850	442
577000	9	246	505	13007	88	110	39479	710
578000	6	256	373	13172	26	204	38063	521
579000	6	232	463	13036	73	159	37473	566
580000	13	283	482	12985	36	157	37277	584
581000	4	263	495	12869	43	305	36909	1016
582000	7	259	593	12618	80	372	35833	1213
583000	11	265	530	12760	21	377	37757	902
584000	13	289	479	12753	14	414	36935	1039
585000	12	264	475	12920	10	298	36331	995
586000	13	286	515	12882	4	268	37718	700
587000	13	252	430	12868	34	363	38244	1092
588000	7	269	554	12727	18	385	35988	1181
589000	6	258	505	12871	19	315	37911	951
590000	15	299	497	12900	17	250	36583	662
591000	4	264	377	13195	18	155	37381	603
592000	6	306	485	13070	2	122	35997	307
593000	6	255	406	13284	0	71	37818	153
594000	13	252	500	13158	18	57	36336	262
595000	11	255	428	13291	0	36	38373	90
596000	8	251	584	13042	2	8	39006	52
597000	15	235	781	12677	82	5	37616	187
598000	9	260	580	12964	70	32	37205	300
599000	17	226	657	12910	51	23	38174	209
600000	14	262	642	12916	31	42	39493	192
601000	14	258	485	13127	10	78	37332	196
602000	6	255	501	13071	24	115	37582	410
603000	11	263	494	13100	13	90	38251	249
604000	18	259	579	12983	19	27	39565	67
605000	7	293	534	13113	0	5	38561	5
606000	7	292	530	12910	144	44	37902	386
607000	13	250	552	12929	83	138	37901	727
608000	6	278	474	13140	3	82	36359	408
609000	11	244	550	13117	0	35	36925	80
610000	9	256	448	13247	0	25	37986	128
611000	10	249	533	13154	0	10	37352	19
612000	8	254	478	13115	136	1	38076	303
613000	14	252	567	12942	108	37	38610	387
614000	9	276	448	13122	90	66	37926	662
615000	6	292	447	13021	74	136	37011	449
616000	13	285	578	12874	77	107	36310	376
617000	8	255	522	13000	97	72	38528	445
618000	20	267	510	13039	49	87	37692	424
619000	12	238	577	12953	28	118	37386	345
620000	10	237	406	13306	8	51	36682	301
621000	8	291	359	13296	2	94	37545	102
622000	11	261	413	13237	0	83	38669	325
623000	10	248	418	13284	0	26	37703	97
624000	11	220	377	13372	6	29	38795	70
625000	7	274	492	13131	31	14	38575	158
626000	12	257	507	13168	32	7	37999	152
627000	15	288	520	13003	106	0	37342	37
628000	21	261	630	12897	67	18	36569	269
629000	17	226	509	13069	47	71	37639	450
630000	10	237	611	12822	42	164	37342	553
631000	11	311	471	13078	47	80	38220	297
632000	7	265	347	13318	11	92	38592	212
633000	10	285	432	13152	0	115	37565	377
634000	7	251	409	13260	1	66	37836	247
635000	9	264	362	13331	4	43	37858	182
636000	12	303	372	13195	39	87	36481	348
637000	12	264	525	13096	37	18	37497	233
638000	8	271	569	12975	40	31	37285	292
639000	3	282	442	13183	25	62	37147	319
640000	13	291	498	13168	0	15	37776	64
641000	6	256	417	13231	73	17	39004	160
642000	8	258	490	13107	25	21	38065	224
643000	9	277	587	12936	49	88	38036	446
644000	10	267	552	12925	59	121	37212	399
645000	7	243	480	12959	80	207	37422	951
646000	11	265	343	13188	49	192	37447	699
647000	13	250	524	12845	51	250	37033	753
648000	11	225	520	12826	6	359	37146	1009
649000	8	260	434	12854	6	426	36883	1253
650000	18	247	525	12978	27	137	36745	651
651000	7	235	472	12900	33	317	37103	969
652000	7	252	418	13101	13	209	36681	636
653000	19	256	577	12873	33	150	37852	473
654000	5	267	488	13110	6	105	38203	457
655000	10	254	475	13114	0	112	37007	352
656000	6	257	449	13209	1	76	36430	324
657000	6	267	528	13127	0	59	36886	172
658000	8	253	437	13288	0	14	37586	129
659000	8	279	440	13257	0	14	37740	38
660000	8	251	534	13097	0	14	36428	51
661000	1	263	564	13086	0	2	36095	0
662000	23	262	556	12959	58	41	37357	185
663000	13	215	496	13067	53	94	38766	373
664000	12	270	474	13171	5	71	37596	281
665000	14	241	396	13315	0	25	38910	82
666000	2	246	473	13261	0	26	38010	32
667000	10	236	482	13173	0	75	37150	239
668000	7	252	465	13148	2	120	38479	313
669000	6	254	412	13143	4	209	36828	573
670000	10	273	480	13065	15	105	37681	421
671000	3	260	545	12969	1	160	38633	573
672000	9	257	400	13079	20	221	38420	506
673000	13	279	415	13063	37	209	38486	631
674000	8	255	468	13022	50	160	38216	445
675000	15	273	511	12938	42	192	37317	690
676000	6	249	434	13150	29	110	38191	387
677000	3	250	508	13021	19	199	37344	458
678000	5	219	446	13142	0	221	37209	668
679000	13	286	388	13055	1	262	36697	837
680000	4	250	432	13026	14	241	38195	605
681000	14	231	471	13113	6	157	36687	681
682000	7	235	407	13141	21	208	38257	415
683000	8	295	511	13025	22	133	37049	502
684000	10	293	447	12956	4	247	36414	835
685000	9	238	412	13086	26	232	37412	856
686000	12	278	494	12881	14	271	37528	885
687000	7	283	462	13066	3	163	38188	438
688000	14	315	596	12866	4	141	36601	450
689000	3	253	586	12937	3	147	36761	395
690000	15	263	563	12976	8	79	37187	258
691000	12	268	573	13026	7	29	37177	73
692000	17	237	613	13005	2	28	37322	26
693000	5	283	512	13159	0	4	37629	40
694000	10	263	550	13026	80	43	36917	234
695000	12	247	386	13263	45	84	36893	331
696000	12	273	591	12982	13	18	37552	125
697000	11	257	511	13120	32	15	38079	52
698000	6	259	458	13199	7	38	38544	120
699000	8	271	488	13220	15	23	36474	31
700000	8	231	417	13294	0	29	38763	41
701000	4	249	331	13428	0	32	38371	70
702000	9	255	358	13393	1	2	38551	48
703000	9	273	383	13232	109	14	38089	208
704000	3	248	375	13311	23	56	38605	159
705000	15	282	477	13056	5	138	38058	392
706000	12	224	489	13034	26	200	37023	534
707000	5	263	409	13213	9	160	38291	365
708000	9	284	349	13145	39	213	37489	710
709000	9	281	339	13163	92	177	36396	944
710000	10	270	417	12978	48	299	37795	909
711000	13	251	449	12871	5	389	37158	1212
712000	8	231	401	12992	25	311	38069	878
713000	11	266	396	12961	27	384	36637	821
714000	5	271	447	12952	18	322	37452	725
715000	17	280	551	12736	59	296	36389	838
716000	18	256	609	12621	37	370	36660	1138
717000	13	280	561	12646	47	393	37058	1069
718000	14	248	416	12808	31	487	36853	1598
719000	13	290	390	12856	66	434	36678	1323
720000	16	263	520	12643	55	477	36983	1253
721000	9	222	585	12479	28	578	38069	1617
722000	11	228	553	12418	52	663	35391	1822
723000	11	242	471	12519	49	663	36559	1917
724000	12	212	591	12311	94	684	36952	2129
725000	14	252	482	12385	67	775	35531	2279
726000	9	254	385	12664	60	629	35187	1998
727000	9	229	490	12695	83	492	36651	1708
728000	13	258	478	12616	28	552	35821	1491
729000	10	275	449	12812	33	405	37575	1126
730000	3	267	381	12853	22	462	37291	1378
731000	11	278	472	12652	31	528	36561	1547
732000	8	257	476	12742	54	453	35752	1279
733000	16	250	535	12564	42	541	36387	1796
734000	11	248	610	12471	103	475	36823	1682
735000	18	230	463	12560	177	495	36741	2191
736000	12	237	436	12822	65	396	36810	1276
737000	11	238	472	12902	40	313	37341	994
738000	19	224	591	12492	90	501	36319	1836
739000	12	256	656	12232	74	630	34741	1848
740000	13	251	399	12827	106	439	36502	1493
741000	6	200	457	12792	66	463	38162	1561
742000	6	209	520	12747	28	459	35743	1174
743000	16	254	533	12633	74	444	36057	1376
744000	13	266	515	12689	94	357	36928	1281
745000	6	269	568	12430	60	579	33895	1681
746000	21	273	488	12541	76	526	37091	1544
747000	7	278	414	12765	22	544	36026	1533
748000	5	295	509	12465	23	632	37035	2024
749000	13	265	452	12445	26	766	35712	2268
750000	6	256	424	12313	56	900	34763	2410
751000	6	259	431	12275	56	991	34892	3002
752000	7	257	467	12336	37	907	35309	2314
753000	8	299	387	12667	27	665	34647	2051
754000	11	258	503	12573	73	521	36976	1346
755000	20	221	488	12406	102	754	36475	2560
756000	18	260	477	12275	178	766	36062	2214
757000	12	275	594	12024	120	907	34569	2871
758000	22	263	455	12320	143	795	34339	2300
759000	12	256	476	12190	123	944	34734	3034
760000	13	263	412	12382	139	781	35366	2626
761000	14	248	506	12371	83	768	36124	2926
762000	8	271	405	12174	84	1068	36603	2803
763000	8	257	488	12072	169	983	35820	3723
764000	3	216	459	12373	80	868	36481	2856
765000	5	258	417	12529	57	749	35351	2422
766000	6	267	384	12843	57	494	36616	1749
767000	4	263	470	12769	56	447	36597	1438
768000	8	274	428	12801	59	442	37574	1116
769000	11	243	416	12959	60	337	37219	990
770000	17	292	371	13052	16	288	37981	881
771000	5	252	473	12905	30	355	37707	1085
772000	11	273	561	12839	27	225	36524	925
773000	8	265	532	12856	34	266	37435	821
774000	17	224	482	13067	44	171	37576	770
775000	9	250	375	13147	65	194	37715	656
776000	8	282	418	13086	87	150	37195	609
777000	16	233	472	13016	46	213	37479	732
778000	6	256	486	12980	14	182	39258	587
779000	21	239	519	13045	1	110	37726	335
780000	8	270	550	13026	4	88	35922	274
781000	11	279	517	13049	0	101	40076	279
782000	9	274	426	13247	0	28	38211	88
783000	10	268	423	13268	0	17	38379	55
784000	7	272	479	13182	1	25	38311	41
785000	15	231	640	12991	0	1	37866	22
786000	11	248	674	12844	85	57	36836	372
787000	14	238	530	13083	48	46	37636	377
788000	12	277	497	13105	8	34	38487	62
789000	13	251	579	13004	33	70	37504	286
790000	11	251	580	12911	60	67	37497	318
791000	8	282	579	12917	14	161	37648	553
792000	18	226	565	12626	32	412	36633	1083
793000	11	288	432	12529	22	702	35657	1926
794000	10	250	520	12387	51	741	36185	2373
795000	3	272	437	12488	111	727	36377	1993
796000	15	240	442	12550	118	599	36279	2052
797000	3	248	343	12864	57	568	36795	1507
798000	13	256	448	12677	27	558	36391	1446
799000	12	254	447	12702	13	561	36728	1529
800000	12	290	386	12841	19	484	35433	1508
801000	12	295	394	12778	60	461	37048	1732
802000	7	210	565	12853	32	308	37789	1019
803000	13	281	477	12847	83	277	36921	852
804000	9	283	449	12804	71	367	36751	1364
805000	14	227	492	12437	67	709	37381	2086
806000	10	261	616	12038	41	924	35380	2683
807000	8	259	479	12172	33	1046	35302	3400
808000	7	241	459	12292	33	946	35599	2780
809000	14	293	600	12142	31	832	35831	2344
810000	7	280	525	12258	25	882	35008	2645
811000	4	246	358	12221	71	1138	33688	3507
812000	13	230	504	12229	52	940	36016	3021
813000	11	271	465	11994	158	1078	35497	3640
814000	14	266	581	11749	117	1174	35827	3830
815000	5	248	418	11834	205	1326	33985	4562
816000	20	293	514	11627	155	1370	34299	4125
817000	13	225	465	11758	256	1280	33252	4239
818000	15	258	565	11317	347	1432	33396	4380
819000	12	239	537	11187	359	1609	33174	5309
820000	17	233	424	11707	229	1393	33612	4070
821000	12	276	578	11242	187	1621	32458	4710
822000	19	297	543	11190	221	1689	32795	4628
823000	11	278	420	11332	242	1730	31805	5402
824000	8	239	302	11403	274	1830	31815	5900
825000	15	276	405	11256	210	1838	32089	5056
826000	11	260	431	11094	263	1948	33437	5819
827000	12	248	589	10858	304	1917	30926	6608
828000	5	256	495	11292	265	1651	32294	5658
829000	14	232	616	11122	279	1668	32522	5382
830000	12	269	396	11228	318	1773	31505	5362
831000	17	255	399	11183	458	1702	32613	4984
832000	15	282	488	11670	288	1253	33552	4587
833000	8	231	560	11712	285	1172	34742	4313
834000	14	215	460	11993	157	1116	36302	3560
835000	17	231	379	12293	141	948	35232	3012
836000	6	323	506	12042	105	983	34369	3298
837000	12	283	615	11751	224	1018	34125	3498
838000	14	254	517	11852	186	1139	33210	3876
839000	6	251	628	11563	160	1291	32679	3641
840000	16	241	574	11132	216	1723	33273	5191
841000	19	266	493	11282	296	1622	33094	4768
842000	16	285	467	11555	158	1501	32412	4894
843000	20	278	474	11682	226	1302	32874	4027
844000	15	245	572	11344	222	1532	33444	4667
845000	23	269	416	10993	313	1990	30610	5671
846000	11	212	371	11385	283	1755	32537	5648
847000	7	255	646	11068	317	1560	31818	5476
848000	8	247	586	11212	189	1641	33700	5602
849000	14	233	561	11396	147	1619	33144	4648
850000	16	278	553	11516	87	1487	32408	4139
851000	7	277	415	11644	109	1533	33352	4454
852000	9	250	512	11629	261	1306	32466	4560
853000	19	261	465	11708	290	1214	33400	3999
854000	13	271	506	11676	111	1413	33323	4827
855000	8	251	470	11865	107	1258	35396	3993
856000	2	243	426	12229	90	1026	35260	3165
857000	13	239	484	12011	195	1051	34284	3676
858000	10	265	477	11873	149	1175	34932	3988
859000	7	282	394	11744	189	1409	32585	4442
860000	14	236	503	11871	147	1192	33358	3520
861000	7	250	411	11663	225	1439	33329	4027
862000	17	271	446	11579	247	1449	33980	4973
863000	8	258	558	11339	277	1502	33121	4404
864000	21	259	478	11180	237	1777	31815	5330
865000	18	260	659	10858	278	1801	31773	6543
866000	23	243	608	10939	265	1866	31471	5676
867000	20	275	579	10763	459	1852	30968	6704
868000	14	281	568	10695	279	2069	32154	5912
869000	18	231	386	11300	247	1858	31890	5892
870000	16	249	433	11410	288	1595	34112	5630
871000	11	276	475	11509	248	1428	32826	4646
872000	10	255	464	11558	174	1532	33548	5092
873000	19	219	478	11578	248	1464	34114	4853
874000	22	291	461	11916	145	1136	33467	4112
875000	10	294	418	12160	143	967	35517	3028
876000	15	270	572	12080	115	903	33829	2925
877000	9	262	600	12134	181	718	37577	2366
878000	7	241	398	12466	188	719	36138	2594
879000	11	233	456	12324	206	750	35952	2858
880000	15	265	543	12149	177	821	36372	2583
881000	11	308	472	12105	142	953	35877	2721
882000	16	210	581	12050	149	945	35259	2609
883000	17	225	445	12036	123	1165	34656	2817
884000	3	286	497	12059	207	937	34767	3306
885000	15	286	474	11928	214	1073	32799	3333
886000	18	273	558	11676	201	1205	33260	3719
887000	15	282	534	11947	122	1048	33620	3348
888000	21	268	528	11851	232	1015	35531	3236
889000	14	252	395	12024	189	1124	34522	3583
890000	11	237	412	12262	148	920	35767	2428
891000	14	264	467	12044	209	983	34952	3064
892000	13	257	493	11864	162	1173	34199	3732
893000	19	277	463	11574	114	1568	33480	4168
894000	8	257	539	11608	207	1323	33702	4035
895000	8	280	550	11810	90	1217	35388	3600
896000	10	274	467	12168	69	967	36361	2821
897000	13	264	495	12050	94	1016	34370	3123
898000	9	249	400	12137	139	1122	35702	3772
899000	17	256	436	12223	179	879	35716	2849
900000	8	259	417	12081	188	1034	33005	3211
901000	14	317	610	11981	256	753	34637	2898
902000	19	256	556	12151	256	670	35835	2371
903000	23	280	657	12058	269	592	34627	2530
904000	11	243	505	12316	149	716	35374	2487
905000	5	235	413	12594	44	707	35142	2306
906000	9	297	498	12386	88	684	34983	1965
907000	12	273	535	12629	44	494	36610	1788
908000	9	250	476	12682	28	549	38014	1620
909000	8	269	502	12635	36	543	35399	1645
910000	17	237	721	12487	87	286	36935	1097
911000	12	256	476	12884	36	282	36746	641
912000	8	268	457	13026	23	206	36319	685
913000	7	261	485	13033	8	198	35658	396
914000	19	225	522	12968	10	216	37963	742
915000	9	252	477	13072	15	135	37505	546
916000	10	229	514	13077	12	92	37749	310
917000	15	262	477	13108	3	121	37735	437
918000	9	229	461	13091	4	193	38799	732
919000	7	278	495	13033	0	164	37234	395
920000	10	263	434	13185	8	119	37948	330
921000	4	271	377	13265	2	113	37586	436
922000	9	268	530	13065	2	46	37555	129
923000	5	250	511	13192	0	7	37509	8
924000	5	297	491	13128	0	43	37135	60
925000	19	231	508	13131	0	63	39371	103
926000	10	267	492	13086	13	102	38003	158
927000	17	244	529	12999	2	144	38081	407
928000	5	264	416	13257	1	45	38024	232
929000	11	310	557	13008	0	31	37315	99
930000	3	287	531	13071	0	32	38251	64
931000	9	252	350	13303	104	0	38558	27
932000	14	258	461	13075	109	45	39274	512
933000	9	260	405	13199	56	107	37457	598
934000	6	232	461	13116	53	91	38509	289
935000	12	281	374	13252	26	77	36864	364
936000	12	284	498	13003	11	110	37354	334
937000	8	225	471	13199	0	59	37607	224
938000	12	271	602	12929	0	75	35574	299
939000	15	254	418	13217	0	91	38454	293
940000	10	243	462	13020	3	202	36557	705
941000	18	268	558	12809	5	289	37072	739
942000	10	286	414	13112	6	174	36865	561
943000	20	269	391	13223	0	131	37958	358
944000	14	276	497	13031	13	153	37476	578
945000	7	268	447	13120	8	179	38771	404
946000	14	268	441	12983	16	244	36949	613
947000	10	239	494	13015	59	142	37769	680
948000	3	231	541	13045	36	74	38033	276
949000	10	237	439	13215	24	83	38478	116
950000	4	222	500	13033	24	160	37132	363
951000	17	273	515	12983	1	197	37240	586
952000	7	261	435	13199	15	72	38495	268
953000	7	248	386	13324	13	53	38942	189
954000	3	279	464	13206	24	24	38375	48
955000	4	263	577	12973	46	16	37556	191
956000	11	262	479	13109	77	13	38554	210
957000	14	262	510	13098	19	73	37487	294
958000	21	224	605	13015	1	46	37691	97
959000	9	274	581	13012	0	0	38554	5
960000	5	289	524	13040	99	12	38576	264
961000	15	260	519	13059	65	56	36105	395
962000	11	230	500	13026	81	136	37233	610
963000	10	256	473	12955	78	223	36891	704
964000	19	296	454	12847	139	244	36207	1074
965000	15	256	500	12799	103	294	37578	1100
966000	4	263	423	12921	81	330	37790	1292
967000	11	250	542	12691	50	365	36644	1099
968000	6	282	411	12979	8	318	37256	912
969000	3	249	397	13123	17	223	36561	430
970000	10	274	462	13087	12	175	37220	529
971000	15	237	508	12904	41	237	38263	714
972000	6	256	485	13029	50	186	37121	774
973000	7	242	591	12860	29	146	38644	836
974000	13	261	526	12960	46	98	36454	400
975000	11	271	604	12759	62	198	37703	762
976000	12	253	612	12688	3	342	37770	840
977000	10	250	535	12720	30	423	36336	1345
978000	10	300	526	12734	6	405	35560	1057
979000	13	254	402	12927	34	368	36515	1246
980000	8	242	529	12736	52	402	36545	1381
981000	15	303	507	12556	65	506	36519	1468
982000	10	297	513	12761	18	383	36206	1193
983000	7	220	443	12961	5	389	36407	1201
984000	8	237	495	13004	44	220	38070	919
985000	8	263	462	13111	10	139	37925	537
986000	14	278	480	13047	28	122	37374	414
987000	18	283	553	12812	45	235	35457	746
988000	12	274	470	12740	133	365	36792	1470
989000	9	270	560	12583	79	410	37113	1481
990000	25	241	543	12382	149	573	35721	2014
991000	15	292	440	12141	187	942	35031	2909
992000	10	287	413	12480	136	705	34902	2857
993000	7	266	478	12594	47	640	36293	1875
994000	29	252	562	12355	97	668	35476	1702
995000	15	240	496	12339	152	745	35686	2493
996000	8	261	359	12266	91	1057	35202	3022
997000	12	281	502	12241	90	856	35802	2563
998000	6	261	510	12177	110	919	34454	2660
999000	9	275	430	12354	67	820	36678	2567
