0	0	0	0	14400	0	0	0	0
1000	17	401	429	13035	90	41	23691	279
2000	28	386	756	12451	63	106	22219	208
3000	37	410	766	12536	35	25	23197	88
4000	18	433	552	12945	0	1	22790	0
5000	22	459	634	12667	16	78	22115	174
6000	12	418	625	12721	17	123	23110	189
7000	28	441	592	12764	0	110	22768	201
8000	29	445	755	12546	0	69	22491	119
9000	15	460	625	12648	5	130	23181	248
10000	13	476	664	12675	5	69	22171	170
11000	31	430	772	12443	4	138	22050	255
12000	17	430	913	12143	16	189	22394	348
13000	51	453	876	12229	9	130	21632	233
14000	19	438	764	12482	18	97	22649	97
15000	27	444	788	12483	0	35	22302	93
16000	22	386	802	12596	0	12	22677	0
17000	36	410	877	12215	176	3	23235	296
18000	32	399	792	12319	226	74	21696	484
19000	37	454	850	12244	38	169	21916	302
20000	11	477	792	12377	6	163	22490	295
21000	31	389	701	12524	47	142	22081	224
22000	26	463	651	12522	22	176	22331	292
23000	22	377	809	12305	49	231	22541	469
24000	23	402	513	12857	44	124	23677	205
25000	14	397	523	12800	10	205	21833	359
26000	25	417	598	12685	16	189	21745	368
27000	26	416	625	12703	5	119	23412	289
28000	27	477	550	12712	6	169	22830	328
29000	19	450	573	12573	4	308	22190	454
30000	22	441	635	12616	9	168	21959	244
31000	22	497	689	12515	25	89	21668	213
32000	24	438	816	12415	10	98	22176	212
33000	39	400	837	12443	14	37	23242	167
34000	24	441	713	12685	0	5	23043	2
35000	16	404	679	12649	85	56	22985	209
36000	18	476	615	12779	0	59	23107	98
37000	28	453	570	12791	6	48	22254	144
38000	16	442	704	12644	0	36	23130	41
39000	27	382	750	12594	0	31	22747	101
40000	13	372	804	12428	165	16	22808	321
41000	31	431	819	12332	85	66	23433	178
42000	22	437	746	12406	55	159	23875	261
43000	20	478	548	12563	51	231	22344	252
44000	19	435	764	12457	52	111	22229	242
45000	27	388	673	12549	116	119	22445	495
46000	28	387	768	12311	70	237	21287	465
47000	37	426	767	12021	134	413	21184	686
48000	34	369	768	11742	212	695	21674	1474
49000	37	340	898	11299	341	815	21263	2026
50000	37	384	815	11280	208	1059	20976	2299
51000	19	412	705	11375	227	1105	20778	2207
52000	17	450	663	11495	116	1145	20667	2213
53000	35	387	918	11391	158	836	20626	1701
54000	34	433	832	11447	191	823	21779	1524
55000	36	438	726	11602	226	877	22457	1735
56000	28	432	750	11283	239	1064	20224	2551
57000	29	400	804	11562	230	819	21309	1580
58000	35	411	996	11381	175	688	21251	1431
59000	29	387	925	11557	112	684	20341	1278
60000	23	362	922	11818	55	522	21064	1010
61000	23	382	612	12310	33	569	20949	807
62000	18	444	593	12201	72	601	22032	1069
63000	16	461	516	12248	71	627	22512	931
64000	17	412	680	12170	30	547	21940	1050
65000	21	450	625	12269	53	495	21623	886
66000	22	426	712	12091	61	537	22012	953
67000	23	418	610	12292	97	452	22431	887
68000	22	418	750	12129	87	416	20943	781
69000	36	411	771	12044	79	487	21551	987
70000	31	377	880	11823	106	529	21744	1041
71000	32	415	686	12012	51	657	20471	1362
72000	33	441	611	12067	90	650	21843	1078
73000	30	432	804	11665	70	797	21892	1129
74000	14	396	785	11935	72	648	20322	1069
75000	13	423	677	11976	101	697	21832	1420
76000	20	485	658	12064	43	610	21376	985
77000	31	468	671	12264	50	373	21898	791
78000	36	407	644	12276	63	446	22535	635
79000	36	457	763	11955	162	429	22428	985
80000	15	485	661	12018	138	562	20180	1240
81000	29	413	745	11803	148	675	22615	1649
82000	20	428	601	12027	249	612	22139	1451
83000	38	385	718	11886	290	560	20600	1606
84000	37	477	881	11305	239	833	20122	1892
85000	23	435	703	11641	139	854	20929	1582
86000	19	526	742	11606	123	832	20853	1706
87000	38	404	674	11747	162	840	21432	1393
88000	36	426	884	11130	241	1058	19583	2188
89000	41	350	1021	10774	285	1188	18625	3268
90000	24	369	872	11203	201	1083	20601	2189
91000	46	386	931	10895	301	1155	20916	2842
92000	53	414	858	10999	294	1103	19363	2213
93000	34	373	720	10944	283	1492	20128	3221
94000	27	440	824	10876	243	1344	20497	2342
95000	36	398	886	10562	422	1428	19744	3301
96000	47	354	696	10749	384	1599	19581	2982
97000	32	431	709	10956	333	1378	20227	2952
98000	34	396	688	11035	308	1372	19653	2965
99000	33	441	688	10626	428	1656	18857	3455
100000	22	392	714	10447	479	1773	19877	4063
101000	44	468	729	10192	371	1988	18200	4291
102000	28	416	615	10653	406	1785	19498	3868
103000	27	391	897	10043	466	1906	19303	4249
104000	54	454	866	9902	469	1984	18244	4023
105000	49	411	782	9785	553	2190	18160	5264
106000	44	388	801	9914	625	1986	18251	4908
107000	46	420	743	9857	556	2230	18766	4631
108000	23	415	734	9694	566	2389	17881	4889
109000	45	372	736	9124	795	2706	16556	6129
110000	69	422	812	8804	834	2848	15814	6236
111000	38	461	687	9238	711	2735	16183	5748
112000	32	371	774	8908	800	2880	16011	6112
113000	58	363	781	8851	895	2829	16841	6212
114000	59	415	926	8808	833	2646	16860	5678
115000	60	405	1036	8575	883	2708	15811	6233
116000	70	413	846	8378	1060	2989	15778	6297
117000	54	351	1019	8041	1124	3124	16671	7093
118000	56	405	772	7991	1049	3499	14586	7863
119000	60	380	755	7603	1266	3736	14593	8502
120000	52	403	818	8266	696	3514	15325	7290
121000	49	362	694	8397	970	3337	14821	7347
122000	50	359	957	7854	1001	3444	14297	6760
123000	57	365	727	7467	1119	4034	13934	8127
124000	46	397	578	7436	1082	4343	13310	8728
125000	42	372	541	7942	959	4088	14273	8906
126000	62	393	601	7784	1081	3956	15436	8486
127000	54	394	805	8346	1019	3167	15487	7087
128000	73	411	790	8157	1061	3274	15594	7849
129000	61	381	758	7851	949	3830	14703	8678
130000	49	403	601	7758	1089	3989	14585	9117
131000	80	406	734	7502	1153	3955	13329	8712
132000	54	350	836	7710	1201	3662	14562	8641
133000	71	364	758	7547	1203	3816	14305	8456
134000	67	387	747	6934	1397	4286	13516	9174
135000	73	404	589	7254	1293	4293	13096	9982
136000	38	340	592	7418	1153	4365	13583	9486
137000	48	375	675	6868	1230	4669	12697	10800
138000	67	386	643	6801	1248	4747	12140	10219
139000	69	386	529	7000	1367	4565	13185	9654
140000	71	346	634	6594	1472	4727	12340	11101
141000	92	380	540	6977	1542	4364	13380	10119
142000	81	348	857	7300	1536	3638	13798	8882
143000	67	371	817	6911	1538	4085	12658	9526
144000	59	362	770	6717	1632	4258	12245	10475
145000	60	380	802	7073	1186	4290	13051	9761
146000	57	438	720	7138	1115	4371	13100	8613
147000	60	395	675	6815	1258	4628	13201	9970
148000	44	353	642	6891	1271	4691	13225	10877
149000	50	417	672	6886	1187	4597	13162	10566
150000	47	428	511	7170	1250	4528	13013	9982
151000	56	342	538	7140	1245	4580	13061	9928
152000	59	453	571	7597	1329	3923	13742	8734
153000	66	393	703	7289	1259	4082	13478	9012
154000	59	412	960	6693	1213	4349	12631	9514
155000	42	373	815	6372	1172	4990	13005	9884
156000	58	408	817	6573	1086	4839	11846	9791
157000	46	442	683	6715	1117	4827	12451	9915
158000	17	399	617	6888	959	4993	12503	9905
159000	80	405	635	6500	1142	5089	12417	9531
160000	51	376	541	6504	1326	5131	11772	10890
161000	71	402	607	6098	1502	5174	11395	11254
162000	60	424	576	5971	1511	5386	10310	10270
163000	61	422	568	6341	1238	5269	11049	11471
164000	64	381	466	6302	1440	5338	11079	12005
165000	75	405	570	6622	1478	4754	12468	11455
166000	67	392	653	7255	1337	4133	13662	10136
167000	58	399	668	7086	1405	4243	13659	9418
168000	77	365	655	6876	1538	4326	13330	10954
169000	66	367	721	7268	1407	3977	14195	9928
170000	69	377	718	6828	1563	4257	12789	10139
171000	51	333	744	7122	1447	4135	14114	9571
172000	64	370	730	7152	1374	4125	13360	9718
173000	86	399	658	7666	1461	3606	13835	8511
174000	84	399	833	6837	1348	4282	12711	9725
175000	80	331	878	6643	1586	4139	13534	9911
176000	71	402	791	6955	1439	4117	11946	10395
177000	72	363	727	6655	1552	4433	12676	9511
178000	74	309	611	6457	1748	4674	12239	10644
179000	93	356	793	5909	1804	4800	11913	11269
180000	79	398	802	6464	1802	4247	12740	9931
181000	111	369	1006	6448	1807	3894	12849	9753
182000	105	402	878	6522	1820	4013	12410	9552
183000	61	335	882	6475	1793	4190	12004	10381
184000	51	361	863	7182	1482	3841	13841	8966
185000	64	451	793	7189	1258	4021	13493	8566
186000	67	370	814	6929	1236	4352	13576	9360
187000	57	354	736	7187	1152	4356	13183	9229
188000	78	392	763	6962	1283	4256	12545	9164
189000	71	387	667	6935	1448	4332	12906	9848
190000	69	378	679	6884	1395	4406	12379	10274
191000	85	371	743	6207	1498	4905	12724	10584
192000	74	390	639	6244	1661	4832	12332	10831
193000	72	338	664	6143	1874	4752	11678	11146
194000	78	417	615	6608	1376	4798	11918	10186
195000	55	363	754	6651	1339	4666	12409	10623
196000	65	385	604	6713	1547	4579	11475	10346
197000	81	389	675	6667	1442	4611	12417	9495
198000	82	399	703	6573	1470	4580	12892	10645
199000	75	441	714	6281	1548	4800	11876	10317
200000	64	417	604	6354	1394	5056	11733	10271
201000	80	371	544	6152	1653	5122	10989	11418
202000	75	388	567	5953	1718	5211	10757	11796
203000	75	406	677	5812	1734	5109	11259	11918
204000	81	351	686	5616	1623	5476	10885	11717
205000	73	433	632	5647	1799	5264	10822	11822
206000	79	349	764	5636	2017	4952	10997	12373
207000	88	308	947	5320	2078	4935	11427	12205
208000	117	395	751	5342	2369	4833	9540	11826
209000	73	406	744	4938	2501	5150	9502	12797
210000	108	347	714	4798	2564	5283	9155	13686
211000	111	344	600	4409	2771	5631	8672	14592
212000	110	293	703	4255	2746	5703	8735	14420
213000	96	273	715	3743	2757	6244	8462	15469
214000	123	360	761	3549	2868	6107	7084	14393
215000	114	350	611	3985	2756	5978	7725	15335
216000	109	351	562	4065	3055	5757	7646	15150
217000	152	290	628	4029	2882	5817	7501	14095
218000	119	336	639	3903	2856	5956	7810	14563
219000	101	307	630	4184	2831	5778	8234	14670
220000	110	384	718	4324	2960	5293	8566	13687
221000	121	356	696	4508	2828	5280	8479	13597
222000	126	360	803	3879	2703	5858	7833	14596
223000	125	292	782	3698	2744	6105	6926	16286
224000	113	355	623	4318	2603	5864	8161	13633
225000	91	334	587	4517	2769	5553	8275	14015
226000	85	301	613	4807	2638	5408	9553	13972
227000	103	316	615	4625	2549	5640	8768	13672
228000	109	385	694	4987	2297	5352	9181	13192
229000	110	380	800	5175	2337	4932	10419	12181
230000	122	395	980	4721	2418	4958	9787	12421
231000	115	353	883	4279	2470	5617	7790	12970
232000	93	293	833	4509	2624	5392	9184	14314
233000	104	296	929	4410	2866	5108	8991	13203
234000	96	342	650	4483	3081	5148	8762	14068
235000	144	311	756	4459	3254	4823	8645	13132
236000	125	270	1136	3571	3056	5379	7709	15110
237000	131	362	854	4041	3316	4995	9170	13791
238000	114	313	719	3612	3083	5969	6848	15452
239000	110	276	666	3627	2910	6199	8079	15105
240000	121	310	642	3668	2920	6170	6943	17148
241000	116	354	648	3966	2702	6007	7221	14214
242000	103	336	580	4339	2791	5730	8006	14239
243000	99	292	674	4387	2777	5610	7901	14116
244000	150	296	897	4275	2894	5148	9154	13572
245000	106	408	867	4184	2360	5811	9045	13878
246000	120	316	871	4187	2415	5797	8947	13843
247000	119	305	659	4404	2593	5754	8621	14148
248000	112	339	689	4466	2781	5433	8754	13926
249000	121	356	665	4339	2777	5566	8410	13981
250000	74	355	719	5279	2745	4650	10155	13154
251000	110	310	899	4775	2730	4830	9484	11976
252000	138	282	814	4559	2831	5085	8709	14044
253000	114	344	747	4489	2972	5125	8765	13476
254000	133	291	883	3851	3213	5291	8114	14085
255000	125	353	838	3906	2898	5589	7863	13252
256000	139	308	756	4031	3165	5339	8499	14775
257000	146	332	690	4005	3092	5520	8295	14824
258000	133	340	693	4102	2791	5721	8142	13874
259000	123	345	713	4294	2676	5660	8447	13764
260000	117	308	673	4063	3171	5516	7670	14642
261000	110	298	889	3860	3333	5237	8714	14557
262000	116	380	803	3905	3395	5118	7748	14953
263000	147	325	756	3577	3427	5512	7563	15543
264000	97	329	809	3558	3146	5785	7274	14918
265000	139	332	605	3078	3396	6295	6007	16825
266000	137	314	734	2899	3524	6146	5748	16653
267000	122	366	690	3438	3201	5972	6748	16556
268000	115	281	593	3592	3153	6127	7457	15251
269000	134	348	805	3796	3156	5488	7609	14568
270000	138	334	701	3221	3174	6262	6587	15855
271000	111	302	558	3092	3187	6628	5927	16501
272000	135	291	573	3359	3163	6367	6841	15503
273000	96	371	587	3838	2863	6101	6987	15112
274000	134	372	719	4094	2754	5743	7571	14000
275000	143	291	732	3986	2725	5902	7870	15088
276000	90	343	696	3854	2715	6118	7388	14251
277000	122	332	652	3746	2695	6249	7675	15502
278000	106	342	637	3744	2794	6199	7290	15385
279000	106	306	579	3829	2878	6180	7306	15773
280000	105	311	589	3762	3099	5988	7307	15978
281000	111	285	857	3465	2910	6050	7717	14604
282000	124	324	722	3745	3064	5817	7761	15493
283000	124	340	598	3786	3060	5933	8267	14519
284000	96	318	839	3916	3225	5355	8132	15198
285000	111	342	756	3603	3280	5703	6912	15267
286000	126	276	792	3385	3297	5866	6768	15725
287000	140	304	769	3642	3025	5862	7470	14578
288000	133	320	769	3690	3058	5764	7894	15049
289000	104	293	741	3695	3567	5388	7384	14938
290000	122	322	679	3475	3954	5266	6733	16205
291000	137	274	799	3049	3971	5468	6009	15982
292000	175	259	702	2924	4137	5553	7201	15885
293000	146	273	802	3096	3968	5454	6600	15134
294000	119	335	670	3029	3446	6193	5960	16332
295000	138	283	664	3668	3392	5676	6939	14670
296000	125	309	688	3640	3619	5443	7989	15294
297000	114	317	579	3581	3376	5914	6485	15684
298000	128	337	649	3293	3451	5958	6437	15873
299000	157	277	556	3548	3520	5846	6697	15140
300000	145	334	501	3318	3703	5896	6823	15190
301000	143	291	588	3174	3721	5904	5949	15848
302000	130	327	789	3200	3509	5793	6301	15626
303000	173	278	588	3145	3939	5725	5710	16678
304000	128	268	633	3072	4114	5612	6699	15908
305000	124	307	682	3326	3556	5824	7051	16321
306000	106	324	764	3509	3153	5871	7431	16096
307000	111	284	704	3274	3579	5853	6848	16182
308000	165	344	808	3229	3382	5776	6925	15107
309000	149	329	606	3569	3415	5795	7031	15401
310000	119	313	748	3163	3358	6013	6915	15944
311000	154	302	627	3059	3383	6298	6705	16461
312000	120	282	625	2945	3713	6189	6198	17608
313000	153	288	812	2557	3761	6188	5721	17148
314000	125	262	770	2957	3495	6166	6745	16581
315000	115	272	535	2889	3709	6368	5687	16796
316000	117	262	570	3570	2987	6346	7214	17326
317000	104	320	654	3371	3114	6263	6919	15939
318000	99	292	713	3588	3011	6109	7269	14697
319000	118	308	656	3408	3211	6116	6442	16755
320000	108	281	671	3081	3560	6126	6484	17672
321000	119	290	616	3553	3297	5918	7158	15973
322000	99	325	718	4097	3410	5174	8052	14106
323000	126	327	898	3858	3272	5190	8274	14651
324000	112	292	706	3810	3465	5376	7568	15105
325000	151	266	629	3469	4218	5077	7075	15061
326000	128	301	922	3746	3521	5066	7452	14323
327000	152	257	894	3207	3804	5383	6821	15023
328000	134	267	809	3076	4001	5415	6776	16333
329000	162	315	783	3009	4187	5231	6204	16114
330000	177	234	952	2933	4131	5164	6535	16064
331000	177	254	790	2901	4301	5294	6066	15511
332000	153	271	624	2813	4757	5204	6160	16597
333000	167	268	658	2364	4789	5561	5031	17183
334000	207	259	704	2152	4850	5564	4322	17867
335000	143	265	716	2052	5081	5529	4569	18487
336000	200	246	679	2218	4890	5508	5030	16883
337000	221	277	601	1813	5230	5656	3892	18549
338000	174	220	523	1832	5306	5789	3768	18815
339000	188	238	762	1640	5388	5459	4063	18870
340000	198	219	676	1647	5575	5461	4459	17711
341000	165	281	590	1795	5207	5787	3987	19111
342000	212	239	598	1717	5036	6004	3721	19367
343000	171	254	525	1933	5167	5830	3768	19253
344000	188	243	676	1718	5156	5811	4034	18361
345000	194	216	794	1850	4885	5770	4154	17927
346000	181	227	623	1623	5314	5815	4329	18778
347000	184	240	541	1551	5387	5924	3775	18746
348000	171	231	527	1439	5512	6010	3448	20574
349000	203	218	746	1290	5973	5314	4104	19313
350000	250	278	775	1173	6099	5120	3322	18524
351000	220	232	533	961	7004	4889	2712	20785
352000	286	172	650	1026	7202	4349	2881	19123
353000	261	177	638	1139	7490	4077	3139	18860
354000	278	189	761	906	7450	4087	3131	19527
355000	251	144	632	876	7735	4151	2713	19518
356000	205	163	621	1051	7308	4470	2780	20371
357000	215	195	409	1059	7424	4608	2787	20390
358000	266	232	482	879	7191	4807	2560	19638
359000	234	181	490	931	7152	4864	2230	20983
360000	253	191	512	776	7225	4867	2744	20304
361000	232	146	513	705	7576	4658	1840	20231
362000	262	161	592	899	7501	4359	2289	20165
363000	244	188	779	854	7580	4072	2887	17853
364000	235	159	605	979	7633	4169	2432	20773
365000	235	136	761	785	7863	3922	2381	21244
366000	282	194	626	782	7813	3987	2488	19363
367000	254	186	599	689	7849	4182	2313	20637
368000	232	136	578	741	7816	4327	2135	20897
369000	284	194	475	951	7685	4272	2022	19565
370000	298	176	549	945	7747	4027	2547	20932
371000	251	191	527	874	7719	4276	2502	21213
372000	233	150	456	886	7727	4401	2537	22019
373000	242	177	557	885	7607	4363	2176	20458
374000	274	156	813	906	7322	4147	2770	20135
375000	260	165	745	997	7604	3926	2618	19632
376000	279	175	568	830	8108	3814	2282	18908
377000	254	143	691	864	8304	3456	2476	19950
378000	246	140	736	795	8396	3355	3036	20015
379000	314	163	682	623	8444	3416	2614	19893
380000	314	119	628	629	8905	3132	2245	20511
381000	290	117	879	748	8803	2755	2508	20235
382000	317	91	635	747	9061	2901	2853	19943
383000	304	136	570	658	9111	3010	2159	20937
384000	345	117	649	574	8993	3003	1645	21236
385000	315	135	542	562	9095	3127	1927	21824
386000	302	132	565	499	8924	3282	1659	20809
387000	327	171	853	540	8489	3179	2532	20336
388000	325	142	667	498	9102	3000	2057	19490
389000	332	122	577	635	8767	3237	1960	20460
390000	339	137	649	858	8673	3054	2830	20452
391000	256	149	822	803	8319	3259	3202	19313
392000	268	148	729	970	8061	3470	2810	19677
393000	247	144	638	1069	8408	3237	2859	19911
394000	276	146	751	1179	7980	3366	3526	17889
395000	252	129	868	945	8280	3216	3083	19785
396000	320	98	899	816	8249	3173	2569	20050
397000	292	143	887	895	8168	3194	3049	19253
398000	292	135	792	903	7763	3745	2325	19621
399000	280	136	709	837	7952	3772	2481	19590
400000	301	141	687	921	7855	3805	2925	19692
401000	228	191	709	1122	7424	4026	3039	20221
402000	217	132	576	1194	7526	4171	3279	19132
403000	237	192	577	1034	7414	4325	2349	20525
404000	256	152	676	1062	7568	4042	2796	20250
405000	244	156	695	852	8020	3787	3085	19558
406000	222	178	827	815	7410	4245	2675	18725
407000	245	170	740	910	6969	4688	3127	20711
408000	233	197	841	1046	6620	4733	3179	19370
409000	268	161	721	1266	7401	3873	3163	19953
410000	257	161	901	952	7524	3800	3319	18634
411000	261	143	780	891	7733	3831	2975	20845
412000	262	157	696	838	8115	3647	2964	19106
413000	280	155	623	771	8231	3670	2137	21256
414000	224	134	585	949	8523	3397	2593	20987
415000	291	157	999	884	7575	3692	3044	19436
416000	234	122	954	976	7637	3673	3463	19742
417000	299	120	938	970	7079	4174	3173	18970
418000	234	185	812	1056	6886	4504	3047	19141
419000	248	186	753	1121	7286	4100	3081	20543
420000	278	138	801	953	7453	4008	3120	19881
421000	273	174	546	1046	7449	4304	2965	19362
422000	232	169	643	740	7415	4546	2552	20296
423000	265	201	458	688	7970	4240	1847	20529
424000	258	195	487	872	7634	4432	2312	19894
425000	235	169	401	748	7416	4930	1968	21113
426000	238	130	586	758	7587	4489	2356	21395
427000	238	185	586	714	7555	4536	2458	20254
428000	254	172	517	692	8002	4206	1894	20453
429000	273	164	509	952	7899	3958	2559	20548
430000	282	150	519	867	8211	3746	2577	19581
431000	236	180	703	1063	7972	3559	3095	19956
432000	218	135	547	933	7995	3966	2716	21230
433000	301	140	814	823	7956	3590	2652	19877
434000	295	157	859	995	8295	3063	2702	18933
435000	335	175	971	830	8210	3060	3201	18986
436000	278	128	831	930	8224	3207	3089	19486
437000	320	152	749	760	8777	2886	2841	19195
438000	330	140	702	687	8825	2994	2408	19466
439000	322	104	626	873	8506	3279	2375	20673
440000	261	124	665	933	8468	3268	2727	20279
441000	276	161	828	1123	7875	3401	3150	19786
442000	311	176	725	1295	7651	3517	3361	18950
443000	259	163	721	1492	7624	3385	3924	19445
444000	284	186	809	1394	7654	3365	3643	18568
445000	267	152	977	950	7615	3590	3367	19035
446000	304	178	993	865	7674	3520	3491	18606
447000	289	140	915	1055	7607	3578	3353	18349
448000	280	174	854	1071	7993	3252	3231	18652
449000	260	144	782	1002	7755	3704	3246	19707
450000	336	162	742	718	7771	3912	2742	18698
451000	276	138	702	783	7724	4085	2671	20198
452000	270	185	641	881	7237	4499	2142	20538
453000	250	148	695	746	7435	4491	2266	20779
454000	276	187	480	684	7802	4443	2014	19413
455000	288	167	377	748	7818	4459	1895	20414
456000	236	181	664	1025	7328	4338	2809	20304
457000	220	151	648	1111	7356	4251	3321	19824
458000	240	176	681	1144	7432	4101	2943	19947
459000	259	197	535	1185	7406	4218	2873	19590
460000	205	193	619	1166	7188	4409	2749	19981
461000	271	187	674	1066	7439	4074	3187	19431
462000	251	153	870	804	7578	3987	2788	19889
463000	233	192	845	889	7281	4207	2579	20121
464000	243	192	851	1246	6571	4535	3391	20261
465000	288	192	874	1520	6912	3811	4077	18729
466000	270	163	882	1453	6861	4013	4098	17841
467000	276	176	869	1498	7032	3776	3651	18119
468000	232	151	832	1628	6930	3890	3805	18800
469000	268	205	699	1253	7299	4012	3706	19240
470000	241	138	708	961	7806	3895	3193	19832
471000	278	189	749	1003	7860	3643	2909	20241
472000	283	173	640	1105	8043	3504	2955	20040
473000	248	155	640	1211	8017	3438	3738	18641
474000	294	169	698	962	8217	3384	2990	19749
475000	279	178	584	878	8028	3829	2968	19627
476000	290	183	645	677	7743	4244	2496	19686
477000	260	198	607	793	7918	4011	2078	19573
478000	270	133	859	946	7543	3829	3231	19567
479000	293	143	666	1007	7896	3684	2815	19562
480000	278	162	596	936	8033	3806	2958	20243
481000	273	161	610	828	7734	4215	2483	21060
482000	317	149	578	843	7606	4276	2226	19828
483000	300	171	546	776	8303	3688	2518	20116
484000	250	160	590	847	8053	3891	2822	19138
485000	255	148	646	950	8258	3489	2517	20721
486000	302	141	701	895	8426	3309	2367	20472
487000	266	137	771	641	8631	3174	2658	20009
488000	326	126	459	550	9126	3262	1742	21165
489000	292	171	485	453	9212	3257	1476	21281
490000	322	127	734	557	8472	3424	2101	20741
491000	262	185	753	775	8022	3713	2390	19883
492000	272	114	514	856	8611	3419	2461	20422
493000	297	121	774	935	8492	3024	2936	19697
494000	300	132	874	1046	8798	2481	3019	18856
495000	305	128	990	931	8398	2792	2885	18115
496000	335	140	841	945	8641	2689	3330	19861
497000	270	129	821	983	8898	2545	3288	19733
498000	333	111	793	912	9110	2382	2952	19958
499000	286	109	698	664	8956	2983	2313	20208
500000	260	107	725	739	8693	3149	2798	20085
501000	313	125	686	759	8875	2981	2562	19880
502000	322	102	583	691	8978	3033	1513	20618
503000	297	109	457	638	9647	2687	1962	20594
504000	330	114	604	545	9546	2603	1877	20256
505000	283	96	717	637	9442	2515	2605	20470
506000	299	140	679	551	9238	2819	2094	19895
507000	324	111	626	564	9282	2792	2031	20334
508000	317	105	619	533	9125	3020	2207	20614
509000	296	110	705	464	9134	2976	1753	20785
510000	330	118	684	540	9433	2557	2159	20407
511000	392	106	582	527	9645	2464	2083	20354
512000	304	118	533	499	9612	2723	1830	20197
513000	325	99	455	447	9652	2845	1667	20671
514000	317	104	497	348	10169	2373	1540	21602
515000	349	99	623	526	9772	2378	2077	20006
516000	283	121	696	671	9546	2419	2334	19135
517000	311	119	788	551	9529	2350	2068	21058
518000	283	102	780	546	9490	2442	2237	20427
519000	319	127	753	541	9245	2696	2172	19842
520000	313	102	627	426	9623	2617	1651	21183
521000	357	112	799	507	9607	2251	2056	21044
522000	303	114	755	684	9391	2460	2348	20300
523000	325	88	662	502	9403	2759	1689	20772
524000	329	133	510	433	9700	2717	1455	20494
525000	306	129	606	603	9343	2729	2123	20425
526000	330	84	509	624	9761	2451	1815	21277
527000	336	113	672	736	9505	2286	2343	19550
528000	273	88	674	743	9647	2287	2586	20149
529000	285	110	713	680	9580	2328	2550	19699
530000	352	115	756	497	9449	2544	2177	20579
531000	315	102	773	596	9397	2430	2366	20338
532000	310	112	903	521	9476	2289	2565	19386
533000	269	105	858	523	9449	2458	2545	20318
534000	325	127	658	641	9315	2629	2476	19652
535000	315	93	691	684	9471	2412	2169	19669
536000	254	143	864	644	8606	3149	2562	19075
537000	324	142	852	756	8392	3132	2513	19226
538000	278	108	896	868	8584	2909	2975	19700
539000	258	110	654	605	9223	2923	2089	21152
540000	369	167	705	626	9089	2708	2215	19614
541000	329	112	488	669	9457	2752	2162	20081
542000	296	137	584	821	9002	2888	2513	20017
543000	355	110	643	695	8797	3141	1991	19355
544000	325	142	624	743	9143	2794	2536	20211
545000	349	127	728	671	9053	2718	2301	19800
546000	300	76	793	770	9082	2665	2392	20140
547000	347	126	594	512	9353	2788	1898	19590
548000	295	95	649	622	9610	2456	2199	19627
549000	316	100	710	690	9241	2606	2343	20234
550000	326	144	837	537	9009	2782	2277	19502
551000	295	103	872	546	8933	2828	2539	19812
552000	264	155	679	539	9344	2763	2039	20881
553000	297	129	552	623	9117	3074	2062	20472
554000	298	134	768	811	8648	3044	2853	19563
555000	295	141	763	943	8604	2940	2908	19658
556000	304	132	775	908	8490	3072	2877	19029
557000	251	132	733	1073	8419	3096	3161	20172
558000	291	132	688	1083	8699	2857	3035	19010
559000	310	169	699	1072	8286	3146	2785	18769
560000	303	136	693	1056	8408	3113	2979	19012
561000	267	152	950	1046	7983	3199	3551	18629
562000	302	150	878	1125	7789	3383	3093	18098
563000	272	183	804	1227	7853	3331	3464	18495
564000	260	151	665	1089	8033	3561	3287	20341
565000	230	156	715	877	8144	3583	2684	19871
566000	280	158	756	999	7781	3706	2668	19856
567000	290	164	826	904	7933	3485	2942	18759
568000	274	174	631	595	8314	3712	1891	20565
569000	301	166	635	603	8068	3970	1822	20010
570000	310	126	711	632	7743	4133	2404	20167
571000	277	133	523	614	8293	3988	1829	20749
572000	252	185	725	706	7608	4248	2476	19291
573000	249	181	730	922	7354	4296	2797	19272
574000	264	201	787	1343	7348	3748	3093	19492
575000	268	141	729	1096	7637	3849	3386	19771
576000	267	162	613	922	8067	3721	2566	19918
577000	311	171	673	850	8139	3535	2656	19369
578000	270	118	578	632	8924	3263	1772	21269
579000	297	131	659	616	8997	3018	2352	20435
580000	372	157	533	582	8913	3195	2070	20298
581000	297	137	601	610	8918	3196	2152	20241
582000	252	125	653	761	8796	3152	2037	20410
583000	249	129	665	856	8738	3045	2492	19254
584000	281	159	774	796	8210	3411	2396	20443
585000	288	159	618	873	8300	3532	2359	20024
586000	252	164	494	953	8204	3773	1982	19961
587000	310	147	575	987	8225	3540	2370	20106
588000	269	166	787	956	7847	3707	2935	19249
589000	304	141	690	1202	7700	3669	3076	19398
590000	273	162	585	1186	7799	3773	3061	18627
591000	239	184	621	1088	7520	4116	2775	19300
592000	283	170	749	1096	7437	3946	3176	19140
593000	269	210	720	1027	7546	3893	3077	19015
594000	297	210	657	941	7763	3824	2828	19125
595000	246	197	683	1416	7486	3710	3464	19300
596000	283	149	723	1243	7370	3857	3168	20102
597000	277	163	804	1111	7594	3742	3003	18436
598000	192	171	697	1018	7503	4194	2976	20049
599000	239	180	666	1080	7676	3910	3075	19857
600000	278	141	947	1021	7570	3594	3302	18386
601000	282	168	913	1020	7707	3476	3098	18999
602000	283	200	841	1110	7556	3609	3128	18440
603000	300	162	892	1007	7909	3331	3072	19867
604000	294	154	984	1030	7855	3275	3281	19796
605000	271	137	1050	1033	7804	3203	3533	17773
606000	231	176	848	942	7927	3513	2823	19290
607000	296	118	677	753	7974	3881	2375	19886
608000	288	139	633	776	7883	3977	2353	20092
609000	270	146	548	867	8171	3753	2503	20751
610000	278	172	621	973	7709	4020	2630	19997
611000	290	172	673	940	7578	4066	2834	19096
612000	233	162	531	897	7581	4420	2528	20025
613000	240	183	515	795	7432	4639	2341	20609
614000	212	217	509	957	7316	4636	2681	20364
615000	251	169	820	953	7392	4106	2738	19076
616000	266	151	604	1094	7172	4494	3282	19916
617000	218	180	844	1139	7111	4214	2999	18819
618000	292	155	659	1056	7440	4145	3173	19427
619000	219	166	642	934	7255	4613	2596	19021
620000	227	210	558	1113	7149	4597	2568	19908
621000	265	190	572	1029	7239	4467	2734	19689
622000	246	190	556	1054	7131	4657	2523	20215
623000	296	171	757	1130	7005	4286	3382	18584
624000	222	177	741	1353	6954	4259	3825	19151
625000	253	189	748	1398	7077	4051	3382	18724
626000	213	222	817	1737	6375	4334	4451	18939
627000	257	224	564	1688	6812	4265	3613	19798
628000	229	222	613	1312	7062	4382	2964	19610
629000	204	209	816	1308	6769	4412	3193	18659
630000	221	170	668	1213	7377	4062	3462	19539
631000	238	189	641	917	7653	4113	2738	19290
632000	268	184	633	976	8001	3704	2553	20403
633000	276	150	695	1024	7859	3686	3092	19737
634000	270	150	513	712	8285	3872	1974	21621
635000	281	145	535	660	8425	3757	1854	20647
636000	280	149	628	731	8113	3859	1930	20194
637000	262	166	651	667	8256	3774	2240	20052
638000	299	154	643	642	8300	3705	1956	21344
639000	270	161	718	759	8321	3471	2451	20036
640000	271	156	578	777	8739	3311	2691	19979
641000	297	135	617	825	8363	3494	2240	20681
642000	267	139	685	626	8685	3341	2009	19434
643000	306	111	696	517	8749	3316	2088	20930
644000	287	165	584	412	9188	3165	1779	21030
645000	323	104	662	327	9344	2965	1684	20499
646000	321	149	553	382	9206	3172	1302	20628
647000	305	119	425	287	9853	2853	1220	21414
648000	299	110	641	373	9690	2595	1657	21005
649000	331	114	667	549	9341	2692	1992	19905
650000	300	119	799	635	9134	2676	1858	20020
651000	319	92	762	799	9107	2568	2462	20190
652000	399	96	845	884	9141	2218	3308	18696
653000	292	92	741	883	9641	2018	2881	20235
654000	398	101	764	646	9629	2163	2377	19565
655000	312	92	616	520	9964	2240	2465	21165
656000	313	104	551	327	9649	2787	1406	21646
657000	345	108	520	170	9989	2611	1208	20700
658000	320	84	583	195	10194	2445	1315	21809
659000	299	88	672	437	10102	2084	1756	20647
660000	371	87	820	373	9875	2076	1850	18675
661000	333	94	851	417	9995	1949	1958	19870
662000	312	80	873	372	9902	2026	2083	19942
663000	372	125	778	582	9665	2073	2416	19778
664000	325	66	1043	442	9455	2137	2379	19063
665000	353	94	671	437	10139	1989	1731	20802
666000	351	63	665	436	10293	1877	1959	20449
667000	333	86	819	225	10227	1908	1641	20797
668000	302	70	634	295	10533	1915	1749	22264
669000	365	71	578	258	10598	1823	1361	19742
670000	367	85	677	236	10478	1840	1622	20636
671000	337	76	670	453	10297	1843	1725	20541
672000	350	72	783	260	10137	2036	2258	20446
673000	327	66	781	310	10298	1835	1723	21030
674000	350	67	764	218	10129	2103	1666	20842
675000	361	82	613	205	10683	1782	1502	22307
676000	341	72	745	140	10486	1827	1638	20893
677000	411	68	722	271	10204	1954	1826	20408
678000	312	55	866	323	10343	1684	2124	20064
679000	326	58	822	532	10464	1411	2226	20595
680000	348	63	704	513	10182	1874	2060	20451
681000	318	82	740	410	9880	2233	2010	20555
682000	329	63	878	235	10173	1906	2003	21266
683000	347	83	469	268	10734	1893	1141	22951
684000	408	62	635	293	10501	1786	1663	20204
685000	385	63	643	375	10695	1524	1795	20759
686000	391	52	604	228	10722	1700	1542	21233
687000	320	49	713	362	10684	1565	1883	20305
688000	316	82	504	264	11013	1593	1339	21931
689000	371	90	709	177	10861	1473	1294	21706
690000	353	51	596	227	10874	1596	1658	20650
691000	373	58	627	205	11124	1289	1509	20610
692000	350	60	615	225	11233	1268	1421	20447
693000	333	71	576	415	11202	1146	1951	20701
694000	309	35	699	411	10960	1256	1667	20881
695000	328	77	541	354	10933	1529	1665	21458
696000	378	53	559	230	11160	1332	1385	21128
697000	365	52	509	236	10996	1553	1115	21424
698000	336	61	506	199	10898	1764	1541	20882
699000	310	50	655	275	10881	1532	1459	20440
700000	354	65	749	199	10819	1453	1297	20884
701000	337	58	611	144	10945	1581	1286	21178
702000	353	59	664	100	10999	1512	1232	21352
703000	380	46	621	156	11217	1297	1409	19362
704000	395	49	610	129	11338	1179	1579	20648
705000	364	47	690	143	11286	1112	1150	20819
706000	318	31	856	105	11157	1160	1539	20906
707000	320	63	787	108	11165	1230	1381	21310
708000	419	35	855	258	10894	1051	2073	19984
709000	394	35	835	290	11115	897	1989	21287
710000	421	63	642	372	10940	1220	1397	20371
711000	352	49	848	379	10777	1149	1815	19722
712000	404	70	798	330	10467	1475	2060	20329
713000	354	77	735	305	10487	1722	1671	19697
714000	318	51	753	452	10361	1774	2219	20894
715000	348	64	795	438	10251	1705	2157	20587
716000	334	79	746	448	10121	1877	1971	19942
717000	325	66	861	296	9932	2122	1933	20586
718000	364	77	793	405	9959	2055	1894	20616
719000	346	86	676	398	10250	1959	1777	21150
720000	317	89	847	355	9914	2149	2394	20403
721000	368	92	826	415	9611	2283	1837	19775
722000	333	80	847	382	10059	1917	1999	20403
723000	306	91	667	314	10198	2168	1684	21535
724000	477	73	462	442	10408	1882	1695	20648
725000	327	78	675	289	10321	1964	1499	20613
726000	331	118	778	522	10318	1606	2079	20772
727000	351	85	662	662	10298	1625	1985	20405
728000	328	73	704	572	10471	1463	2572	20316
729000	359	53	876	472	10316	1517	2064	20155
730000	341	75	766	536	10352	1582	2202	21549
731000	375	80	869	326	10243	1704	1916	19635
732000	392	91	723	307	10243	1898	1827	20834
733000	365	68	728	375	10544	1599	1744	20402
734000	409	41	762	449	10266	1643	1696	20736
735000	318	69	612	369	10781	1631	1703	21142
736000	362	46	764	362	10580	1536	1711	20356
737000	320	52	959	356	10240	1577	2149	20631
738000	417	70	725	342	10379	1705	1897	19577
739000	300	75	562	532	10472	1821	1943	20281
740000	329	80	693	317	10456	1827	1849	20554
741000	361	101	919	297	10297	1561	1944	20544
742000	363	60	711	350	10729	1491	1823	21953
743000	349	54	675	354	10655	1600	1888	20642
744000	388	70	610	499	10484	1637	1877	20414
745000	324	87	648	508	10510	1661	1834	20675
746000	363	66	774	434	10510	1501	1915	20055
747000	328	64	845	419	10615	1305	2399	20382
748000	414	57	974	475	10477	1067	2507	20264
749000	379	73	864	313	10520	1397	1945	20660
750000	369	53	955	338	10432	1321	2193	19163
751000	389	52	1063	227	10453	1247	2350	20060
752000	384	61	754	249	11016	1159	1754	19982
753000	402	45	789	380	10966	1047	2100	20453
754000	406	64	736	261	11073	1057	1815	20369
755000	395	45	792	226	11204	873	1896	20523
756000	373	32	662	166	11677	761	1125	22277
757000	403	35	666	135	11574	842	1258	20692
758000	377	52	642	128	11696	780	1180	20798
759000	398	22	661	122	11778	657	1272	20938
760000	415	31	753	195	11391	780	1308	21222
761000	351	47	842	117	11296	950	1736	20007
762000	354	38	507	87	11752	1045	1171	22732
763000	424	40	780	131	11380	805	1568	20974
764000	390	40	731	82	11526	858	1485	21256
765000	373	26	534	50	12032	768	1125	20548
766000	377	37	606	41	11869	844	983	21183
767000	375	40	471	59	11871	969	1176	21726
768000	403	36	577	57	11565	1070	1138	21365
769000	382	36	598	115	11650	933	1267	21428
770000	390	55	714	162	11149	1194	1208	20590
771000	393	68	676	199	11012	1304	1432	22250
772000	386	35	608	252	11137	1261	1392	20942
773000	386	43	621	321	11077	1289	1670	21196
774000	401	51	551	267	11217	1216	1315	21109
775000	386	62	621	173	11437	1043	1547	21487
776000	417	35	793	154	11095	995	1749	21790
777000	358	52	729	216	11360	932	1768	20498
778000	327	36	801	258	11087	1154	1943	20916
779000	350	22	780	196	11178	1078	1837	20194
780000	378	26	871	168	11178	920	1427	21449
781000	423	42	806	158	11188	900	1745	21108
782000	384	36	671	165	11700	746	1409	20783
783000	388	30	728	115	11770	606	1320	21626
784000	373	29	737	91	11779	628	1327	21211
785000	438	33	772	72	11588	625	1632	20967
786000	354	26	706	124	11812	651	1624	20111
787000	377	31	770	206	11657	607	1493	21404
788000	371	9	665	125	11953	540	1264	20765
789000	365	28	715	106	11906	521	1265	21268
790000	416	23	589	86	11957	617	1134	21305
791000	419	29	664	107	11739	646	1423	20870
792000	430	16	756	141	11610	638	1140	19712
793000	456	15	623	130	11885	530	1247	21139
794000	394	32	604	143	11721	775	1384	20844
795000	370	24	696	116	11644	747	1280	21097
796000	347	40	925	152	11483	623	1567	20595
797000	394	42	603	233	11719	698	1573	20756
798000	386	28	578	72	12095	594	1134	22442
799000	381	32	759	98	11555	781	1491	21594
800000	399	27	547	37	12051	656	1193	22251
801000	404	14	464	46	12212	653	1059	20757
802000	422	17	521	62	12179	538	878	21396
803000	352	32	670	120	12001	553	1640	20820
804000	444	30	531	118	12004	648	1197	20481
805000	378	27	736	86	11877	590	1087	21112
806000	355	22	610	68	12007	630	1109	22501
807000	344	33	644	42	12124	521	1027	22006
808000	394	4	753	116	12056	296	1544	20654
809000	419	11	668	100	12226	207	1360	20491
810000	422	14	648	67	12324	193	978	21640
811000	382	6	716	8	12369	157	1072	20391
812000	438	1	685	8	12339	157	1312	22070
813000	441	0	810	3	12231	73	1530	19689
814000	395	0	810	0	12348	12	1439	20918
815000	423	0	789	0	12397	0	1311	21002
816000	418	0	674	0	12554	0	1282	21951
817000	445	0	841	0	12172	0	1394	21686
818000	424	0	796	0	12346	0	1252	21639
819000	484	0	747	0	12303	0	1253	20767
820000	448	0	743	0	12377	0	1259	20383
821000	371	0	801	0	12439	0	1453	20120
822000	444	0	744	0	12392	0	1326	20775
823000	437	0	595	0	12643	0	1026	22186
824000	378	0	591	0	12761	0	923	21593
825000	390	0	595	0	12715	0	1006	21970
826000	383	0	758	0	12463	0	1139	20706
827000	441	0	824	0	12266	0	1532	19896
828000	475	0	592	0	12571	0	741	21432
829000	363	0	695	0	12626	0	1434	22110
830000	420	0	706	0	12494	0	1045	21683
831000	428	0	638	0	12578	0	1098	21728
832000	419	0	599	0	12685	0	1010	20965
833000	420	0	834	0	12305	0	1725	20661
834000	473	0	672	0	12526	0	1345	20689
835000	430	0	666	0	12533	0	1271	21704
836000	419	0	669	0	12595	0	1042	21528
837000	431	0	672	0	12506	0	1302	20754
838000	408	0	842	0	12273	0	1404	21551
839000	486	0	656	0	12527	0	973	20955
840000	390	0	656	0	12615	0	1316	21683
841000	431	0	662	0	12607	0	1239	21120
842000	421	0	862	0	12231	0	1274	21028
843000	457	0	675	0	12491	0	1291	20303
844000	420	0	584	0	12655	0	1122	21584
845000	391	0	683	0	12519	0	1067	21413
846000	482	0	620	0	12534	0	1208	20995
847000	428	0	771	0	12352	0	1147	22212
848000	407	0	760	0	12395	0	1231	21790
849000	403	0	741	0	12456	0	1195	21585
850000	351	0	884	0	12372	0	1559	21684
851000	445	0	924	0	12104	0	1706	19895
852000	463	0	897	0	12171	0	1454	20894
853000	444	0	728	0	12470	0	1191	20144
854000	429	0	791	0	12354	0	1258	20631
855000	380	0	512	0	12834	0	856	22299
856000	442	0	615	0	12619	0	1135	20644
857000	414	0	805	0	12389	0	1254	19662
858000	409	0	633	0	12642	0	1082	21792
859000	418	0	719	0	12477	0	1293	21208
860000	415	0	688	0	12492	0	1428	21001
861000	352	0	790	0	12450	0	1568	20605
862000	457	0	871	0	12248	0	1327	20748
863000	452	0	857	0	12255	0	1615	19516
864000	463	0	832	0	12218	0	1304	20512
865000	430	0	733	0	12483	0	1016	21376
866000	410	0	888	0	12214	0	1215	21161
867000	389	0	802	0	12441	0	1464	20990
868000	462	0	682	0	12465	0	864	19618
869000	386	0	759	0	12458	0	1334	20995
870000	396	0	682	0	12524	0	1295	20883
871000	387	0	685	0	12611	0	1157	22477
872000	423	0	569	0	12697	0	1077	21150
873000	490	0	615	0	12502	0	884	20651
874000	423	0	845	0	12293	0	1512	20428
875000	447	0	962	0	12062	0	1442	19923
876000	452	0	615	0	12623	0	969	20850
877000	428	0	592	0	12678	0	905	21975
878000	424	0	734	0	12444	0	1088	21610
879000	395	0	664	0	12627	0	1063	22888
880000	438	0	661	0	12549	0	1175	21297
881000	429	0	639	0	12548	0	1099	20211
882000	416	0	738	0	12415	0	1358	20821
883000	415	0	632	0	12592	0	1032	21301
884000	455	0	407	0	12908	0	517	21583
885000	424	0	600	0	12649	0	995	21653
886000	435	0	589	0	12681	0	829	22051
887000	414	0	634	0	12641	0	902	21353
888000	448	0	644	0	12571	0	979	21184
889000	447	0	731	0	12450	0	1194	21158
890000	419	0	707	0	12520	0	1250	21352
891000	428	0	698	0	12493	0	1164	20849
892000	422	0	784	0	12383	0	1498	20367
893000	379	0	646	0	12684	0	1106	21507
894000	420	0	609	0	12657	0	835	21403
895000	438	0	488	0	12752	0	788	22771
896000	450	0	668	0	12543	0	949	21006
897000	336	0	785	0	12580	0	1356	21414
898000	431	0	806	0	12327	0	1856	20668
899000	375	0	1020	0	12059	0	1605	19738
900000	405	0	879	0	12291	0	1286	20128
901000	468	0	826	0	12313	0	1408	20547
902000	406	0	868	0	12245	0	1398	21328
903000	379	0	806	0	12436	0	1393	20575
904000	398	0	698	0	12539	0	1183	21194
905000	384	0	880	0	12356	0	1600	20889
906000	419	0	749	0	12410	0	1237	21927
907000	402	0	869	0	12271	0	1428	20571
908000	429	0	712	0	12490	0	988	21095
909000	396	0	906	0	12255	0	1558	20292
910000	462	0	743	0	12407	0	1458	21075
911000	398	0	561	0	12736	0	920	20915
912000	452	0	523	0	12702	0	1058	21588
913000	379	0	863	0	12302	0	1411	21435
914000	436	0	650	0	12531	0	1064	21943
915000	374	0	628	0	12673	0	1114	21178
916000	404	0	625	0	12599	0	941	22926
917000	409	0	600	0	12659	0	1151	21621
918000	392	0	578	0	12751	0	1005	20866
919000	414	0	574	0	12749	0	935	21619
920000	423	0	820	0	12322	0	1404	20848
921000	413	0	675	0	12518	0	1134	21223
922000	406	0	825	0	12331	0	1321	20225
923000	370	0	557	0	12790	0	849	21471
924000	419	0	677	0	12560	0	1005	21796
925000	406	0	734	0	12466	0	1155	20992
926000	421	0	710	0	12571	0	1227	21703
927000	442	0	863	0	12188	0	1585	20571
928000	421	0	673	0	12510	0	1208	20619
929000	399	0	477	0	12896	0	817	21546
930000	400	0	675	0	12627	0	1038	21254
931000	403	0	619	0	12660	0	1130	21421
932000	366	0	780	0	12459	0	1208	21095
933000	438	0	859	0	12199	0	1244	21817
934000	475	0	674	0	12480	0	1118	21698
935000	399	0	835	0	12374	0	1338	20957
936000	386	0	545	0	12813	0	1035	21324
937000	391	0	665	0	12630	0	1142	21274
938000	364	0	717	0	12560	0	1154	21720
939000	454	0	700	0	12479	0	917	21352
940000	433	0	647	0	12606	0	1046	21877
941000	479	0	649	0	12501	0	1358	20889
942000	427	0	611	0	12637	0	953	21799
943000	333	0	753	0	12571	0	1082	21883
944000	441	0	730	0	12418	0	1053	20816
945000	422	0	669	0	12563	0	1096	21133
946000	372	0	643	0	12701	0	895	21442
947000	434	0	993	0	12039	0	1435	21524
948000	386	0	620	0	12669	0	1177	20866
949000	394	0	459	0	12912	0	892	21962
950000	333	0	824	0	12392	0	1225	21526
951000	391	0	857	0	12338	0	1439	19601
952000	432	0	840	0	12259	0	1484	20833
953000	427	0	718	0	12461	0	1420	20231
954000	438	0	686	0	12458	0	1227	21256
955000	397	0	614	0	12687	0	989	21502
956000	411	0	633	0	12623	0	1050	20754
957000	424	0	811	0	12373	0	1596	20552
958000	430	0	783	0	12386	0	1195	20084
959000	397	0	621	0	12667	0	1037	22037
960000	420	0	617	0	12642	0	921	20269
961000	476	0	530	0	12701	0	1049	21406
962000	421	0	538	0	12786	0	870	21881
963000	365	0	735	0	12512	0	1150	21102
964000	464	0	646	0	12535	0	1255	21108
965000	399	0	692	0	12542	0	1223	19270
966000	352	0	824	0	12352	0	1214	22120
967000	419	0	883	0	12242	0	1434	21650
968000	453	0	836	0	12276	0	1259	21203
969000	449	0	757	0	12356	0	1563	20427
970000	446	0	792	0	12316	0	1643	20967
971000	427	0	753	0	12432	0	1139	19676
972000	445	0	977	0	12079	0	1332	19436
973000	431	0	633	0	12611	0	1042	20871
974000	417	0	579	0	12708	0	1124	21164
975000	424	0	680	0	12519	0	905	21271
976000	456	0	869	0	12196	0	1450	20636
977000	427	0	664	0	12548	0	1122	20370
978000	379	0	836	0	12398	0	1357	21096
979000	388	0	686	0	12607	0	1255	21423
980000	430	0	715	0	12445	0	1218	21231
981000	447	0	612	0	12661	0	1000	21420
982000	465	0	595	0	12660	0	1241	22423
983000	442	0	561	0	12677	0	1023	21212
984000	405	0	679	0	12602	0	1140	21104
985000	454	0	713	0	12416	0	1175	21713
986000	425	0	676	0	12553	0	1300	21686
987000	414	0	778	0	12372	0	1214	21169
988000	415	0	734	0	12537	0	1300	21565
989000	420	0	785	0	12388	0	1266	21059
990000	483	0	716	0	12390	0	1122	21061
991000	465	0	765	0	12373	0	1418	21116
992000	413	0	631	0	12603	0	860	21777
993000	425	0	702	0	12500	0	1207	21694
994000	431	0	638	0	12591	0	1027	21043
995000	458	0	558	0	12672	0	991	20962
996000	364	0	566	0	12801	0	918	22561
997000	471	0	655	0	12495	0	1360	21026
998000	437	0	615	0	12614	0	1190	21746
999000	368	0	734	0	12463	0	1114	21297
