0	0	0	0	14400	0	0	0	0
1000	41	381	519	12792	81	103	21903	350
2000	44	422	852	12133	125	167	21405	784
3000	55	385	1341	11448	127	137	20771	399
4000	58	434	1350	11425	100	79	22146	256
5000	41	429	1090	11989	35	58	21810	132
6000	59	393	1187	11841	0	57	21676	128
7000	40	401	1018	12166	2	35	22275	51
8000	24	427	1035	12090	3	89	21681	69
9000	37	410	1181	11773	0	186	21705	363
10000	49	377	1468	11299	48	174	21571	451
11000	40	331	1308	11715	67	31	22814	136
12000	64	409	1154	11779	83	122	22693	250
13000	56	364	1301	11441	90	216	22088	584
14000	30	378	1217	11742	29	166	21970	235
15000	44	429	1368	11488	51	72	22570	280
16000	50	352	1582	11222	6	68	22264	124
17000	44	448	1541	11310	26	5	21092	41
18000	77	394	1596	11066	171	21	21234	255
19000	68	426	1632	10899	239	32	20843	385
20000	48	385	1374	11390	166	126	21201	452
21000	51	395	1651	11060	50	138	22507	270
22000	50	354	1500	11315	36	100	21107	288
23000	53	356	1699	11121	0	5	20996	12
24000	48	399	1581	11282	0	9	20954	0
25000	87	481	1538	11053	166	21	21572	311
26000	79	372	1687	10846	211	62	22105	390
27000	72	347	1857	10830	15	25	21524	83
28000	52	365	1611	11224	31	6	21854	75
29000	68	407	1341	11597	34	29	22250	78
30000	46	353	1588	11348	0	17	22783	0
31000	50	418	1547	11215	64	18	21712	26
32000	52	386	1445	11467	26	43	21847	104
33000	53	470	1617	11173	28	2	22816	81
34000	61	360	1463	11402	143	3	21314	320
35000	45	346	1644	11197	32	32	22555	88
36000	45	372	1826	10859	16	25	21706	63
37000	65	359	1714	11071	9	87	21226	101
38000	49	401	1822	10847	23	1	22510	52
39000	66	385	1598	11193	31	0	21382	7
40000	45	372	1302	11655	58	67	22441	245
41000	49	380	1246	11735	93	33	21579	335
42000	26	429	1254	11663	40	146	20930	326
43000	57	405	1375	11384	45	178	21927	391
44000	22	419	1203	11652	77	163	21743	266
45000	43	379	1365	11547	63	89	21245	239
46000	51	445	1153	11928	19	52	22109	140
47000	33	438	1271	11638	8	87	22206	243
48000	27	440	1013	12094	5	140	23139	258
49000	43	438	1146	11853	10	99	21233	216
50000	40	384	1339	11562	17	187	22408	447
51000	42	416	1509	11222	9	156	21234	183
52000	82	367	1969	10507	1	162	21788	221
53000	93	386	1979	10245	1	314	20883	495
54000	74	386	1846	10569	10	259	20753	491
55000	52	403	1690	10674	96	302	20933	1038
56000	47	397	1544	11154	24	292	21944	633
57000	49	457	1289	11521	0	173	22077	233
58000	66	346	1606	11127	0	114	21840	207
59000	52	390	1727	10905	44	167	20712	404
60000	54	394	1682	11044	2	153	21497	265
61000	40	431	1542	11251	4	121	22103	172
62000	54	375	1408	11512	11	116	22528	248
63000	40	391	1812	10851	33	40	21726	142
64000	40	407	1665	11065	11	64	22222	199
65000	37	393	1543	11243	0	85	21677	127
66000	62	363	2052	10439	1	130	20316	137
67000	67	335	2178	10165	19	201	21251	384
68000	102	391	2399	9735	33	171	19778	298
69000	66	384	1875	10700	10	78	21524	131
70000	40	359	1502	11426	58	27	22717	96
71000	36	362	1481	11483	48	3	22269	117
72000	64	368	1715	11032	31	19	21845	63
73000	31	390	1352	11682	3	15	21226	18
74000	37	434	1316	11753	1	7	20683	2
75000	66	366	1241	11717	72	23	22313	209
76000	63	414	1044	12040	33	30	21536	84
77000	77	385	1320	11660	21	41	21617	57
78000	46	453	1367	11568	0	54	20775	142
79000	48	391	1449	11460	11	53	22401	69
80000	88	414	1427	11479	0	9	21801	10
81000	39	490	1339	11623	9	0	21435	1
82000	40	403	1255	11765	52	91	22420	203
83000	29	421	1279	11612	29	158	21746	318
84000	47	426	1588	11090	50	108	21879	236
85000	42	377	1645	11050	80	113	21910	351
86000	62	426	1247	11642	45	57	22415	179
87000	59	418	1555	11157	0	115	21075	180
88000	62	392	1606	11207	16	66	20809	44
89000	49	306	1757	11021	2	62	21326	181
90000	45	435	1510	11434	17	5	21775	14
91000	89	396	1840	10740	49	6	22194	91
92000	55	394	1776	10882	79	20	21190	157
93000	74	381	1500	11157	174	75	21441	373
94000	52	372	1416	11435	61	35	21282	164
95000	58	418	1539	11396	0	0	21167	7
96000	57	403	1600	11129	57	69	21225	287
97000	58	393	1645	11032	3	102	22251	153
98000	54	405	1226	11818	10	58	22315	176
99000	70	433	1616	11172	26	32	22103	143
100000	57	469	1571	11146	1	50	22116	65
101000	48	387	1559	11298	20	31	22136	115
102000	60	440	1679	11047	54	78	21768	296
103000	53	468	1591	10976	31	224	20816	405
104000	40	443	1492	11151	40	228	20181	431
105000	42	439	1275	11545	51	203	21737	361
106000	61	382	1356	11510	26	167	21853	425
107000	58	346	1371	11602	0	145	22065	317
108000	50	413	1393	11385	32	184	22771	464
109000	50	417	1546	10982	73	272	21274	531
110000	51	461	1765	10639	100	181	20857	467
111000	53	323	1601	11124	83	103	21452	413
112000	84	347	1588	11085	118	86	21708	391
113000	74	311	1579	11340	21	0	23159	25
114000	50	397	1668	11020	128	1	22305	157
115000	44	376	1632	11251	0	5	23167	32
116000	57	420	1393	11499	86	14	22302	188
117000	50	382	1638	11129	62	67	21890	188
118000	60	361	1734	10969	47	84	23068	102
119000	67	403	1827	10785	32	66	20785	264
120000	62	440	1468	11340	49	45	21335	215
121000	72	422	1601	11130	41	22	20841	147
122000	52	430	1373	11455	47	47	22515	188
123000	59	322	1488	11289	33	221	21383	691
124000	43	381	1341	11498	1	198	21008	298
125000	43	379	1340	11454	10	260	22747	512
126000	53	371	1103	11915	6	143	22156	312
127000	24	379	1477	11491	0	93	21324	149
128000	40	399	1450	11408	2	110	21399	236
129000	23	408	1344	11653	26	48	23631	121
130000	53	347	1413	11372	47	135	21752	340
131000	63	355	1366	11356	127	199	21525	573
132000	39	409	1359	11422	111	92	22843	314
133000	64	391	1380	11293	104	165	20824	449
134000	41	398	1356	11354	76	251	21431	736
135000	47	457	1432	11283	37	121	21873	263
136000	43	433	1210	11725	0	173	21977	417
137000	56	420	1386	11381	20	147	21040	261
138000	64	418	1423	11378	2	122	22084	205
139000	48	420	1616	11017	0	216	20410	251
140000	65	426	1527	11157	4	203	21943	300
141000	37	349	1536	11279	15	190	22588	223
142000	60	485	1364	11311	36	168	21563	439
143000	63	409	1296	11509	114	112	20934	382
144000	47	417	1342	11548	28	88	21921	232
145000	74	444	1509	11307	35	44	21580	58
146000	42	347	1205	11931	0	48	22548	139
147000	53	417	1400	11436	129	4	22166	185
148000	47	408	1606	11215	51	12	21548	71
149000	56	324	1698	11099	137	0	21085	51
150000	41	399	1922	10615	130	31	20888	255
151000	34	393	1459	11482	47	11	22049	118
152000	47	425	1254	11663	45	20	22269	174
153000	62	428	1392	11468	59	9	21299	85
154000	40	368	1301	11716	21	46	22639	96
155000	38	467	1144	11857	7	104	22486	217
156000	33	405	1076	11895	33	220	22001	541
157000	34	367	1040	12014	72	150	22153	584
158000	63	437	1446	11225	67	218	21043	348
159000	49	426	1362	11346	63	186	21017	503
160000	58	407	1412	11458	21	106	22291	169
161000	54	418	1350	11494	1	130	21714	176
162000	42	446	1362	11553	9	104	21572	145
163000	42	407	1751	11010	43	13	22459	66
164000	48	391	1804	10887	36	6	22102	121
165000	63	441	1606	11056	71	0	21398	87
166000	49	391	1458	11521	0	0	21908	1
167000	75	427	1594	11128	74	79	21789	259
168000	46	330	1420	11487	20	64	22750	102
169000	73	350	1726	11042	4	39	21514	113
170000	47	419	1779	10884	3	18	20694	60
171000	73	405	1608	11270	0	38	20639	38
172000	52	418	1485	11357	45	9	22110	129
173000	51	418	1440	11499	21	0	22494	19
174000	65	471	1509	11315	0	3	22038	12
175000	58	434	1518	11372	17	2	22509	98
176000	36	369	1462	11479	8	0	22409	8
177000	41	398	1162	11946	36	4	22383	49
178000	61	471	1193	11774	21	11	21233	27
179000	35	397	1344	11665	5	8	22838	6
180000	41	397	1486	11464	0	6	21948	46
181000	56	433	1575	11210	72	16	21737	131
182000	47	443	1809	10767	113	23	20906	162
183000	61	385	2051	10347	92	75	22374	341
184000	65	390	1899	10458	39	285	20921	510
185000	64	421	1454	11248	110	103	21407	284
186000	63	415	1460	11291	72	138	20666	242
187000	41	351	1737	10799	24	301	21609	508
188000	57	407	1942	10553	16	218	22003	422
189000	54	430	1727	10878	0	114	21440	180
190000	48	420	1474	11387	35	51	21906	169
191000	58	387	1137	11837	33	112	23438	239
192000	36	475	1253	11629	8	116	21588	165
193000	43	390	1431	11332	5	197	21716	430
194000	43	426	1148	11702	13	231	21521	458
195000	55	423	1444	11393	0	169	21771	322
196000	41	399	1622	11043	72	120	23278	224
197000	52	402	1436	11418	42	84	22886	187
198000	37	399	1495	11355	52	49	21301	261
199000	33	394	1235	11817	0	50	22578	100
200000	41	373	1476	11430	60	88	23145	153
201000	39	432	1525	11216	46	59	22151	169
202000	35	386	1269	11810	0	15	23161	79
203000	44	360	1483	11526	0	20	22732	45
204000	81	418	1654	11027	76	14	21566	169
205000	62	336	2044	10292	159	52	22828	365
206000	63	454	1648	10814	174	82	19973	444
207000	56	409	1497	11181	94	149	21736	373
208000	62	380	1575	11203	37	32	21916	165
209000	43	386	1522	11395	1	28	22975	63
210000	49	398	1516	11345	48	1	21040	71
211000	56	447	1391	11386	111	3	21460	154
212000	96	412	1832	10707	44	30	22355	90
213000	71	355	1896	10617	72	87	20435	317
214000	79	407	1778	10821	0	152	22210	254
215000	97	461	1872	10579	12	86	20394	156
216000	69	408	1998	10654	0	39	20136	65
217000	61	437	1656	11056	10	57	21138	54
218000	48	373	1688	11073	65	70	22054	201
219000	57	333	1856	10775	16	136	21921	271
220000	84	366	2115	10199	1	225	21268	449
221000	89	338	2191	10182	35	100	21907	253
222000	85	342	2163	10178	23	242	20694	424
223000	75	462	1486	11051	46	221	21604	437
224000	47	386	1618	11145	68	106	21591	426
225000	45	389	1544	11236	54	91	21647	199
226000	50	346	1322	11771	0	48	21424	98
227000	41	403	1191	11906	0	12	21447	0
228000	55	376	1533	11314	76	3	21933	125
229000	42	429	1516	11375	25	32	23173	180
230000	45	327	1609	11149	75	89	22459	320
231000	60	405	1436	11070	169	235	21497	738
232000	45	463	1297	11414	102	201	21001	584
233000	68	445	1624	10865	151	151	21303	391
234000	57	390	1300	11469	128	156	21022	449
235000	36	419	1214	11635	29	236	21353	480
236000	30	392	1382	11576	15	79	22796	149
237000	51	450	1330	11576	22	45	21561	95
238000	69	356	1724	10933	132	49	20419	186
239000	70	392	1911	10542	95	147	20851	389
240000	47	319	1900	10751	30	156	20660	231
241000	46	428	1729	10912	33	66	21431	128
242000	95	372	1575	11109	6	180	21637	240
243000	46	387	1370	11461	23	158	22454	267
244000	33	463	1232	11697	6	115	21869	144
245000	44	376	1543	11288	7	58	22992	208
246000	63	369	1386	11527	1	79	20983	153
247000	35	399	1444	11570	0	4	22400	10
248000	56	393	1715	10950	50	61	20747	221
249000	85	363	1929	10699	43	12	21996	170
250000	52	434	1742	10964	18	28	21032	61
251000	90	378	1788	10835	90	0	21347	142
252000	48	450	1733	11049	0	0	21088	1
253000	38	417	1319	11488	156	91	21494	326
254000	48	452	1537	10980	182	254	20445	647
255000	65	361	1806	10547	152	241	21608	774
256000	55	350	1594	10719	102	506	20605	994
257000	62	437	1736	10403	78	568	20605	1155
258000	50	351	1525	10816	46	595	19807	940
259000	56	390	1453	10785	82	644	20724	976
260000	50	431	1308	10813	115	751	20205	1408
261000	83	421	1258	10857	93	763	20638	1236
262000	61	383	1226	10990	143	709	20801	1761
263000	83	408	1205	10788	155	919	20478	1900
264000	40	406	1136	11383	102	569	20773	1226
265000	42	458	1168	11119	117	636	20687	1035
266000	69	427	1459	10688	176	607	20225	1335
267000	41	365	1546	10612	88	737	19920	1546
268000	37	382	1293	11274	169	333	21602	835
269000	43	338	1287	11520	61	272	22291	645
270000	39	386	1134	11599	36	447	21880	859
271000	55	375	1147	11475	38	518	22827	1060
272000	55	388	1390	10945	53	684	20986	1077
273000	47	342	1322	10939	96	737	20927	1547
274000	50	391	1244	10916	169	728	20175	1400
275000	51	453	1110	11212	253	607	21955	1626
276000	29	459	1076	11181	142	756	20712	1480
277000	34	435	1124	11112	145	789	21188	1445
278000	56	332	1452	10389	207	1011	20299	2039
279000	52	417	1387	10010	290	1306	19270	2523
280000	89	392	1433	9831	520	1111	19619	2984
281000	55	329	1537	9726	604	1075	19257	3020
282000	72	369	1726	9099	629	1357	18294	3400
283000	99	382	1924	8823	731	1118	18083	2821
284000	78	393	2036	8326	842	1409	17606	4021
285000	99	382	2343	8559	516	988	17775	2863
286000	136	410	2445	7794	749	1164	18522	3084
287000	84	322	2433	7809	880	1203	17715	3404
288000	140	360	1954	8337	983	1228	17787	3447
289000	93	356	2005	8493	820	1254	17315	3243
290000	87	371	1606	8914	752	1570	18279	4233
291000	76	346	1647	9181	626	1375	18280	3453
292000	79	406	1468	9008	723	1665	17934	4331
293000	88	378	1482	9198	497	1689	18194	3288
294000	69	355	1525	9391	715	1317	18627	3714
295000	97	376	1544	8691	978	1639	17590	4470
296000	71	336	1761	8342	1070	1608	17083	4209
297000	124	369	1621	8121	1247	1793	16675	5232
298000	83	328	1766	8375	1172	1467	17317	4834
299000	108	362	1764	7751	1155	2050	16364	5497
300000	123	348	2076	7392	1048	1982	14778	5332
301000	116	310	1965	6905	1449	2355	15533	6515
302000	88	303	2482	6775	1135	1990	15707	5073
303000	144	344	2464	6953	1094	1749	16575	4705
304000	108	346	2525	7512	633	1666	16808	4294
305000	88	349	2594	7430	647	1561	16760	3606
306000	133	340	2523	7268	600	1768	17345	3281
307000	85	323	1878	8944	714	1173	18853	3424
308000	94	350	1797	9213	729	1002	18682	3272
309000	116	379	1535	9104	1114	1101	17391	3630
310000	110	363	1519	8985	970	1378	17639	3647
311000	85	393	1414	8816	812	1886	17216	5005
312000	69	373	1565	8526	717	2005	17021	4885
313000	66	395	1580	8700	422	2119	17858	4238
314000	63	403	1788	8615	326	2020	17959	4225
315000	62	431	1784	8647	253	2095	18187	4292
316000	112	325	1872	8773	183	1821	18613	3259
317000	62	426	1494	9296	314	1811	18191	3350
318000	45	374	1213	9625	361	1942	18653	3700
319000	56	407	1319	9383	463	1841	18182	4167
320000	76	350	1267	9163	420	2221	17399	4747
321000	71	321	1390	8745	597	2328	16333	5037
322000	76	298	1538	8512	615	2316	17315	4973
323000	97	346	1477	8216	750	2475	16105	6044
324000	85	299	1713	7680	659	2824	16210	6330
325000	93	351	1492	7549	876	2983	15669	6905
326000	88	358	1309	8089	1100	2567	15567	6054
327000	72	374	1305	7942	1084	2698	15473	6265
328000	87	374	1288	7542	1076	3122	15111	6762
329000	61	364	1272	7355	1186	3286	14589	6822
330000	86	319	1461	7502	1191	2831	15802	6377
331000	102	334	1503	7434	1107	2815	15892	6503
332000	68	376	1201	7414	1174	3316	13901	7678
333000	50	326	1324	7514	1159	3096	14310	6581
334000	108	325	1545	7243	1088	3038	14599	6460
335000	95	320	1782	6612	1007	3357	14812	7394
336000	74	387	1324	7047	923	3697	14268	7849
337000	112	404	1204	6071	1015	4731	12162	9474
338000	86	353	1062	6388	1102	4623	12496	9804
339000	92	406	987	6305	1664	4170	12132	10367
340000	73	324	1100	5979	1767	4293	11646	10754
341000	66	379	1031	5778	1647	4724	11568	11224
342000	87	383	1128	5716	1865	4435	11379	10616
343000	104	439	1040	5818	1661	4530	11383	10561
344000	84	367	1072	6102	1607	4356	11932	10110
345000	106	321	1038	6890	1278	4028	13920	8606
346000	75	418	1219	6234	1276	4284	12707	9919
347000	104	346	966	6233	1817	4167	12721	10046
348000	102	344	1636	5731	1735	3729	12194	9057
349000	95	357	1279	5732	1911	4151	11733	10945
350000	104	357	1206	5943	2001	3898	11316	10094
351000	164	300	1499	5346	2186	3877	11724	10701
352000	107	290	1448	5310	2280	3948	12167	9450
353000	129	290	1404	4970	2478	4097	11389	10754
354000	144	316	1396	5075	1948	4500	9987	10709
355000	158	341	1274	5107	2261	4280	11417	10859
356000	108	333	1327	5216	2136	4315	11089	11128
357000	129	334	1330	4982	2367	4286	10833	11270
358000	121	300	1264	5817	2233	3783	12199	10468
359000	92	323	1451	5910	1859	3775	12669	9636
360000	107	352	1335	6361	1542	3749	12701	9147
361000	93	320	1434	5984	1887	3664	12723	9330
362000	99	338	1430	6451	1248	3823	13940	8681
363000	102	372	1420	6552	1651	3353	13270	7982
364000	109	323	1447	6944	1363	3191	13250	8542
365000	87	386	1695	7277	905	2932	15384	6782
366000	82	359	1671	7362	923	2869	15066	6495
367000	76	367	1450	7236	1207	3089	14592	6901
368000	105	333	1298	7546	1110	3052	15792	7236
369000	90	409	1188	7519	1014	3292	13940	7125
370000	51	451	1068	8186	876	3023	15512	6327
371000	60	358	1337	7887	908	2918	16201	6955
372000	73	401	1663	7763	818	2567	15947	5906
373000	87	350	1729	7607	705	2769	15083	6190
374000	117	338	1810	7514	852	2649	15717	6128
375000	83	358	1934	7662	838	2231	16390	5585
376000	90	407	1621	7799	950	2476	15352	5929
377000	79	302	1439	8028	1076	2458	16339	5612
378000	104	320	1550	7653	1012	2640	15168	5651
379000	122	353	1864	7339	1153	2316	16039	6136
380000	78	390	1389	7588	1419	2620	15873	7030
381000	66	359	1312	7977	1366	2424	15878	6607
382000	117	323	1507	7247	1165	2948	14837	7196
383000	92	393	1335	7188	1307	3169	14224	7674
384000	65	383	1247	7047	1237	3497	14109	8301
385000	89	345	1108	6630	1443	3917	13670	9400
386000	68	432	1225	7035	1470	3339	14379	8074
387000	83	380	1245	7034	1407	3381	13898	7925
388000	85	400	1416	6782	1559	3162	13957	7700
389000	149	357	1553	5978	1597	3713	12754	9679
390000	118	342	1242	5401	1869	4541	11937	11879
391000	141	318	1740	4982	2360	3656	11661	10155
392000	148	242	1642	5213	2394	3576	12050	10172
393000	125	329	1666	5710	2132	3254	12576	8994
394000	139	330	1788	6543	1901	2480	13808	7001
395000	153	304	2092	5984	1732	2697	13633	7801
396000	165	301	1958	5948	1570	3081	13783	7534
397000	94	356	1861	6503	1272	2984	14586	7510
398000	128	351	1776	7221	1144	2537	14980	6087
399000	118	333	2209	6303	1150	2861	14396	6493
400000	131	302	2104	6484	1209	2750	15467	6810
401000	107	390	2261	6095	1026	2990	14015	7118
402000	71	357	1790	6337	1395	3269	14150	7506
403000	127	392	1758	6016	1270	3649	13034	9090
404000	71	342	1428	6379	1154	4041	12973	9011
405000	105	383	1301	6009	1639	3955	12403	10201
406000	138	318	1538	5819	1708	3820	11901	9765
407000	138	308	1611	5707	1945	3538	12712	9227
408000	123	324	1570	5052	2058	4142	12557	10489
409000	121	342	1226	5491	2097	4255	11037	10770
410000	78	322	1384	5473	1964	4192	11242	10644
411000	124	353	1252	5146	2423	4146	11345	10918
412000	114	314	1169	5439	2656	3794	12057	10841
413000	147	321	1176	5287	2519	4090	10480	11711
414000	166	301	1588	4512	2804	3898	10254	12125
415000	177	345	1635	3738	2733	4553	9390	12195
416000	151	275	1581	3967	2852	4510	9839	13368
417000	137	335	1772	4016	2695	4268	9395	11812
418000	113	310	1579	4267	2917	4149	9318	11790
419000	170	284	1671	4202	3167	3715	10303	11109
420000	181	306	1757	4424	3327	3147	10883	10533
421000	219	224	2166	4324	2822	3124	10789	10780
422000	178	322	1633	4160	3298	3660	9855	11722
423000	165	341	1526	4180	2976	4111	10507	11800
424000	159	314	1577	4016	3130	4100	9375	12664
425000	186	285	1422	3724	3228	4553	8492	13220
426000	144	271	1392	3742	3264	4637	8493	12770
427000	154	307	1176	3649	3112	5091	8456	14053
428000	103	383	965	4078	2661	5460	7915	14243
429000	128	315	1028	4485	2654	4959	9422	12058
430000	124	260	1363	4090	3096	4447	9235	12737
431000	124	301	1471	4243	2636	4630	9310	11878
432000	132	320	1313	4227	2748	4736	8966	12974
433000	154	381	1389	4732	2544	4204	9661	11179
434000	168	318	1509	4833	2397	4030	10857	10483
435000	120	296	1725	4640	2153	4218	10475	10691
436000	140	326	1375	5651	1983	3988	11371	10588
437000	93	320	1189	5688	1851	4374	11006	10403
438000	81	384	1134	5486	1926	4537	12233	11125
439000	110	365	1162	4979	1967	4916	10428	11499
440000	72	404	1317	5558	1636	4503	10534	10257
441000	115	377	1271	6129	1625	3942	12270	9402
442000	102	328	1293	6082	1649	4009	11812	9684
443000	102	331	1308	5657	1692	4369	12129	9495
444000	107	336	1348	4863	1995	4786	10585	11145
445000	115	370	1386	4563	2588	4446	9669	11953
446000	113	317	1150	4608	2826	4516	9702	12440
447000	131	282	1313	4450	2584	4649	10281	12383
448000	120	350	1226	4719	2934	4173	9898	11806
449000	174	265	1255	4709	2845	4177	10147	12390
450000	203	331	1526	4596	2555	4098	10027	11549
451000	111	303	1682	4905	2508	3751	11486	10244
452000	155	282	1656	4783	2416	3968	11217	10689
453000	140	278	1555	5508	2200	3555	12123	10847
454000	132	303	1445	5622	2362	3529	12004	9381
455000	138	328	1464	5601	2468	3413	12346	10040
456000	106	314	1537	5176	2409	3790	11494	10588
457000	107	337	1583	4571	2451	4209	10496	11230
458000	126	295	1395	4649	2612	4310	11028	11691
459000	142	332	1192	4873	2730	4268	9568	11213
460000	99	355	1417	4649	2829	4096	10047	12352
461000	160	344	1445	4643	2757	3982	10829	11081
462000	117	222	1533	4800	2680	3948	11089	10745
463000	153	308	1433	4215	2723	4549	10401	12127
464000	128	293	1391	4268	2944	4372	9385	13046
465000	163	321	1602	4131	2433	4597	9635	12381
466000	145	354	1772	4482	2440	4088	10157	11451
467000	149	280	1852	4254	2612	3995	10046	10662
468000	133	272	1598	4435	2643	4228	9790	11709
469000	148	297	1635	4113	2550	4498	9632	11460
470000	178	335	1590	3802	2905	4403	9158	12189
471000	123	278	1378	3607	3148	4841	7915	13811
472000	214	325	1332	3362	3297	4799	7775	13710
473000	141	277	1383	3713	3268	4585	8897	13737
474000	166	254	1606	3055	3830	4351	7774	13322
475000	163	246	1668	2668	3782	4625	7790	15014
476000	189	264	1459	2430	4066	4900	6264	15301
477000	185	268	1212	2468	4309	5004	5889	15509
478000	173	259	1121	2368	4649	4972	6616	16639
479000	204	237	1274	2867	4722	4128	7210	14966
480000	232	278	1130	2837	5051	3962	6781	15787
481000	187	251	1255	2608	4752	4403	6478	15338
482000	240	256	1469	1952	5114	4273	5734	16437
483000	180	216	1158	2117	5022	4771	6111	17250
484000	154	189	1045	2255	5268	4620	5956	17248
485000	220	277	1054	2308	4795	4818	6106	16140
486000	203	283	1414	2419	4302	4720	6593	15270
487000	179	297	1265	2280	4168	5206	6123	15992
488000	187	303	1114	2782	3900	5270	6935	16227
489000	213	255	1126	2894	4292	4687	6673	14981
490000	162	183	1044	2864	4642	4686	6524	16269
491000	171	280	888	2860	4351	5143	7275	15704
492000	151	264	1089	2902	4110	5034	6445	15717
493000	156	245	1255	2718	4231	4830	7097	15341
494000	254	215	1271	2777	4910	3956	6818	14952
495000	198	245	1236	2102	5394	4297	5146	16469
496000	216	229	1482	2120	5135	4114	5827	15742
497000	215	203	1481	1866	5390	4087	5706	16446
498000	288	225	1433	1917	5337	4101	5730	15953
499000	225	256	1642	2226	5591	3322	6344	14021
500000	196	190	1616	2101	5672	3380	6629	15510
501000	265	280	1339	2180	5946	3308	5894	14996
502000	274	203	1366	2292	5772	3431	6067	15374
503000	276	186	1554	2464	5378	3289	6987	15620
504000	197	196	1674	2217	5390	3507	6272	16019
505000	223	147	1876	2092	5514	3218	6611	15646
506000	245	166	1676	2669	5057	3348	7154	14225
507000	178	240	1433	2287	4780	4450	6115	15863
508000	206	214	1246	2883	4945	3923	7065	14646
509000	239	229	1489	2881	4763	3680	8158	13667
510000	197	261	1576	2555	4353	4261	6986	15202
511000	222	235	1243	2658	4822	4195	6059	15791
512000	180	239	1281	2703	4741	4322	6561	15320
513000	216	235	1276	2361	4703	4659	5997	16827
514000	172	266	966	2476	4671	5026	6160	15621
515000	208	281	1172	2443	4685	4671	5623	15466
516000	173	230	1128	2113	4781	5102	5398	16651
517000	198	235	1403	2016	4622	4853	5395	16828
518000	203	203	1318	1770	5115	4814	4932	16497
519000	222	231	1263	1797	5393	4583	4872	16169
520000	216	212	1073	1945	5762	4344	5568	16582
521000	233	249	1020	1882	5634	4511	4414	16955
522000	232	218	1334	2096	5642	3900	5921	16055
523000	231	191	1473	2111	5573	3762	5587	16422
524000	209	186	1499	2206	5775	3393	6555	15279
525000	320	175	1459	1851	6275	3180	6007	15569
526000	253	197	1263	1778	6281	3679	4845	16821
527000	294	214	1664	1426	5555	4032	4574	16786
528000	205	171	1325	1440	5873	4323	4869	17457
529000	290	182	1107	1441	6406	4022	4188	17010
530000	226	165	1107	1725	6506	3800	4750	17426
531000	258	179	1066	1504	6685	3833	4436	17703
532000	251	209	1171	1500	6302	3987	4411	16592
533000	256	184	1088	1603	6737	3645	4684	17725
534000	202	192	1146	1582	6607	3690	5338	17087
535000	244	159	1318	1788	6350	3522	5283	17474
536000	312	229	1590	1693	5652	3711	4940	15620
537000	309	158	1306	1809	5927	3822	5091	16612
538000	246	154	1518	1346	5985	4000	4619	16562
539000	307	206	1546	1652	5832	3668	5117	15864
540000	250	194	1679	1739	5967	3326	5747	15754
541000	219	241	1525	1791	5753	3723	5540	16081
542000	266	194	1277	1673	5961	4000	4785	16490
543000	229	203	1455	1695	5797	3988	5766	15578
544000	259	195	1076	1740	6349	3910	4214	17352
545000	240	225	1455	1517	6060	3877	4930	16604
546000	301	201	1335	1506	5917	4073	4718	16954
547000	224	165	1046	1592	6456	4038	4804	17225
548000	253	197	1034	1763	6102	4244	5158	17821
549000	233	247	1154	2024	5627	4223	5941	15983
550000	284	196	960	1927	5745	4446	5332	16462
551000	234	189	872	1754	6351	4242	4647	17965
552000	235	241	1154	1449	6025	4326	3834	17275
553000	232	204	1171	1422	6384	4050	4386	17566
554000	227	163	1252	1413	6143	4275	4289	18192
555000	248	168	1035	1353	6330	4470	4142	18157
556000	246	153	1125	1294	6548	4137	4326	18308
557000	270	260	975	1041	6745	4272	3423	18765
558000	276	160	1068	1262	6736	4001	3929	18427
559000	258	145	1020	1267	7123	3747	3874	18427
560000	272	176	937	906	7640	3667	3181	19984
561000	277	165	1027	910	7461	3698	3175	19441
562000	270	170	953	1224	7418	3534	3665	17877
563000	299	191	1110	1439	7289	3116	4353	17841
564000	248	124	1353	1296	7000	3381	4681	17336
565000	343	125	1376	1019	7182	3298	4124	17921
566000	325	129	1256	964	7339	3310	4369	17148
567000	285	153	1483	940	7019	3356	4485	17784
568000	307	166	1324	836	7292	3448	3840	17875
569000	305	142	1073	683	8088	3201	3365	19126
570000	336	155	926	656	8230	3240	2537	20745
571000	294	131	1171	820	7745	3258	3813	19066
572000	317	172	835	968	7792	3544	3152	19335
573000	301	194	909	966	7760	3452	2911	18421
574000	267	176	1083	843	7585	3584	3054	18437
575000	282	120	1070	711	8077	3229	3268	19000
576000	267	117	955	958	8149	3076	3223	19803
577000	326	147	831	1141	8289	2897	3684	17952
578000	267	157	1265	1180	7707	2844	4252	17753
579000	232	157	1428	1273	7043	3183	4712	16901
580000	339	143	1554	1017	7148	3009	3975	18448
581000	321	147	1223	1060	7851	2811	3346	17917
582000	307	125	1072	999	8270	2736	3503	18683
583000	290	128	1126	746	8268	2887	3510	18925
584000	374	120	1264	626	8184	2745	3315	19163
585000	357	157	1523	679	7624	2880	3554	17388
586000	291	128	1240	965	7901	2895	3318	19217
587000	294	164	1325	1031	7576	2912	3958	17538
588000	244	194	1437	1380	7050	3072	4211	16980
589000	278	172	1050	1151	7399	3477	4095	17766
590000	297	141	1063	1250	7205	3531	3676	18168
591000	253	133	1248	919	7107	3746	3737	18212
592000	302	141	1094	1059	7031	3829	3819	19098
593000	246	182	1126	993	6529	4365	3931	19037
594000	347	196	1316	1578	6099	3753	4874	15788
595000	257	235	1518	1374	6269	3681	4478	17065
596000	250	231	1204	1436	6476	3918	3882	17852
597000	239	197	1003	1312	6871	3925	3574	18554
598000	264	173	1172	1150	6828	3899	4051	18701
599000	309	125	1369	1174	7053	3278	4836	17846
600000	284	197	1543	1320	6344	3551	4922	16343
601000	256	214	1111	1212	6618	4004	3871	18079
602000	235	186	974	1405	6900	3861	4208	19294
603000	271	132	1104	1434	6486	4077	4207	17254
604000	262	209	1119	1534	5950	4420	4287	18381
605000	251	180	1053	1581	5807	4659	4348	18040
606000	258	244	877	1562	6618	4094	4016	18271
607000	250	172	1006	1664	6632	3812	4326	18100
608000	229	214	1086	1575	6690	3766	4439	17641
609000	228	184	1194	1351	6399	4043	4492	16844
610000	269	218	1119	1221	6508	4091	4282	19439
611000	236	220	1424	1472	5852	4144	5139	17773
612000	240	171	1400	1346	6126	4059	4908	17452
613000	277	189	1109	1583	6287	4022	4386	16969
614000	170	242	968	1941	5944	4330	4948	18068
615000	264	232	1164	1786	5866	4190	4931	17071
616000	249	224	1167	1614	6087	4162	4380	16693
617000	249	218	1170	1839	5907	4155	5008	17077
618000	218	224	1004	2044	6130	4013	5080	17076
619000	233	177	1189	1820	6615	3394	5229	15909
620000	268	227	1022	1707	6779	3487	4988	17313
621000	241	156	1198	1655	6793	3394	5159	18161
622000	276	181	1323	1360	6922	3293	4719	17441
623000	327	132	1721	1406	6354	3199	5087	16001
624000	296	172	1500	1189	6467	3591	4419	16415
625000	271	182	1177	1623	6416	3750	4498	18169
626000	241	190	997	1495	6866	3821	4428	17557
627000	246	224	892	1507	6474	4290	4198	18322
628000	239	223	1032	1592	6526	3940	4503	17173
629000	250	165	1094	1679	6517	3813	4704	18175
630000	262	222	1159	1510	6489	3809	4805	17877
631000	287	158	1451	1530	6613	3241	5517	16274
632000	303	126	1574	1247	6921	3075	4531	16421
633000	336	240	1689	996	6711	3099	4248	16776
634000	280	146	1510	1107	6860	3295	4447	17676
635000	328	113	1024	992	7964	3105	3034	18707
636000	259	133	1080	1128	8114	2816	3820	19515
637000	304	121	1168	1004	8556	2312	3647	18057
638000	364	120	1149	903	8278	2526	3289	17391
639000	328	94	1336	622	8828	2175	2961	18981
640000	431	113	1005	737	8833	2381	3053	18702
641000	365	75	1092	738	9112	2091	3185	18499
642000	326	69	1074	739	9196	1991	3089	20243
643000	370	133	1064	488	8925	2427	2648	19227
644000	352	122	975	670	8754	2626	2613	18572
645000	297	140	1118	733	8241	2961	3073	17891
646000	316	126	1216	631	8675	2375	3158	18811
647000	363	101	1335	499	8990	2049	3189	19070
648000	341	110	1217	524	8855	2365	3096	19142
649000	315	113	1115	316	9185	2482	2456	19678
650000	371	115	1018	502	9242	2223	2393	19612
651000	334	97	924	594	9003	2608	3061	20263
652000	369	129	887	434	9142	2578	2352	19192
653000	369	109	1002	390	8735	2854	2390	19120
654000	366	120	969	457	8778	2831	2272	20071
655000	317	112	981	418	8902	2752	2592	21137
656000	351	120	874	372	9780	2092	2557	20140
657000	351	100	1043	358	9861	1798	2388	19601
658000	419	67	1416	549	9160	1595	2860	18793
659000	420	60	1671	613	8979	1319	3742	17596
660000	373	67	1674	743	8969	1275	4222	17339
661000	392	89	1264	715	9456	1352	3333	18788
662000	421	48	1567	469	9103	1548	3394	18545
663000	395	80	1175	686	9348	1686	2927	19057
664000	370	74	1365	727	9034	1727	3785	18529
665000	345	66	1787	632	8674	1587	3984	18239
666000	342	84	1595	576	8714	1818	3823	17673
667000	365	96	1656	657	8520	1762	4058	17901
668000	389	86	1436	356	9072	1867	3179	17880
669000	374	64	1471	343	9213	1794	3183	19100
670000	400	94	1127	368	9445	1972	2441	19474
671000	369	60	957	210	10329	1557	2291	20703
672000	315	82	1006	184	10239	1709	2220	20450
673000	341	77	948	263	9753	2115	2076	20652
674000	339	93	1336	344	9289	1868	2752	19509
675000	377	58	1302	230	9877	1472	2789	19625
676000	345	67	1344	221	9339	2019	2627	19199
677000	345	81	1178	420	9541	1829	3008	19362
678000	360	107	1253	568	8805	2187	3217	18704
679000	384	84	1231	393	9204	2055	3151	19487
680000	364	61	1146	308	9612	1929	2251	19550
681000	393	59	1023	242	9992	1720	2147	19444
682000	411	88	1089	262	9930	1691	2132	18859
683000	370	78	1227	373	9731	1576	2612	19813
684000	388	71	1228	285	10101	1321	2584	19452
685000	370	59	1298	265	10058	1249	2425	19080
686000	402	48	1287	334	10100	1097	2717	17715
687000	387	48	1203	245	10359	1163	2538	18695
688000	372	54	1467	51	10242	1023	2495	18749
689000	382	14	1540	41	10702	493	2428	18981
690000	380	14	1450	54	10929	385	2581	19731
691000	424	6	1357	44	11245	179	2206	19658
692000	424	3	1279	12	11404	183	1923	19826
693000	386	12	1428	21	11082	212	2616	20341
694000	399	4	1483	0	11145	170	2129	19641
695000	479	3	1419	0	11022	250	2282	18431
696000	447	11	867	4	11956	330	1514	20472
697000	425	7	772	0	12067	336	1536	20846
698000	424	15	758	0	12107	318	1258	21685
699000	486	9	1161	6	11373	322	1686	19593
700000	476	16	1181	82	11244	314	2192	19698
701000	364	21	900	51	11906	314	1689	20872
702000	456	10	1087	55	11442	330	1797	20317
703000	456	5	1203	31	11385	239	2336	20023
704000	454	5	1188	124	11409	169	2117	19571
705000	411	8	1170	58	11559	167	2002	19540
706000	447	2	1362	23	11251	125	2381	19604
707000	434	4	1112	16	11695	79	1796	19607
708000	403	6	1333	0	11544	38	2231	20069
709000	457	0	1043	0	11966	0	1667	20339
710000	390	0	1184	0	11844	0	1895	20233
711000	422	0	1154	0	11813	0	2241	19652
712000	493	0	900	0	12122	0	1460	20665
713000	439	0	815	0	12303	0	1353	21009
714000	447	0	1054	0	11945	0	1737	20330
715000	438	0	1149	0	11722	0	1744	20237
716000	473	0	1136	0	11786	0	2046	20148
717000	433	0	1033	0	11975	0	1827	20159
718000	360	0	1186	0	11786	0	1751	20542
719000	439	0	1369	0	11397	0	2386	18848
720000	393	0	1417	0	11320	0	2547	19554
721000	423	0	1094	0	11934	0	1646	20550
722000	474	0	1224	0	11587	0	1968	19879
723000	401	0	1299	0	11522	0	2186	19762
724000	402	0	1451	0	11363	0	2259	18602
725000	415	0	1359	0	11513	0	2371	19633
726000	442	0	1206	0	11710	0	2229	20057
727000	456	0	994	0	11986	0	1390	20435
728000	451	0	1064	0	11900	0	1751	20593
729000	440	0	1232	0	11634	0	2474	18734
730000	421	0	1430	0	11311	0	2130	19446
731000	473	0	1345	0	11420	0	2206	20133
732000	471	0	1383	0	11407	0	2452	19727
733000	399	0	1521	0	11274	0	2322	19527
734000	377	0	1185	0	11795	0	1929	19320
735000	440	0	1262	0	11551	0	2309	18766
736000	388	0	1352	0	11500	0	2440	17686
737000	429	0	1125	0	11798	0	1810	20937
738000	507	0	908	0	12035	0	1389	20107
739000	448	0	1463	0	11230	0	2284	19197
740000	478	0	1479	0	11188	0	2446	19068
741000	549	0	1184	0	11539	0	2246	19576
742000	415	0	1192	0	11709	0	1702	20416
743000	447	0	1207	0	11664	0	1964	19748
744000	354	0	1605	0	11132	0	2610	19160
745000	478	0	1337	0	11463	0	2275	18907
746000	417	0	1374	0	11492	0	2092	19219
747000	415	0	1188	0	11792	0	2397	20274
748000	407	0	1236	0	11714	0	2205	19780
749000	464	0	1478	0	11234	0	2455	19678
750000	409	0	1463	0	11287	0	2592	19157
751000	418	0	1557	0	11182	0	2502	18579
752000	400	0	1418	0	11408	0	2600	19105
753000	359	0	1650	0	11192	0	2559	18874
754000	438	0	1685	0	10958	0	2774	18164
755000	434	0	1384	0	11359	0	2222	19456
756000	434	0	1044	0	11885	0	2029	20209
757000	492	0	1303	0	11377	0	2260	20033
758000	386	0	1475	0	11295	0	2388	19934
759000	392	0	1394	0	11516	0	1995	20435
760000	495	0	1315	0	11396	0	1975	20023
761000	482	0	948	0	12037	0	1567	20262
762000	459	0	989	0	12035	0	1851	19284
763000	450	0	930	0	12113	0	1359	21007
764000	431	0	1026	0	11999	0	1446	20153
765000	476	0	1345	0	11411	0	2245	18768
766000	386	0	1346	0	11477	0	2212	19293
767000	392	0	1196	0	11728	0	1988	20102
768000	339	0	1602	0	11132	0	2748	18692
769000	458	0	1330	0	11457	0	2481	17591
770000	413	0	1248	0	11643	0	2131	20427
771000	452	0	1168	0	11726	0	1922	19237
772000	429	0	1383	0	11492	0	2450	19194
773000	386	0	1316	0	11640	0	1977	20349
774000	395	0	1074	0	11949	0	1838	20089
775000	433	0	1069	0	11896	0	1965	20439
776000	447	0	1169	0	11712	0	1828	20867
777000	418	0	1409	0	11375	0	1928	19781
778000	436	0	1046	0	12000	0	1960	20836
779000	419	0	1106	0	11867	0	1969	20145
780000	394	0	1009	0	12062	0	1746	20590
781000	458	0	1075	0	11843	0	1650	20050
782000	420	0	1000	0	12071	0	1965	20143
783000	462	0	1239	0	11611	0	1795	19624
784000	438	0	964	0	12029	0	1447	20505
785000	474	0	1175	0	11657	0	2215	19235
786000	496	0	1269	0	11493	0	2209	20184
787000	380	0	1337	0	11621	0	2367	18964
788000	480	0	1394	0	11341	0	2364	19635
789000	422	0	1470	0	11287	0	2394	19560
790000	406	0	1361	0	11433	0	2646	20235
791000	420	0	1201	0	11780	0	1926	19387
792000	416	0	1169	0	11860	0	2304	20239
793000	396	0	1195	0	11755	0	1971	19708
794000	425	0	1145	0	11839	0	1873	20707
795000	393	0	1098	0	11954	0	2033	20014
796000	422	0	1140	0	11806	0	1943	20498
797000	383	0	1093	0	11922	0	1827	21560
798000	411	0	1104	0	11917	0	1708	20570
799000	419	0	1233	0	11699	0	2093	18983
800000	466	0	1334	0	11477	0	2056	19635
801000	412	0	1207	0	11736	0	2056	19802
802000	444	0	1731	0	10871	0	2619	18353
803000	422	0	1407	0	11430	0	2295	19331
804000	399	0	1436	0	11372	0	2339	19481
805000	387	0	1036	0	12052	0	2091	20737
806000	414	0	1065	0	11968	0	1583	20657
807000	447	0	1377	0	11456	0	2160	19497
808000	398	0	1541	0	11170	0	2717	19661
809000	404	0	1474	0	11342	0	2430	18993
810000	454	0	1387	0	11389	0	2433	19306
811000	402	0	1349	0	11581	0	2165	20323
812000	473	0	1509	0	11123	0	2493	19355
813000	415	0	1689	0	10944	0	2760	18965
814000	455	0	1444	0	11324	0	2459	18525
815000	462	0	1214	0	11612	0	1914	18950
816000	431	0	1305	0	11557	0	1947	19570
817000	436	0	1183	0	11790	0	1965	19757
818000	519	0	1350	0	11351	0	2451	19203
819000	370	0	1136	0	11951	0	1806	20865
820000	492	0	1248	0	11545	0	2201	19842
821000	415	0	1327	0	11521	0	2211	19460
822000	435	0	1364	0	11440	0	2229	19586
823000	437	0	1508	0	11205	0	2346	19186
824000	386	0	1146	0	11804	0	2252	19711
825000	412	0	964	0	12098	0	1390	19883
826000	467	0	1181	0	11682	0	2107	19449
827000	406	0	1264	0	11686	0	2351	19546
828000	464	0	1251	0	11636	0	2201	20309
829000	440	0	1099	0	11881	0	1579	19944
830000	449	0	904	0	12148	0	1778	19976
831000	474	0	1111	0	11763	0	1967	19773
832000	463	0	1046	0	11966	0	2004	20432
833000	421	0	1033	0	11949	0	1702	20162
834000	455	0	1148	0	11800	0	2229	19180
835000	415	0	1503	0	11197	0	2619	19927
836000	377	0	1461	0	11371	0	2553	20037
837000	423	0	1762	0	10895	0	2479	18038
838000	471	0	1768	0	10696	0	2920	18305
839000	427	0	1772	0	10805	0	3240	18291
840000	431	0	2197	0	10034	0	3503	17999
841000	443	0	2342	0	9824	0	4465	16818
842000	426	0	2518	0	9655	0	3765	16190
843000	399	0	2421	0	9799	0	3858	16628
844000	402	0	2064	0	10373	0	3712	17995
845000	461	0	2416	0	9712	0	4307	16661
846000	512	0	1815	0	10577	0	3472	17142
847000	462	0	1676	0	10922	0	2589	18588
848000	533	0	1594	0	10947	0	2310	18216
849000	437	0	1585	0	11062	0	2883	19036
850000	469	0	1720	0	10804	0	2954	18730
851000	456	0	1599	0	11028	0	2647	18707
852000	437	0	1715	0	10841	0	3082	18080
853000	451	0	1779	0	10772	0	2935	17978
854000	372	0	1645	0	11114	0	2732	18053
855000	477	0	1379	0	11339	0	2338	19007
856000	424	0	1233	0	11709	0	1936	20303
857000	425	0	1039	0	12063	0	2180	19176
858000	474	0	977	0	11978	0	1497	20493
859000	494	0	932	0	12025	0	1425	20633
860000	469	0	1140	0	11722	0	1941	20202
861000	449	0	1063	0	11897	0	2090	20208
862000	462	0	1100	0	11824	0	2174	20694
863000	462	0	1034	0	11955	0	1733	19185
864000	400	0	1144	0	11868	0	1870	19876
865000	507	0	1343	0	11338	0	2266	19033
866000	457	0	1217	0	11681	0	2241	19814
867000	416	0	1223	0	11711	0	2018	19783
868000	465	0	1368	0	11408	0	2293	20328
869000	413	0	1443	0	11327	0	2186	19678
870000	514	0	1619	0	10978	0	2476	18504
871000	471	0	1466	0	11162	0	2316	19302
872000	477	0	1053	0	11849	0	1861	20824
873000	432	0	1322	0	11495	0	2187	20722
874000	388	0	1144	0	11872	0	2008	19822
875000	427	0	1067	0	11970	0	1762	20010
876000	395	0	1109	0	11900	0	1835	20346
877000	474	0	1379	0	11356	0	2226	18752
878000	432	0	1422	0	11378	0	2490	20106
879000	502	0	1146	0	11683	0	2034	19333
880000	416	0	1069	0	11875	0	1751	20103
881000	402	0	1175	0	11792	0	2133	21016
882000	462	0	1291	0	11578	0	2201	19960
883000	428	0	1157	0	11766	0	2033	20050
884000	439	0	1392	0	11314	0	2353	19374
885000	462	0	1526	0	11121	0	2476	19712
886000	391	0	1432	0	11401	0	2302	19650
887000	398	0	1345	0	11451	0	2564	17999
888000	418	0	1241	0	11685	0	2066	19805
889000	407	0	1209	0	11749	0	2192	19638
890000	437	0	1430	0	11358	0	2486	18786
891000	399	0	1197	0	11763	0	2029	20068
892000	456	0	1014	0	11920	0	1672	20501
893000	453	0	1190	0	11679	0	1941	19922
894000	381	0	1060	0	12052	0	1751	20284
895000	380	0	1091	0	12000	0	1645	20222
896000	505	0	1250	0	11571	0	1957	19551
897000	398	0	1767	0	10819	0	2748	18213
898000	491	0	1418	0	11270	0	2477	19222
899000	488	0	1367	0	11389	0	2467	19163
900000	413	0	1324	0	11466	0	2247	20692
901000	444	0	1046	0	11870	0	1972	20406
902000	458	0	1186	0	11711	0	1649	18721
903000	437	0	1102	0	11896	0	1721	19994
904000	383	0	1206	0	11797	0	1829	19742
905000	439	0	1159	0	11762	0	1908	20342
906000	480	0	1298	0	11460	0	2159	19108
907000	373	0	1363	0	11569	0	2567	20508
908000	472	0	1327	0	11447	0	2329	20014
909000	424	0	1436	0	11420	0	2318	19470
910000	505	0	1235	0	11554	0	1973	19258
911000	405	0	965	0	12144	0	1757	19942
912000	428	0	1090	0	11893	0	2041	20235
913000	494	0	1290	0	11485	0	2274	19691
914000	479	0	1088	0	11780	0	1927	19741
915000	397	0	1134	0	11900	0	2126	19980
916000	440	0	933	0	12160	0	1524	21178
917000	438	0	1099	0	11854	0	1851	19911
918000	461	0	1374	0	11375	0	2277	19277
919000	425	0	1543	0	11223	0	2410	19225
920000	416	0	1873	0	10607	0	3340	18732
921000	482	0	1598	0	11015	0	3056	16900
922000	478	0	1412	0	11374	0	2268	18874
923000	438	0	1176	0	11747	0	2060	18718
924000	399	0	1277	0	11629	0	2293	20309
925000	403	0	1210	0	11743	0	2224	20841
926000	450	0	1081	0	11863	0	1701	21536
927000	404	0	1019	0	12094	0	2004	19354
928000	393	0	1019	0	12039	0	1573	20313
929000	467	0	1190	0	11661	0	1967	19604
930000	386	0	993	0	12065	0	1723	19207
931000	512	0	1022	0	11852	0	1980	19303
932000	418	0	1293	0	11546	0	2263	19518
933000	383	0	1223	0	11739	0	2117	20372
934000	431	0	1232	0	11653	0	2085	19258
935000	412	0	1443	0	11398	0	2404	20194
936000	445	0	1407	0	11339	0	2362	19508
937000	426	0	1159	0	11850	0	1617	20097
938000	420	0	1414	0	11387	0	2199	18643
939000	441	0	1509	0	11226	0	2656	18370
940000	409	0	1901	0	10678	0	3248	17203
941000	401	0	1411	0	11464	0	2439	18548
942000	421	0	1608	0	11073	0	2522	18944
943000	405	0	1258	0	11683	0	2464	20233
944000	453	0	1389	0	11349	0	2298	19975
945000	384	0	1404	0	11451	0	2588	20001
946000	458	0	1192	0	11662	0	1998	20593
947000	419	0	1212	0	11640	0	2077	19484
948000	403	0	1157	0	11784	0	2218	19430
949000	424	0	1398	0	11448	0	2418	19768
950000	471	0	1302	0	11504	0	1973	19209
951000	428	0	1454	0	11339	0	2264	19699
952000	449	0	1343	0	11449	0	2453	19245
953000	470	0	1322	0	11488	0	2168	18812
954000	435	0	1619	0	11056	0	2540	18374
955000	437	0	1640	0	11017	0	2666	18270
956000	438	0	1611	0	11096	0	2945	18808
957000	423	0	1262	0	11616	0	2333	19151
958000	359	0	1200	0	11770	0	1932	19914
959000	436	0	1365	0	11485	0	2025	19017
960000	377	0	1555	0	11218	0	2502	19433
961000	321	0	1466	0	11573	0	2322	19556
962000	427	0	1334	0	11552	0	2149	20043
963000	460	0	1354	0	11408	0	2459	18721
964000	390	0	1288	0	11662	0	2181	20438
965000	459	0	1187	0	11686	0	2102	20135
966000	441	0	1129	0	11797	0	2222	19246
967000	415	0	1342	0	11482	0	2181	19961
968000	497	0	1829	0	10668	0	3051	17763
969000	477	0	1382	0	11332	0	2852	18705
970000	398	0	1000	0	12014	0	1754	20408
971000	398	0	1302	0	11603	0	2361	19121
972000	400	0	1257	0	11691	0	2282	18567
973000	404	0	1340	0	11551	0	2409	19992
974000	415	0	1453	0	11346	0	2245	19169
975000	423	0	1477	0	11283	0	2481	18788
976000	422	0	1375	0	11445	0	2176	19653
977000	447	0	1630	0	10988	0	2877	18898
978000	357	0	1793	0	10808	0	3045	20106
979000	421	0	1424	0	11319	0	2438	18765
980000	417	0	1363	0	11461	0	2353	18532
981000	480	0	1586	0	10995	0	2676	18435
982000	451	0	1709	0	10875	0	2772	18844
983000	444	0	1561	0	11154	0	2757	19084
984000	426	0	1623	0	11032	0	2566	18571
985000	431	0	1472	0	11199	0	2461	19116
986000	441	0	1338	0	11473	0	2163	19445
987000	425	0	1336	0	11524	0	2205	19202
988000	469	0	1563	0	11072	0	2763	18948
989000	445	0	1433	0	11331	0	2212	19797
990000	429	0	1617	0	11033	0	2511	19247
991000	411	0	1486	0	11317	0	2398	19782
992000	423	0	1295	0	11600	0	2611	18644
993000	387	0	1236	0	11664	0	2040	20912
994000	394	0	1670	0	11029	0	2489	19058
995000	433	0	1540	0	11168	0	2811	18789
996000	435	0	1306	0	11557	0	2166	19429
997000	498	0	1144	0	11678	0	1664	19787
998000	492	0	1161	0	11659	0	2205	20110
999000	438	0	952	0	12097	0	1755	20439
