0	0	0	0	14400	0	0	0	0
1000	13	327	498	12965	78	52	35914	286
2000	37	305	1148	11949	44	75	37529	223
3000	45	317	1514	11425	15	61	36805	183
4000	91	310	2000	10570	0	112	34527	342
5000	62	261	2436	9774	2	232	34145	499
6000	127	243	3454	8061	29	89	31040	405
7000	117	212	3558	7800	80	127	32108	566
8000	157	248	4439	6412	0	19	30600	145
9000	135	192	4596	6220	0	65	28657	121
10000	180	177	4828	5556	0	56	28839	256
11000	216	128	4794	5468	90	18	28919	168
12000	132	205	4860	5558	40	0	30384	136
13000	148	187	4883	5672	0	0	28815	1
14000	173	160	4646	5786	56	0	29074	149
15000	203	207	5197	4653	15	0	28071	63
16000	157	168	4406	6293	0	0	30755	2
17000	88	203	4252	6823	66	78	29561	320
18000	191	145	4886	5544	46	0	28791	261
19000	182	214	4833	5387	0	0	28181	6
20000	137	173	4974	5475	0	0	29406	1
21000	201	172	5387	4052	72	0	27434	198
22000	153	170	5012	5004	57	0	26483	165
23000	192	198	4910	5267	50	1	29085	185
24000	245	224	4955	5190	21	0	27218	156
25000	169	129	5541	4095	22	0	26583	12
26000	245	89	5845	3089	24	22	24976	113
27000	154	90	5597	3924	51	3	27203	77
28000	296	138	5699	3278	111	0	25650	234
29000	212	220	5414	4232	21	11	26133	130
30000	258	125	5801	2657	0	0	24454	9
31000	248	106	6154	2360	17	0	22340	23
32000	356	103	5905	2551	18	0	23343	0
33000	310	161	5843	2559	167	0	22216	483
34000	228	89	6247	1694	60	77	22148	541
35000	331	118	6085	2047	1	30	22475	14
36000	326	85	5996	2607	0	0	23082	6
37000	401	89	5979	2001	0	0	21742	1
38000	339	97	6259	623	0	0	19204	16
39000	324	8	6181	394	9	0	18370	0
40000	539	4	6102	354	0	0	17478	13
41000	584	0	5811	0	86	0	16767	52
42000	434	0	5846	0	73	0	15986	271
43000	544	0	5901	0	286	0	16195	637
44000	525	0	5757	0	28	0	16184	283
45000	441	0	5844	0	0	0	16333	2
46000	526	0	5950	0	0	0	15433	0
47000	585	0	5776	0	0	0	16406	0
48000	521	0	5734	0	0	0	16768	0
49000	260	0	6039	0	0	0	17406	0
50000	359	0	6050	0	0	0	16246	0
51000	408	0	5977	0	0	0	16663	0
52000	291	0	5970	0	0	0	15725	0
53000	343	0	5996	0	0	0	17546	0
54000	549	0	5757	0	0	0	16555	0
55000	462	0	5934	0	0	0	15547	0
56000	385	0	6046	0	0	0	16898	0
57000	470	0	5809	0	0	0	16804	0
58000	375	0	5895	0	0	0	16419	0
59000	483	0	6011	0	0	0	16592	0
60000	451	0	5815	0	0	0	16061	0
61000	418	0	5954	0	0	0	15909	0
62000	413	0	6020	0	0	0	15482	0
63000	445	0	6108	0	0	0	16632	0
64000	571	0	5698	0	0	0	16909	0
65000	542	0	5756	0	0	0	16146	0
66000	374	0	5934	0	0	0	16420	0
67000	372	0	5782	0	0	0	16861	0
68000	325	0	5940	0	0	0	15993	0
69000	359	0	5829	0	0	0	16069	0
70000	639	0	5858	0	0	0	16569	0
71000	403	0	5821	0	0	0	16230	0
72000	559	0	5688	0	0	0	15705	0
73000	396	0	5957	0	0	0	17008	0
74000	378	0	5957	0	0	0	16113	0
75000	454	0	6009	0	0	0	16500	0
76000	508	0	5763	0	0	0	16280	0
77000	439	0	5982	0	0	0	16176	0
78000	426	0	5956	0	0	0	16496	0
79000	461	0	5853	0	0	0	17221	0
80000	495	0	5857	0	0	0	16265	0
81000	341	0	5886	0	0	0	16436	0
82000	514	0	5815	0	0	0	15322	0
83000	654	0	5764	0	0	0	15144	0
84000	467	0	5914	0	0	0	16512	0
85000	525	0	5949	0	0	0	16184	0
86000	384	0	5863	0	0	0	15876	0
87000	472	0	5781	0	0	0	16609	0
88000	395	0	6184	0	0	0	16721	0
89000	659	0	5690	0	0	0	15768	0
90000	433	0	6023	0	0	0	16306	0
91000	439	0	5939	0	0	0	16513	0
92000	761	0	5649	0	0	0	16061	0
93000	284	0	6080	0	0	0	16831	0
94000	477	0	5631	0	0	0	14861	0
95000	340	0	5988	0	0	0	16193	0
96000	446	0	5995	0	0	0	16104	0
97000	314	0	5942	0	0	0	15491	0
98000	544	0	5865	0	0	0	16966	0
99000	490	0	5765	0	0	0	16182	0
100000	573	0	5530	0	0	0	15195	0
101000	415	0	5984	0	0	0	16113	0
102000	476	0	5916	0	0	0	16534	0
103000	387	0	6027	0	0	0	16536	0
104000	608	0	5557	0	0	0	16264	0
105000	397	0	5855	0	0	0	15917	0
106000	577	0	5678	0	0	0	15655	0
107000	416	0	5781	0	0	0	17240	0
108000	493	0	5817	0	0	0	16276	0
109000	419	0	5967	0	0	0	16734	0
110000	353	0	5990	0	0	0	17373	0
111000	339	0	6014	0	0	0	16341	0
112000	320	0	5887	0	0	0	16874	0
113000	498	0	5978	0	0	0	16591	0
114000	290	0	5958	0	0	0	16717	0
115000	334	0	5946	0	0	0	15897	0
116000	577	0	5922	0	0	0	16003	0
117000	370	0	6038	0	0	0	16526	0
118000	360	0	5824	0	0	0	16592	0
119000	503	0	5784	0	0	0	16780	0
120000	288	0	6177	0	0	0	16567	0
121000	481	0	5865	0	0	0	16186	0
122000	399	0	6019	0	0	0	16535	0
123000	498	0	5869	0	0	0	15810	0
124000	382	0	6025	0	0	0	15820	0
125000	353	0	5903	0	0	0	16100	0
126000	736	0	5664	0	0	0	15433	0
127000	537	0	5984	0	0	0	16191	0
128000	321	0	6243	0	0	0	16557	0
129000	432	0	5960	0	0	0	16386	0
130000	554	0	5777	0	0	0	16047	0
131000	453	0	5930	0	0	0	15795	0
132000	477	0	6019	0	0	0	16447	0
133000	421	0	5905	0	0	0	16734	0
134000	454	0	5919	0	0	0	16548	0
135000	498	0	5733	0	0	0	16623	0
136000	391	0	5921	0	0	0	16513	0
137000	304	0	6131	0	0	0	16848	0
138000	426	0	5909	0	0	0	15501	0
139000	358	0	5874	0	0	0	15868	0
140000	580	0	5699	0	0	0	16379	0
141000	426	0	5917	0	0	0	16563	0
142000	378	0	5840	0	0	0	15738	0
143000	318	0	6037	0	0	0	16631	0
144000	399	0	5867	0	0	0	17220	0
145000	275	0	6116	0	0	0	16923	0
146000	385	0	5912	0	0	0	16131	0
147000	409	0	5995	0	0	0	16417	0
148000	633	0	5800	0	0	0	15987	0
149000	380	0	5979	0	0	0	16828	0
150000	398	0	5926	0	0	0	16956	0
151000	440	0	5911	0	0	0	15845	0
152000	420	0	5978	0	0	0	16868	0
153000	478	0	5893	0	0	0	16576	0
154000	437	0	5827	0	0	0	16193	0
155000	577	0	5796	0	0	0	15501	0
156000	516	0	5973	0	0	0	15486	0
157000	389	0	5956	0	0	0	16006	0
158000	738	0	5763	0	0	0	15275	0
159000	467	0	5790	0	0	0	16217	0
160000	506	0	5681	0	0	0	16005	0
161000	397	0	5998	0	0	0	16043	0
162000	406	0	5952	0	0	0	16102	0
163000	578	0	5879	0	0	0	16123	0
164000	533	0	5894	0	0	0	16309	0
165000	426	0	5935	0	0	0	16767	0
166000	532	0	5824	0	0	0	16612	0
167000	384	0	5987	0	0	0	16428	0
168000	460	0	5935	0	0	0	16203	0
169000	326	0	5915	0	0	0	16348	0
170000	280	0	6053	0	0	0	16373	0
171000	329	0	6060	0	0	0	16375	0
172000	414	0	6006	0	0	0	16235	0
173000	534	0	5947	0	0	0	17021	0
174000	445	0	5936	0	0	0	17094	0
175000	409	0	5942	0	0	0	16377	0
176000	470	0	6020	0	0	0	16419	0
177000	497	0	5892	0	0	0	16787	0
178000	593	0	5802	0	0	0	15141	0
179000	308	0	6069	0	0	0	16920	0
180000	236	0	6093	0	0	0	16030	0
181000	465	0	5928	0	0	0	16523	0
182000	415	0	5738	0	0	0	16489	0
183000	367	0	5929	0	0	0	16105	0
184000	316	0	5968	0	0	0	16348	0
185000	549	0	5811	0	0	0	16314	0
186000	559	0	5891	0	0	0	15312	0
187000	404	0	5921	0	0	0	16732	0
188000	441	0	5754	0	0	0	16538	0
189000	516	0	5902	0	0	0	16319	0
190000	436	0	5826	0	0	0	17248	0
191000	386	0	5897	0	0	0	17315	0
192000	300	0	6120	0	0	0	16248	0
193000	417	0	6056	0	0	0	17485	0
194000	412	0	5868	0	0	0	15841	0
195000	447	0	5875	0	0	0	16805	0
196000	243	0	6182	0	0	0	16751	0
197000	594	0	5719	0	0	0	16381	0
198000	406	0	6033	0	0	0	16694	0
199000	262	0	6143	0	0	0	17231	0
200000	571	0	5797	0	0	0	15897	0
201000	486	0	5955	0	0	0	16019	0
202000	544	0	5850	0	0	0	16753	0
203000	564	0	5682	0	0	0	16309	0
204000	505	0	5852	0	0	0	15881	0
205000	432	0	5843	0	0	0	15715	0
206000	369	0	5995	0	0	0	17529	0
207000	387	0	6038	0	0	0	16240	0
208000	508	0	5809	0	0	0	15384	0
209000	291	0	6036	0	0	0	16403	0
210000	416	0	6089	0	0	0	16633	0
211000	461	0	5940	0	0	0	16679	0
212000	544	0	5788	0	0	0	15279	0
213000	283	0	6124	0	0	0	17225	0
214000	415	0	5737	0	0	0	16315	0
215000	383	0	6077	0	0	0	17182	0
216000	527	0	5860	0	0	0	15990	0
217000	463	0	5804	0	0	0	16591	0
218000	472	0	5866	0	0	0	16182	0
219000	368	0	6079	0	0	0	16964	0
220000	682	0	5681	0	0	0	16230	0
221000	388	0	5864	0	0	0	16415	0
222000	310	0	5999	0	0	0	16518	0
223000	314	0	6006	0	0	0	16904	0
224000	554	0	5754	0	0	0	16421	0
225000	431	0	5978	0	0	0	16891	0
226000	542	0	5872	0	0	0	16499	0
227000	398	0	5839	0	0	0	16597	0
228000	359	0	6000	0	0	0	15966	0
229000	348	0	6117	0	0	0	16819	0
230000	521	0	5898	0	0	0	16037	0
231000	427	0	5940	0	0	0	16119	0
232000	411	0	6026	0	0	0	16765	0
233000	484	0	5765	0	0	0	16513	0
234000	422	0	5876	0	0	0	16756	0
235000	382	0	5917	0	0	0	16292	0
236000	546	0	5593	0	0	0	16113	0
237000	631	0	5754	0	0	0	16204	0
238000	559	0	5834	0	0	0	16445	0
239000	477	0	5828	0	0	0	16311	0
240000	345	0	6040	0	0	0	16478	0
241000	415	0	6050	0	0	0	17234	0
242000	376	0	6281	0	0	0	16776	0
243000	401	0	5768	0	0	0	16805	0
244000	623	0	5768	0	0	0	16006	0
245000	384	0	5881	0	0	0	16998	0
246000	370	0	5876	0	0	0	16230	0
247000	418	0	5979	0	0	0	16313	0
248000	317	0	6147	0	0	0	16530	0
249000	320	0	6197	0	0	0	17472	0
250000	326	0	6047	0	0	0	15692	0
251000	398	0	5882	0	0	0	16688	0
252000	542	0	5830	0	0	0	16714	0
253000	554	0	5952	0	0	0	16380	0
254000	389	0	6004	0	0	0	16627	0
255000	461	0	6028	0	0	0	15748	0
256000	508	0	5878	0	0	0	15463	0
257000	377	0	6053	0	0	0	17554	0
258000	489	0	5840	0	0	0	16257	0
259000	215	0	6167	0	0	0	17048	0
260000	461	0	5856	0	0	0	16268	0
261000	448	0	6026	0	0	0	17732	0
262000	439	0	5985	0	0	0	16979	0
263000	482	0	6080	0	0	0	16756	0
264000	455	0	5766	0	0	0	15824	0
265000	442	0	5933	0	0	0	16773	0
266000	222	0	6043	0	0	0	17304	0
267000	344	0	5962	0	0	0	16943	0
268000	354	0	5897	0	0	0	16483	0
269000	563	0	5847	0	0	0	15585	0
270000	404	0	5929	0	0	0	16482	0
271000	336	0	5964	0	0	0	16365	0
272000	288	0	6078	0	0	0	17308	0
273000	436	0	5968	0	0	0	16952	0
274000	558	0	5852	0	0	0	15637	0
275000	558	0	5713	0	0	0	15529	0
276000	285	0	6181	0	0	0	18108	0
277000	279	0	6064	0	0	0	17172	0
278000	508	0	6051	0	0	0	16968	0
279000	424	0	5969	0	0	0	16696	0
280000	326	0	5946	0	0	0	16284	0
281000	628	0	5656	0	0	0	15763	0
282000	522	0	5758	0	0	0	15932	0
283000	382	0	6140	0	0	0	16982	0
284000	376	0	5973	0	0	0	15624	0
285000	429	0	5909	0	0	0	15770	0
286000	380	0	6083	0	0	0	16189	0
287000	419	0	5983	0	0	0	15829	0
288000	528	0	5800	0	0	0	15890	0
289000	246	0	6156	0	0	0	17624	0
290000	482	0	5741	0	0	0	17152	0
291000	424	0	6075	0	0	0	16578	0
292000	362	0	5920	0	0	0	17688	0
293000	602	0	5793	0	0	0	14952	0
294000	603	0	5669	0	0	0	15915	0
295000	531	0	5878	0	0	0	15550	0
296000	509	0	5941	0	0	0	15954	0
297000	319	0	5907	0	0	0	17572	0
298000	396	0	5891	0	0	0	17662	0
299000	460	0	5877	0	0	0	15719	0
300000	332	0	5979	0	0	0	16708	0
301000	432	0	5761	0	0	0	16605	0
302000	425	0	5887	0	0	0	15288	0
303000	329	0	5962	0	0	0	17082	0
304000	375	0	5822	0	0	0	16825	0
305000	517	0	5755	0	0	0	16261	0
306000	315	0	6011	0	0	0	16968	0
307000	222	0	6134	0	0	0	16711	0
308000	518	0	5819	0	0	0	16253	0
309000	656	0	5775	0	0	0	14935	0
310000	394	0	5785	0	0	0	15776	0
311000	520	0	5779	0	0	0	16394	0
312000	415	0	6098	0	0	0	16357	0
313000	459	0	5974	0	0	0	15855	0
314000	511	0	5751	0	0	0	15863	0
315000	387	0	6138	0	0	0	15923	0
316000	445	0	5835	0	0	0	15980	0
317000	691	0	5443	0	0	0	15577	0
318000	369	0	5869	0	0	0	16683	0
319000	277	0	6021	0	0	0	16188	0
320000	542	0	5786	0	0	0	16184	0
321000	400	0	5914	0	0	0	16220	0
322000	492	0	5810	0	0	0	16084	0
323000	491	0	5856	0	0	0	16029	0
324000	599	0	5759	0	0	0	15629	0
325000	429	0	5810	0	0	0	15436	0
326000	562	0	5719	0	0	0	16120	0
327000	439	0	5971	0	0	0	15772	0
328000	379	0	6088	0	0	0	17930	0
329000	571	0	5930	0	0	0	16901	0
330000	735	0	5684	0	0	0	17155	0
331000	479	0	5758	0	0	0	15741	0
332000	416	0	5876	0	0	0	16056	0
333000	451	0	5986	0	0	0	15914	0
334000	436	0	5981	0	0	0	16689	0
335000	464	0	5862	0	0	0	16697	0
336000	437	0	5826	0	0	0	15977	0
337000	438	0	5966	0	0	0	16366	0
338000	391	0	6007	0	0	0	16511	0
339000	328	0	6027	0	0	0	16886	0
340000	420	0	5817	0	0	0	15125	0
341000	475	0	5775	0	0	0	16548	0
342000	414	0	5987	0	0	0	16417	0
343000	331	0	5953	0	0	0	17436	0
344000	436	0	5973	0	0	0	15534	0
345000	302	0	6097	0	0	0	16727	0
346000	556	0	5884	0	0	0	16011	0
347000	554	0	5744	0	0	0	15800	0
348000	397	0	5994	0	0	0	15383	0
349000	483	0	5957	0	0	0	15714	0
350000	505	0	5801	0	0	0	15555	0
351000	435	0	6019	0	0	0	15435	0
352000	798	0	5565	0	0	0	15373	0
353000	475	0	5956	0	0	0	15731	0
354000	395	0	5989	0	0	0	16091	0
355000	400	0	5972	0	0	0	16085	0
356000	235	0	6101	0	0	0	16637	0
357000	472	0	5831	0	0	0	16655	0
358000	462	0	5859	0	0	0	16515	0
359000	471	0	5947	0	0	0	15988	0
360000	576	0	5851	0	0	0	15611	0
361000	560	0	5842	0	0	0	15975	0
362000	645	0	5863	0	0	0	15716	0
363000	411	0	5933	0	0	0	16291	0
364000	434	0	5899	0	0	0	16117	0
365000	385	0	6038	0	0	0	15859	0
366000	371	0	6109	0	0	0	16437	0
367000	361	0	5900	0	0	0	15760	0
368000	368	0	5912	0	0	0	17003	0
369000	559	0	5696	0	0	0	17045	0
370000	692	0	5728	0	0	0	15826	0
371000	502	0	5842	0	0	0	15931	0
372000	401	0	5848	0	0	0	16500	0
373000	734	0	5677	0	0	0	15378	0
374000	632	0	5757	0	0	0	15853	0
375000	349	0	6065	0	0	0	16344	0
376000	735	0	5577	0	0	0	15072	0
377000	294	0	6180	0	0	0	16420	0
378000	537	0	5893	0	0	0	17186	0
379000	376	0	6117	0	0	0	16106	0
380000	536	0	5803	0	0	0	15787	0
381000	221	0	6231	0	0	0	17060	0
382000	384	0	6008	0	0	0	16495	0
383000	394	0	5890	0	0	0	16495	0
384000	422	0	6027	0	0	0	16713	0
385000	549	0	5808	0	0	0	15409	0
386000	351	0	5870	0	0	0	17379	0
387000	333	0	6014	0	0	0	16485	0
388000	571	0	5911	0	0	0	16558	0
389000	352	0	6010	0	0	0	17117	0
390000	351	0	5877	0	0	0	17523	0
391000	291	0	6092	0	0	0	17530	0
392000	345	0	6042	0	0	0	16152	0
393000	436	0	5797	0	0	0	15617	0
394000	565	0	5863	0	0	0	17102	0
395000	326	0	6062	0	0	0	16943	0
396000	347	0	6077	0	0	0	16444	0
397000	487	0	5891	0	0	0	15353	0
398000	352	0	5913	0	0	0	16864	0
399000	628	0	5585	0	0	0	15903	0
400000	447	0	5952	0	0	0	17304	0
401000	436	0	5902	0	0	0	16085	0
402000	478	0	5872	0	0	0	16543	0
403000	448	0	5738	0	0	0	15697	0
404000	444	0	5667	0	0	0	16422	0
405000	441	0	5781	0	0	0	16793	0
406000	401	0	5735	0	0	0	16728	0
407000	317	0	6149	0	0	0	15869	0
408000	614	0	5652	0	0	0	15510	0
409000	444	0	5856	0	0	0	16208	0
410000	498	0	5687	0	0	0	15466	0
411000	329	0	5982	0	0	0	15823	0
412000	481	0	5882	0	0	0	17078	0
413000	440	0	5845	0	0	0	16108	0
414000	375	0	5844	0	0	0	17279	0
415000	458	0	5991	0	0	0	16448	0
416000	504	0	5857	0	0	0	16609	0
417000	564	0	5847	0	0	0	16669	0
418000	379	0	5970	0	0	0	16707	0
419000	446	0	5875	0	0	0	16855	0
420000	603	0	5588	0	0	0	15792	0
421000	554	0	5916	0	0	0	15240	0
422000	258	0	6006	0	0	0	17413	0
423000	606	0	5525	0	0	0	15115	0
424000	442	0	5895	0	0	0	15799	0
425000	536	0	5736	0	0	0	15576	0
426000	401	0	5906	0	0	0	17240	0
427000	466	0	5978	0	0	0	16478	0
428000	316	0	6047	0	0	0	16489	0
429000	376	0	6084	0	0	0	16717	0
430000	385	0	6048	0	0	0	16904	0
431000	402	0	5959	0	0	0	16379	0
432000	386	0	5959	0	0	0	16359	0
433000	554	0	5969	0	0	0	16541	0
434000	487	0	5826	0	0	0	15448	0
435000	511	0	5812	0	0	0	16376	0
436000	366	0	5975	0	0	0	17070	0
437000	587	0	5629	0	0	0	15896	0
438000	506	0	5843	0	0	0	17591	0
439000	491	0	5927	0	0	0	16238	0
440000	478	0	5913	0	0	0	15584	0
441000	700	0	5731	0	0	0	15142	0
442000	506	0	5751	0	0	0	15662	0
443000	246	0	6054	0	0	0	18121	0
444000	485	0	5980	0	0	0	16046	0
445000	454	0	5953	0	0	0	16312	0
446000	457	0	5993	0	0	0	16354	0
447000	602	0	5848	0	0	0	15934	0
448000	332	0	5892	0	0	0	17099	0
449000	304	0	6084	0	0	0	15819	0
450000	514	0	5857	0	0	0	16477	0
451000	556	0	5832	0	0	0	16901	0
452000	467	0	5880	0	0	0	15743	0
453000	317	0	6049	0	0	0	17013	0
454000	460	0	6004	0	0	0	16849	0
455000	369	0	6153	0	0	0	16433	0
456000	296	0	5874	0	0	0	16791	0
457000	609	0	5775	0	0	0	16281	0
458000	350	0	5750	0	0	0	16568	0
459000	481	0	5854	0	0	0	16090	0
460000	426	0	5953	0	0	0	16518	0
461000	446	0	5932	0	0	0	16585	0
462000	538	0	5817	0	0	0	16974	0
463000	373	0	6029	0	0	0	16058	0
464000	484	0	5837	0	0	0	15948	0
465000	492	0	5882	0	0	0	16367	0
466000	399	0	5944	0	0	0	16513	0
467000	376	0	6016	0	0	0	16626	0
468000	381	0	5857	0	0	0	16963	0
469000	492	0	5841	0	0	0	16176	0
470000	403	0	5843	0	0	0	16841	0
471000	410	0	6076	0	0	0	15889	0
472000	362	0	6092	0	0	0	16774	0
473000	271	0	5964	0	0	0	16599	0
474000	582	0	5813	0	0	0	17167	0
475000	458	0	5867	0	0	0	16177	0
476000	479	0	5836	0	0	0	16577	0
477000	468	0	5810	0	0	0	16245	0
478000	528	0	5851	0	0	0	16259	0
479000	387	0	6049	0	0	0	15958	0
480000	533	0	5726	0	0	0	15678	0
481000	402	0	5903	0	0	0	16074	0
482000	425	0	5955	0	0	0	16924	0
483000	457	0	5783	0	0	0	16885	0
484000	501	0	5850	0	0	0	15992	0
485000	454	0	5824	0	0	0	16268	0
486000	301	0	6000	0	0	0	17257	0
487000	694	0	5709	0	0	0	15622	0
488000	370	0	6024	0	0	0	16592	0
489000	403	0	5874	0	0	0	16539	0
490000	617	0	5712	0	0	0	16137	0
491000	661	0	5628	0	0	0	16521	0
492000	379	0	6002	0	0	0	16806	0
493000	440	0	6004	0	0	0	16447	0
494000	527	0	5843	0	0	0	16633	0
495000	430	0	6001	0	0	0	16055	0
496000	416	0	5888	0	0	0	17278	0
497000	468	0	6021	0	0	0	16194	0
498000	313	0	6172	0	0	0	16591	0
499000	503	0	5878	0	0	0	16620	0
500000	513	0	5925	0	0	0	16105	0
501000	413	0	5934	0	0	0	16140	0
502000	653	0	5774	0	0	0	16717	0
503000	329	0	5977	0	0	0	16099	0
504000	429	0	5735	0	0	0	15652	0
505000	483	0	5802	0	0	0	16674	0
506000	470	0	5974	0	0	0	16824	0
507000	451	0	5991	0	0	0	15152	0
508000	254	0	6050	0	0	0	16140	0
509000	911	0	5392	0	0	0	14992	0
510000	331	0	6094	0	0	0	17428	0
511000	384	0	6009	0	0	0	16707	0
512000	383	0	5997	0	0	0	16629	0
513000	331	0	6048	0	0	0	16975	0
514000	582	0	5700	0	0	0	15375	0
515000	519	0	5756	0	0	0	16772	0
516000	373	0	5980	0	0	0	17202	0
517000	494	0	5883	0	0	0	16279	0
518000	327	0	5905	0	0	0	16063	0
519000	388	0	5992	0	0	0	16357	0
520000	440	0	6022	0	0	0	16845	0
521000	375	0	5849	0	0	0	16888	0
522000	260	0	6034	0	0	0	16779	0
523000	587	0	5595	0	0	0	16579	0
524000	311	0	6047	0	0	0	16889	0
525000	500	0	5866	0	0	0	16216	0
526000	541	0	5949	0	0	0	15902	0
527000	479	0	5882	0	0	0	16074	0
528000	315	0	6012	0	0	0	16084	0
529000	440	0	5760	0	0	0	17094	0
530000	377	0	5999	0	0	0	16816	0
531000	493	0	5779	0	0	0	16687	0
532000	425	0	5987	0	0	0	15591	0
533000	360	0	5951	0	0	0	16982	0
534000	431	0	5881	0	0	0	15862	0
535000	443	0	5793	0	0	0	16438	0
536000	437	0	6030	0	0	0	15991	0
537000	423	0	6027	0	0	0	15612	0
538000	585	0	5942	0	0	0	15711	0
539000	571	0	5853	0	0	0	16659	0
540000	374	0	6164	0	0	0	16701	0
541000	431	0	5856	0	0	0	17118	0
542000	444	0	5959	0	0	0	16373	0
543000	478	0	6031	0	0	0	15626	0
544000	327	0	6073	0	0	0	16634	0
545000	243	0	6134	0	0	0	16320	0
546000	516	0	5891	0	0	0	17384	0
547000	385	0	6114	0	0	0	16444	0
548000	557	0	5730	0	0	0	16454	0
549000	530	0	5811	0	0	0	16035	0
550000	327	0	5972	0	0	0	16009	0
551000	495	0	5780	0	0	0	17275	0
552000	448	0	5988	0	0	0	16053	0
553000	486	0	5850	0	0	0	16111	0
554000	374	0	5993	0	0	0	15890	0
555000	426	0	5968	0	0	0	15901	0
556000	282	0	5995	0	0	0	16161	0
557000	393	0	5895	0	0	0	15861	0
558000	438	0	5931	0	0	0	16115	0
559000	471	0	5925	0	0	0	15593	0
560000	346	0	5956	0	0	0	17411	0
561000	610	0	5784	0	0	0	15556	0
562000	560	0	5729	0	0	0	15828	0
563000	423	0	5901	0	0	0	15896	0
564000	377	0	5882	0	0	0	16360	0
565000	524	0	5867	0	0	0	15781	0
566000	509	0	5811	0	0	0	15047	0
567000	392	0	5890	0	0	0	16614	0
568000	744	0	5642	0	0	0	15197	0
569000	445	0	5953	0	0	0	16864	0
570000	536	0	5671	0	0	0	16227	0
571000	382	0	5901	0	0	0	15439	0
572000	536	0	5758	0	0	0	15789	0
573000	461	0	5933	0	0	0	16143	0
574000	336	0	5959	0	0	0	16217	0
575000	441	0	5974	0	0	0	17031	0
576000	447	0	5952	0	0	0	16547	0
577000	678	0	5730	0	0	0	16299	0
578000	533	0	6013	0	0	0	15810	0
579000	325	0	6134	0	0	0	16971	0
580000	398	0	5979	0	0	0	16965	0
581000	402	0	5986	0	0	0	15940	0
582000	604	0	5850	0	0	0	15719	0
583000	495	0	5832	0	0	0	15779	0
584000	392	0	5985	0	0	0	16704	0
585000	457	0	5823	0	0	0	16554	0
586000	519	0	5901	0	0	0	16491	0
587000	483	0	5797	0	0	0	15449	0
588000	552	0	5722	0	0	0	15479	0
589000	442	0	5890	0	0	0	17190	0
590000	433	0	5873	0	0	0	15806	0
591000	500	0	5879	0	0	0	15917	0
592000	441	0	5915	0	0	0	16758	0
593000	463	0	5969	0	0	0	16380	0
594000	449	0	5852	0	0	0	16617	0
595000	622	0	5826	0	0	0	15392	0
596000	500	0	5820	0	0	0	15943	0
597000	461	0	5946	0	0	0	15765	0
598000	480	0	5792	0	0	0	16163	0
599000	486	0	5851	0	0	0	15395	0
600000	405	0	5965	0	0	0	16530	0
601000	476	0	5760	0	0	0	17618	0
602000	440	0	5898	0	0	0	17523	0
603000	390	0	5943	0	0	0	16916	0
604000	276	0	5858	0	0	0	16537	0
605000	509	0	5726	0	0	0	16056	0
606000	377	0	6139	0	0	0	17221	0
607000	367	0	5909	0	0	0	16825	0
608000	343	0	6119	0	0	0	16213	0
609000	444	0	5714	0	0	0	16458	0
610000	226	0	6079	0	0	0	16400	0
611000	428	0	5934	0	0	0	16548	0
612000	545	0	5680	0	0	0	15780	0
613000	425	0	5980	0	0	0	16219	0
614000	273	0	6117	0	0	0	15823	0
615000	313	0	6083	0	0	0	16728	0
616000	328	0	6018	0	0	0	16243	0
617000	429	0	5940	0	0	0	15768	0
618000	549	0	5912	0	0	0	16369	0
619000	355	0	5992	0	0	0	17363	0
620000	385	0	5838	0	0	0	16670	0
621000	398	0	6102	0	0	0	16850	0
622000	406	0	5890	0	0	0	16472	0
623000	407	0	6022	0	0	0	16210	0
624000	541	0	5868	0	0	0	16894	0
625000	441	0	5873	0	0	0	16556	0
626000	550	0	5648	0	0	0	17103	0
627000	529	0	5820	0	0	0	16097	0
628000	329	0	6078	0	0	0	16344	0
629000	386	0	5959	0	0	0	16434	0
630000	470	0	6006	0	0	0	16676	0
631000	570	0	6003	0	0	0	15394	0
632000	400	0	6077	0	0	0	16999	0
633000	663	0	5776	0	0	0	14774	0
634000	566	0	5966	0	0	0	15474	0
635000	474	0	5876	0	0	0	15731	0
636000	329	0	5986	0	0	0	16883	0
637000	415	0	5954	0	0	0	16545	0
638000	397	0	6001	0	0	0	17065	0
639000	426	0	5923	0	0	0	16425	0
640000	473	0	5853	0	0	0	17024	0
641000	543	0	5788	0	0	0	15673	0
642000	653	0	5726	0	0	0	16263	0
643000	543	0	5772	0	0	0	14944	0
644000	616	0	5692	0	0	0	14439	0
645000	421	0	5854	0	0	0	16062	0
646000	275	0	6149	0	0	0	17027	0
647000	471	0	5788	0	0	0	15270	0
648000	290	0	6012	0	0	0	16175	0
649000	427	0	5895	0	0	0	16233	0
650000	425	0	5981	0	0	0	16179	0
651000	446	0	5893	0	0	0	15823	0
652000	502	0	5995	0	0	0	16427	0
653000	494	0	5850	0	0	0	15838	0
654000	376	0	6065	0	0	0	16494	0
655000	454	0	5983	0	0	0	16710	0
656000	498	0	5989	0	0	0	16999	0
657000	403	0	5956	0	0	0	15907	0
658000	541	0	5760	0	0	0	16010	0
659000	521	0	5907	0	0	0	16835	0
660000	470	0	5913	0	0	0	16372	0
661000	464	0	5822	0	0	0	15426	0
662000	452	0	5752	0	0	0	15681	0
663000	471	0	5804	0	0	0	16394	0
664000	516	0	5924	0	0	0	17228	0
665000	492	0	6073	0	0	0	16938	0
666000	487	0	5754	0	0	0	16017	0
667000	429	0	5865	0	0	0	16289	0
668000	436	0	5886	0	0	0	17040	0
669000	455	0	5894	0	0	0	17733	0
670000	477	0	5873	0	0	0	17375	0
671000	470	0	5758	0	0	0	17007	0
672000	491	0	6050	0	0	0	16342	0
673000	385	0	5961	0	0	0	16573	0
674000	428	0	5970	0	0	0	15233	0
675000	397	0	5821	0	0	0	16156	0
676000	368	0	5995	0	0	0	15684	0
677000	392	0	5866	0	0	0	16761	0
678000	387	0	5937	0	0	0	16831	0
679000	623	0	5695	0	0	0	16154	0
680000	296	0	5972	0	0	0	16745	0
681000	280	0	6022	0	0	0	16788	0
682000	344	0	6054	0	0	0	16419	0
683000	380	0	6029	0	0	0	16205	0
684000	250	0	6280	0	0	0	16172	0
685000	367	0	6039	0	0	0	16782	0
686000	484	0	5730	0	0	0	16608	0
687000	376	0	6095	0	0	0	16556	0
688000	572	0	5836	0	0	0	16520	0
689000	488	0	5786	0	0	0	17391	0
690000	289	0	5925	0	0	0	16264	0
691000	552	0	5923	0	0	0	15891	0
692000	463	0	5859	0	0	0	15221	0
693000	656	0	5745	0	0	0	15569	0
694000	687	0	5539	0	0	0	16031	0
695000	796	0	5696	0	0	0	15749	0
696000	385	0	5791	0	0	0	16512	0
697000	576	0	5839	0	0	0	15847	0
698000	536	0	5869	0	0	0	15794	0
699000	369	0	6094	0	0	0	16874	0
700000	415	0	6027	0	0	0	17010	0
701000	424	0	5990	0	0	0	16720	0
702000	265	0	6147	0	0	0	17343	0
703000	512	0	5837	0	0	0	15821	0
704000	460	0	5845	0	0	0	15812	0
705000	375	0	5940	0	0	0	16609	0
706000	356	0	5802	0	0	0	16089	0
707000	557	0	5939	0	0	0	16052	0
708000	355	0	6013	0	0	0	16762	0
709000	457	0	5877	0	0	0	17032	0
710000	475	0	5909	0	0	0	16467	0
711000	590	0	5704	0	0	0	16267	0
712000	610	0	5765	0	0	0	14930	0
713000	548	0	5883	0	0	0	16576	0
714000	449	0	5904	0	0	0	15189	0
715000	441	0	5712	0	0	0	15999	0
716000	402	0	6057	0	0	0	15911	0
717000	471	0	6010	0	0	0	15694	0
718000	466	0	5860	0	0	0	15810	0
719000	379	0	5931	0	0	0	15945	0
720000	448	0	5925	0	0	0	15898	0
721000	520	0	5773	0	0	0	16202	0
722000	226	0	6033	0	0	0	17207	0
723000	403	0	5972	0	0	0	15767	0
724000	495	0	5890	0	0	0	16687	0
725000	304	0	5988	0	0	0	15786	0
726000	394	0	5955	0	0	0	16464	0
727000	395	0	5994	0	0	0	16941	0
728000	315	0	6182	0	0	0	16751	0
729000	437	0	5936	0	0	0	15948	0
730000	417	0	5943	0	0	0	17356	0
731000	563	0	5628	0	0	0	16230	0
732000	349	0	5919	0	0	0	17776	0
733000	391	0	6069	0	0	0	16451	0
734000	319	0	6044	0	0	0	16960	0
735000	409	0	6069	0	0	0	16854	0
736000	488	0	5792	0	0	0	16308	0
737000	316	0	5986	0	0	0	16599	0
738000	383	0	5991	0	0	0	16809	0
739000	328	0	6044	0	0	0	15838	0
740000	375	0	5955	0	0	0	16450	0
741000	324	0	6214	0	0	0	17298	0
742000	399	0	6035	0	0	0	15668	0
743000	495	0	5653	0	0	0	15996	0
744000	391	0	5990	0	0	0	16742	0
745000	500	0	5761	0	0	0	15734	0
746000	439	0	5962	0	0	0	17016	0
747000	559	0	5848	0	0	0	16609	0
748000	634	0	5807	0	0	0	15990	0
749000	418	0	5965	0	0	0	16051	0
750000	773	0	5632	0	0	0	15228	0
751000	508	0	5837	0	0	0	16881	0
752000	275	0	5953	0	0	0	16717	0
753000	458	0	5873	0	0	0	16075	0
754000	486	0	5970	0	0	0	16745	0
755000	371	0	6046	0	0	0	16993	0
756000	465	0	5891	0	0	0	15789	0
757000	403	0	5875	0	0	0	17260	0
758000	494	0	5863	0	0	0	16327	0
759000	393	0	5780	0	0	0	16945	0
760000	497	0	5817	0	0	0	15951	0
761000	563	0	5681	0	0	0	15071	0
762000	465	0	5805	0	0	0	17140	0
763000	419	0	5955	0	0	0	16901	0
764000	523	0	5888	0	0	0	16541	0
765000	537	0	5762	0	0	0	15207	0
766000	675	0	5833	0	0	0	14791	0
767000	362	0	6045	0	0	0	15631	0
768000	455	0	5867	0	0	0	15996	0
769000	457	0	5790	0	0	0	16052	0
770000	379	0	5980	0	0	0	17125	0
771000	478	0	5935	0	0	0	16375	0
772000	492	0	5674	0	0	0	17099	0
773000	326	0	6014	0	0	0	16891	0
774000	396	0	6121	0	0	0	16587	0
775000	441	0	5941	0	0	0	16607	0
776000	566	0	5844	0	0	0	15289	0
777000	378	0	6299	0	0	0	17263	0
778000	448	0	5849	0	0	0	16020	0
779000	333	0	5988	0	0	0	15846	0
780000	347	0	5985	0	0	0	16596	0
781000	480	0	5936	0	0	0	16818	0
782000	448	0	5982	0	0	0	16450	0
783000	472	0	5737	0	0	0	15390	0
784000	399	0	5931	0	0	0	17267	0
785000	429	0	5784	0	0	0	17173	0
786000	434	0	5838	0	0	0	15977	0
787000	509	0	5847	0	0	0	15732	0
788000	435	0	6054	0	0	0	15385	0
789000	429	0	5926	0	0	0	15867	0
790000	360	0	6020	0	0	0	16163	0
791000	461	0	5762	0	0	0	17315	0
792000	418	0	6148	0	0	0	16907	0
793000	493	0	5861	0	0	0	15684	0
794000	481	0	5936	0	0	0	16189	0
795000	446	0	5944	0	0	0	16790	0
796000	622	0	5870	0	0	0	15650	0
797000	329	0	6077	0	0	0	17187	0
798000	391	0	6045	0	0	0	15724	0
799000	447	0	5853	0	0	0	15877	0
800000	416	0	5982	0	0	0	16251	0
801000	480	0	5718	0	0	0	15782	0
802000	412	0	5956	0	0	0	15833	0
803000	458	0	5926	0	0	0	15799	0
804000	367	0	5901	0	0	0	15712	0
805000	485	0	5760	0	0	0	16419	0
806000	393	0	5897	0	0	0	16330	0
807000	465	0	5956	0	0	0	16715	0
808000	398	0	6053	0	0	0	15455	0
809000	444	0	5903	0	0	0	15812	0
810000	563	0	5955	0	0	0	16543	0
811000	325	0	5905	0	0	0	16192	0
812000	514	0	5868	0	0	0	16471	0
813000	565	0	5793	0	0	0	16018	0
814000	476	0	6028	0	0	0	15850	0
815000	282	0	6093	0	0	0	16724	0
816000	266	0	6169	0	0	0	17082	0
817000	548	0	5732	0	0	0	15971	0
818000	406	0	6007	0	0	0	16295	0
819000	306	0	6021	0	0	0	17253	0
820000	356	0	5976	0	0	0	16418	0
821000	644	0	5688	0	0	0	15913	0
822000	260	0	6167	0	0	0	16963	0
823000	386	0	5996	0	0	0	16661	0
824000	247	0	6216	0	0	0	16443	0
825000	600	0	5837	0	0	0	16148	0
826000	466	0	5982	0	0	0	16293	0
827000	469	0	5860	0	0	0	16058	0
828000	407	0	6152	0	0	0	16620	0
829000	275	0	6228	0	0	0	16977	0
830000	623	0	5754	0	0	0	15198	0
831000	499	0	5882	0	0	0	16107	0
832000	607	0	5757	0	0	0	16559	0
833000	397	0	5960	0	0	0	16269	0
834000	302	0	5804	0	0	0	17438	0
835000	328	0	5945	0	0	0	16122	0
836000	311	0	6056	0	0	0	16672	0
837000	582	0	5738	0	0	0	15615	0
838000	689	0	5820	0	0	0	15585	0
839000	469	0	5798	0	0	0	16771	0
840000	581	0	5745	0	0	0	16007	0
841000	351	0	6151	0	0	0	16818	0
842000	433	0	6001	0	0	0	15116	0
843000	381	0	6040	0	0	0	16063	0
844000	583	0	5684	0	0	0	17266	0
845000	435	0	6001	0	0	0	16471	0
846000	396	0	6072	0	0	0	16167	0
847000	359	0	5882	0	0	0	17375	0
848000	301	0	6092	0	0	0	15757	0
849000	439	0	5904	0	0	0	16196	0
850000	516	0	5910	0	0	0	15069	0
851000	414	0	6085	0	0	0	15871	0
852000	417	0	6031	0	0	0	15615	0
853000	390	0	5865	0	0	0	16431	0
854000	279	0	5987	0	0	0	17126	0
855000	329	0	6015	0	0	0	17132	0
856000	513	0	5926	0	0	0	16783	0
857000	393	0	5879	0	0	0	16878	0
858000	513	0	5929	0	0	0	15614	0
859000	465	0	5840	0	0	0	16095	0
860000	433	0	5970	0	0	0	16763	0
861000	444	0	5988	0	0	0	16428	0
862000	361	0	5990	0	0	0	16442	0
863000	237	0	6197	0	0	0	18033	0
864000	525	0	5716	0	0	0	15391	0
865000	476	0	5916	0	0	0	16268	0
866000	303	0	6152	0	0	0	16778	0
867000	404	0	5970	0	0	0	16388	0
868000	518	0	5872	0	0	0	15129	0
869000	498	0	5865	0	0	0	15815	0
870000	524	0	5736	0	0	0	16221	0
871000	488	0	5966	0	0	0	16396	0
872000	471	0	5908	0	0	0	16984	0
873000	440	0	5780	0	0	0	16749	0
874000	242	0	6134	0	0	0	16644	0
875000	440	0	6094	0	0	0	16582	0
876000	507	0	5881	0	0	0	17273	0
877000	574	0	5856	0	0	0	16446	0
878000	288	0	5968	0	0	0	16209	0
879000	330	0	5914	0	0	0	17000	0
880000	389	0	5903	0	0	0	15897	0
881000	624	0	5741	0	0	0	16027	0
882000	464	0	5895	0	0	0	16299	0
883000	454	0	5875	0	0	0	16958	0
884000	235	0	6083	0	0	0	17062	0
885000	485	0	6038	0	0	0	16303	0
886000	405	0	6054	0	0	0	16923	0
887000	438	0	6161	0	0	0	16201	0
888000	601	0	5753	0	0	0	16109	0
889000	332	0	5992	0	0	0	16785	0
890000	395	0	5984	0	0	0	16057	0
891000	538	0	5846	0	0	0	15533	0
892000	418	0	5954	0	0	0	16252	0
893000	520	0	5699	0	0	0	16541	0
894000	364	0	5956	0	0	0	17200	0
895000	375	0	5903	0	0	0	15998	0
896000	518	0	5973	0	0	0	16565	0
897000	419	0	5920	0	0	0	17298	0
898000	302	0	6039	0	0	0	16557	0
899000	432	0	5854	0	0	0	16299	0
900000	359	0	5889	0	0	0	15989	0
901000	525	0	5715	0	0	0	15561	0
902000	461	0	5857	0	0	0	15452	0
903000	500	0	5638	0	0	0	16041	0
904000	529	0	5936	0	0	0	15979	0
905000	300	0	6139	0	0	0	15638	0
906000	669	0	5687	0	0	0	15731	0
907000	443	0	5881	0	0	0	16458	0
908000	327	0	5968	0	0	0	16435	0
909000	658	0	5784	0	0	0	16120	0
910000	366	0	6036	0	0	0	16376	0
911000	478	0	5832	0	0	0	15806	0
912000	523	0	5776	0	0	0	16247	0
913000	418	0	5981	0	0	0	16096	0
914000	367	0	5899	0	0	0	16919	0
915000	439	0	5904	0	0	0	16024	0
916000	550	0	5682	0	0	0	15644	0
917000	343	0	5883	0	0	0	17163	0
918000	407	0	5951	0	0	0	15795	0
919000	435	0	5895	0	0	0	16699	0
920000	454	0	6050	0	0	0	15363	0
921000	289	0	6146	0	0	0	15850	0
922000	543	0	5858	0	0	0	16123	0
923000	364	0	6009	0	0	0	16407	0
924000	538	0	5715	0	0	0	15969	0
925000	498	0	5824	0	0	0	15557	0
926000	253	0	6120	0	0	0	15743	0
927000	632	0	5713	0	0	0	15056	0
928000	482	0	5887	0	0	0	15771	0
929000	546	0	5715	0	0	0	15993	0
930000	426	0	5875	0	0	0	16534	0
931000	414	0	5841	0	0	0	16339	0
932000	428	0	5882	0	0	0	17099	0
933000	380	0	5938	0	0	0	16065	0
934000	506	0	5970	0	0	0	16455	0
935000	452	0	5973	0	0	0	16834	0
936000	424	0	5921	0	0	0	16383	0
937000	394	0	5933	0	0	0	15804	0
938000	294	0	6047	0	0	0	16411	0
939000	446	0	5719	0	0	0	16982	0
940000	416	0	6018	0	0	0	17411	0
941000	494	0	6052	0	0	0	16411	0
942000	458	0	5872	0	0	0	16296	0
943000	408	0	5915	0	0	0	16728	0
944000	675	0	5812	0	0	0	15886	0
945000	392	0	5960	0	0	0	16662	0
946000	546	0	5806	0	0	0	16314	0
947000	518	0	5870	0	0	0	16142	0
948000	480	0	6028	0	0	0	15519	0
949000	324	0	6043	0	0	0	16897	0
950000	404	0	5915	0	0	0	15608	0
951000	760	0	5550	0	0	0	15212	0
952000	589	0	5748	0	0	0	17109	0
953000	526	0	5786	0	0	0	15831	0
954000	496	0	5832	0	0	0	17342	0
955000	518	0	5763	0	0	0	16569	0
956000	371	0	5924	0	0	0	16496	0
957000	537	0	5824	0	0	0	17011	0
958000	490	0	5885	0	0	0	16523	0
959000	611	0	5902	0	0	0	15728	0
960000	624	0	5522	0	0	0	16272	0
961000	391	0	5872	0	0	0	15958	0
962000	446	0	5731	0	0	0	16062	0
963000	472	0	5880	0	0	0	15550	0
964000	376	0	5950	0	0	0	17060	0
965000	486	0	5891	0	0	0	17031	0
966000	427	0	5929	0	0	0	16745	0
967000	426	0	5963	0	0	0	15888	0
968000	403	0	5955	0	0	0	16686	0
969000	316	0	6119	0	0	0	16244	0
970000	357	0	6042	0	0	0	16856	0
971000	415	0	6014	0	0	0	17300	0
972000	461	0	5826	0	0	0	15891	0
973000	574	0	5711	0	0	0	15237	0
974000	485	0	5776	0	0	0	16757	0
975000	480	0	5973	0	0	0	15005	0
976000	456	0	5876	0	0	0	16563	0
977000	490	0	5886	0	0	0	16304	0
978000	648	0	5808	0	0	0	15443	0
979000	406	0	6038	0	0	0	16862	0
980000	343	0	6052	0	0	0	17657	0
981000	308	0	6216	0	0	0	17059	0
982000	426	0	5864	0	0	0	16236	0
983000	490	0	5796	0	0	0	16669	0
984000	467	0	5855	0	0	0	16665	0
985000	321	0	6080	0	0	0	16497	0
986000	365	0	6023	0	0	0	16972	0
987000	456	0	5933	0	0	0	15562	0
988000	532	0	5859	0	0	0	16193	0
989000	536	0	5931	0	0	0	15897	0
990000	417	0	6013	0	0	0	16095	0
991000	403	0	6052	0	0	0	17626	0
992000	412	0	5773	0	0	0	16514	0
993000	337	0	5803	0	0	0	16456	0
994000	418	0	5886	0	0	0	16057	0
995000	514	0	5944	0	0	0	15885	0
996000	352	0	5812	0	0	0	16176	0
997000	657	0	5556	0	0	0	16654	0
998000	572	0	5784	0	0	0	16067	0
999000	426	0	5821	0	0	0	16323	0
