0	0	0	0	14400	0	0	0	0
1000	75	1714	457	11630	52	34	35342	309
2000	58	1430	656	11702	8	4	36160	61
3000	168	1223	984	11255	10	5	36857	35
4000	75	1090	1027	11384	27	10	36010	90
5000	87	1228	1158	11021	5	2	35699	28
6000	142	1140	1384	10717	51	2	33619	139
7000	148	963	1346	10845	68	71	35477	320
8000	133	946	1158	11203	15	32	35738	159
9000	152	1199	1069	11145	44	48	37113	201
10000	127	877	1600	10608	0	17	34564	16
11000	150	847	1456	10800	0	58	35831	137
12000	135	925	1416	10756	108	0	36845	28
13000	161	906	1364	10915	76	28	36178	283
14000	173	894	1448	10631	170	18	35927	636
15000	140	887	1321	10993	59	32	35209	387
16000	81	886	1226	11197	89	48	35939	323
17000	99	1025	1388	10773	62	36	34734	286
18000	145	984	1595	10594	2	41	35888	53
19000	125	906	1488	10780	3	22	36070	66
20000	139	1102	1246	10899	16	65	36265	236
21000	140	1058	1127	11185	32	34	35712	162
22000	161	1176	1100	10971	21	91	33857	475
23000	130	1043	989	11338	30	115	36789	284
24000	97	1119	873	11537	10	90	34860	323
25000	83	1187	927	11462	0	40	36042	206
26000	129	1109	1275	10915	0	9	36039	7
27000	87	1095	1354	10956	0	35	34965	25
28000	130	828	1636	10605	13	8	36052	43
29000	122	1061	1297	10960	14	0	35906	14
30000	127	975	1357	10949	0	0	36683	4
31000	114	841	1446	10936	38	8	35854	251
32000	110	953	1406	10896	0	0	37623	23
33000	129	914	1310	11040	43	27	35586	159
34000	117	1052	1521	10606	18	66	35784	385
35000	119	965	1232	11168	18	0	36216	75
36000	98	986	1357	10834	118	20	36385	315
37000	121	923	1523	10627	88	23	34552	329
38000	135	907	1505	10720	48	59	35946	307
39000	125	934	1249	11107	35	32	36865	195
40000	65	1099	1112	11298	0	19	36139	102
41000	164	1035	1403	10812	0	0	37129	2
42000	135	989	1636	10485	53	6	35712	148
43000	81	889	1400	11124	1	0	35924	5
44000	135	1026	1168	11034	166	16	35766	452
45000	91	849	1327	10986	100	98	36583	770
46000	140	1186	1113	10933	66	129	34519	638
47000	144	1105	1141	11118	2	94	35457	256
48000	111	1125	1357	10750	1	75	36635	259
49000	142	1039	1477	10524	20	158	35415	401
50000	136	1105	1335	10688	47	137	35497	305
51000	162	830	1368	10663	95	264	36680	837
52000	118	779	1524	10624	18	206	36672	760
53000	115	1092	1603	10186	92	180	34353	891
54000	185	933	1740	10150	5	173	34416	517
55000	128	1041	1423	10591	2	186	33951	589
56000	81	1106	1120	11124	0	169	35857	349
57000	100	949	1209	11053	25	200	34618	640
58000	91	1060	1243	10822	67	216	36111	723
59000	111	1038	1059	11147	83	153	34697	712
60000	124	1033	997	11193	24	251	35346	914
61000	123	905	1500	10579	46	210	35655	846
62000	160	867	1500	10534	47	175	34328	681
63000	95	841	1653	10509	23	145	35576	510
64000	104	1112	1379	10717	1	93	35200	286
65000	110	1258	1143	10978	50	66	35929	330
66000	83	1118	1261	10996	10	54	34846	292
67000	90	942	1175	11120	29	170	34496	317
68000	122	889	1254	11187	0	108	35851	408
69000	124	1087	1112	11196	0	75	36864	254
70000	104	1090	1227	10954	1	182	34594	445
71000	157	1100	1167	10919	4	151	35320	490
72000	110	1035	1201	11035	1	94	35592	372
73000	131	1265	1008	11154	0	89	36396	219
74000	94	1171	912	11437	0	41	35686	216
75000	119	1229	896	11359	24	48	35655	204
76000	135	1000	1313	11003	0	4	36899	40
77000	85	920	1298	11158	94	2	36816	302
78000	165	952	1221	11094	60	16	35590	243
79000	134	1045	1233	10981	52	73	36415	388
80000	147	1286	1087	10826	89	84	36215	527
81000	108	1340	995	10953	154	112	35119	752
82000	209	1038	1273	10632	136	90	33428	656
83000	78	1019	1281	10837	126	111	34366	882
84000	129	932	1369	10834	128	27	34612	428
85000	126	855	1579	10488	106	123	35051	649
86000	163	920	1520	10361	177	169	34845	1094
87000	99	1022	1310	10762	110	150	33370	834
88000	129	1087	1140	10920	79	224	35730	849
89000	131	993	1438	10479	51	320	34254	1040
90000	145	1003	1474	10325	45	344	34606	1208
91000	117	1021	1391	10631	14	241	35326	741
92000	110	939	1552	10430	20	277	35984	1088
93000	115	926	1527	10401	54	269	35815	938
94000	138	997	1434	10483	90	271	35132	881
95000	121	911	1417	10569	143	258	34999	1236
96000	188	866	1642	9965	184	384	33587	1420
97000	168	983	1326	10472	166	361	35378	1613
98000	109	1047	1324	10365	179	418	34687	1939
99000	149	965	1348	10352	97	457	34263	1880
100000	145	921	1236	10694	217	259	33638	1627
101000	116	1063	1359	10479	133	293	32795	1384
102000	129	977	1247	10628	182	353	32811	1467
103000	146	991	1476	10230	281	213	34308	1640
104000	173	986	1550	10133	300	202	34761	1394
105000	216	732	1595	9988	395	285	33911	2578
106000	136	840	1780	9630	248	564	33326	2493
107000	147	884	1403	10046	224	648	33531	2694
108000	138	874	1508	10201	123	499	33118	2232
109000	113	816	1681	9876	157	635	33743	2071
110000	138	937	1158	10519	106	668	34116	2498
111000	144	901	1516	10013	79	634	32996	2139
112000	131	931	1372	10126	160	717	34383	2599
113000	147	920	1530	10033	136	604	34883	2045
114000	117	1106	1278	9817	142	966	32408	3265
115000	139	1055	1400	9490	267	981	31258	3742
116000	125	952	1469	9525	187	1101	31309	3367
117000	103	1114	1148	9982	158	1044	31027	4106
118000	117	1086	883	10215	181	1181	33040	3735
119000	115	1167	850	10309	217	1065	30802	4083
120000	96	990	953	10630	142	858	33416	2619
121000	157	998	1227	10205	101	776	33740	2932
122000	168	941	1511	9944	51	733	33065	2392
123000	146	826	1631	9627	57	972	33514	2839
124000	131	1048	1288	10067	67	897	33491	3105
125000	119	856	1187	10527	135	730	34444	2563
126000	130	1033	1051	10316	347	709	33673	2917
127000	137	1056	1160	10252	362	576	32840	2736
128000	123	933	1286	10165	320	635	32942	2706
129000	99	950	1298	10121	207	770	33086	2938
130000	146	1056	1208	10161	213	771	34015	3139
131000	147	1032	1268	9791	284	976	32534	3384
132000	162	1000	1175	9737	203	1179	31885	4123
133000	142	1008	1251	9677	393	1036	31103	3598
134000	170	1003	1456	9311	359	1000	31231	4416
135000	156	908	1272	9617	382	1082	31339	4017
136000	123	922	1102	9737	534	1085	31568	4567
137000	163	931	1055	9739	652	1032	30500	4736
138000	227	915	1535	8891	415	1282	30169	4954
139000	152	904	1504	9135	462	1171	31014	4783
140000	128	1092	1197	9640	303	1204	31723	4825
141000	121	977	1226	9874	276	1030	31962	3906
142000	176	1013	1017	9933	362	1051	32561	4174
143000	156	950	1195	9960	510	720	32015	3608
144000	121	971	1344	9649	461	847	31882	3544
145000	156	1178	1091	10030	451	659	32951	3167
146000	133	1186	1161	9813	440	835	31599	3459
147000	181	1160	1095	9916	353	797	32871	3687
148000	117	1100	1045	9852	248	1250	30838	3878
149000	95	1189	947	9834	256	1325	30641	5183
150000	146	1079	1168	9739	203	1216	31241	3963
151000	125	1093	1188	9466	226	1441	31227	4320
152000	162	1059	1373	9461	228	1100	30150	4044
153000	172	894	1343	9696	207	1134	31249	4053
154000	174	1174	1240	9617	114	1105	32329	3408
155000	128	968	1326	9951	202	923	33444	3380
156000	135	952	1530	9489	293	926	32305	3704
157000	98	1016	1360	10032	225	732	32297	3387
158000	142	1031	1206	10035	169	824	34001	2743
159000	153	1052	1013	10609	164	598	34157	2315
160000	106	1007	1316	10218	190	611	31790	2605
161000	133	1058	1178	10077	307	768	34231	3119
162000	120	1012	1306	10171	201	657	34245	3021
163000	151	1033	1481	9614	240	742	32706	2545
164000	168	863	1488	9796	292	729	32188	3337
165000	120	882	1446	9901	210	799	33917	2922
166000	106	1005	1301	10335	177	534	34866	2658
167000	131	1003	1338	10314	143	527	33743	2167
168000	110	921	1317	10338	159	619	33410	1889
169000	137	973	1463	9908	123	679	34176	2488
170000	194	1155	1368	10001	117	527	32552	1814
171000	142	1023	1290	10352	152	507	33834	2248
172000	121	956	1313	10476	260	369	33856	2195
173000	151	1082	1162	10464	182	469	33807	1938
174000	184	1090	1096	10718	162	334	34000	1556
175000	134	895	1358	10668	30	365	34752	1174
176000	144	976	1126	10876	38	402	36345	1226
177000	122	1052	1340	10512	96	345	33829	1414
178000	118	982	1243	10772	110	266	35898	1131
179000	123	1230	1098	10911	70	144	34267	728
180000	154	991	1379	10645	92	162	34693	650
181000	128	919	1335	10818	60	214	35125	770
182000	127	1163	1081	10694	110	337	33669	1143
183000	91	1000	1232	10821	151	266	35142	1021
184000	155	1002	1334	10460	167	331	33398	1508
185000	95	988	1124	10996	82	253	35986	1190
186000	95	1239	948	10970	94	275	33860	955
187000	100	1123	1143	10743	125	325	34344	1310
188000	136	902	1049	11068	170	309	35152	1330
189000	116	1026	1145	10675	233	367	33092	1475
190000	120	980	1141	10758	297	269	32918	1896
191000	105	1013	1645	10083	258	143	34627	1190
192000	99	964	1652	10369	92	136	35743	579
193000	116	862	1509	10636	38	168	36112	539
194000	115	759	1613	10733	2	98	36914	218
195000	162	1015	1561	10418	22	123	34776	347
196000	144	984	1480	10629	0	86	35017	296
197000	99	1027	1518	10584	0	107	34747	467
198000	134	978	1427	10663	29	143	35866	427
199000	123	838	1684	10430	48	102	35156	599
200000	109	1094	1517	10515	8	117	33973	427
201000	88	949	1445	10815	9	70	34711	211
202000	147	887	1369	10963	0	2	34840	53
203000	161	965	1192	11166	45	25	35407	277
204000	123	973	1248	11041	14	64	35402	334
205000	111	1042	1220	11112	37	0	35805	150
206000	116	904	1226	11106	130	1	35657	400
207000	127	997	1815	10138	61	45	34372	422
208000	172	790	2051	9852	71	52	34682	373
209000	182	885	1793	10169	5	60	35220	197
210000	123	870	1877	10110	0	153	33914	605
211000	138	870	1528	10695	3	74	35764	164
212000	179	981	1637	10360	25	110	33912	371
213000	133	1008	1603	10381	28	127	34893	579
214000	102	958	1502	10505	2	292	35357	945
215000	148	906	1388	10718	9	193	34454	807
216000	123	928	1289	10967	3	185	36139	681
217000	123	1106	1298	10831	30	98	36389	444
218000	85	1053	1455	10611	0	149	35496	351
219000	157	988	1340	10719	0	189	34896	578
220000	109	1138	1324	10592	75	217	35208	714
221000	157	829	1680	10310	124	121	35690	473
222000	139	1024	1564	10324	151	85	36031	641
223000	196	954	1531	10456	27	79	35259	470
224000	104	766	1862	10172	39	148	35428	431
225000	141	1027	1650	10339	27	92	35700	594
226000	203	883	1837	10088	18	57	34290	242
227000	111	848	1673	10533	41	59	34335	435
228000	132	934	1409	10855	11	67	35384	267
229000	125	1043	1316	10797	67	152	35613	492
230000	107	977	1380	10743	57	115	34911	550
231000	156	917	1630	10350	63	142	35093	487
232000	127	932	1409	10882	18	93	36310	290
233000	105	943	1523	10523	40	192	35362	623
234000	116	1026	1322	10864	26	95	35189	358
235000	143	944	1401	10891	0	30	36823	54
236000	128	1004	1223	11025	0	121	35809	368
237000	140	1114	1195	10932	0	129	35439	297
238000	144	1100	1175	11035	1	62	36216	153
239000	121	938	1300	11045	0	75	36733	299
240000	179	1037	1092	11243	0	43	34923	126
241000	109	1119	1257	10967	16	4	36503	17
242000	148	778	1483	10881	0	44	35550	129
243000	87	932	1375	11048	0	32	36594	143
244000	95	1063	1213	11116	2	14	37120	91
245000	140	1033	1361	10792	16	39	35316	153
246000	123	1119	1138	11115	14	17	36250	83
247000	139	1016	1361	10886	1	16	36281	41
248000	104	1165	1089	11139	119	0	35893	231
249000	111	1122	1025	11253	49	17	35797	244
250000	133	1042	1243	10949	46	39	35630	293
251000	86	954	1409	10833	99	53	36388	389
252000	116	1135	1229	10857	70	77	36238	320
253000	166	1097	1147	11033	0	68	35759	276
254000	127	1075	1121	11202	1	56	35943	147
255000	95	1174	1113	11166	0	11	35719	29
256000	142	1021	1253	11024	66	19	34713	296
257000	124	929	1498	10595	109	35	35134	571
258000	138	986	1263	10971	81	69	35247	309
259000	125	991	1354	10860	92	16	35693	317
260000	110	962	1365	10907	39	46	35620	247
261000	174	889	1513	10593	89	31	35034	202
262000	175	832	1716	10404	36	30	34928	221
263000	152	896	1722	10392	1	28	35550	126
264000	64	886	1535	10911	0	14	35265	41
265000	175	993	1558	10561	0	0	35419	19
266000	179	713	1782	10308	92	36	35732	373
267000	186	838	1807	9988	129	183	34951	826
268000	170	785	2023	9748	207	99	33872	831
269000	141	928	1700	10120	203	132	33857	1017
270000	127	928	1507	10434	151	206	34474	971
271000	140	906	1641	10186	117	182	35666	959
272000	134	994	1241	10717	99	230	35632	834
273000	209	1005	1267	10589	121	287	35109	1058
274000	136	1015	1142	10889	131	194	36184	920
275000	113	1056	1313	10662	173	168	34881	743
276000	138	988	1616	10293	103	154	33873	573
277000	155	1123	1540	10322	78	120	35273	439
278000	166	928	1539	10400	122	164	35585	770
279000	173	1002	1620	10159	196	103	35120	883
280000	124	908	1561	10544	61	124	35553	592
281000	143	881	1385	10832	29	111	35408	556
282000	151	1020	1327	10768	24	140	34670	534
283000	118	824	1855	10250	0	103	35307	333
284000	167	928	1781	10030	35	192	34486	449
285000	173	904	1536	10540	45	102	36477	393
286000	117	1071	1263	10825	3	163	35228	513
287000	133	971	1206	11092	11	117	35282	283
288000	68	961	1380	10904	43	78	35838	263
289000	100	982	1432	10698	46	160	35109	644
290000	170	989	1391	10680	17	182	33828	703
291000	125	871	1590	10497	20	146	34924	488
292000	167	872	1577	10502	3	124	36420	484
293000	106	929	1336	10904	3	165	35553	451
294000	109	1170	1092	11171	8	64	34613	300
295000	134	1010	1174	11144	7	81	35216	384
296000	129	920	1376	10814	2	122	34361	328
297000	107	1051	1239	10955	1	133	36093	319
298000	107	885	1365	10882	26	170	34996	436
299000	70	957	1268	10939	35	261	36190	678
300000	120	1126	1030	10908	107	345	34393	1133
301000	68	1193	904	11177	109	274	34041	942
302000	166	1099	1158	10857	81	159	33962	891
303000	146	1005	1280	10818	45	190	35578	971
304000	126	950	1152	11167	74	79	36299	453
305000	149	959	1301	10845	3	148	36939	343
306000	110	1082	1221	10826	22	176	34820	513
307000	81	1030	1142	11246	10	73	35300	129
308000	146	984	1286	10971	15	125	34840	491
309000	122	1027	1139	11094	0	158	34220	475
310000	118	1049	1068	11238	9	53	35724	207
311000	114	1064	1202	11155	12	5	36743	39
312000	98	1154	1433	10736	2	22	33830	91
313000	112	1078	1341	10848	9	6	34730	47
314000	83	1186	1231	10885	130	0	35193	188
315000	146	966	1365	10743	144	35	34849	569
316000	119	924	1156	11041	171	88	36021	616
317000	137	981	1360	10603	234	126	34499	1059
318000	122	1089	1219	10677	267	206	35100	1055
319000	103	877	1358	10583	240	325	35285	1448
320000	118	946	1264	10485	247	438	33528	2070
321000	129	1039	906	10813	266	532	34550	2537
322000	125	1055	1029	10627	203	588	34157	2217
323000	162	1116	1294	10155	123	554	33062	2029
324000	104	1009	1117	10709	128	542	35518	2211
325000	206	1021	1051	10602	261	429	33868	2211
326000	100	1118	1224	10362	274	411	34263	2054
327000	106	1051	1296	10099	377	534	32940	2504
328000	93	968	1235	10420	260	609	34951	2488
329000	126	950	1092	10434	230	709	33038	2914
330000	142	1160	944	10563	233	605	32950	2531
331000	168	950	1365	10164	192	569	32841	2094
332000	146	916	1820	9385	178	610	35401	2469
333000	162	944	1553	9855	179	592	33628	2503
334000	111	845	1373	10403	84	569	35400	1801
335000	112	979	1178	10624	108	545	34407	2107
336000	61	1136	1287	10490	58	421	34734	1498
337000	162	1075	1091	10639	128	439	34253	1724
338000	99	1033	1505	10292	116	354	34954	1322
339000	88	1028	1518	10200	111	400	35373	1754
340000	140	1019	1104	10601	82	614	33490	2034
341000	135	963	1031	10887	74	505	34948	1483
342000	103	956	963	10760	169	716	35936	2589
343000	133	904	1082	10537	151	844	34506	2648
344000	121	1068	1105	10138	175	938	32316	3636
345000	126	966	1027	10524	212	755	33657	2676
346000	115	1261	913	10575	244	629	33214	2357
347000	138	1171	1001	10344	374	635	31729	2722
348000	149	1054	1065	10584	275	515	33753	2259
349000	126	1111	1218	10231	136	682	33874	2428
350000	122	1005	1399	9982	145	716	34337	2185
351000	158	903	1272	10217	106	823	33768	2646
352000	114	1007	1066	10379	135	909	34018	3161
353000	111	1012	1134	10252	247	771	34368	2762
354000	136	1039	1089	10232	202	887	33950	3068
355000	125	1049	1266	10056	182	801	32350	2941
356000	167	755	1647	9752	209	686	33409	2939
357000	119	1046	1479	9856	165	704	32678	2108
358000	138	871	1537	9911	111	751	33890	2477
359000	110	869	1689	9580	91	915	33267	2468
360000	133	1095	1384	9777	135	939	33214	3178
361000	148	978	1176	9781	309	1107	31178	4008
362000	138	1026	944	9952	340	1201	31955	4927
363000	125	1328	991	9826	258	1077	31311	3929
364000	137	1132	1179	9519	384	1156	30348	4344
365000	122	964	1124	9927	393	1037	30866	3863
366000	149	1000	1321	9502	351	1093	31195	4427
367000	167	884	1376	9350	611	1009	31438	4806
368000	201	777	1605	9008	611	1078	30329	4945
369000	170	974	1305	9033	586	1373	28983	5543
370000	155	1075	1137	9372	598	1208	30935	5471
371000	161	951	1348	8804	733	1366	30286	6001
372000	221	919	1215	8896	817	1373	28983	6441
373000	182	886	1349	8762	936	1289	28537	6922
374000	184	842	1421	8528	1232	1194	29040	6770
375000	253	852	1649	7984	1083	1326	28096	6862
376000	174	941	1478	8396	832	1466	29222	6974
377000	148	976	1429	8503	631	1701	28781	7601
378000	144	1007	1398	8553	746	1543	28725	6541
379000	180	879	1449	8658	713	1414	29962	6488
380000	200	901	1614	8478	531	1467	29976	5688
381000	180	772	1604	8872	647	1212	30403	5901
382000	221	876	1447	8393	1030	1338	28041	6747
383000	274	955	1401	7975	1081	1628	28086	7877
384000	214	862	1180	8441	1340	1446	28332	7701
385000	180	951	1220	8595	1139	1430	28938	7968
386000	168	711	1682	7590	1274	1834	27245	8558
387000	210	698	1630	7542	1487	1704	25897	8981
388000	203	558	2052	7274	1669	1285	26510	8185
389000	255	632	1907	7706	1284	1270	27516	8574
390000	232	663	1808	7820	1476	1149	28298	8023
391000	259	784	1460	7977	1682	1107	27107	7688
392000	329	938	1415	8023	1446	1197	28318	7307
393000	276	1002	1180	8265	1446	1290	28414	8718
394000	263	831	1197	8350	1327	1364	28143	8448
395000	191	792	1830	7700	1282	1310	27169	8266
396000	248	787	1573	7617	1408	1599	27870	9253
397000	250	781	1747	6983	1324	2052	25056	9639
398000	275	748	1780	7506	1154	1599	27183	8706
399000	250	775	1660	7778	1444	1299	27431	8377
400000	254	687	1403	7960	1767	1216	27546	8904
401000	210	792	1331	7746	1799	1500	26915	8746
402000	302	862	1389	7206	1733	1796	25127	10345
403000	183	868	1625	7323	1475	1788	25496	9974
404000	205	926	1202	7569	1632	1948	25232	9318
405000	238	829	1145	8031	1733	1534	26089	9751
406000	246	1045	1062	7939	1469	1785	26571	9877
407000	169	1147	982	8204	1322	1806	27338	9295
408000	174	1073	1124	8310	1236	1591	26261	8487
409000	222	829	1420	7984	1110	1797	27770	8648
410000	167	818	1228	7922	1133	2224	25776	9139
411000	230	882	1137	7619	1302	2366	25990	9995
412000	236	944	903	7765	1371	2370	25050	10342
413000	262	988	1236	7381	1079	2449	24662	10248
414000	183	802	1381	7639	1094	2294	27336	9609
415000	206	935	1238	7686	1226	2146	26141	10557
416000	229	850	1250	7604	1281	2298	25426	10683
417000	264	796	1425	6739	1464	2601	23576	11567
418000	237	760	1664	7003	1258	2280	24811	10272
419000	256	770	1665	7442	890	2157	26177	9393
420000	165	804	1600	7115	1253	2241	25263	10122
421000	178	820	1450	7520	1100	2256	27200	9355
422000	218	832	1270	7956	1336	1780	27905	9329
423000	246	805	1292	7866	1221	1894	26823	9311
424000	238	886	1236	7517	1292	2251	24950	9948
425000	290	885	1366	7477	1149	2222	26013	8879
426000	213	726	1627	7382	1052	2245	26995	9428
427000	225	937	1411	7605	1056	2162	25061	8451
428000	207	899	1209	7416	949	2786	25272	10877
429000	184	967	1106	7274	1079	2898	23652	12009
430000	237	942	1224	7397	1100	2504	25511	11267
431000	209	971	1144	7740	1240	2182	26344	9832
432000	178	948	1334	7354	1470	2173	24817	10552
433000	204	971	1323	7426	1613	1888	26079	9981
434000	192	985	1028	7207	1691	2456	24163	11544
435000	207	947	1063	7081	1591	2629	23470	11703
436000	189	931	1148	6627	1773	2810	22957	13151
437000	266	926	1122	6828	1782	2550	22909	12456
438000	269	891	1073	6628	1630	3035	23161	13409
439000	224	870	1017	6711	1743	3009	22652	13460
440000	215	916	966	6538	1551	3425	21041	14886
441000	301	883	1076	6179	1744	3324	21465	15476
442000	258	823	1270	6176	1595	3302	21218	14680
443000	209	755	1419	5999	1855	3078	21375	13584
444000	255	583	1881	5825	1773	2684	21852	12838
445000	254	752	1912	6259	1284	2608	25729	11444
446000	367	734	1645	6388	1274	2705	23665	11392
447000	152	789	1321	7288	1170	2698	25081	11108
448000	207	973	1103	7197	1255	2742	24513	11656
449000	253	1020	1200	7089	1161	2742	24159	10866
450000	233	903	1121	6618	1568	3087	21395	13885
451000	213	889	1089	6517	1610	3237	23203	14005
452000	204	877	1082	6711	1634	3056	21056	12989
453000	281	855	1290	6593	1513	2862	24296	12862
454000	250	842	1282	7110	1471	2480	24503	11846
455000	234	951	1271	6897	1234	2854	23656	11635
456000	237	808	1363	7070	1313	2588	24677	11493
457000	254	779	1221	7097	1449	2607	24330	13107
458000	223	642	1489	7054	1530	2361	24919	10957
459000	213	688	1513	7298	1648	1918	26383	11176
460000	198	893	1287	7453	1643	2019	25405	10325
461000	228	937	1335	7712	1577	1629	25617	9485
462000	335	758	1508	7422	1455	1724	26125	9584
463000	236	653	1519	7201	1659	1936	24387	10231
464000	273	974	1168	7766	1488	1819	25995	9617
465000	232	949	1179	7692	1566	1870	25330	10277
466000	271	745	1413	7241	1639	1954	24643	11202
467000	213	739	1448	7391	1510	2020	24878	10859
468000	160	804	1456	7571	1263	2118	26285	9593
469000	189	678	1579	7382	1411	2040	26279	10169
470000	224	1081	1187	7718	1179	2058	25612	9421
471000	175	1021	978	8205	1396	1850	25909	9114
472000	179	1101	827	8423	996	2217	26226	10459
473000	126	1144	912	8162	842	2479	26607	9988
474000	176	1091	940	7977	970	2488	25990	10799
475000	181	939	889	8304	1090	2290	25872	10402
476000	224	1017	1019	7949	1087	2271	26515	9825
477000	189	1020	1224	7846	1098	2109	26661	9360
478000	227	840	1172	7793	1256	2208	26300	9425
479000	213	844	1292	7346	1518	2140	25724	10343
480000	249	772	1409	7685	1223	1995	26066	9746
481000	204	789	1432	7409	1342	2184	26320	10132
482000	274	862	1598	6818	1423	2267	24813	10980
483000	276	720	1600	6250	1636	2675	24757	12611
484000	246	699	1701	6025	1819	2641	23450	12105
485000	254	682	1629	5799	1772	2979	21677	13634
486000	208	835	1446	6483	1543	2827	23292	13091
487000	213	787	1323	7181	1488	2420	24522	11727
488000	258	844	1281	7542	1121	2292	25535	11031
489000	259	833	1296	7257	1228	2484	24888	10334
490000	239	816	1341	7505	1214	2285	27427	10805
491000	206	901	1160	7770	1273	2209	25263	9918
492000	197	880	1419	7396	1206	2282	25578	9890
493000	295	926	1168	7314	1250	2494	25686	10558
494000	234	921	1313	7181	1521	2200	24976	11269
495000	219	854	1604	7434	1182	1916	25929	9006
496000	236	862	1536	7998	880	1723	26828	7948
497000	270	847	1598	7934	765	1757	27162	7845
498000	227	879	1895	7983	792	1262	28991	6147
499000	269	696	1615	8762	661	1144	30887	4987
500000	186	771	1542	8708	947	1164	29250	5948
501000	150	828	1726	8550	763	1207	29064	5364
502000	166	780	1467	8745	957	1212	30048	6311
503000	269	785	1559	8453	997	1112	30073	5755
504000	160	789	1600	8617	1001	1072	29435	5845
505000	291	769	1973	7922	814	1156	29638	5357
506000	268	805	1607	7962	1231	1332	27587	6982
507000	206	983	1226	7839	1549	1611	28489	8687
508000	217	792	1392	7975	1298	1694	25841	8990
509000	272	728	1431	7573	1453	1791	27229	9945
510000	268	725	1498	7322	1598	1890	25272	9522
511000	206	749	1351	7815	1351	1944	26042	9480
512000	196	868	1434	7409	1364	2069	25501	10077
513000	211	699	1668	6903	1147	2626	25309	10003
514000	193	999	1309	7033	1493	2415	23916	11359
515000	198	1019	1103	7017	1241	2951	23211	12119
516000	203	1023	1031	6893	1272	3097	24049	12562
517000	293	809	950	6549	1577	3360	21537	14787
518000	216	1016	869	6273	1781	3513	20029	15345
519000	270	949	954	6208	1774	3428	20620	15147
520000	250	892	965	6447	1411	3609	21564	14690
521000	208	1070	1153	6392	1484	3178	22012	12910
522000	198	1030	979	7197	1464	2777	23573	12576
523000	234	949	952	7150	1523	2822	23585	12186
524000	321	1076	719	7126	1715	2723	22422	13503
525000	204	871	1092	7107	1730	2577	23417	12123
526000	297	996	873	7182	1880	2329	23892	12089
527000	223	880	1169	7281	1524	2413	24212	11774
528000	278	821	1100	6831	1582	2819	22127	12099
529000	173	737	1551	7133	1451	2217	25032	11033
530000	196	858	1323	6715	1306	3063	23430	12665
531000	160	790	1498	6808	1167	2941	23585	13106
532000	269	753	1250	7035	1542	2541	24330	11897
533000	295	899	974	7140	1850	2400	23463	13463
534000	189	833	1131	7255	1919	2218	25091	11790
535000	200	869	1477	6899	1556	2266	23406	10826
536000	208	788	1588	6607	1513	2592	25999	12184
537000	251	685	1389	6781	1586	2576	23352	12664
538000	243	815	1186	6866	1657	2667	23882	12902
539000	251	802	1166	6817	1589	2810	22729	13056
540000	228	855	1082	7184	1767	2405	24081	12314
541000	221	906	1206	7232	1404	2462	22890	10911
542000	220	825	1128	7084	1778	2408	24231	12181
543000	236	911	1175	7172	1502	2437	22750	11391
544000	246	871	1351	6968	1729	2177	25310	11956
545000	269	671	1407	6618	1925	2396	23832	13052
546000	240	797	1461	6374	1804	2626	23656	12403
547000	210	814	1327	7113	1678	2269	24705	11633
548000	257	913	1471	6804	1484	2411	24165	11382
549000	168	899	1315	7238	1469	2332	25081	11651
550000	217	746	1482	7255	1423	2157	25959	10340
551000	307	773	1407	6824	1347	2680	24291	11445
552000	247	773	1493	6708	1309	2769	24050	12278
553000	278	907	1532	6705	1163	2643	22999	11238
554000	267	777	1256	6538	1515	3026	23410	13901
555000	204	826	1315	6751	1591	2764	23433	12454
556000	209	754	1481	6719	1430	2693	24532	12778
557000	207	784	1496	6959	1480	2417	26417	11877
558000	253	797	1481	6446	1908	2293	21530	12512
559000	262	824	1233	7102	1758	2253	24383	11775
560000	277	961	1109	6977	1917	2281	23380	11700
561000	258	686	1622	6853	1566	2191	24628	11103
562000	276	765	1322	7063	1773	2226	25680	11168
563000	312	759	1478	6606	1687	2380	23330	11973
564000	190	683	1618	6349	2117	2279	23575	12984
565000	354	790	1455	6528	2111	2051	22553	12650
566000	249	927	1293	7047	1980	1933	24125	11531
567000	235	820	1267	7511	1510	2069	25172	10657
568000	253	796	1153	7318	1548	2404	24890	10864
569000	250	859	1164	6971	1679	2543	23871	11585
570000	156	972	1179	7036	1406	2761	23837	11938
571000	197	834	1275	7242	1050	2739	25667	11109
572000	211	907	1340	6936	1048	2957	24376	11571
573000	243	817	1677	6444	1248	2722	23188	11563
574000	204	875	1490	7262	1132	2390	25206	10650
575000	301	863	1464	6932	1482	2254	25156	11106
576000	269	731	1314	7548	1410	2118	26419	9899
577000	235	812	1498	7727	1274	1774	26022	8586
578000	232	878	1466	7226	1421	2074	26083	10274
579000	167	866	1363	7665	1103	2197	26386	9715
580000	207	1044	1131	7296	1357	2432	25456	11591
581000	234	977	1088	7649	1177	2346	24886	10844
582000	192	1040	1295	7649	1144	2138	25826	9546
583000	224	930	1223	7589	1074	2384	25290	9304
584000	171	866	1220	7482	1452	2271	25484	11930
585000	214	861	1060	7376	1458	2547	24862	11053
586000	214	806	1243	7586	1417	2190	25012	11054
587000	206	1039	859	8107	1124	2274	25257	10712
588000	229	1027	865	8138	1181	2173	25922	9971
589000	205	952	1102	8460	1243	1578	27850	8737
590000	174	823	1402	8142	1169	1640	28231	8257
591000	168	975	1050	8854	867	1636	27643	7003
592000	168	995	1027	8707	849	1924	28378	7807
593000	187	999	1125	8635	772	1785	29007	7967
594000	242	995	1185	8468	781	1768	28567	7910
595000	217	958	1162	8582	906	1694	27866	8331
596000	213	939	1461	7730	1147	1820	26896	8848
597000	197	816	1110	8000	1548	1830	27074	9224
598000	196	848	1381	7973	1247	1720	27291	8640
599000	212	835	1565	7672	1322	1693	27790	8776
600000	250	703	1675	7449	1458	1592	27006	8540
601000	220	788	1261	7790	1421	1936	25869	9542
602000	264	942	1135	7407	1558	2165	25509	11603
603000	271	712	1503	6925	1696	2169	24839	10892
604000	183	576	1851	6809	1685	2028	25777	10696
605000	231	835	1676	6958	1398	2071	25299	10308
606000	195	842	1406	7102	1442	2332	24173	10543
607000	207	727	1568	6968	1556	2270	24652	11730
608000	194	858	1387	7732	1419	1791	26170	9758
609000	179	990	1286	7965	1351	1732	26223	9001
610000	217	921	1252	8320	1278	1423	28290	8843
611000	218	906	1309	8448	967	1566	27208	8073
612000	212	770	1699	8333	867	1306	29087	6117
613000	168	803	1790	8197	880	1321	30527	5670
614000	143	745	1903	7888	926	1570	28950	7566
615000	151	809	1969	7598	1123	1352	27267	7021
616000	173	895	1732	7956	956	1428	29745	6501
617000	191	671	1797	8203	1024	1189	29784	6301
618000	195	778	1685	8655	856	1055	29594	5760
619000	204	716	1848	8261	726	1266	29580	6575
620000	276	879	1718	7804	906	1580	26522	6911
621000	172	759	1804	7914	875	1598	28624	6969
622000	160	821	1481	8412	893	1597	29354	7609
623000	153	811	1553	8874	554	1388	29442	5938
624000	179	743	1489	8681	874	1291	30123	6451
625000	235	1063	1472	8553	592	1386	30024	5446
626000	142	850	1626	8673	503	1500	29194	5847
627000	184	778	1691	8043	891	1663	28603	6930
628000	199	873	1610	8202	727	1611	29200	6955
629000	227	682	1382	8229	841	2008	28106	7904
630000	198	933	1411	7843	940	2042	26903	8190
631000	245	981	1370	7702	1088	1976	25318	9396
632000	219	845	1471	7732	900	2115	26927	8498
633000	209	841	1511	7915	1179	1678	27122	7891
634000	178	786	1375	8045	1074	1899	27902	8633
635000	216	892	1230	8416	1064	1641	28478	7468
636000	133	932	1356	8230	936	1876	27684	8893
637000	131	1017	1389	8555	635	1611	29268	6646
638000	144	894	1236	8880	751	1581	29432	6530
639000	165	1035	1107	8677	868	1751	27927	8117
640000	178	1097	1023	8652	959	1732	27646	8130
641000	127	1196	996	8888	895	1555	28488	7186
642000	219	1011	1276	8435	961	1526	29140	7054
643000	128	930	1339	8313	1021	1665	28497	7164
644000	214	812	1260	8748	890	1511	30061	7468
645000	202	808	1341	8525	843	1742	28428	7518
646000	170	858	1246	8581	849	1761	28650	7294
647000	195	992	1217	8290	1026	1742	25792	8373
648000	212	915	1237	8082	1213	1825	27711	8743
649000	259	938	1384	7727	1053	1962	27750	8946
650000	266	839	1201	8306	1059	1749	27265	8820
651000	168	1074	1130	8278	1201	1708	27389	8954
652000	169	922	1071	8440	1100	1844	28368	8458
653000	226	993	891	8092	1249	2129	25051	10844
654000	140	1124	844	8261	1037	2270	27178	9227
655000	264	1091	1228	7450	1110	2297	24817	9646
656000	226	911	1289	7429	1267	2277	25610	10027
657000	211	776	1398	7607	1445	1961	25199	10231
658000	232	793	1501	7747	1091	1902	25362	9250
659000	212	877	1560	7774	1183	1581	26510	8588
660000	160	821	1695	7510	1355	1660	27256	8467
661000	185	765	1740	7270	1585	1543	27208	9062
662000	234	914	1500	7325	1365	1877	25858	8942
663000	285	805	1512	7923	1351	1345	27008	8086
664000	248	888	1616	7897	976	1557	27440	7382
665000	235	1039	1053	8676	919	1625	27796	8317
666000	150	1072	1067	9030	805	1487	29412	6819
667000	208	1158	905	9238	739	1351	29423	6290
668000	129	1300	888	9357	535	1484	29210	6098
669000	144	1200	1064	9142	671	1371	28956	6163
670000	134	984	1185	9245	630	1310	30998	5877
671000	149	888	1524	9045	515	1234	31306	4591
672000	156	1026	1599	9045	321	1122	31579	4315
673000	137	809	1563	9119	234	1477	30014	4903
674000	188	878	1720	8583	173	1613	29534	4993
675000	146	776	1615	8639	352	1731	29319	6328
676000	123	995	1361	8915	282	1740	29468	5983
677000	109	978	1148	9689	175	1476	31428	5420
678000	154	857	1512	9285	215	1271	30606	4095
679000	96	1044	1127	9537	212	1516	29880	5098
680000	124	1037	1173	9684	211	1365	31995	4079
681000	184	1140	1161	9419	288	1319	32059	4640
682000	98	1060	1261	9239	257	1626	30416	6335
683000	189	1060	1295	8908	407	1534	30045	5592
684000	141	1066	1271	9292	254	1404	31400	5254
685000	173	993	1162	9479	430	1323	29759	4943
686000	163	1219	1237	9258	331	1286	30700	4451
687000	115	1156	947	9771	438	1226	30875	4931
688000	100	1224	1009	9509	452	1336	31248	5183
689000	147	1129	933	9842	317	1288	29845	4732
690000	118	1011	1098	9988	315	1026	31181	3939
691000	112	1230	1092	9731	333	1116	31438	4170
692000	126	913	1236	9818	234	1221	32229	4658
693000	120	1178	1121	9647	291	1185	32087	4364
694000	129	940	1282	9814	212	1160	31855	3894
695000	187	923	1204	9721	217	1272	31705	4363
696000	164	1146	1074	9461	316	1380	31045	4263
697000	150	1223	869	9661	368	1435	30878	5421
698000	151	1036	1169	9307	315	1536	32058	5231
699000	162	1124	1301	9017	360	1490	28838	5532
700000	145	1000	1109	9491	340	1517	29843	5766
701000	160	981	1126	9602	190	1467	30512	4548
702000	117	1021	1083	9625	244	1495	31499	5189
703000	104	1029	972	9562	221	1773	30495	6052
704000	92	1126	880	10074	181	1397	32134	5103
705000	112	1278	961	9843	100	1332	30527	4873
706000	119	1217	1100	10132	177	863	32096	3092
707000	145	1132	1221	9921	250	922	33236	3583
708000	161	971	1223	9843	205	1022	30699	4005
709000	108	1051	1194	9947	104	1096	33130	3604
710000	70	1084	1044	10323	83	1070	32790	3238
711000	122	1067	1280	10051	26	962	32373	2675
712000	138	984	1273	9889	106	1044	34142	2899
713000	107	1086	1158	10168	202	805	34716	3149
714000	89	1081	1123	10205	253	817	33130	3506
715000	131	1097	1133	9982	302	867	32380	3404
716000	131	1114	1047	10115	290	896	32951	3835
717000	96	1011	1164	10249	155	922	32860	3333
718000	118	965	1111	10245	279	841	33369	3166
719000	194	904	1435	9887	227	689	33828	2353
720000	128	775	1561	9803	324	697	33115	2733
721000	186	978	1427	9700	388	726	32264	3375
722000	132	979	1250	9771	485	844	32227	4115
723000	134	849	1448	9940	394	573	32166	3325
724000	183	948	1403	9821	283	751	32432	2707
725000	149	1056	1092	10545	179	509	33702	2066
726000	139	1087	1180	10451	269	372	34859	2098
727000	149	1153	1241	10338	223	311	35007	1562
728000	162	848	1731	9933	200	350	32907	1622
729000	133	890	1720	10006	181	316	35150	1411
730000	195	817	1662	10059	256	237	33927	1615
731000	180	730	1891	9682	290	327	33541	1841
732000	172	867	1521	10182	314	268	33492	1586
733000	197	883	1708	9966	216	222	33647	1482
734000	142	909	1612	10209	169	157	33712	1242
735000	185	909	1585	10108	190	277	35604	1223
736000	149	827	1586	10418	75	249	34172	1152
737000	87	1077	1268	10787	56	223	35404	736
738000	93	1032	1295	10999	20	117	34824	485
739000	136	1163	1235	10860	42	106	35029	290
740000	130	1036	1314	10756	45	95	36414	437
741000	89	1051	1531	10533	69	85	34861	510
742000	126	1120	1448	10557	53	100	34386	550
743000	125	959	1665	10271	133	134	34427	1059
744000	145	992	1440	10571	19	202	35481	390
745000	90	908	1426	10777	4	224	35365	886
746000	70	950	1191	11075	0	248	35119	715
747000	162	891	1438	10736	23	116	35471	460
748000	126	854	1495	10655	36	187	35599	560
749000	171	883	1788	10052	15	217	35299	768
750000	111	865	1838	10078	0	231	33653	930
751000	151	769	2118	9849	0	83	35098	169
752000	145	804	1482	10854	0	42	36655	189
753000	122	994	1251	11145	0	0	35435	4
754000	163	1058	1197	10987	49	22	34808	329
755000	99	956	1143	11332	0	14	37443	4
756000	98	1083	1256	11052	13	19	34359	47
757000	120	1218	1193	10979	0	22	36218	72
758000	125	923	1227	11103	125	10	37022	364
759000	157	1134	1093	11003	101	67	34551	541
760000	181	1056	1181	10828	110	136	34547	625
761000	92	890	1391	10934	9	126	36122	563
762000	117	1048	1602	10463	0	85	36477	241
763000	183	967	1558	10454	38	44	33767	329
764000	92	972	1597	10531	43	71	34653	303
765000	78	1007	1398	10893	2	52	34928	249
766000	113	1032	1730	10371	0	4	35210	0
767000	144	775	1480	10840	74	28	35914	344
768000	138	1066	1491	10594	44	33	35926	374
769000	105	943	1343	11059	0	18	36000	25
770000	145	1052	1198	11101	0	19	34938	141
771000	165	921	1348	10920	0	45	35914	106
772000	113	1030	1293	10993	0	57	35550	228
773000	164	894	1249	11107	0	53	35759	183
774000	138	919	1574	10628	0	31	34688	114
775000	94	880	1685	10457	0	63	36232	170
776000	172	890	1477	10786	2	2	35672	69
777000	179	1098	1257	10771	134	1	35063	290
778000	156	887	1365	10906	89	18	35112	388
779000	151	924	1338	10749	213	61	35309	810
780000	118	1135	1399	10538	224	20	34041	644
781000	123	1010	1360	10601	246	97	35885	972
782000	135	1113	1227	10744	164	94	34898	522
783000	111	1090	1089	11019	187	90	35767	820
784000	122	1275	1126	10792	157	64	34897	485
785000	107	1072	1271	10796	190	116	35438	1000
786000	141	928	1074	11052	183	165	36719	987
787000	110	1042	1304	10686	50	257	35414	857
788000	102	1032	1232	10620	108	339	34858	1474
789000	118	973	1239	10718	118	334	35334	1297
790000	140	964	1202	10800	165	248	34033	1291
791000	104	1052	1105	10839	111	343	34700	1507
792000	161	911	1127	10978	102	260	35108	832
793000	137	976	1137	11079	65	219	35092	875
794000	164	963	1299	10810	33	233	35053	633
795000	103	1063	1288	10903	25	143	34827	518
796000	107	1078	1187	10950	11	193	34073	513
797000	74	991	1338	10828	1	268	35201	806
798000	142	1122	1306	10654	34	240	34165	867
799000	132	1026	1312	10706	13	239	34343	821
800000	107	1186	1101	11007	25	157	35151	591
801000	95	1050	1090	11158	31	201	35497	629
802000	101	1202	955	11246	65	138	34450	648
803000	109	1118	1026	11340	7	48	35233	229
804000	96	1061	1195	11008	29	116	35595	251
805000	147	1072	1224	10959	46	97	34376	346
806000	128	1003	1502	10521	26	158	35207	654
807000	195	873	1780	10004	0	265	33012	631
808000	212	842	1557	10281	1	420	34953	1304
809000	158	754	1851	10172	16	171	35436	573
810000	138	869	1867	10133	3	150	34111	387
811000	171	937	1838	9945	2	202	33523	613
812000	112	1043	1344	10784	23	151	33881	499
813000	115	1018	1253	10924	18	196	35430	523
814000	156	873	1535	10459	24	199	34672	501
815000	121	826	1820	10099	18	251	35242	967
816000	174	968	1613	10231	60	212	35922	953
817000	109	1032	1658	10298	47	129	35321	748
818000	114	929	1569	10489	125	101	36038	737
819000	132	1035	1547	10513	54	40	34187	290
820000	133	892	1423	10869	44	10	35562	353
821000	100	816	1441	11003	14	2	35862	41
822000	121	931	1313	11006	49	4	35261	147
823000	170	1084	1442	10673	3	21	35269	76
824000	181	950	1793	10147	107	0	34275	58
825000	133	880	1724	10461	27	38	35713	160
826000	160	975	1543	10565	31	49	34622	152
827000	131	848	1368	11046	32	11	35855	331
828000	113	1013	1380	10954	22	0	34572	89
829000	103	1075	1093	11169	158	0	36399	480
830000	119	1037	1609	10387	82	0	35273	249
831000	150	977	1873	9947	35	87	35700	376
832000	121	653	2194	9879	26	28	35620	189
833000	181	738	2203	9658	62	83	34127	441
834000	166	822	2107	9735	64	97	33797	341
835000	179	720	2140	9615	47	192	34628	367
836000	173	961	1715	9882	104	402	33292	1739
837000	140	1045	1178	10719	107	292	33558	1159
838000	128	987	1319	10637	32	315	35555	1029
839000	123	1011	1393	10528	99	225	35662	867
840000	99	1113	1334	10486	163	255	34727	1426
841000	149	1081	1393	10267	187	230	33933	1315
842000	145	918	1563	10211	192	264	33696	1031
843000	116	996	1373	10389	178	355	35395	1583
844000	85	1040	1101	10784	140	436	35349	1906
845000	124	1095	1107	10683	89	473	33905	1468
846000	118	1037	1174	10568	180	443	34250	1611
847000	110	1158	1096	10543	267	420	34221	2110
848000	161	1087	1148	10294	302	484	33562	2266
849000	104	1152	1214	10236	254	522	34836	2066
850000	136	1232	1026	10535	228	542	34866	2360
851000	144	1176	931	10687	156	568	34074	2055
852000	139	1226	1032	10606	85	543	34679	1649
853000	121	1102	1081	10410	109	728	33223	2431
854000	113	1111	1236	10101	91	820	32487	2800
855000	184	928	1551	9473	96	1064	32300	2807
856000	187	931	1336	9743	199	1062	32722	3620
857000	95	1025	1287	9486	277	1265	31248	4659
858000	131	865	1192	9970	224	1166	31733	3952
859000	172	962	1433	9367	351	1073	32949	4439
860000	138	934	1264	9731	355	1043	32834	4538
861000	125	927	1497	9533	310	929	31799	3958
862000	172	762	1616	9455	472	769	31573	3570
863000	205	744	1977	8668	556	824	31066	3626
864000	175	730	1963	9242	249	692	33088	2798
865000	145	788	1745	9352	386	852	33112	3594
866000	197	797	1739	9256	404	790	30739	3559
867000	192	800	1505	9498	530	842	31790	3888
868000	236	852	1589	9018	629	907	31300	4450
869000	141	812	1628	9228	423	1024	31040	4125
870000	206	959	1618	9141	482	831	30864	4031
871000	176	911	1613	8981	522	1010	31310	4564
872000	272	820	1497	8585	859	1148	29558	5965
873000	216	691	1436	8710	1247	1037	28741	6391
874000	183	797	1384	8663	1356	955	30188	7495
875000	254	925	1626	8162	1021	1149	30065	6677
876000	195	807	1270	8521	1127	1473	30169	8163
877000	197	934	1323	8301	1270	1400	29315	7864
878000	179	791	1351	8090	1304	1669	27640	8524
879000	249	811	1291	7985	1387	1676	26214	9081
880000	176	932	1193	8234	1215	1747	27149	8484
881000	216	944	1199	8423	1173	1507	28743	8004
882000	209	794	1557	8052	985	1612	29005	7339
883000	242	809	1537	8103	974	1594	27021	8202
884000	163	842	1283	8773	820	1546	28637	6777
885000	170	892	1550	8236	818	1596	28426	6967
886000	171	972	1227	8360	838	1884	27597	8219
887000	186	913	1471	7891	907	1935	27247	7707
888000	170	777	1553	7948	828	1977	28294	8458
889000	147	915	1532	8087	930	1720	28224	7952
890000	232	747	1439	8156	863	1897	28050	8739
891000	125	884	1636	8178	600	1804	27238	6972
892000	168	951	1142	8741	701	1863	27691	6941
893000	144	1137	907	8708	583	2139	27920	7645
894000	116	1082	957	8692	507	2283	29123	7948
895000	109	1215	999	8425	645	2244	27226	8288
896000	180	1082	1012	8385	863	2088	27352	8768
897000	223	1173	882	8302	996	2066	26665	8880
898000	152	1071	1108	8101	1036	2090	26512	9130
899000	205	933	1280	7900	1046	2081	26737	8730
900000	154	868	1085	8158	1098	2239	26324	9753
901000	242	986	1076	7565	1117	2571	25074	10453
902000	249	871	1063	7040	1276	2997	22815	13141
903000	158	953	1192	6907	1409	2922	22864	12201
904000	252	921	1209	6788	1311	2936	22525	12241
905000	236	914	964	7347	1143	2976	23910	10940
906000	156	909	1040	7607	1220	2633	24526	11340
907000	208	988	928	7758	1260	2456	25475	10727
908000	206	1034	829	8207	1143	2270	27437	9741
909000	187	1148	875	7743	1143	2582	25345	10918
910000	199	1093	858	8029	1020	2490	26291	10489
911000	148	1101	970	7854	1151	2387	25205	10189
912000	200	927	1224	7425	970	2727	25168	9816
913000	154	1011	1147	7865	1057	2281	26426	9655
914000	180	991	1107	7471	1094	2692	24998	10784
915000	173	1050	1225	7077	957	2938	24090	12193
916000	111	955	1117	7196	1078	3076	24037	11641
917000	188	1079	1082	7715	924	2570	25385	10027
918000	151	895	1278	8213	911	1989	28450	8496
919000	166	948	1326	8077	953	1943	27668	8078
920000	213	855	1457	7836	1017	1937	27885	8891
921000	274	774	1626	7432	853	2295	26136	8616
922000	169	985	1371	7373	766	2729	25978	10704
923000	212	841	1174	7534	917	2787	25714	10953
924000	198	831	1610	7282	561	2692	26448	8844
925000	153	892	1524	7698	502	2506	27330	8642
926000	194	894	1142	7746	668	2780	25592	9571
927000	172	955	1068	7789	901	2679	26431	10491
928000	171	980	990	7545	1107	2806	25686	10636
929000	190	976	1005	7613	1002	2816	24748	11408
930000	147	1187	931	7460	894	3094	23309	11733
931000	140	1099	965	7401	964	3113	23443	12597
932000	122	1103	1002	7832	999	2595	25536	10653
933000	139	1193	921	7697	812	2932	26167	10825
934000	146	1114	874	7843	801	2918	24903	11043
935000	146	940	1098	7547	970	2835	25337	11078
936000	212	1097	967	7407	1040	2839	23566	11046
937000	199	978	1102	7231	986	3069	23864	11327
938000	205	1097	1314	7225	883	2641	24458	9784
939000	227	912	1276	7366	994	2659	25065	10142
940000	178	855	1185	7478	1067	2704	25984	11297
941000	270	717	1673	7092	867	2535	24692	9768
942000	239	733	1654	7372	1032	2148	25937	8782
943000	215	788	1793	7014	1213	2037	25903	9538
944000	206	627	1784	7199	1270	2037	26679	9572
945000	239	680	1635	7416	1179	2043	26126	9163
946000	273	891	1412	7481	1335	1822	25685	9441
947000	249	1005	1151	7676	1385	1979	25488	10223
948000	258	703	1314	7426	1697	1980	25561	10842
949000	176	812	1278	7873	1186	2092	26561	9608
950000	205	960	1127	7791	1706	1720	26386	10045
951000	244	947	1126	8028	1553	1604	27217	8730
952000	264	906	1314	8219	1249	1412	27444	8182
953000	175	1061	1680	7759	1203	1360	26255	7415
954000	224	647	2014	7783	979	1366	27797	7195
955000	153	787	1501	7985	1157	1760	27077	8422
956000	154	861	1497	8309	974	1571	28524	7513
957000	279	929	1554	7515	1211	1709	26866	8352
958000	185	727	1499	7702	1445	1757	25455	9094
959000	225	1006	1229	7687	1593	1656	24758	9691
960000	220	903	1212	7731	1706	1652	25350	9998
961000	248	945	1106	7680	1852	1663	25746	10047
962000	222	761	1454	7206	1852	1784	25640	10352
963000	289	733	1515	7110	1924	1697	25772	10716
964000	274	738	1461	7385	1828	1616	25824	9651
965000	246	796	1484	6784	1981	2013	24412	11428
966000	287	660	1549	7382	1619	1798	24821	10442
967000	335	798	1570	7773	1132	1550	27552	8546
968000	185	889	1393	8049	1201	1694	26241	7930
969000	273	945	1460	7604	1181	1803	27018	9133
970000	211	946	1329	7835	1077	1991	26912	8717
971000	233	798	1654	7553	802	2143	26315	8941
972000	142	723	1925	7701	721	1891	28279	8231
973000	314	753	1812	8048	640	1484	28064	6846
974000	177	808	1484	8592	797	1479	29020	6834
975000	180	832	1722	8051	1072	1344	27942	7510
976000	238	818	1703	8046	1023	1328	28596	7071
977000	249	912	1593	8162	1095	1247	29356	7083
978000	234	661	1978	7525	933	1596	27587	8020
979000	177	760	1621	8155	831	1730	28927	6942
980000	173	709	1470	8354	876	1750	29711	7048
981000	230	919	1278	7914	1139	1942	28301	9259
982000	216	909	1230	8021	1034	2045	26018	8906
983000	211	864	1234	7536	1137	2499	25310	9815
984000	173	949	1141	8266	887	2128	26749	9664
985000	189	980	1021	8551	996	1859	27542	8758
986000	148	803	1430	8201	766	2037	28576	7605
987000	173	864	1288	8188	804	2105	28145	8541
988000	236	887	1365	8099	1021	1777	28256	7409
989000	184	850	1458	7751	721	2299	27075	8580
990000	246	852	1363	7822	1067	1962	26588	8771
991000	188	1018	1436	7834	941	1941	27013	8234
992000	212	785	1517	7643	1138	2068	26461	8717
993000	238	698	2077	7197	1252	1532	26388	8606
994000	221	664	1604	7988	1107	1595	28726	7615
995000	246	807	1668	7919	1116	1390	28920	7871
996000	203	910	1303	8282	911	1811	27989	8214
997000	191	1001	1281	8373	867	1761	27750	7592
998000	165	939	1202	8280	1003	1891	27708	7876
999000	257	893	1544	7949	1012	1608	27479	7259
