0	0	0	0	14400	0	0	0	0
1000	56	1409	629	11661	67	35	36436	373
2000	128	1116	1099	11095	12	94	35996	254
3000	87	1085	1185	11203	0	2	36174	8
4000	86	1158	1348	10774	103	0	35416	289
5000	128	917	1597	10499	83	8	34219	235
6000	180	869	1801	10162	41	30	34529	256
7000	114	769	1913	10249	8	39	34244	126
8000	105	746	1915	10307	5	33	35108	248
9000	128	870	1783	10353	0	42	34941	104
10000	122	815	1914	10192	0	62	35858	109
11000	133	906	1777	10325	0	42	35027	86
12000	177	854	1934	9950	0	91	36576	305
13000	160	840	1968	10087	7	6	35307	8
14000	170	848	2382	9254	123	9	33000	432
15000	188	715	2267	9602	69	5	34421	242
16000	208	788	2142	9611	113	0	34074	222
17000	189	821	2132	9577	97	51	34397	552
18000	206	641	2441	9242	142	64	33804	520
19000	213	670	2628	8683	356	112	33044	1066
20000	309	526	2866	8285	188	193	31910	1365
21000	203	489	3076	8132	48	242	31968	727
22000	260	564	2855	8639	2	167	33738	533
23000	241	724	2886	8398	9	20	32168	70
24000	251	420	3458	7672	32	68	33228	199
25000	195	538	3645	7415	0	22	31527	49
26000	242	503	2932	8554	32	107	33925	579
27000	221	606	2799	8601	68	148	33362	532
28000	240	711	2608	8758	52	175	34334	637
29000	194	640	2682	8758	160	114	32813	595
30000	254	801	2291	8969	125	238	34252	1012
31000	181	843	2441	8856	132	217	32928	1048
32000	168	597	2630	8935	171	126	33498	955
33000	152	777	2342	9056	178	237	34045	1375
34000	222	603	2567	8842	147	265	33361	1183
35000	245	870	2162	9295	125	172	31771	1104
36000	113	666	2201	9604	92	308	34120	1211
37000	179	765	2461	9035	99	59	34325	498
38000	288	597	2753	8523	214	88	32342	661
39000	174	707	2641	8698	179	132	31361	951
40000	219	564	2680	8773	222	23	33885	761
41000	125	596	3046	8405	121	30	33136	634
42000	163	599	2765	8968	37	33	34608	195
43000	250	648	2526	9157	97	0	34854	164
44000	155	541	2914	8573	85	57	33198	303
45000	228	637	2507	9041	8	189	34389	596
46000	219	781	2296	9326	40	232	33686	885
47000	160	772	1866	9765	51	483	33876	1667
48000	122	787	1868	9992	27	334	34903	1171
49000	83	913	1646	10270	26	302	36245	1116
50000	165	839	1829	9967	59	279	32431	1118
51000	203	834	2067	9558	90	262	34381	1077
52000	232	681	2339	9068	128	266	33719	897
53000	173	638	2742	8639	96	282	32974	1024
54000	217	693	2429	9166	201	93	33331	988
55000	160	796	2494	9086	37	55	32920	383
56000	205	750	2264	9573	44	84	32793	475
57000	216	701	2465	9264	60	22	33882	398
58000	270	731	2352	9352	51	0	33865	133
59000	168	680	2215	9628	100	15	34019	299
60000	227	673	2445	9218	7	61	35876	226
61000	202	571	2917	8520	3	133	34072	365
62000	231	618	3101	8246	13	66	33455	441
63000	188	596	3289	7932	110	1	32458	152
64000	327	656	2862	8276	190	8	33293	643
65000	266	586	2661	8678	218	88	31816	915
66000	194	639	2922	8372	84	129	34322	701
67000	210	543	2774	8763	88	159	32579	824
68000	132	632	2846	8529	78	193	32824	623
69000	181	530	2816	8694	70	175	32876	889
70000	220	703	2675	8801	95	89	33130	764
71000	219	590	2826	8721	88	80	33325	649
72000	206	596	2414	9361	51	118	34242	375
73000	143	859	2056	9808	0	81	34404	284
74000	195	792	2278	9366	2	192	35214	461
75000	178	678	2364	9432	3	131	35273	295
76000	144	638	2613	9099	1	165	32848	491
77000	171	705	2308	9384	38	109	34453	351
78000	188	637	2457	9353	29	38	32937	291
79000	246	656	2747	8630	152	38	34566	493
80000	209	626	3024	8354	134	0	33092	394
81000	213	597	3054	8324	28	1	32530	59
82000	215	532	2648	9044	0	56	33209	203
83000	291	515	2750	8794	0	109	35009	241
84000	307	664	2696	8716	0	37	33381	212
85000	150	532	2949	8694	0	0	33768	2
86000	131	658	2543	9143	89	21	34047	249
87000	182	669	2697	8945	32	11	32352	124
88000	160	633	2793	8882	61	5	34038	257
89000	198	595	2586	9165	0	0	34801	9
90000	163	544	2972	8666	32	20	33466	224
91000	178	628	2727	8954	0	0	33901	3
92000	209	650	2683	8945	6	4	33764	53
93000	151	696	2333	9536	25	0	35139	155
94000	195	719	2211	9706	83	3	34158	189
95000	217	683	2591	9072	47	1	34367	176
96000	220	650	2543	9055	117	13	35111	265
97000	233	641	2766	8569	243	0	33973	655
98000	212	538	2907	8624	94	29	34012	392
99000	212	483	3038	8615	0	0	34357	2
100000	178	885	2333	9285	72	19	33831	206
101000	200	720	2288	9426	42	97	33350	469
102000	252	742	2070	9751	49	147	33563	561
103000	226	664	2431	9287	73	114	33940	382
104000	226	661	2089	9726	77	157	35361	656
105000	183	695	2234	9565	120	91	33925	572
106000	181	758	2500	8943	224	47	31151	989
107000	175	679	2426	9349	114	45	32442	407
108000	168	538	3023	8369	114	68	33730	613
109000	230	604	2676	9005	15	0	33681	40
110000	213	625	2495	9331	30	9	33436	82
111000	283	727	2527	9073	38	2	34755	161
112000	108	719	2159	9939	9	1	35174	56
113000	157	610	2462	9471	8	0	35667	34
114000	236	660	2365	9395	108	0	33491	90
115000	230	663	2303	9541	43	3	33517	93
116000	150	844	1974	9979	103	4	35591	150
117000	149	870	1895	10165	32	36	34698	181
118000	148	833	2158	9524	34	185	33392	537
119000	163	671	2175	9513	198	151	34669	867
120000	177	752	2315	9522	46	43	33077	373
121000	144	809	2143	9689	108	5	35027	312
122000	155	896	1940	9955	71	15	34803	303
123000	160	681	2079	10031	16	2	36301	118
124000	119	842	2172	9820	30	3	35172	159
125000	184	677	2175	9874	0	0	35078	4
126000	196	760	2247	9575	7	17	33545	61
127000	164	730	2277	9553	0	27	34224	82
128000	182	657	2503	9309	0	0	34122	1
129000	181	811	2302	9449	31	17	34523	143
130000	133	831	1793	10358	31	0	36022	101
131000	178	710	2469	9295	36	14	34270	118
132000	164	665	2578	9120	0	48	34365	167
133000	183	633	2313	9700	2	72	33688	260
134000	190	742	2338	9396	58	84	34371	397
135000	164	834	2190	9447	199	26	34459	439
136000	206	796	2115	9727	80	3	33686	191
137000	217	759	2115	9776	28	15	35229	219
138000	171	813	2298	9448	65	31	34231	147
139000	190	603	2529	9363	52	12	33464	276
140000	93	890	2140	9813	19	12	35815	43
141000	176	619	2012	10038	101	0	35309	46
142000	148	747	2078	10023	15	48	34839	198
143000	191	716	2234	9554	102	7	34296	388
144000	114	732	1879	10273	81	20	34816	361
145000	204	683	2116	9848	45	28	35144	170
146000	128	749	1799	10458	44	32	36037	160
147000	163	742	2132	9821	44	8	34392	170
148000	247	613	2496	9318	6	0	33759	28
149000	219	526	2688	8975	30	14	34079	111
150000	215	539	2830	8702	71	134	32563	617
151000	174	591	2803	8752	29	107	32842	638
152000	146	699	2275	9580	3	151	33597	308
153000	164	659	2405	9452	43	56	33847	111
154000	146	683	1804	10329	15	118	34377	424
155000	181	855	1926	9909	28	171	33684	405
156000	206	745	2124	9592	12	171	35480	675
157000	174	729	2423	9260	1	146	33601	456
158000	213	780	2180	9439	39	189	33560	513
159000	173	551	2315	9423	53	174	34016	779
160000	145	774	2168	9690	0	88	34845	202
161000	152	703	2389	9473	0	93	32877	409
162000	177	661	2295	9719	0	43	35706	87
163000	147	661	2327	9736	12	3	34130	23
164000	160	728	2258	9610	88	3	35473	236
165000	205	576	2862	8659	73	0	34341	215
166000	141	494	2857	8981	57	16	33919	133
167000	164	617	2883	8651	8	83	34277	102
168000	193	520	2700	8971	0	125	32983	345
169000	158	497	2993	8707	0	48	33776	141
170000	195	586	2941	8561	0	35	34068	102
171000	242	477	2975	8544	105	0	34322	378
172000	184	482	2868	8874	31	0	34420	91
173000	133	710	2512	9349	56	17	34353	189
174000	195	738	2682	8890	98	33	34484	480
175000	185	665	2645	8933	85	58	34197	490
176000	157	478	2733	8898	184	109	33168	945
177000	224	518	3193	7960	72	203	33336	761
178000	158	528	2998	8388	133	185	33920	805
179000	197	559	3122	8085	250	90	33988	994
180000	178	457	3329	7691	380	75	32463	1247
181000	253	463	4142	6310	238	50	30613	872
182000	257	306	4613	5495	49	91	29646	268
183000	274	429	4368	6041	93	23	29310	600
184000	339	410	4612	5351	54	14	29716	171
185000	318	358	4471	5766	16	0	30639	68
186000	221	452	4767	5403	0	0	29992	19
187000	345	368	4224	6066	87	0	30885	185
188000	241	353	3939	7028	49	0	31931	189
189000	284	438	3403	7791	64	0	33812	164
190000	271	477	3214	7610	308	66	32262	1069
191000	238	566	2999	7913	486	100	30205	1806
192000	300	519	3607	6755	344	215	30773	1647
193000	221	510	3844	6602	166	310	30635	1436
194000	304	456	4046	6057	522	128	28840	2160
195000	258	402	4157	5942	466	145	29894	1748
196000	268	339	3924	6375	322	251	29952	1228
197000	248	363	3945	6144	371	460	30045	2099
198000	238	444	4137	5948	410	250	29490	1496
199000	303	445	4542	5097	227	436	26615	2061
200000	345	314	4410	5320	348	426	28410	2292
201000	347	355	4506	5171	270	299	29444	1867
202000	317	430	4189	5809	207	293	28482	1701
203000	242	381	4177	5900	218	286	29970	1583
204000	278	450	3647	6770	330	341	29969	1800
205000	296	549	3815	6356	438	234	30209	1719
206000	292	463	3801	6605	127	401	30532	1750
207000	263	489	4147	6021	79	374	29053	1581
208000	273	467	3618	7236	122	135	30662	870
209000	285	523	3431	7443	199	60	33009	602
210000	260	524	3757	6917	174	35	32090	711
211000	209	550	3811	7106	84	55	30326	492
212000	336	419	4449	5887	34	0	29002	159
213000	231	392	4721	5490	0	0	27971	59
214000	283	322	4450	5879	0	0	30668	1
215000	264	383	4269	6357	0	0	30801	1
216000	264	494	3409	7602	77	20	32453	285
217000	215	628	3856	7046	18	2	31354	45
218000	294	415	3772	7127	39	0	32653	136
219000	274	544	3588	7281	51	0	32030	145
220000	294	434	3433	7747	2	30	32253	49
221000	181	540	3154	8198	164	4	32751	350
222000	152	629	3060	8263	279	20	34187	770
223000	204	655	2596	8596	514	64	33719	1490
224000	163	647	2620	8677	363	138	33309	1434
225000	215	517	3209	7607	356	188	33298	1602
226000	124	600	2859	8478	174	276	32110	1303
227000	179	714	2387	8910	228	278	33690	1387
228000	152	644	2633	8686	254	260	34027	1872
229000	244	649	2661	8703	126	143	32779	673
230000	195	707	2638	8495	260	312	32037	1232
231000	235	758	2667	8328	180	408	31846	1806
232000	289	433	3093	7838	150	334	31470	1570
233000	186	529	3262	7754	113	288	32849	1028
234000	259	549	3018	8317	72	100	32229	716
235000	223	583	2944	8421	17	95	33764	333
236000	133	632	3274	8068	0	0	32416	17
237000	186	565	3002	8494	33	4	33730	112
238000	162	624	2828	8932	0	0	34303	1
239000	270	581	2813	8657	0	0	33332	2
240000	182	732	2576	9008	108	29	34046	403
241000	257	590	2407	9182	283	50	33957	960
242000	181	605	2785	8748	154	34	33881	533
243000	158	717	2803	8839	8	0	33841	43
244000	160	721	2605	9050	110	0	33799	82
245000	174	657	2382	9395	110	101	34264	543
246000	120	720	2064	9908	113	131	35286	670
247000	215	617	2493	8982	51	286	34191	994
248000	218	647	2797	8568	4	217	33923	630
249000	188	606	3120	8116	2	218	33091	699
250000	228	585	2930	8304	27	187	32686	534
251000	267	817	2913	8104	156	123	31194	683
252000	198	674	2728	8723	101	143	32649	949
253000	210	553	3120	8241	23	99	32003	462
254000	171	700	2423	9068	27	295	32802	1063
255000	147	634	2308	9332	132	268	34068	1113
256000	197	669	2236	9479	132	184	34043	859
257000	178	775	2228	9323	138	267	34239	1145
258000	157	810	1988	9698	181	161	33917	988
259000	140	715	2288	9520	40	171	34326	737
260000	182	730	2205	9579	48	173	34341	460
261000	176	690	2374	9297	41	198	32357	886
262000	240	736	2502	8985	6	109	33688	309
263000	209	702	2889	8326	77	213	34040	923
264000	265	506	2665	8681	60	318	33447	1077
265000	201	660	2417	9195	94	153	33375	803
266000	196	534	2982	8389	187	71	33375	743
267000	198	584	2739	8741	100	97	34519	535
268000	170	673	2416	9315	54	73	34895	356
269000	195	710	2377	9208	115	93	33520	493
270000	195	741	2480	8960	144	84	31837	632
271000	191	507	2581	9025	150	93	34431	1102
272000	111	722	2359	9356	220	26	34194	758
273000	207	612	2466	9043	204	71	32976	966
274000	199	638	2489	9134	162	67	34793	580
275000	156	585	2679	9020	92	99	34264	379
276000	170	807	2414	9119	41	216	32566	840
277000	193	732	2269	9259	137	254	34538	968
278000	168	702	2165	9481	167	292	32851	1210
279000	135	772	1957	9553	129	461	33656	1992
280000	197	723	1969	9701	157	289	33950	1401
281000	147	841	1970	9761	38	284	34098	1440
282000	182	652	2486	8801	167	337	32876	1459
283000	169	678	2685	8757	92	150	32729	1014
284000	163	556	2725	8945	25	99	34138	509
285000	263	506	3008	8361	39	85	33790	469
286000	265	580	3268	7904	23	55	33038	237
287000	231	360	3931	7065	0	0	31956	3
288000	232	447	3697	7303	92	0	32202	179
289000	230	485	3446	7740	34	0	32656	85
290000	161	629	2645	9157	0	15	34449	112
291000	174	682	2084	9859	118	30	33666	506
292000	218	640	2112	9695	169	51	35560	704
293000	197	565	2509	9238	171	13	34219	666
294000	135	484	2777	9100	37	20	33639	180
295000	159	759	2809	8611	24	117	32749	397
296000	200	524	2702	9061	25	115	34560	505
297000	362	533	2674	8895	12	21	33648	147
298000	144	564	3002	8605	0	31	34125	11
299000	164	485	3038	8551	80	0	34399	120
300000	234	480	3431	7787	122	1	33268	314
301000	165	496	3578	7459	135	3	30805	613
302000	271	494	3631	7427	0	0	31993	17
303000	228	466	3097	8458	0	0	34320	1
304000	138	607	2450	9320	181	67	34924	677
305000	167	652	2168	9694	105	79	33778	649
306000	186	727	2425	9350	53	45	34519	243
307000	134	651	2352	9629	57	0	35018	91
308000	228	664	2259	9560	105	36	35760	228
309000	210	731	2470	9074	165	64	34875	598
310000	167	661	2346	9399	132	110	33392	651
311000	176	767	2435	9149	86	101	33795	549
312000	138	739	2031	9764	59	239	35540	824
313000	171	739	2242	9584	9	102	33526	428
314000	205	674	2421	9223	48	181	33247	613
315000	207	699	1981	9931	0	202	33989	487
316000	160	750	2412	9396	3	67	34077	310
317000	180	793	2021	9907	1	162	34320	357
318000	186	760	2088	9798	40	47	34557	127
319000	151	793	2210	9633	6	72	35345	219
320000	236	783	2394	9070	14	232	34895	455
321000	225	636	2414	9323	29	141	34142	463
322000	131	772	2340	9440	38	103	34340	296
323000	160	727	2095	10045	0	21	36877	144
324000	138	788	2036	10066	6	1	35491	89
325000	176	738	2086	9865	77	10	34709	212
326000	184	739	2541	9184	36	0	32580	170
327000	186	753	2434	9365	0	0	33404	3
328000	240	831	2316	9461	21	0	34863	7
329000	201	662	2083	9997	51	0	36027	74
330000	201	807	2120	9751	27	14	33543	62
331000	171	601	2328	9686	7	27	34196	72
332000	144	737	2240	9696	0	50	35476	133
333000	175	729	2420	9312	0	136	34212	201
334000	175	644	2388	9399	9	122	34238	443
335000	204	733	2440	9370	0	48	33980	159
336000	184	697	2570	9032	0	87	34038	178
337000	107	675	2782	8927	33	26	34524	221
338000	247	683	2249	9525	0	83	34674	302
339000	186	569	2927	8658	0	68	33576	372
340000	203	515	2928	8602	174	0	33436	449
341000	241	582	3333	7871	37	21	31890	171
342000	178	567	3199	8212	22	1	33592	77
343000	206	515	3157	8320	46	0	32926	206
344000	193	480	3092	8439	46	0	32614	129
345000	184	481	3002	8647	26	0	34171	149
346000	216	647	2748	8880	24	18	33707	86
347000	145	693	2641	9129	0	0	34561	1
348000	175	662	2682	8998	90	1	34428	222
349000	109	595	2896	8738	59	26	35006	152
350000	156	521	3269	8041	0	79	33063	286
351000	169	461	3350	7904	2	94	34219	466
352000	210	510	3029	8433	0	55	34333	193
353000	265	484	3102	8224	0	154	33165	535
354000	182	437	3271	8050	0	80	32824	185
355000	236	587	3050	8314	18	61	31462	289
356000	239	563	3183	8265	0	0	33690	13
357000	220	457	3171	8252	40	0	33162	194
358000	121	518	3422	8046	0	0	33857	2
359000	227	588	3390	7688	34	64	32354	235
360000	169	465	3419	7945	17	7	33655	116
361000	171	427	3488	7928	52	10	32842	486
362000	216	533	3900	6947	0	0	31422	8
363000	274	562	3174	8037	47	31	32966	259
364000	265	472	3001	8409	0	153	34839	231
365000	198	658	2679	8961	0	45	33590	177
366000	214	600	2507	9174	0	157	33484	284
367000	156	576	2930	8527	22	206	34616	539
368000	171	818	2327	9237	41	249	32779	802
369000	195	658	2397	9197	51	257	33528	1071
370000	173	684	2854	8582	2	162	33177	629
371000	195	543	2957	8253	2	361	32783	1162
372000	192	709	2696	8746	3	234	32753	767
373000	158	572	2873	8489	19	311	32774	958
374000	180	575	2780	8493	5	405	32988	940
375000	249	644	2844	8201	24	435	32875	1409
376000	284	559	3123	7727	74	466	31233	1156
377000	280	492	3426	6954	36	696	32066	1845
378000	334	436	3535	6528	305	732	30288	3136
379000	267	495	3495	6498	273	919	29949	3408
380000	250	428	3207	7273	171	764	30953	2819
381000	268	658	3124	7308	104	696	30395	2599
382000	186	618	3336	6610	357	1000	29602	2941
383000	184	608	2902	7351	542	791	29598	3599
384000	223	624	2709	7454	499	991	30367	3789
385000	232	635	2652	7693	351	1032	31226	3935
386000	214	707	2523	7794	490	866	30388	3673
387000	166	484	2659	8098	351	871	31815	3129
388000	223	621	2417	8279	274	936	31202	3490
389000	233	702	2087	8661	455	742	29915	3465
390000	181	589	2302	8462	265	1046	31785	3487
391000	210	490	2542	8186	231	1013	32431	4005
392000	212	649	2610	7989	99	1033	29043	3180
393000	135	747	2829	7875	12	889	29951	2707
394000	215	753	2818	7810	84	766	30932	2887
395000	264	521	3179	7689	81	352	31788	1381
396000	221	554	2849	8125	169	536	33041	1794
397000	119	549	2770	8571	106	403	33528	1328
398000	219	596	2362	8957	202	419	32260	1682
399000	167	568	2439	9070	6	472	34734	1431
400000	219	757	2460	8850	82	356	33550	1112
401000	162	722	2224	9318	130	289	33985	971
402000	160	776	2215	9556	79	164	34642	762
403000	264	691	2377	9083	76	224	33855	774
404000	195	691	2309	9089	217	363	32354	1969
405000	147	538	2518	9131	83	242	33786	1078
406000	222	704	2592	8635	140	231	32553	1027
407000	118	633	2509	8981	146	289	33970	1380
408000	164	587	2638	8857	122	277	33696	1104
409000	140	760	2067	9611	185	278	32819	1405
410000	187	748	2306	9238	118	188	34917	831
411000	152	693	2456	9159	98	205	32520	829
412000	152	758	2235	9354	80	157	33886	570
413000	112	870	2007	9920	50	62	34135	462
414000	157	559	2279	9843	5	5	34905	3
415000	122	709	1994	10019	69	61	35875	422
416000	133	835	1962	10144	38	18	34995	183
417000	126	677	1846	10414	116	18	35219	280
418000	174	907	1623	10287	89	115	35064	570
419000	139	870	1821	10067	107	105	35459	698
420000	146	986	1665	10167	82	177	35898	918
421000	170	842	1739	10236	19	161	34286	674
422000	118	753	1844	10355	12	56	36265	122
423000	117	673	2041	9993	0	102	35924	402
424000	138	858	1981	9937	0	156	33757	485
425000	244	838	1980	9639	41	182	35089	625
426000	176	827	2104	9558	33	283	35254	1014
427000	129	737	2149	9626	43	206	35684	854
428000	134	841	2091	9752	75	117	35603	509
429000	113	864	1859	10188	30	120	35319	497
430000	185	768	2247	9413	50	169	34597	572
431000	180	726	2279	9515	52	103	32740	419
432000	172	712	2529	9176	33	124	34341	547
433000	125	650	2552	9415	0	32	33987	66
434000	163	778	2379	9223	138	15	35477	378
435000	198	750	1931	9875	170	114	34170	704
436000	170	824	1901	9720	242	160	34206	1049
437000	175	750	1786	10118	123	117	34271	729
438000	151	823	2018	9796	99	138	34502	879
439000	200	781	2266	9471	32	85	33547	230
440000	156	677	2528	9250	13	40	34329	151
441000	182	613	2425	9417	12	61	34965	276
442000	197	652	2438	9404	1	28	33818	149
443000	172	656	2374	9511	78	6	36139	212
444000	234	631	2216	9831	13	0	33574	27
445000	202	752	2111	9876	0	0	34304	10
446000	195	818	1935	10007	20	20	34163	64
447000	195	800	2051	9844	0	20	34109	41
448000	188	657	2539	8979	220	0	32791	453
449000	204	620	2756	8860	27	12	35018	221
450000	138	721	2485	9392	0	76	33884	145
451000	168	612	2595	9177	0	40	34341	256
452000	194	600	2754	8839	17	104	32663	279
453000	215	465	2885	8850	0	48	33844	181
454000	193	571	3031	8446	0	7	33203	47
455000	247	478	3199	8102	0	139	32992	288
456000	211	683	2451	9160	2	137	33021	365
457000	225	504	3011	8511	0	56	33887	266
458000	261	529	2780	8863	0	70	33120	355
459000	254	639	3042	8235	3	2	31836	138
460000	342	576	2805	8617	50	22	33250	277
461000	228	592	2751	8702	45	33	34210	173
462000	191	692	2520	9235	22	0	32777	69
463000	179	687	2406	9446	0	0	35548	1
464000	214	766	2218	9590	36	15	34154	217
465000	147	616	2452	9409	90	20	34968	249
466000	213	600	2696	8952	53	1	34938	99
467000	170	641	2475	9371	0	19	33740	84
468000	201	744	2613	8927	121	7	34155	384
469000	192	595	2528	9251	84	3	35551	292
470000	172	506	2956	8778	59	0	34161	176
471000	178	686	2731	8918	0	6	33857	16
472000	141	641	2744	8827	94	0	34147	215
473000	181	680	2619	8855	172	36	34785	487
474000	292	625	2663	8765	96	111	32143	691
475000	216	484	3213	7908	101	103	33124	404
476000	263	575	3100	8185	51	50	31861	327
477000	257	550	3735	7139	17	26	30994	252
478000	358	352	3919	6893	0	0	31646	19
479000	207	528	3628	7457	0	14	32962	121
480000	219	568	3108	8322	36	14	31926	145
481000	202	576	2801	8803	0	0	30609	15
482000	146	631	3235	8234	0	0	33120	6
483000	330	595	2750	8495	138	47	33225	449
484000	134	655	2864	8846	0	0	34469	41
485000	193	576	2870	8601	123	15	34385	485
486000	200	702	2701	8853	0	13	31832	43
487000	146	635	2821	8683	204	2	33630	770
488000	219	603	2515	9240	92	55	32500	429
489000	315	552	2562	8998	154	86	33273	834
490000	260	563	3057	8128	114	125	32472	725
491000	236	486	3138	8081	50	206	33778	645
492000	211	545	3078	8421	2	37	33340	62
493000	241	533	3242	8017	132	0	32934	166
494000	237	461	3231	8058	95	52	32876	474
495000	187	527	2952	8576	68	94	33087	538
496000	187	567	2912	8683	37	14	32068	106
497000	208	667	2533	9097	133	0	33601	217
498000	129	819	2459	9247	64	90	34535	415
499000	161	793	1952	9964	43	58	34041	300
500000	168	929	1930	9914	48	68	33907	291
501000	155	761	2032	9931	8	135	34576	408
502000	233	791	2192	9561	14	111	33384	300
503000	177	670	2586	9064	1	153	33967	424
504000	226	550	3044	8228	100	133	33440	650
505000	256	621	2930	8311	69	183	33602	711
506000	230	349	3295	7888	89	268	32833	935
507000	233	490	3380	7461	100	395	31508	1647
508000	297	585	3069	7882	3	312	31332	868
509000	299	642	3068	7864	109	298	31392	1297
510000	231	503	3181	7881	48	344	32267	1215
511000	196	622	2712	8688	26	230	35636	566
512000	174	708	2044	9653	63	305	33578	926
513000	123	755	1885	10096	12	174	34684	534
514000	101	868	1966	9912	48	195	33925	599
515000	108	900	1995	9818	34	202	33629	526
516000	126	761	1946	9981	111	124	35301	504
517000	181	703	2185	9663	24	106	35096	428
518000	174	638	2408	9477	0	21	35025	30
519000	182	611	2429	9397	78	4	34211	272
520000	149	729	2213	9852	37	0	34259	135
521000	220	694	1998	10090	10	0	34577	34
522000	269	635	2478	9030	127	0	34310	368
523000	207	686	2637	8918	129	0	33423	344
524000	152	599	2958	8662	23	0	33721	139
525000	177	556	3038	8368	101	5	33620	212
526000	239	505	3147	8232	105	0	33524	180
527000	246	560	3023	8475	0	0	34480	2
528000	202	556	2988	8610	35	0	33063	66
529000	202	618	2985	8571	28	4	33810	93
530000	272	556	3117	8122	75	11	32334	209
531000	153	547	3278	7958	144	96	32221	436
532000	208	527	2951	8496	180	75	32471	782
533000	174	667	2713	8744	200	63	34361	837
534000	124	629	2857	8604	127	133	32212	772
535000	195	545	3101	8115	158	114	32869	1007
536000	247	655	2584	8862	90	146	32504	851
537000	144	735	2309	9556	1	96	34050	351
538000	172	821	2198	9553	7	102	34959	418
539000	105	665	2241	9707	37	142	34971	523
540000	194	618	2678	8865	61	114	33261	441
541000	290	527	2978	8315	3	182	32239	514
542000	220	530	3249	7919	4	120	32283	475
543000	192	544	3702	7131	89	190	31894	854
544000	170	508	3525	7361	13	419	32336	1172
545000	197	529	3168	7809	69	429	32027	1282
546000	296	466	3769	6621	53	373	29822	1134
547000	241	459	3723	6876	62	331	31004	1099
548000	231	500	3379	7344	236	335	30726	1647
549000	311	470	3290	7052	514	328	29306	2757
550000	189	677	2678	8113	533	410	31069	2274
551000	262	418	3385	7096	380	482	31464	2145
552000	175	545	2990	8078	158	381	31351	1586
553000	196	594	3154	7711	202	372	32468	1724
554000	190	555	2688	8518	288	380	32360	1992
555000	193	652	2634	8469	274	358	32772	1990
556000	205	484	2960	8262	180	270	32929	1475
557000	238	625	3141	7723	243	195	30730	1332
558000	224	576	2646	8267	220	599	30153	2206
559000	215	624	2806	7874	268	699	30894	2727
560000	172	618	2706	7949	554	590	31815	2851
561000	208	510	2530	8158	654	498	30055	3334
562000	284	562	2745	7646	617	606	30694	4227
563000	243	532	3060	7232	539	673	29601	3207
564000	233	495	3248	6579	645	882	28348	4813
565000	258	554	2818	6860	715	1118	27891	5610
566000	282	621	2774	6524	786	1482	27737	6545
567000	386	566	3011	5963	867	1402	24662	6759
568000	178	571	2926	6669	1011	1103	27766	5823
569000	223	604	2613	7056	872	1114	29414	6015
570000	261	634	2609	6627	852	1482	26900	6309
571000	268	653	2127	6853	998	1949	27076	8721
572000	299	579	2374	6662	1084	1654	26718	7637
573000	225	530	2502	6533	1215	1664	26652	7901
574000	160	654	2350	7131	878	1620	28628	7649
575000	207	657	2435	7666	647	1112	27632	5287
576000	150	653	2267	8210	647	987	29726	4740
577000	141	828	2074	8257	607	1057	30401	4725
578000	208	675	2369	7845	796	826	29929	4808
579000	282	536	2450	7445	1132	745	27937	5398
580000	258	551	2641	7090	1271	699	27846	5340
581000	216	754	3020	6192	1229	885	25176	6501
582000	227	585	2991	6008	1598	973	26882	6743
583000	243	426	2818	6368	1408	1069	27739	7316
584000	255	516	2833	6315	1527	1063	25930	7738
585000	255	607	2174	7014	1460	1345	25543	8136
586000	232	664	2193	7248	1366	1145	27792	7509
587000	212	695	2467	6438	1220	1723	25585	8399
588000	238	788	1860	7391	1246	1624	25818	9079
589000	214	736	1737	7779	1001	1680	28689	7874
590000	210	792	2131	7503	936	1308	28019	6128
591000	170	695	2150	7534	951	1486	29232	6813
592000	244	878	2073	7513	954	1325	26849	6403
593000	293	628	2146	7148	831	1795	26681	7743
594000	231	792	2184	7133	937	1531	27352	7463
595000	232	693	2105	7242	1058	1563	28289	6444
596000	213	624	1937	7712	956	1508	27991	7040
597000	258	662	2056	7853	1141	962	29415	6282
598000	274	770	1871	7554	1250	1330	28104	7318
599000	248	611	2075	7351	1476	1157	26885	7326
600000	232	691	2013	7187	1567	1269	26627	8698
601000	191	808	2004	7673	1131	1119	27035	6230
602000	270	592	2102	6971	1543	1487	25905	8894
603000	300	594	2226	7089	1024	1562	29012	7520
604000	235	557	2345	6616	1702	1322	26368	8995
605000	327	595	2408	6769	1469	1072	27043	7122
606000	381	550	2841	5874	1401	1214	25362	7760
607000	308	525	2883	6094	1327	1145	26250	7675
608000	280	435	2768	6203	1306	1498	26494	8249
609000	217	541	2433	6597	1646	1304	25653	8462
610000	212	716	2215	6962	986	1733	26879	8504
611000	224	563	2282	7026	817	1873	27429	7075
612000	178	620	2275	7347	633	1740	28003	7465
613000	278	590	2433	7254	725	1299	27970	6581
614000	208	726	2677	7143	678	1122	28063	6026
615000	255	705	1932	7884	683	1546	28399	6348
616000	159	906	1939	7836	418	1759	29167	6645
617000	169	700	2035	7772	249	2084	27533	7207
618000	150	736	1927	8071	382	1803	29119	6595
619000	161	686	1765	8341	555	1623	29278	6237
620000	277	759	1916	8031	731	1299	28808	5570
621000	192	869	2066	7808	603	1399	29145	5972
622000	210	653	2386	8090	419	1034	30159	4036
623000	278	864	2091	8136	625	930	29627	4926
624000	190	640	2093	8280	644	1171	31239	5215
625000	144	562	2438	7204	986	1390	27920	6735
626000	228	424	2656	6469	1362	1442	25578	8633
627000	285	461	2697	6454	1254	1284	25690	7383
628000	189	542	2745	6533	1152	1375	26975	7491
629000	379	497	2258	6216	1511	1813	24469	9741
630000	344	629	2318	6330	1914	1173	24693	9264
631000	283	517	2363	6831	1677	992	28162	7993
632000	319	633	1996	6927	2290	838	26564	8511
633000	328	513	1890	7047	2164	1080	25514	10387
634000	316	585	2575	5500	2041	1514	24426	10188
635000	246	622	2087	5855	2155	1943	23639	11646
636000	264	562	1736	5967	2625	1968	22085	13305
637000	368	484	1980	5882	2663	1547	23981	12636
638000	302	479	2387	4991	3043	1399	22757	12359
639000	366	456	2745	4164	2789	1809	19560	12878
640000	313	459	2509	4715	2614	2009	20520	13542
641000	358	423	2567	4061	2768	2376	19553	14341
642000	319	390	3163	3235	2368	2646	18482	15566
643000	282	255	3688	3099	2372	2032	19623	14218
644000	323	444	2917	3844	2303	2502	18996	14767
645000	343	432	3082	4272	2204	1727	21039	11536
646000	436	433	2671	4540	2117	2142	22064	11887
647000	360	398	2929	4171	2447	1887	19157	12158
648000	413	445	3129	4939	2140	1019	23881	8927
649000	326	354	3143	5094	2155	1028	24518	8649
650000	314	386	2841	5221	2027	1632	23829	10111
651000	310	462	2784	5252	2204	1491	23029	11264
652000	382	659	2425	5094	2692	1306	22100	10993
653000	411	496	2410	5633	2217	1420	22806	9950
654000	279	466	2625	5180	2283	1616	23630	11185
655000	491	438	2610	5061	2419	1392	22501	11180
656000	294	406	2874	5080	2565	1192	22610	10686
657000	420	337	2786	5117	2624	994	22316	10521
658000	283	323	3216	5390	1970	947	24510	8908
659000	321	333	2928	5483	2332	830	23387	9328
660000	382	553	2735	5553	2186	987	24448	9240
661000	364	352	2980	5401	2458	757	23537	8834
662000	249	512	3352	4936	2067	870	24087	8075
663000	334	277	3808	4424	1906	779	23167	8042
664000	337	352	3862	4615	1600	699	25352	6665
665000	289	366	3640	4919	1884	697	24116	6586
666000	383	270	4321	3886	1769	391	24350	6543
667000	398	207	4743	2675	1968	503	21351	7434
668000	299	319	4954	3260	1592	281	23309	6194
669000	336	289	4887	3826	1212	56	25215	4538
670000	459	278	4302	3940	1921	130	24336	5552
671000	363	311	4032	4334	1850	507	24099	6975
672000	358	328	3574	5033	1884	646	25940	6858
673000	401	471	3260	5151	1718	864	23864	7917
674000	368	463	3184	5116	1817	1142	24167	8229
675000	312	434	3284	5433	1714	811	25436	7144
676000	287	524	2864	6047	1564	1055	26752	7302
677000	301	479	2795	6126	1701	1005	25580	7931
678000	358	577	2440	6394	1972	849	25957	7905
679000	326	473	2758	5962	1900	968	25705	7703
680000	312	559	2566	6209	1801	1146	25768	8579
681000	305	668	2596	5737	1512	1766	23969	9535
682000	347	562	2806	4914	2172	1513	23133	9807
683000	386	532	2937	5000	1999	1316	23261	10276
684000	350	395	3215	4974	1862	1273	23263	9310
685000	337	490	2634	5132	2158	1699	23649	11387
686000	346	418	2354	5529	2020	2040	22730	12380
687000	334	424	2674	4965	1985	2004	22194	11669
688000	322	475	2361	6586	1519	1500	26689	8959
689000	233	742	2039	6597	1584	1804	25078	9121
690000	267	620	2077	6638	1444	1855	26263	9315
691000	226	604	2350	6747	1431	1397	26620	8311
692000	228	830	2052	7471	1190	1186	28295	6305
693000	222	688	1920	7736	1376	1099	27978	6874
694000	244	750	1741	8052	1380	1005	28591	7052
695000	172	886	1619	8010	1358	1270	27322	7377
696000	271	713	2069	7650	1046	1225	28431	6427
697000	183	680	2076	7865	963	1260	29775	6087
698000	182	639	2075	7831	1119	1123	29512	6314
699000	334	662	1912	7956	813	1276	27172	6368
700000	231	588	2248	7715	830	1211	29335	6256
701000	203	717	2293	7693	956	913	29606	5462
702000	243	555	2518	7244	1046	1051	28580	5852
703000	293	474	3144	6100	871	1177	26956	5569
704000	341	412	4067	5291	680	623	27188	4282
705000	274	498	3723	5986	629	634	28424	3331
706000	250	523	3490	6519	635	510	29215	3029
707000	235	537	3132	7261	453	569	29852	3137
708000	255	473	3914	6391	216	295	29392	1698
709000	275	472	3415	7050	303	341	30172	1754
710000	242	375	3555	7133	353	268	31349	2103
711000	231	458	3541	7249	240	112	32483	888
712000	278	479	3612	7020	276	132	31095	1087
713000	359	431	3640	6771	386	171	29903	1431
714000	246	648	3495	7011	277	236	31063	1337
715000	197	454	3428	7372	377	167	30467	1385
716000	234	487	3298	7661	183	240	30815	1274
717000	236	669	2737	8584	83	241	33056	1055
718000	200	525	2488	9165	43	218	34282	711
719000	217	738	3015	7789	37	493	32578	1752
720000	309	568	3128	7410	45	518	31837	1511
721000	311	435	3178	7719	105	399	31944	1078
722000	313	546	3136	7809	66	290	33504	686
723000	260	479	3056	8355	20	145	33183	712
724000	232	587	3699	6914	9	366	31650	858
725000	228	541	3204	7838	6	342	32636	890
726000	231	497	3509	7394	45	206	32514	823
727000	173	532	2983	8237	108	271	32067	1293
728000	211	591	3351	7809	15	160	32809	697
729000	277	498	3181	7936	43	202	30954	752
730000	250	629	3233	7742	56	175	33262	592
731000	215	582	2563	9000	13	233	32641	654
732000	170	636	2424	9390	59	110	34880	454
733000	124	662	2478	9310	108	99	36154	571
734000	188	691	2332	9380	54	108	34262	465
735000	123	730	2726	8866	1	115	33107	398
736000	195	537	2639	9097	0	42	34216	76
737000	191	686	2729	8888	0	31	33492	47
738000	140	651	2472	9371	18	87	35368	283
739000	156	710	2727	8691	23	226	32682	939
740000	158	589	2403	9230	24	236	34807	717
741000	176	697	2584	9062	10	154	33873	339
742000	198	585	2799	8822	5	65	34110	218
743000	238	632	2690	8858	30	0	33816	70
744000	218	754	2451	9219	47	23	34826	268
745000	171	782	2605	8962	77	7	33035	234
746000	148	612	2972	8567	50	32	34194	144
747000	209	674	2657	9006	45	0	34122	144
748000	181	541	2854	8895	7	0	33610	30
749000	192	490	3010	8515	107	12	33764	227
750000	228	524	3063	8282	81	0	33762	271
751000	249	621	2953	8477	22	0	33482	141
752000	153	564	2837	8868	154	33	32615	304
753000	148	636	2512	9096	293	28	31991	750
754000	274	661	2778	8406	238	19	32449	928
755000	204	692	2665	8626	293	2	33248	609
756000	179	670	2992	8283	189	34	32772	787
757000	225	540	3140	8008	242	4	33995	760
758000	171	494	2931	8385	308	106	33211	1115
759000	199	490	2762	8602	200	216	34311	1318
760000	209	663	2671	8670	189	205	32897	1294
761000	211	750	2311	8975	177	345	32361	1437
762000	151	606	2444	8884	182	503	32776	1877
763000	220	449	2769	8433	233	428	31789	1855
764000	170	538	2608	8548	316	448	32452	2403
765000	225	655	2355	8806	305	421	32419	2264
766000	159	701	2720	8188	340	456	30806	2765
767000	191	479	3318	7652	208	289	31779	1589
768000	238	430	3080	7655	208	718	31824	2382
769000	284	465	3265	7169	297	467	30139	2286
770000	209	605	3045	7299	470	647	30923	3036
771000	220	607	2938	7622	463	498	31039	3140
772000	239	629	2416	8507	263	658	31902	2931
773000	216	655	2528	8392	140	703	31633	2384
774000	245	686	2536	8268	106	753	32248	2459
775000	206	814	2336	8754	57	717	31619	2280
776000	248	799	2479	8433	158	519	30204	1905
777000	193	697	2275	8983	227	374	33604	1500
778000	196	819	2258	9006	307	241	31874	1464
779000	236	681	2667	8567	160	286	33921	1247
780000	234	664	2856	8114	118	356	31904	1512
781000	206	574	2784	8443	27	494	32896	1279
782000	203	746	2775	8499	16	211	33109	742
783000	211	689	2305	9435	30	119	33721	342
784000	161	702	2455	9140	32	241	33252	645
785000	158	523	3321	7836	68	199	33280	533
786000	268	500	3101	8169	29	92	34009	431
787000	215	611	2515	9253	7	93	34235	91
788000	146	703	2223	9751	1	106	34653	355
789000	168	779	2341	9302	102	95	33164	439
790000	152	632	2214	9676	126	92	36023	780
791000	170	771	1907	10056	135	10	34653	498
792000	147	772	1898	10095	51	30	36157	200
793000	203	701	2088	9926	29	37	34167	135
794000	133	662	2500	9262	13	140	35523	768
795000	195	790	2349	9342	8	98	34548	334
796000	172	675	2498	9173	19	176	33865	451
797000	162	651	2378	9474	7	145	34516	385
798000	138	730	2177	9698	1	151	33566	504
799000	112	816	1966	10082	16	38	35102	176
800000	140	805	1997	10127	16	13	34547	56
801000	148	883	2005	10005	0	24	35279	115
802000	210	599	2641	9041	54	6	35371	224
803000	242	552	3183	8155	0	0	33462	1
804000	207	608	3324	7813	141	0	31505	278
805000	220	617	3109	8178	5	9	32799	61
806000	173	527	3355	8066	0	0	33324	3
807000	219	484	3408	7922	80	28	32518	263
808000	201	477	3389	7772	216	83	32204	781
809000	249	467	3489	7305	257	223	31803	1331
810000	310	412	3483	6914	213	260	30499	1141
811000	220	594	3058	7744	197	525	29902	1774
812000	223	422	3290	7032	281	827	30344	3540
813000	206	536	3490	6783	244	666	29043	2795
814000	220	584	3020	6964	671	773	30549	3956
815000	203	729	2694	7242	859	799	28748	5211
816000	291	431	2735	6903	1199	795	28607	5610
817000	228	510	3044	6204	1367	937	26633	5987
818000	305	488	2848	6678	1026	960	28112	5514
819000	257	664	3018	6840	711	791	28394	4389
820000	196	537	2658	7934	543	708	29994	3564
821000	196	530	2777	7899	606	530	31816	3454
822000	337	604	2820	7290	538	689	28876	3759
823000	220	558	3014	7609	459	417	31621	2371
824000	146	603	2556	8590	283	495	33441	2031
825000	220	594	2614	8527	202	467	32693	1720
826000	285	637	2779	8234	113	451	32057	1788
827000	218	642	2656	8568	183	266	32074	1290
828000	193	652	2744	8543	77	411	33014	1493
829000	177	653	2606	8463	75	599	33396	1848
830000	203	724	2299	8832	142	583	33054	1967
831000	200	732	2122	9166	146	616	33342	1878
832000	163	751	1970	9510	194	549	33639	2106
833000	178	826	2098	8921	166	771	31959	2379
834000	174	769	2154	8852	172	767	32671	2723
835000	223	798	2156	8782	230	668	31528	2553
836000	257	788	2244	8664	321	606	31310	2535
837000	200	803	2083	8667	340	763	32241	3317
838000	193	921	1892	9334	149	526	32932	2214
839000	138	671	2149	9268	53	661	33387	2149
840000	132	883	1976	9444	38	553	32910	1742
841000	122	745	2055	9455	82	553	33714	1784
842000	140	849	1730	9978	143	369	34596	1395
843000	108	760	1971	9586	121	455	33704	1582
844000	158	824	2346	8426	161	817	32166	2634
845000	136	752	1758	9396	141	1024	31659	3412
846000	164	808	1804	9244	396	739	31597	3150
847000	216	767	2054	8669	338	887	31444	3888
848000	233	723	2483	7843	492	841	31840	3460
849000	172	681	2278	8420	394	925	30776	4073
850000	203	705	2278	8343	448	832	30716	4400
851000	261	639	2306	8045	679	844	30684	4048
852000	198	625	2588	7701	369	1128	28856	4151
853000	226	570	2386	7586	787	1128	29081	5230
854000	281	616	2366	7672	859	891	28969	5225
855000	277	494	2641	7145	828	1110	29034	5607
856000	217	476	2971	6477	948	1210	28461	5133
857000	263	427	3460	5997	837	985	27537	5521
858000	315	420	3311	6306	961	663	27706	5347
859000	261	528	3122	6576	747	923	28035	5110
860000	270	551	2647	7023	1000	1004	27860	5892
861000	233	621	2535	6740	1068	1494	26189	7488
862000	235	650	2828	6423	869	1462	26041	7223
863000	209	484	2880	7254	717	846	28485	4764
864000	228	612	3043	7046	671	710	29752	3688
865000	306	639	2779	7409	760	548	29255	3405
866000	273	529	2676	7318	613	1082	30090	5616
867000	231	632	2543	7505	966	805	30198	5442
868000	279	604	2631	7128	1017	934	28153	5854
869000	380	683	2645	6937	855	984	27356	5668
870000	272	492	2747	7367	795	807	28404	4838
871000	264	632	2545	7565	615	954	29095	4625
872000	204	534	2790	7436	499	937	29839	3664
873000	203	565	2549	7730	627	969	31672	4212
874000	189	700	1987	7889	527	1657	28736	5643
875000	225	919	1806	8179	526	1443	28762	6024
876000	189	748	1989	8744	277	1043	31025	4040
877000	182	672	2229	8630	416	756	31116	3557
878000	177	649	2455	8510	315	712	30849	2923
879000	193	727	2380	8423	246	844	32030	3491
880000	189	719	2376	8510	224	686	31934	2855
881000	136	697	2180	8882	402	576	32889	2752
882000	173	758	2296	8601	332	684	32088	3165
883000	149	769	1800	9489	394	573	31568	3322
884000	154	807	1823	9445	375	489	32805	2618
885000	191	791	1584	9940	321	487	32257	2344
886000	159	780	1984	9426	233	521	31709	2589
887000	205	628	2327	9155	168	271	33559	1526
888000	166	627	2501	9110	25	278	33564	1057
889000	180	763	2104	9583	49	223	32700	727
890000	159	784	1817	9828	56	382	34234	1495
891000	144	858	1730	10088	95	246	35139	888
892000	111	891	1412	10510	237	251	36283	1126
893000	108	937	1556	10113	258	343	34828	1547
894000	109	796	1734	9656	415	475	33217	2713
895000	212	770	2106	8999	390	408	31655	2266
896000	209	642	2272	9023	324	358	31831	1860
897000	154	690	2381	8884	267	367	31930	2383
898000	216	606	2397	8817	337	417	32562	2404
899000	151	758	2063	9076	243	690	32160	2566
900000	224	603	2531	8214	412	674	32204	3636
901000	184	600	2786	7997	472	386	31618	2560
902000	202	611	2345	8853	340	378	34454	2129
903000	215	604	2430	8685	513	298	32596	2581
904000	241	580	2619	8145	575	360	32305	2578
905000	235	713	2599	8391	312	293	31494	1516
906000	192	535	2600	8765	257	180	34023	1446
907000	245	554	2857	8383	305	77	30986	1051
908000	167	626	2672	8776	180	113	33489	709
909000	228	509	2864	8506	190	104	34993	685
910000	194	567	3044	8175	179	146	33442	972
911000	306	632	2761	8241	308	123	32393	1207
912000	117	734	2164	9414	342	178	33015	1283
913000	261	789	2009	9376	244	253	34580	1153
914000	147	608	2311	9291	212	216	34343	1394
915000	170	766	1845	9871	300	213	33315	1398
916000	202	814	1928	9560	254	270	32990	1596
917000	160	731	2213	9329	157	293	33521	1269
918000	187	641	2469	8639	298	400	32990	2041
919000	158	619	2795	8353	186	410	33511	1466
920000	165	618	2616	8902	104	281	33956	1143
921000	264	531	3227	7615	165	240	31134	1313
922000	230	474	3211	7786	236	237	31767	1661
923000	145	571	2840	8606	158	180	34712	1041
924000	241	636	2826	8303	313	155	32914	1448
925000	175	664	2489	9139	118	88	34405	653
926000	245	601	2197	9543	66	161	33750	808
927000	148	818	2086	9638	18	273	34548	898
928000	153	745	2223	9313	76	400	33954	1309
929000	172	715	1939	9789	99	339	33791	1343
930000	146	836	1831	9888	119	292	34392	1006
931000	171	675	2315	9351	138	173	33635	683
932000	117	694	2194	9549	133	207	34204	918
933000	151	772	1953	9854	85	263	35364	1105
934000	144	732	1800	10205	21	199	35054	596
935000	193	725	2218	9409	12	300	33580	971
936000	166	671	1967	9884	3	296	35173	1183
937000	106	761	1714	10180	142	349	32691	1457
938000	138	654	1941	9692	44	599	34168	1733
939000	148	755	1784	9491	149	835	34164	2563
940000	159	842	2021	9063	128	662	32523	2630
941000	221	627	2886	7795	286	577	32072	2636
942000	254	492	3345	7057	426	401	30291	2364
943000	260	407	3793	6362	381	282	30549	2402
944000	172	509	3308	7542	210	369	31597	1658
945000	245	518	3448	7382	66	332	32545	1481
946000	215	509	3601	7248	76	241	31558	1004
947000	229	529	3330	7701	109	167	32573	669
948000	285	371	3282	7544	90	449	30624	1906
949000	252	536	2946	7768	413	334	32343	2417
950000	289	467	3378	6960	435	400	29956	2752
951000	200	492	3727	6653	351	400	30759	2002
952000	263	443	3270	7124	633	432	29520	2925
953000	261	483	3123	7640	244	524	31481	2244
954000	283	553	3166	7241	250	534	30337	2786
955000	214	450	3666	6831	219	477	30106	2222
956000	265	473	3694	6851	86	456	30751	1955
957000	233	563	3724	6481	70	637	29186	2091
958000	290	395	3758	6289	107	755	28911	2635
959000	253	479	3451	6871	87	684	30341	2387
960000	247	525	3662	6730	141	546	31066	1882
961000	324	464	4138	5867	150	391	27368	2007
962000	425	372	4377	5288	157	342	28575	1465
963000	259	445	4810	4998	39	247	29345	1037
964000	250	404	4821	5208	3	0	29747	51
965000	217	399	4471	5956	134	0	29876	387
966000	276	559	3589	7420	73	0	32315	238
967000	258	473	3826	7029	58	1	31061	184
968000	219	493	3738	7303	0	0	31230	13
969000	201	487	3620	7598	36	0	33438	32
970000	245	555	3299	7914	0	0	32322	1
971000	190	497	3564	7562	4	0	32960	39
972000	231	589	3155	8185	3	0	32479	48
973000	224	600	3143	8063	98	7	32291	201
974000	247	579	3380	7654	207	35	32170	711
975000	189	403	3457	7689	194	25	33802	528
976000	234	608	2837	8542	138	8	33598	492
977000	172	705	2522	9020	120	88	33879	633
978000	245	737	2351	9193	142	108	32267	703
979000	266	724	2651	8574	154	161	32014	612
980000	167	466	3138	8123	223	163	31650	1003
981000	231	480	3541	7288	100	165	30159	1027
982000	294	408	3487	7538	134	0	31294	474
983000	324	357	3962	6988	7	0	31449	120
984000	275	404	3441	7736	69	0	32151	265
985000	315	454	3810	7060	0	0	32548	11
986000	229	558	3215	8141	100	38	31888	279
987000	175	528	3118	8293	130	5	33042	494
988000	223	463	3025	8306	168	35	32802	483
989000	264	524	3215	7907	88	82	32867	479
990000	155	566	2901	8477	144	147	33373	874
991000	289	590	2990	7815	297	192	31097	1138
992000	240	619	2603	8824	176	63	33061	879
993000	194	595	3030	8169	106	180	32050	756
994000	244	571	2908	8426	30	175	33464	455
995000	222	560	2832	8697	20	128	33314	518
996000	179	656	2798	8772	0	117	33325	331
997000	231	700	2866	8268	0	284	32468	775
998000	144	642	2962	8212	15	396	31957	1101
999000	124	685	2699	8886	2	244	32787	1032
