0	0	0	0	14400	0	0	0	0
1000	21	435	643	12663	83	31	23538	255
2000	30	403	1093	11977	51	43	21940	103
3000	34	349	1478	11439	69	62	21530	200
4000	52	374	1807	10867	59	74	22415	327
5000	72	418	2069	10509	2	20	21261	29
6000	71	386	1762	10922	138	0	21230	276
7000	71	429	1869	10604	187	1	21554	324
8000	154	340	2538	9364	146	59	20268	323
9000	98	383	2886	8746	184	212	19534	784
10000	122	363	3426	8113	133	95	19064	357
11000	108	305	3210	8272	253	66	18203	561
12000	142	236	3609	7416	441	50	19202	791
13000	166	308	3635	7306	157	157	19943	550
14000	99	323	3560	7824	44	173	19528	396
15000	181	285	3766	7409	102	97	18303	454
16000	122	311	3753	7667	2	127	18708	249
17000	156	292	3482	7939	32	37	19441	108
18000	129	311	3780	7496	38	38	18286	179
19000	166	397	3633	7669	12	50	19396	197
20000	119	342	3449	8085	43	62	18750	185
21000	119	290	3237	8274	125	118	20444	324
22000	137	331	3313	7955	141	205	19396	838
23000	152	296	3653	7472	102	137	18901	399
24000	151	295	3404	8149	66	104	19764	395
25000	174	300	3519	7818	138	149	17721	572
26000	179	323	3325	7921	96	124	19523	414
27000	82	368	3094	8350	192	207	19047	536
28000	143	380	2773	8801	142	269	19841	846
29000	79	322	2621	9048	230	282	20439	801
30000	83	312	2747	8752	169	539	19824	1093
31000	94	334	3249	7942	207	445	19257	996
32000	115	367	3266	7855	253	420	18776	1119
33000	146	362	3507	7473	249	340	18546	1072
34000	215	298	4030	6458	293	173	18065	875
35000	126	323	3881	6687	349	329	18691	1008
36000	184	301	4094	6504	198	145	17022	710
37000	167	337	4522	5713	305	80	17596	696
38000	186	259	4515	6232	123	22	17961	246
39000	202	361	4437	5918	0	22	17304	35
40000	192	298	4244	6473	36	140	17512	271
41000	195	311	3707	7407	37	158	18307	394
42000	176	381	3796	7172	9	133	19104	230
43000	199	301	4044	6971	0	67	18313	165
44000	156	318	3791	7533	40	0	19929	93
45000	118	273	3937	7281	26	15	18507	108
46000	212	365	3839	7069	103	3	18397	277
47000	162	202	3804	7185	335	40	19482	787
48000	143	225	3760	6968	512	219	17741	1383
49000	181	226	4224	6229	364	163	17723	931
50000	225	300	4950	4872	170	211	16124	732
51000	177	204	4330	5872	345	330	18104	1112
52000	198	251	4240	6201	191	119	18741	484
53000	193	303	4419	5890	191	159	17344	410
54000	210	245	4667	5682	158	83	16743	419
55000	205	220	4466	5980	296	45	17589	394
56000	197	290	4573	5993	59	53	18485	190
57000	271	283	4712	5307	63	26	16800	111
58000	197	274	4318	6243	179	1	17118	433
59000	172	278	4422	6118	89	0	18339	187
60000	202	306	4130	6671	70	0	17295	113
61000	172	305	3412	8110	29	15	18956	46
62000	83	354	2997	8978	11	52	19595	157
63000	141	302	3074	8794	0	63	20118	98
64000	127	463	2885	8989	0	48	19945	113
65000	104	343	2394	9928	0	50	20252	70
66000	83	434	2271	10094	6	47	20784	138
67000	67	410	2349	9953	0	34	20827	100
68000	88	351	2815	9291	39	0	20528	46
69000	107	380	2516	9642	108	1	20722	92
70000	120	321	2775	9059	60	173	20259	363
71000	111	313	2906	8888	74	137	20733	339
72000	117	264	3377	8306	16	75	19472	152
73000	89	338	3591	7899	56	64	18679	184
74000	170	356	3455	7978	0	67	18731	133
75000	155	322	3640	7794	1	4	17999	69
76000	165	264	4173	6576	125	0	18419	206
77000	184	293	4217	6429	82	42	18763	54
78000	248	254	4917	5183	0	8	16582	15
79000	220	182	4801	5502	49	0	17316	79
80000	223	243	4915	5214	7	0	17000	21
81000	242	217	4750	5465	88	3	17205	52
82000	97	267	4919	5365	105	0	17546	192
83000	158	187	4719	5621	106	0	17224	221
84000	240	298	5160	4515	123	0	16134	146
85000	210	171	4880	5385	54	0	16869	173
86000	165	235	5071	4888	49	0	16094	106
87000	304	248	4987	4724	127	3	16597	109
88000	203	189	5029	4948	112	86	16699	406
89000	261	264	4722	5230	247	46	17225	573
90000	199	369	4696	5565	60	43	17563	195
91000	253	224	4827	5327	34	23	17636	74
92000	307	184	5476	3830	55	0	14785	119
93000	251	280	5401	4093	0	0	16410	1
94000	334	200	5529	3631	60	0	15523	40
95000	282	221	4993	5025	40	2	16191	111
96000	327	195	4855	5107	8	0	17260	11
97000	169	217	5115	4820	50	0	17039	60
98000	194	203	5251	4300	125	0	15907	138
99000	215	246	4616	5761	20	109	17829	187
100000	244	209	5102	4794	0	45	17201	53
101000	281	277	5066	4875	0	0	15759	1
102000	195	247	4920	5268	71	1	18249	115
103000	208	204	5034	4772	40	0	16011	6
104000	345	210	5183	4395	104	0	15610	218
105000	232	187	5391	4307	0	20	16149	66
106000	387	155	5632	3229	35	0	15178	25
107000	261	182	5230	4329	80	1	15634	119
108000	258	259	4846	5382	52	0	17322	67
109000	201	262	4423	6132	66	30	18889	200
110000	185	293	4120	6655	54	231	18647	408
111000	143	295	3734	6603	241	751	16692	1637
112000	161	419	3738	6489	274	731	18220	1545
113000	150	318	3685	6817	302	529	17389	1609
114000	214	340	3683	7049	271	246	18535	899
115000	124	289	4219	6510	45	225	18204	427
116000	256	262	4583	5702	0	122	17694	186
117000	180	198	4584	5959	2	109	17160	266
118000	162	274	4479	6120	69	0	18025	40
119000	283	298	4445	5994	99	0	18786	163
120000	159	163	4900	5608	76	0	16738	99
121000	195	289	4920	5025	41	0	16491	47
122000	272	196	5246	4317	66	2	16042	133
123000	255	124	5619	3469	101	0	15529	179
124000	234	183	5983	2873	18	0	14247	54
125000	284	170	5707	3063	7	0	15340	21
126000	347	90	6017	2227	234	0	13608	301
127000	553	64	5910	1371	115	0	12655	177
128000	454	108	5962	1592	25	0	12799	92
129000	382	108	6115	1428	30	0	13143	91
130000	421	102	6179	1283	9	0	12275	0
131000	479	86	6040	1229	20	0	10861	0
132000	433	41	5974	1445	82	0	12339	102
133000	481	126	6004	1070	2	0	12563	16
134000	299	73	6344	980	23	0	11772	28
135000	368	23	6163	726	34	0	11754	23
136000	393	104	6070	453	7	0	11289	0
137000	379	56	6156	398	372	0	11031	523
138000	651	0	5884	186	453	0	10363	727
139000	448	5	5991	234	1038	0	10721	1560
140000	439	0	6022	211	1567	25	10462	2502
141000	414	18	5985	249	1541	75	10323	2639
142000	467	39	6084	167	1073	471	10386	2440
143000	545	15	5848	443	1491	118	10890	2737
144000	380	67	5999	638	1736	87	11374	2876
145000	259	55	6176	404	1130	103	11042	1880
146000	518	3	5987	125	1281	38	10112	2416
147000	514	14	5884	19	2119	256	10230	3830
148000	564	40	5559	19	3007	148	9600	5009
149000	581	22	5823	130	2011	108	9792	4093
150000	463	0	5799	6	2379	0	10522	4458
151000	493	0	5919	0	2056	0	10335	3589
152000	583	0	5994	0	1609	0	10224	2688
153000	509	0	5941	0	1736	0	10003	2750
154000	454	0	5880	0	2153	0	10310	3614
155000	563	0	5827	0	2134	0	9356	3899
156000	433	0	5886	0	1969	0	10022	3623
157000	450	0	5997	0	2072	0	9509	3269
158000	564	0	5942	0	1687	0	9530	2952
159000	332	0	5792	0	2975	0	9818	5262
160000	460	0	5875	0	2743	0	10364	4744
161000	361	0	5939	0	2432	0	9928	4121
162000	477	0	6030	0	836	0	10059	1533
163000	633	0	5934	0	973	0	9905	1631
164000	624	0	5790	0	676	0	9862	1228
165000	508	0	6011	0	1097	0	9772	1960
166000	501	0	6134	0	1143	0	10127	2027
167000	544	0	5812	0	594	0	10030	847
168000	602	0	5922	0	715	0	10250	1046
169000	564	0	6064	0	1288	0	9954	2154
170000	412	0	6143	0	1197	0	11025	1846
171000	456	0	6103	0	1148	0	10215	1711
172000	540	0	5947	0	1130	0	10168	1983
173000	569	0	5869	0	1599	0	9765	2334
174000	451	0	5873	0	2308	0	10473	3485
175000	471	0	5845	0	2385	0	10077	4321
176000	432	0	5974	0	2148	0	10305	3820
177000	450	0	5883	0	2147	0	9983	3502
178000	502	0	5918	0	2019	0	10427	3676
179000	411	0	5900	0	2563	0	9838	4072
180000	534	0	5820	0	2525	0	9908	3790
181000	427	0	5804	0	2475	0	9892	4269
182000	470	0	5491	0	3576	0	9618	5940
183000	369	0	5645	0	3560	0	10011	5112
184000	443	0	5700	0	3253	0	9028	5884
185000	631	0	5337	0	3468	0	9220	4831
186000	578	0	5318	0	3750	0	8791	6453
187000	504	0	5066	0	4520	0	8223	7630
188000	444	0	4751	0	5349	0	8279	9360
189000	394	0	4852	0	5193	0	8421	8895
190000	375	0	5349	0	4118	0	9559	6765
191000	698	0	5079	0	4213	0	8645	7218
192000	483	0	4985	0	4714	0	8269	7464
193000	511	0	5196	0	4199	0	9122	7253
194000	432	0	5490	0	3631	0	9528	6887
195000	498	0	5606	0	3125	0	9190	5324
196000	540	0	5448	0	3422	0	9145	5710
197000	455	0	5345	0	4016	0	8900	6957
198000	483	0	5647	0	3033	0	9580	5237
199000	393	0	5570	0	3530	0	9563	5181
200000	470	0	5480	0	3769	0	9188	6624
201000	505	0	5231	0	4314	0	8661	6670
202000	436	0	5154	0	4388	0	8495	7691
203000	532	0	5396	0	3835	0	9594	6294
204000	439	0	5348	0	3995	0	9514	6454
205000	421	0	5135	0	4574	0	8170	8064
206000	515	0	4947	0	4596	0	8458	7595
207000	402	0	4620	0	5693	0	7431	9198
208000	480	0	4649	0	5518	0	7674	8658
209000	546	0	4791	0	5175	0	8202	8224
210000	490	0	4689	0	5444	0	7855	9438
211000	465	0	4540	0	5688	0	7908	9586
212000	459	0	4063	0	6752	0	6747	11594
213000	585	0	3674	0	7315	0	6146	11899
214000	539	0	4032	0	6692	0	6931	10991
215000	431	0	3980	0	6877	0	6604	12192
216000	408	0	4143	0	6675	0	6629	11078
217000	480	0	4691	0	5598	0	7658	9476
218000	383	0	4176	0	6639	0	7520	11932
219000	507	0	4676	0	5366	0	8276	8954
220000	375	0	4910	0	5134	0	8413	8242
221000	526	0	5045	0	4602	0	8754	8122
222000	495	0	5100	0	4567	0	8507	7668
223000	503	0	5308	0	3869	0	8779	6574
224000	441	0	5621	0	3303	0	9319	5915
225000	400	0	5645	0	3345	0	9474	5011
226000	448	0	5463	0	3856	0	9137	6801
227000	437	0	4871	0	5062	0	7797	8600
228000	539	0	5133	0	4153	0	8836	7143
229000	630	0	4914	0	4784	0	8197	8340
230000	468	0	5595	0	3087	0	9780	5544
231000	464	0	5466	0	3335	0	9089	5817
232000	534	0	5319	0	3654	0	8772	5450
233000	548	0	5489	0	3014	0	9387	4984
234000	528	0	5139	0	3810	0	9365	6312
235000	448	0	5103	0	4466	0	8123	7121
236000	452	0	5171	0	4546	0	9513	7744
237000	521	0	5067	0	4379	0	8460	6974
238000	429	0	4921	0	4979	0	8779	7953
239000	526	0	4921	0	4761	0	8416	7501
240000	498	0	5079	0	4550	0	8564	7673
241000	487	0	4936	0	5076	0	7704	9127
242000	396	0	4621	0	5766	0	7407	9519
243000	399	0	4250	0	6356	0	7821	11375
244000	522	0	3852	0	6949	0	6340	11069
245000	554	0	3904	0	6870	0	6420	11473
246000	427	0	4210	0	6559	0	6717	10745
247000	502	0	3870	0	6946	0	6721	11852
248000	577	0	4077	0	6520	0	7067	11013
249000	489	0	4040	0	6763	0	7481	10460
250000	444	0	4510	0	5922	0	7661	10316
251000	388	0	4240	0	6647	0	7413	10917
252000	493	0	4342	0	6133	0	7306	10605
253000	512	0	4212	0	6402	0	7985	10972
254000	542	0	4179	0	6376	0	6691	11482
255000	502	0	3906	0	6896	0	6566	11638
256000	561	0	4356	0	5933	0	7170	10453
257000	449	0	4576	0	5766	0	7404	9165
258000	516	0	4707	0	5275	0	7736	8805
259000	507	0	4944	0	4697	0	9064	7835
260000	416	0	4729	0	5462	0	7701	9272
261000	432	0	4985	0	4909	0	8965	8033
262000	521	0	4731	0	5038	0	8072	8494
263000	468	0	4876	0	5179	0	7709	9163
264000	489	0	5002	0	4796	0	8844	7582
265000	531	0	5045	0	4563	0	9171	7721
266000	401	0	4985	0	4775	0	7939	7604
267000	415	0	5380	0	4268	0	8620	7718
268000	563	0	5392	0	3552	0	9127	5614
269000	581	0	5272	0	3886	0	9025	6430
270000	553	0	5117	0	4074	0	8616	7006
271000	528	0	5109	0	4305	0	8949	7379
272000	355	0	4754	0	5616	0	8170	9172
273000	415	0	4432	0	5974	0	7803	10815
274000	457	0	4298	0	6330	0	7400	11159
275000	498	0	4113	0	6582	0	6790	11453
276000	550	0	4240	0	6292	0	7663	9884
277000	525	0	4689	0	5346	0	8216	9006
278000	474	0	4079	0	6671	0	6685	11104
279000	463	0	4467	0	5994	0	7497	9743
280000	489	0	4301	0	6358	0	7725	10759
281000	490	0	3916	0	6867	0	6782	11587
282000	472	0	4437	0	5912	0	7349	10250
283000	375	0	4927	0	5225	0	8466	8808
284000	576	0	4757	0	5175	0	7919	8122
285000	485	0	4661	0	5451	0	7349	8535
286000	451	0	4718	0	5458	0	8131	9545
287000	554	0	5023	0	4409	0	9041	6714
288000	526	0	5103	0	4426	0	9537	7453
289000	502	0	5306	0	3864	0	8525	6731
290000	412	0	4971	0	4898	0	8098	8214
291000	376	0	5065	0	4686	0	9263	7113
292000	518	0	4855	0	5047	0	7982	8202
293000	581	0	4511	0	5673	0	7319	9144
294000	640	0	4352	0	5878	0	6610	9208
295000	467	0	4235	0	6329	0	7200	11440
296000	491	0	4639	0	5523	0	7448	8823
297000	475	0	4604	0	5609	0	8118	9504
298000	529	0	4517	0	5827	0	7687	10424
299000	526	0	4663	0	5368	0	7835	9247
300000	434	0	5076	0	4674	0	8084	7812
301000	444	0	5004	0	4639	0	8254	8453
302000	400	0	4562	0	6000	0	7554	10214
303000	386	0	4915	0	5229	0	8285	8810
304000	449	0	4490	0	5985	0	7731	10231
305000	550	0	4219	0	6237	0	7760	9522
306000	432	0	3341	0	8056	0	6207	12751
307000	403	0	3286	0	8228	0	5519	14842
308000	455	0	3326	0	8072	0	5204	13611
309000	419	0	3222	0	8356	0	5538	14278
310000	442	0	2895	0	8898	0	4896	15255
311000	388	0	3323	0	8241	0	5411	14041
312000	419	0	3114	0	8542	0	5237	13960
313000	455	0	3047	0	8603	0	5416	14940
314000	380	0	3060	0	8663	0	5038	14943
315000	523	0	3462	0	7843	0	5873	12996
316000	466	0	3142	0	8508	0	5783	14466
317000	545	0	3161	0	8250	0	5169	14406
318000	473	0	3502	0	7730	0	6064	12959
319000	477	0	3485	0	7761	0	5347	12180
320000	433	0	2947	0	8770	0	4745	14533
321000	451	0	3702	0	7437	0	6125	13496
322000	455	0	3674	0	7554	0	6513	12780
323000	474	0	3463	0	7825	0	5954	13828
324000	359	0	3898	0	7250	0	6065	13413
325000	399	0	3539	0	7881	0	5963	13500
326000	521	0	4064	0	6612	0	7003	11244
327000	449	0	4132	0	6615	0	7350	10421
328000	421	0	3986	0	6973	0	6459	12191
329000	452	0	4053	0	6828	0	6520	12599
330000	554	0	4201	0	6263	0	6351	11043
331000	553	0	3008	0	8543	0	5098	14559
332000	394	0	3438	0	7995	0	6124	13002
333000	431	0	3281	0	8399	0	5562	14385
334000	441	0	3730	0	7353	0	5866	12038
335000	433	0	3582	0	7681	0	6222	13128
336000	504	0	3350	0	7917	0	5568	14405
337000	494	0	2815	0	8938	0	5085	14303
338000	422	0	2797	0	9182	0	4723	14929
339000	405	0	3006	0	8676	0	5164	16376
340000	375	0	2881	0	9047	0	5214	15500
341000	449	0	3014	0	8582	0	5014	14313
342000	405	0	3038	0	8718	0	4985	14718
343000	473	0	3084	0	8446	0	5819	13968
344000	536	0	3009	0	8528	0	4940	14185
345000	457	0	2861	0	8944	0	4875	15710
346000	508	0	2809	0	8894	0	4538	15179
347000	471	0	2983	0	8670	0	5665	14234
348000	506	0	3322	0	7987	0	5506	13267
349000	532	0	3117	0	8370	0	5091	14462
350000	498	0	3568	0	7790	0	5765	13450
351000	473	0	3791	0	7380	0	5810	12228
352000	473	0	4733	0	5450	0	7823	9322
353000	420	0	4828	0	5228	0	7641	9111
354000	421	0	4611	0	5708	0	7461	9424
355000	496	0	4212	0	6158	0	7345	9894
356000	466	0	4450	0	5892	0	7737	10279
357000	514	0	4847	0	5058	0	8434	8473
358000	501	0	4646	0	5426	0	7986	9788
359000	582	0	4577	0	5531	0	7837	9772
360000	478	0	4546	0	5687	0	8214	10718
361000	529	0	4308	0	5970	0	7461	10650
362000	368	0	4334	0	6445	0	7195	10541
363000	487	0	3854	0	7109	0	6275	11395
364000	426	0	3827	0	7144	0	6181	13107
365000	424	0	3448	0	8008	0	5745	13211
366000	527	0	3456	0	7753	0	5287	13809
367000	437	0	3752	0	7457	0	6559	12358
368000	430	0	3235	0	8367	0	5164	13715
369000	499	0	3604	0	7560	0	5676	12662
370000	409	0	3663	0	7561	0	6630	12735
371000	406	0	3475	0	7778	0	6134	12642
372000	438	0	3248	0	8213	0	5458	14645
373000	434	0	3818	0	7293	0	5750	13492
374000	435	0	3542	0	7826	0	6131	13096
375000	491	0	3668	0	7354	0	6335	12997
376000	474	0	3539	0	7794	0	6412	12593
377000	434	0	3550	0	7838	0	5947	14280
378000	519	0	3876	0	6928	0	5927	12684
379000	484	0	3594	0	7562	0	5772	12255
380000	413	0	3267	0	8179	0	5789	14103
381000	507	0	3479	0	7777	0	5721	13283
382000	400	0	3285	0	8242	0	5695	13779
383000	427	0	3116	0	8514	0	5311	13567
384000	497	0	3520	0	7730	0	6069	12448
385000	527	0	3777	0	7213	0	6609	12250
386000	385	0	3761	0	7525	0	5989	13287
387000	486	0	3766	0	7248	0	6688	12556
388000	441	0	3621	0	7539	0	5744	12992
389000	389	0	3332	0	8147	0	5617	13751
390000	394	0	3773	0	7311	0	6160	12200
391000	493	0	3841	0	6951	0	6622	11423
392000	480	0	3390	0	7977	0	6435	12820
393000	567	0	3913	0	6794	0	6657	12287
394000	572	0	4214	0	6194	0	8353	9996
395000	405	0	4269	0	6430	0	7330	10959
396000	434	0	4490	0	5958	0	7796	9797
397000	404	0	4539	0	5812	0	7392	9272
398000	461	0	4366	0	6107	0	7506	9851
399000	482	0	4177	0	6385	0	7408	10792
400000	413	0	3901	0	7246	0	6889	11999
401000	425	0	4389	0	6158	0	7247	10912
402000	488	0	3678	0	7576	0	5967	12678
403000	545	0	4148	0	6414	0	7054	10233
404000	585	0	4329	0	6069	0	6903	10781
405000	488	0	4772	0	5299	0	8869	9720
406000	492	0	4128	0	6367	0	6750	10707
407000	494	0	4151	0	6478	0	6916	11276
408000	399	0	4218	0	6598	0	7271	11476
409000	336	0	3718	0	7734	0	6235	13236
410000	461	0	4179	0	6467	0	7314	10999
411000	635	0	4449	0	5667	0	7219	9565
412000	458	0	3991	0	6826	0	6923	11530
413000	411	0	4282	0	6407	0	6868	10741
414000	498	0	5045	0	4724	0	8518	7934
415000	482	0	4831	0	5192	0	7042	8926
416000	483	0	4427	0	5960	0	7807	11317
417000	461	0	4506	0	5877	0	7257	9337
418000	423	0	4669	0	5527	0	8203	9101
419000	420	0	4754	0	5273	0	7680	8630
420000	564	0	5033	0	4481	0	9060	8018
421000	422	0	4889	0	5168	0	8450	8480
422000	485	0	4438	0	5993	0	7570	9906
423000	387	0	4655	0	5628	0	7946	10133
424000	575	0	4823	0	4959	0	8298	8323
425000	544	0	4550	0	5552	0	8001	9021
426000	345	0	5330	0	4173	0	9833	7239
427000	363	0	5121	0	4692	0	8832	7965
428000	446	0	5517	0	3514	0	9136	5678
429000	444	0	5657	0	3142	0	8930	5750
430000	417	0	4996	0	4792	0	8516	8167
431000	517	0	4533	0	5567	0	7792	8613
432000	413	0	4338	0	6362	0	7105	11148
433000	500	0	3841	0	7148	0	6444	12325
434000	475	0	3541	0	7579	0	6337	12577
435000	504	0	3413	0	7893	0	6032	12780
436000	455	0	3451	0	7930	0	5815	12891
437000	576	0	3681	0	7059	0	6241	11620
438000	434	0	4038	0	6736	0	6556	11889
439000	371	0	4311	0	6443	0	6714	10744
440000	487	0	4290	0	6199	0	7112	10171
441000	400	0	3927	0	6996	0	6682	12538
442000	431	0	4033	0	6932	0	7192	12411
443000	423	0	4280	0	6526	0	6911	11401
444000	348	0	5115	0	4941	0	8475	8625
445000	479	0	4970	0	4778	0	9486	7673
446000	427	0	4831	0	5161	0	7698	8187
447000	478	0	5164	0	4311	0	8586	7499
448000	368	0	5144	0	4672	0	8705	8009
449000	415	0	4529	0	5770	0	8027	9629
450000	369	0	4495	0	6166	0	6749	10145
451000	424	0	4212	0	6548	0	7413	11288
452000	407	0	4682	0	5536	0	8648	9403
453000	426	0	4717	0	5455	0	8518	9148
454000	470	0	4928	0	5075	0	8180	8069
455000	420	0	4760	0	5407	0	7930	9476
456000	471	0	4663	0	5625	0	7604	9927
457000	474	0	4688	0	5385	0	7746	9506
458000	428	0	4687	0	5614	0	7608	8676
459000	498	0	3683	0	7419	0	6164	12256
460000	544	0	3406	0	7631	0	5315	13075
461000	440	0	3465	0	7944	0	5599	13190
462000	448	0	3828	0	7172	0	6050	12181
463000	539	0	3404	0	7787	0	5793	13428
464000	420	0	3680	0	7588	0	6231	13450
465000	538	0	3389	0	7687	0	5985	12509
466000	484	0	3910	0	7018	0	6697	11905
467000	375	0	3931	0	7157	0	6112	12245
468000	377	0	3856	0	7291	0	6781	12645
469000	479	0	3593	0	7527	0	6002	12409
470000	346	0	4067	0	6879	0	6561	11910
471000	573	0	3443	0	7775	0	6276	13462
472000	523	0	3568	0	7532	0	5825	14054
473000	543	0	3576	0	7534	0	4919	12659
474000	439	0	3994	0	6990	0	6684	12163
475000	432	0	4030	0	6905	0	6913	12098
476000	405	0	4474	0	5888	0	7966	10233
477000	449	0	4911	0	5079	0	8179	8945
478000	343	0	4691	0	5704	0	8247	10178
479000	432	0	4734	0	5539	0	7848	9405
480000	575	0	4787	0	5133	0	8437	8700
481000	486	0	4430	0	6003	0	7209	10585
482000	522	0	4829	0	5255	0	7937	8749
483000	507	0	4791	0	5285	0	8037	8478
484000	439	0	4659	0	5499	0	8146	9528
485000	567	0	4684	0	5230	0	8610	8867
486000	428	0	4393	0	6158	0	7321	9979
487000	500	0	4229	0	6154	0	7001	10406
488000	534	0	4512	0	5736	0	7908	10966
489000	438	0	4775	0	5192	0	7846	8937
490000	504	0	4403	0	5928	0	7358	10120
491000	296	0	4877	0	5452	0	7631	9648
492000	415	0	4971	0	5022	0	8317	8688
493000	402	0	4929	0	5081	0	7889	8626
494000	499	0	4883	0	4979	0	8594	8195
495000	393	0	4721	0	5427	0	7988	8829
496000	434	0	4951	0	5060	0	8412	8271
497000	468	0	4583	0	5475	0	8107	8584
498000	396	0	4426	0	6184	0	7081	10193
499000	478	0	4220	0	6366	0	6426	11191
500000	387	0	4343	0	6465	0	7258	10721
501000	459	0	3768	0	7317	0	6623	11854
502000	444	0	3142	0	8532	0	5532	14280
503000	477	0	3648	0	7559	0	5642	12231
504000	469	0	3287	0	8112	0	5645	14221
505000	513	0	2664	0	9272	0	4871	15151
506000	495	0	2811	0	8954	0	4836	16116
507000	473	0	2888	0	8862	0	5417	15344
508000	468	0	3134	0	8363	0	5427	14210
509000	520	0	3326	0	7960	0	5787	14249
510000	351	0	3180	0	8472	0	5522	13678
511000	428	0	2917	0	8927	0	4966	14884
512000	521	0	2685	0	8998	0	4845	15494
513000	335	0	2953	0	8988	0	4204	15062
514000	388	0	2850	0	9120	0	4468	15371
515000	450	0	3004	0	8768	0	4777	15182
516000	480	0	3135	0	8409	0	5419	13719
517000	476	0	2990	0	8651	0	5006	14503
518000	446	0	2627	0	9290	0	4655	15794
519000	456	0	2598	0	9367	0	4443	16413
520000	489	0	2644	0	9236	0	4369	16223
521000	488	0	2241	0	9929	0	3708	17783
522000	426	0	2327	0	9917	0	4087	17202
523000	407	0	2582	0	9490	0	4864	16208
524000	442	0	2269	0	10016	0	3595	17222
525000	444	0	3314	0	8272	0	4846	14567
526000	474	0	3497	0	7780	0	5746	12952
527000	364	0	3891	0	7253	0	6288	12604
528000	421	0	3751	0	7351	0	6318	11934
529000	366	0	3884	0	7263	0	6192	12748
530000	432	0	3442	0	7969	0	5902	13539
531000	567	0	3390	0	7781	0	5631	12751
532000	443	0	3636	0	7608	0	6499	12842
533000	418	0	3439	0	8048	0	5866	12834
534000	491	0	3870	0	7114	0	6672	12587
535000	411	0	3326	0	8320	0	5494	13712
536000	347	0	3695	0	7568	0	5890	13162
537000	450	0	3775	0	7271	0	6694	12050
538000	460	0	3549	0	7582	0	6260	12185
539000	440	0	3431	0	7918	0	6098	12908
540000	480	0	3543	0	7585	0	6079	13690
541000	373	0	3352	0	8262	0	5533	13741
542000	462	0	3468	0	7923	0	5825	13785
543000	461	0	3433	0	7920	0	5892	13002
544000	457	0	3856	0	7033	0	6456	12846
545000	494	0	3182	0	8279	0	5298	14449
546000	439	0	3137	0	8366	0	5279	14017
547000	489	0	3675	0	7395	0	6522	12804
548000	518	0	3721	0	7276	0	6136	12744
549000	456	0	3820	0	7203	0	6345	12091
550000	444	0	3426	0	7980	0	6026	13526
551000	405	0	3018	0	8738	0	4813	14941
552000	440	0	3183	0	8363	0	5635	13745
553000	399	0	3660	0	7635	0	5932	13005
554000	458	0	3810	0	7202	0	6865	12386
555000	589	0	3939	0	6796	0	6484	11173
556000	343	0	3441	0	8146	0	5439	13866
557000	492	0	3488	0	7751	0	5658	13065
558000	476	0	2849	0	8881	0	4594	13884
559000	417	0	2989	0	8830	0	5227	15096
560000	457	0	3108	0	8545	0	5084	14773
561000	579	0	3325	0	7833	0	5781	13276
562000	421	0	3318	0	8191	0	5448	14183
563000	438	0	3425	0	7966	0	6031	13617
564000	509	0	2958	0	8635	0	4819	15447
565000	373	0	3208	0	8555	0	5216	14454
566000	386	0	2864	0	9032	0	4507	15218
567000	508	0	2802	0	8964	0	4747	15158
568000	388	0	2652	0	9360	0	4596	16247
569000	443	0	2814	0	9000	0	4521	14710
570000	479	0	3187	0	8304	0	5691	14024
571000	449	0	2960	0	8685	0	5488	15375
572000	426	0	3221	0	8328	0	5750	13897
573000	449	0	3605	0	7604	0	6618	12697
574000	556	0	3631	0	7421	0	5970	12034
575000	404	0	3998	0	6899	0	6412	11622
576000	483	0	3829	0	7154	0	6636	12513
577000	497	0	4030	0	6778	0	6471	12245
578000	369	0	3954	0	6983	0	6839	12757
579000	443	0	3984	0	6947	0	6824	10619
580000	408	0	4199	0	6549	0	6717	11713
581000	526	0	4242	0	6133	0	6902	9815
582000	432	0	4740	0	5331	0	8364	9215
583000	485	0	4684	0	5386	0	7724	9853
584000	373	0	5578	0	3409	0	9054	5219
585000	527	0	5254	0	3975	0	8975	6233
586000	527	0	5706	0	2631	0	9393	3855
587000	496	0	5676	0	2679	0	9243	4381
588000	495	0	5762	0	2600	0	10020	4502
589000	479	0	5397	0	3902	0	9516	7153
590000	587	0	5129	0	4056	0	8350	6613
591000	690	0	5344	0	3524	0	8633	6234
592000	547	0	5173	0	4077	0	8987	6988
593000	492	0	4797	0	5164	0	8177	8149
594000	430	0	4884	0	5117	0	8157	8527
595000	446	0	5064	0	4831	0	8832	7904
596000	661	0	5126	0	4247	0	8146	6839
597000	502	0	4800	0	5015	0	8128	8144
598000	437	0	5661	0	3089	0	10227	5837
599000	584	0	5581	0	2904	0	9492	5430
600000	514	0	5523	0	3331	0	9257	6536
601000	428	0	5334	0	4075	0	9246	6597
602000	421	0	5192	0	4508	0	9075	7694
603000	381	0	5072	0	4543	0	8771	7807
604000	551	0	4631	0	5491	0	8032	9830
605000	624	0	4776	0	4923	0	8327	7839
606000	409	0	5135	0	4667	0	8506	8289
607000	367	0	4942	0	5231	0	8476	8886
608000	422	0	4265	0	6495	0	7455	10910
609000	471	0	3969	0	6959	0	7045	11600
610000	397	0	3543	0	7595	0	6576	13266
611000	407	0	3393	0	8141	0	5978	14199
612000	477	0	3320	0	8201	0	5502	13611
613000	444	0	3333	0	8171	0	5812	13755
614000	474	0	3109	0	8524	0	5010	14570
615000	513	0	3170	0	8358	0	4868	14713
616000	462	0	3633	0	7550	0	6019	12223
617000	512	0	3071	0	8565	0	5312	15040
618000	450	0	3262	0	8269	0	5486	13772
619000	524	0	2989	0	8681	0	5188	14360
620000	382	0	2823	0	9111	0	4596	14804
621000	463	0	2988	0	8644	0	4575	14360
622000	465	0	3791	0	7173	0	5845	12264
623000	578	0	4425	0	5734	0	7644	10362
624000	457	0	4301	0	6250	0	7778	10734
625000	453	0	4549	0	5677	0	7826	9805
626000	441	0	4346	0	6244	0	7604	10790
627000	462	0	4246	0	6391	0	7971	10925
628000	384	0	4497	0	5943	0	6803	10068
629000	514	0	4220	0	6289	0	7554	10396
630000	513	0	4233	0	6409	0	6898	10782
631000	424	0	4444	0	6203	0	7903	10245
632000	470	0	4224	0	6375	0	6625	11033
633000	553	0	4326	0	5972	0	7201	9984
634000	434	0	4600	0	5584	0	7590	9773
635000	554	0	5010	0	4563	0	8371	7629
636000	476	0	4687	0	5345	0	7974	8970
637000	409	0	5308	0	4118	0	8844	7067
638000	444	0	5361	0	3796	0	9054	7144
639000	568	0	5461	0	3043	0	9977	5194
640000	532	0	5655	0	3203	0	8600	6221
641000	365	0	5229	0	4193	0	9742	6395
642000	603	0	5476	0	3123	0	9434	5097
643000	553	0	5654	0	2797	0	9498	4957
644000	631	0	5566	0	2924	0	10234	4554
645000	466	0	5753	0	2887	0	10012	5160
646000	425	0	5620	0	3130	0	10259	4543
647000	593	0	5387	0	3519	0	8689	5861
648000	435	0	5567	0	3438	0	9545	5300
649000	476	0	5542	0	3105	0	10009	4988
650000	471	0	5483	0	3533	0	9217	6251
651000	565	0	5248	0	3780	0	9463	6447
652000	366	0	5409	0	3886	0	9327	7098
653000	490	0	4954	0	4739	0	8529	8395
654000	487	0	4388	0	6027	0	6727	10519
655000	449	0	4315	0	6268	0	7553	9507
656000	380	0	4243	0	6519	0	7296	11121
657000	367	0	3375	0	8098	0	6158	13297
658000	439	0	3772	0	7241	0	6195	12886
659000	458	0	4124	0	6554	0	8030	11213
660000	506	0	4378	0	6049	0	7873	10152
661000	492	0	4967	0	4866	0	7942	8064
662000	433	0	5368	0	4135	0	8769	7003
663000	407	0	4689	0	5512	0	7578	9147
664000	563	0	5067	0	4546	0	8310	7700
665000	414	0	4940	0	5134	0	8426	8168
666000	408	0	4768	0	5335	0	8656	8819
667000	436	0	4213	0	6438	0	6859	10382
668000	392	0	3899	0	7201	0	6298	12068
669000	421	0	4051	0	6893	0	6708	11201
670000	430	0	4042	0	6853	0	7163	11654
671000	472	0	3770	0	7395	0	6626	12377
672000	485	0	3233	0	8353	0	5705	14035
673000	498	0	2733	0	9076	0	4550	15697
674000	466	0	2722	0	9180	0	4405	15100
675000	466	0	2554	0	9403	0	4571	15864
676000	478	0	2775	0	9080	0	4135	15006
677000	445	0	2833	0	9041	0	5336	15459
678000	461	0	3142	0	8421	0	5731	14189
679000	499	0	3288	0	8023	0	5652	13337
680000	404	0	3764	0	7292	0	6641	12720
681000	434	0	3716	0	7263	0	6355	12770
682000	511	0	4064	0	6633	0	6799	11179
683000	453	0	3538	0	7765	0	5695	12324
684000	458	0	3422	0	7964	0	4984	13355
685000	419	0	3561	0	7806	0	6243	12824
686000	406	0	3408	0	8077	0	5686	14052
687000	494	0	3288	0	8139	0	5158	14250
688000	408	0	3510	0	7839	0	5902	12415
689000	420	0	4043	0	6804	0	7329	11319
690000	456	0	3812	0	7141	0	6954	11421
691000	397	0	4312	0	6350	0	6930	10945
692000	458	0	4408	0	6148	0	7280	10916
693000	527	0	4140	0	6461	0	7300	11305
694000	410	0	4373	0	6310	0	7257	10703
695000	400	0	4341	0	6296	0	7206	11112
696000	378	0	3805	0	7332	0	6089	13599
697000	408	0	3504	0	7962	0	5367	13091
698000	479	0	3283	0	8202	0	5782	13662
699000	448	0	3154	0	8415	0	4827	14582
700000	466	0	2872	0	9000	0	4798	14272
701000	444	0	2896	0	8941	0	5123	15369
702000	441	0	2934	0	8832	0	5095	15610
703000	419	0	2857	0	8930	0	5124	15224
704000	490	0	2697	0	9201	0	4294	15210
705000	434	0	2885	0	8965	0	4318	14375
706000	448	0	3471	0	7831	0	5753	13920
707000	446	0	3388	0	8064	0	5625	13415
708000	402	0	3769	0	7403	0	6523	11523
709000	479	0	4079	0	6634	0	6903	10751
710000	453	0	4279	0	6402	0	7204	10711
711000	466	0	3979	0	6830	0	7381	11550
712000	484	0	3796	0	7207	0	6428	11930
713000	385	0	3673	0	7520	0	5804	13149
714000	365	0	3577	0	7805	0	5829	13773
715000	501	0	3594	0	7478	0	5885	12819
716000	446	0	3737	0	7398	0	6441	12125
717000	466	0	4265	0	6340	0	7206	10310
718000	444	0	4324	0	6232	0	7051	10873
719000	525	0	3849	0	7039	0	6788	11367
720000	469	0	3685	0	7503	0	6229	12252
721000	515	0	2940	0	8692	0	5138	13731
722000	459	0	2833	0	8956	0	5118	14765
723000	491	0	3602	0	7503	0	6823	11693
724000	522	0	4386	0	5827	0	7313	9981
725000	350	0	4189	0	6647	0	6558	10827
726000	592	0	3586	0	7419	0	6683	12471
727000	485	0	4153	0	6460	0	7105	10728
728000	635	0	3491	0	7362	0	6193	12605
729000	508	0	3930	0	6927	0	6377	11423
730000	354	0	4376	0	6477	0	7511	11347
731000	514	0	4293	0	6207	0	7020	10283
732000	592	0	4280	0	6014	0	7979	10506
733000	559	0	4880	0	5011	0	8677	8408
734000	479	0	5269	0	3985	0	9571	6505
735000	434	0	4571	0	5654	0	7687	10070
736000	420	0	4977	0	4946	0	8253	8348
737000	506	0	5139	0	4597	0	8244	7103
738000	462	0	4692	0	5378	0	8124	8742
739000	415	0	4948	0	4980	0	8072	7899
740000	474	0	4842	0	5059	0	7583	8277
741000	366	0	5252	0	4558	0	9610	7689
742000	489	0	4901	0	5012	0	8209	9134
743000	437	0	4772	0	5330	0	8454	9262
744000	408	0	4598	0	5678	0	7619	9451
745000	396	0	4850	0	5121	0	7407	8771
746000	483	0	5098	0	4340	0	9181	6962
747000	445	0	4862	0	5078	0	7863	8131
748000	413	0	4627	0	5696	0	7978	9796
749000	516	0	4134	0	6550	0	6308	10580
750000	500	0	4079	0	6640	0	6600	11487
751000	524	0	4471	0	5720	0	7333	10293
752000	414	0	4451	0	6111	0	6884	9954
753000	425	0	4523	0	5861	0	7453	10517
754000	520	0	4425	0	5835	0	7928	8844
755000	464	0	4341	0	6200	0	7812	10624
756000	434	0	4642	0	5426	0	7929	9834
757000	490	0	4189	0	6424	0	7093	10716
758000	479	0	4520	0	5821	0	8102	10108
759000	514	0	4373	0	6010	0	7555	10028
760000	469	0	4297	0	6237	0	7214	10666
761000	405	0	4551	0	5794	0	7545	9922
762000	499	0	4534	0	5749	0	7371	9914
763000	535	0	4266	0	6294	0	7424	10407
764000	530	0	4519	0	5827	0	7063	9897
765000	490	0	4642	0	5637	0	8291	9042
766000	375	0	4861	0	5105	0	8785	9017
767000	509	0	4449	0	5942	0	7895	9326
768000	432	0	4407	0	6065	0	7277	9639
769000	534	0	3897	0	6897	0	6278	11420
770000	480	0	3668	0	7425	0	6487	12651
771000	498	0	3760	0	7297	0	6449	10991
772000	485	0	4219	0	6387	0	7084	10530
773000	336	0	4493	0	6299	0	7390	10887
774000	469	0	4343	0	6030	0	7984	10247
775000	537	0	4032	0	6600	0	7272	11091
776000	464	0	3493	0	7797	0	5308	12903
777000	471	0	3181	0	8469	0	4771	14644
778000	408	0	3763	0	7494	0	6121	12291
779000	450	0	3406	0	7869	0	5802	12568
780000	354	0	3666	0	7778	0	5585	14039
781000	417	0	4166	0	6706	0	8004	11606
782000	460	0	4181	0	6471	0	7656	10703
783000	540	0	4216	0	6327	0	7232	11324
784000	561	0	3641	0	7284	0	6207	12092
785000	467	0	4350	0	6107	0	8180	10091
786000	365	0	4512	0	5987	0	7532	10486
787000	353	0	4663	0	5734	0	7939	9332
788000	438	0	4572	0	5725	0	7619	9346
789000	431	0	4777	0	5397	0	7985	8746
790000	458	0	3983	0	6900	0	6384	11153
791000	405	0	4771	0	5303	0	8430	9304
792000	428	0	5287	0	4133	0	9016	7262
793000	461	0	4991	0	4818	0	7685	8788
794000	495	0	4834	0	5006	0	7995	9657
795000	474	0	4456	0	5984	0	7425	10549
796000	441	0	3910	0	7027	0	6430	11672
797000	477	0	3842	0	7274	0	6204	11665
798000	601	0	3709	0	7171	0	6205	12373
799000	445	0	3920	0	6969	0	7028	11926
800000	479	0	4400	0	6014	0	6901	9925
801000	448	0	3774	0	7363	0	6924	12965
802000	445	0	3778	0	7304	0	6349	12729
803000	494	0	3623	0	7562	0	6351	12817
804000	384	0	3593	0	7758	0	6227	12584
805000	514	0	3796	0	7194	0	6650	12239
806000	516	0	3480	0	7689	0	6005	12957
807000	452	0	3348	0	8076	0	5697	13444
808000	359	0	3446	0	8000	0	6305	13593
809000	422	0	3232	0	8241	0	5789	14652
810000	381	0	3302	0	8338	0	5424	13489
811000	547	0	3051	0	8387	0	5300	13668
812000	356	0	3439	0	8096	0	6044	13670
813000	435	0	3814	0	7354	0	6197	13129
814000	505	0	3353	0	8021	0	5942	13901
815000	433	0	3115	0	8557	0	5185	15075
816000	438	0	2476	0	9599	0	4405	17025
817000	415	0	2180	0	10129	0	3558	17306
818000	437	0	2286	0	9995	0	3848	16618
819000	475	0	2418	0	9623	0	3818	17397
820000	472	0	3363	0	8002	0	5477	13077
821000	464	0	3154	0	8410	0	5271	13531
822000	437	0	3416	0	8016	0	6297	13128
823000	455	0	3245	0	8188	0	5031	14246
824000	482	0	3248	0	8198	0	5573	13213
825000	463	0	3336	0	8090	0	5635	13663
826000	471	0	2984	0	8689	0	5997	14486
827000	461	0	2724	0	9198	0	4524	15500
828000	419	0	2806	0	9089	0	4885	15344
829000	504	0	2595	0	9330	0	4320	14801
830000	483	0	2844	0	8864	0	4778	15179
831000	521	0	2802	0	8879	0	4543	14713
832000	464	0	3018	0	8614	0	5391	14149
833000	532	0	2322	0	9644	0	3637	15770
834000	471	0	2643	0	9212	0	4273	15770
835000	468	0	2511	0	9417	0	3955	15462
836000	366	0	3426	0	8095	0	6056	14421
837000	432	0	3505	0	7841	0	5981	13672
838000	493	0	4277	0	6373	0	6660	10379
839000	394	0	4296	0	6412	0	7296	10357
840000	455	0	4085	0	6866	0	6612	11209
841000	432	0	4379	0	6312	0	8376	10418
842000	484	0	4433	0	5815	0	7800	10052
843000	492	0	4292	0	6294	0	7149	11597
844000	441	0	4608	0	5631	0	7837	9219
845000	492	0	4541	0	5862	0	7556	10426
846000	586	0	4076	0	6595	0	6679	11122
847000	525	0	4036	0	6660	0	7255	10545
848000	487	0	4685	0	5463	0	8138	9577
849000	445	0	4475	0	5907	0	7609	9593
850000	381	0	4585	0	5738	0	7898	9242
851000	422	0	4303	0	6345	0	7203	11140
852000	440	0	4150	0	6531	0	6723	11673
853000	516	0	4491	0	5695	0	6819	9652
854000	475	0	4520	0	5855	0	7090	10063
855000	414	0	4700	0	5281	0	8530	8610
856000	416	0	4709	0	5488	0	8023	10090
857000	467	0	3975	0	6882	0	6551	11140
858000	404	0	4188	0	6638	0	7259	10700
859000	505	0	3661	0	7398	0	6298	12136
860000	527	0	3722	0	7424	0	5915	13220
861000	493	0	3667	0	7302	0	6243	12130
862000	475	0	4109	0	6371	0	6670	11367
863000	508	0	3620	0	7492	0	6572	13052
864000	421	0	4020	0	6888	0	6707	11695
865000	439	0	3852	0	7080	0	6340	13135
866000	472	0	3008	0	8634	0	5138	13901
867000	409	0	3060	0	8607	0	5401	14354
868000	498	0	3163	0	8438	0	5345	14459
869000	407	0	3609	0	7728	0	5576	13482
870000	475	0	3444	0	7874	0	5765	13771
871000	510	0	3288	0	8161	0	5913	13064
872000	500	0	4043	0	6681	0	6885	11341
873000	572	0	4055	0	6481	0	6756	12007
874000	477	0	4092	0	6653	0	6877	11530
875000	443	0	4099	0	6722	0	7119	11983
876000	523	0	3296	0	8046	0	6044	14198
877000	405	0	3326	0	8133	0	5458	14080
878000	497	0	2890	0	8818	0	5569	15025
879000	429	0	3061	0	8615	0	5091	14993
880000	407	0	2757	0	9199	0	5009	15568
881000	517	0	2413	0	9588	0	4049	16148
882000	482	0	2551	0	9350	0	4368	16651
883000	466	0	2192	0	10020	0	3767	16728
884000	386	0	2444	0	9747	0	4531	16056
885000	493	0	2316	0	9770	0	4074	16976
886000	514	0	2815	0	8907	0	4739	15366
887000	490	0	2781	0	9065	0	4519	14839
888000	453	0	2994	0	8628	0	5341	14042
889000	362	0	2817	0	9110	0	4674	13962
890000	393	0	2903	0	8984	0	4691	15637
891000	450	0	3224	0	8334	0	4837	14686
892000	427	0	3229	0	8259	0	5272	14674
893000	410	0	3153	0	8502	0	5204	15300
894000	425	0	3307	0	8050	0	5685	13715
895000	424	0	4129	0	6721	0	6716	11162
896000	476	0	3289	0	8047	0	5478	13987
897000	501	0	3319	0	8087	0	5224	14615
898000	459	0	3523	0	7633	0	6492	12861
899000	447	0	3439	0	7921	0	5882	12934
900000	439	0	3541	0	7829	0	6350	12928
901000	402	0	3360	0	8198	0	6066	14121
902000	457	0	3477	0	7715	0	6125	12685
903000	408	0	2934	0	8849	0	5157	15196
904000	422	0	3367	0	8026	0	5916	13754
905000	502	0	3387	0	7900	0	6198	13475
906000	487	0	3720	0	7379	0	5976	13308
907000	421	0	4905	0	5032	0	8937	9472
908000	537	0	4790	0	5037	0	7919	8610
909000	575	0	4521	0	5695	0	7861	9502
910000	466	0	4332	0	6262	0	7350	10568
911000	441	0	4500	0	5959	0	7773	10277
912000	464	0	3472	0	7896	0	5586	13723
913000	443	0	3347	0	8065	0	5698	12988
914000	484	0	3111	0	8491	0	5561	14828
915000	492	0	3150	0	8310	0	4953	13884
916000	372	0	3530	0	7933	0	6182	12642
917000	488	0	3800	0	7332	0	6646	12635
918000	494	0	3675	0	7388	0	6448	12710
919000	403	0	3780	0	7466	0	5648	13568
920000	524	0	4428	0	5985	0	6705	10066
921000	476	0	4180	0	6557	0	7053	11671
922000	441	0	3916	0	6968	0	6914	12426
923000	524	0	4367	0	6115	0	7188	10106
924000	555	0	4216	0	6169	0	7161	10739
925000	521	0	3863	0	6916	0	6483	12420
926000	530	0	4334	0	6047	0	7729	10890
927000	537	0	4054	0	6566	0	7476	10939
928000	487	0	3664	0	7396	0	5887	11417
929000	537	0	3288	0	8035	0	5810	12679
930000	373	0	3018	0	8884	0	5376	15134
931000	461	0	3152	0	8466	0	5326	13909
932000	416	0	3503	0	7907	0	5552	13486
933000	440	0	3704	0	7449	0	6479	12739
934000	429	0	3638	0	7502	0	6031	12676
935000	468	0	3433	0	7875	0	5719	12959
936000	439	0	3609	0	7643	0	5987	12295
937000	463	0	4064	0	6676	0	7179	11169
938000	380	0	4249	0	6512	0	7100	10693
939000	450	0	4034	0	6774	0	7039	11539
940000	504	0	3641	0	7398	0	6358	12790
941000	497	0	3595	0	7422	0	6068	12712
942000	368	0	4481	0	6199	0	6953	11939
943000	503	0	5215	0	4365	0	8058	7421
944000	423	0	4841	0	5165	0	8176	8807
945000	494	0	4853	0	5118	0	8115	9260
946000	490	0	4787	0	5241	0	7981	8739
947000	534	0	5053	0	4447	0	8868	7941
948000	433	0	5470	0	3779	0	9097	7518
949000	355	0	6116	0	2424	0	9269	4429
950000	598	0	5350	0	3512	0	9278	5578
951000	438	0	5523	0	3340	0	9630	5291
952000	416	0	5322	0	3862	0	8810	6441
953000	447	0	5120	0	4586	0	8898	7387
954000	387	0	5159	0	4732	0	8530	8565
955000	505	0	5033	0	4709	0	7956	8735
956000	391	0	5153	0	4600	0	8821	8460
957000	400	0	4486	0	5949	0	7765	10147
958000	385	0	4437	0	6143	0	7484	10544
959000	491	0	4391	0	6022	0	7966	9798
960000	518	0	4035	0	6753	0	6905	11218
961000	397	0	3690	0	7504	0	6367	12682
962000	552	0	3097	0	8518	0	5105	13655
963000	462	0	3187	0	8333	0	5204	14840
964000	414	0	3473	0	7874	0	5739	13178
965000	546	0	2730	0	9141	0	4691	15914
966000	500	0	2838	0	8893	0	4864	15478
967000	478	0	2673	0	9153	0	4972	14883
968000	398	0	2681	0	9307	0	4104	15764
969000	491	0	2834	0	8909	0	5006	15072
970000	468	0	3077	0	8479	0	5079	14242
971000	497	0	3582	0	7557	0	6055	12554
972000	621	0	3608	0	7374	0	6256	12546
973000	394	0	3942	0	7153	0	6601	11879
974000	452	0	3731	0	7375	0	6356	12904
975000	447	0	3934	0	6936	0	6685	11397
976000	462	0	3791	0	7244	0	5806	12283
977000	526	0	4009	0	6678	0	6295	11257
978000	402	0	4306	0	6472	0	6897	11061
979000	430	0	4497	0	5846	0	7228	9595
980000	578	0	4601	0	5430	0	7651	9111
981000	544	0	4060	0	6635	0	6864	11046
982000	429	0	4227	0	6371	0	6475	10970
983000	526	0	4505	0	5616	0	8019	9608
984000	444	0	4251	0	6428	0	6881	10582
985000	440	0	3279	0	8282	0	5783	13098
986000	529	0	3541	0	7584	0	6314	12876
987000	439	0	4171	0	6667	0	6885	10799
988000	458	0	4258	0	6342	0	7864	10499
989000	525	0	4622	0	5470	0	7943	9020
990000	462	0	4222	0	6454	0	7241	10895
991000	523	0	4477	0	5604	0	8152	8877
992000	401	0	4335	0	6299	0	7231	10658
993000	445	0	3964	0	7047	0	6995	11058
994000	464	0	3427	0	7985	0	5557	12884
995000	476	0	4327	0	6121	0	7307	10418
996000	472	0	3890	0	7101	0	6476	12062
997000	449	0	3513	0	7919	0	5967	13272
998000	373	0	4104	0	6753	0	6930	10540
999000	428	0	4390	0	6200	0	7112	10658
