0	0	0	0	14400	0	0	0	0
1000	12	310	274	13336	94	41	39393	371
2000	14	373	348	13201	35	51	36777	193
3000	12	252	398	13256	20	71	38318	221
4000	7	287	328	13402	0	29	39031	110
5000	10	377	374	13215	68	12	36593	262
6000	14	332	352	13281	39	19	38351	111
7000	4	355	363	13287	9	36	38310	241
8000	14	304	380	13285	0	18	38133	43
9000	6	303	344	13396	1	38	38223	142
10000	11	345	409	13208	3	44	36528	106
11000	16	303	396	13284	0	34	36819	152
12000	10	343	355	13295	0	30	36657	70
13000	7	339	437	13138	1	38	37098	65
14000	8	334	357	13341	3	0	38620	12
15000	7	351	335	13351	0	14	38331	44
16000	8	384	304	13341	5	13	37146	62
17000	7	352	345	13294	20	24	36252	89
18000	11	367	382	13226	44	23	37507	121
19000	8	349	358	13274	30	16	37210	54
20000	13	342	407	13196	3	42	37725	197
21000	5	343	400	13284	1	10	37265	27
22000	8	311	356	13371	0	8	38714	22
23000	11	365	330	13306	0	23	37740	29
24000	16	342	435	13087	105	16	37581	267
25000	10	307	481	12993	67	63	38202	394
26000	15	346	488	13065	4	84	38314	292
27000	8	347	465	13106	0	58	36938	240
28000	6	321	297	13371	1	92	36806	309
29000	11	317	285	13354	8	90	37020	266
30000	5	361	347	13276	0	69	37278	116
31000	7	318	276	13384	1	89	38127	254
32000	7	299	323	13377	0	56	38496	203
33000	5	298	348	13359	1	58	40098	156
34000	8	343	322	13203	4	155	37425	322
35000	9	341	296	13227	11	209	36937	574
36000	12	374	370	13163	4	137	37055	475
37000	12	313	311	13281	20	139	38764	360
38000	9	352	295	13136	9	245	36886	664
39000	8	338	320	13049	53	299	37049	1051
40000	9	324	471	12795	118	273	35154	892
41000	14	307	443	12876	111	251	37105	1013
42000	10	330	345	13013	115	253	35682	872
43000	8	293	390	13012	124	194	37095	863
44000	13	355	404	12987	113	142	35677	633
45000	11	358	370	13043	90	153	38024	781
46000	13	321	486	12892	110	154	38450	837
47000	11	368	440	13059	55	86	37253	582
48000	15	319	440	13104	7	74	37609	245
49000	15	319	337	13311	14	60	38061	245
50000	4	395	393	13178	10	37	38226	182
51000	10	331	440	13205	10	31	36759	203
52000	8	381	327	13255	12	46	37955	214
53000	5	391	324	13326	11	12	37832	59
54000	17	331	481	13137	16	7	38600	60
55000	17	271	583	13008	25	9	37104	66
56000	12	330	365	13278	13	30	38684	149
57000	9	338	315	13398	2	24	37637	32
58000	8	345	384	13270	0	2	37872	1
59000	7	346	424	13057	101	48	37253	327
60000	12	312	399	13190	87	29	38086	370
61000	9	342	360	13198	84	40	40026	271
62000	11	355	337	13262	32	31	36924	112
63000	7	297	365	13291	43	41	38430	292
64000	6	294	452	13140	7	79	39316	232
65000	12	298	371	13248	5	102	38280	257
66000	8	350	342	13242	8	107	36382	155
67000	11	315	399	13080	33	173	37539	567
68000	10	337	380	13129	7	158	37252	400
69000	11	360	356	13114	6	168	36643	480
70000	13	310	358	13152	32	196	37584	414
71000	7	344	357	13089	34	208	37197	777
72000	2	360	301	13241	15	148	37056	378
73000	13	323	398	13146	50	116	37708	667
74000	4	339	444	13020	43	115	37869	522
75000	22	314	462	13015	65	95	37144	432
76000	4	279	370	13232	45	92	39547	348
77000	13	295	320	13285	20	133	39177	439
78000	10	332	341	13241	10	94	37678	294
79000	7	351	338	13328	8	51	36869	233
80000	1	327	286	13387	14	34	36736	128
81000	9	318	356	13321	4	52	37341	207
82000	1	339	346	13357	2	23	38665	175
83000	13	293	444	13189	0	60	38393	160
84000	7	343	376	13217	0	70	37969	131
85000	11	376	394	13211	0	15	38197	28
86000	16	352	343	13367	0	11	37262	3
87000	4	337	430	13208	0	22	37579	34
88000	18	331	367	13328	0	7	37453	34
89000	3	308	323	13397	0	12	37607	29
90000	7	334	271	13474	0	3	37626	4
91000	11	364	371	13110	120	35	36754	465
92000	12	357	317	13244	66	75	37305	598
93000	10	375	320	13156	62	139	37001	563
94000	7	343	244	13272	45	187	37793	695
95000	8	360	341	13131	25	178	38951	502
96000	9	317	400	13097	62	86	37341	350
97000	4	339	417	13089	24	138	37090	504
98000	15	327	336	13168	46	117	38757	603
99000	13	306	375	13126	63	159	38198	542
100000	13	326	341	13065	61	229	36935	720
101000	7	354	409	12896	94	243	36295	897
102000	11	323	395	12915	144	234	36684	1251
103000	14	324	488	12655	158	309	37902	1397
104000	10	324	379	12906	149	270	37684	1313
105000	11	287	341	13014	125	274	36825	972
106000	15	348	263	12937	122	389	38173	1232
107000	17	314	398	12662	144	469	37316	1653
108000	12	288	373	12832	184	327	36972	1439
109000	6	294	298	12924	204	356	37739	1391
110000	13	292	368	12704	171	449	37035	1683
111000	11	346	298	12700	230	491	34956	1983
112000	20	342	413	12441	254	558	35596	2287
113000	21	313	423	12302	243	681	37247	2621
114000	18	305	433	12293	183	762	35087	2683
115000	10	336	264	12566	107	809	35163	2374
116000	16	343	242	12484	134	883	34884	2560
117000	17	339	387	12247	173	835	34235	3244
118000	5	327	330	12414	148	806	36966	2336
119000	13	362	349	12341	178	781	33829	2914
120000	23	353	362	12530	151	630	34361	2131
121000	9	326	424	12571	81	582	36066	2004
122000	5	339	352	12764	108	496	37647	1749
123000	11	332	392	12896	98	306	37016	1273
124000	10	313	448	12723	33	454	35878	1420
125000	7	344	374	12906	43	364	37773	1161
126000	5	362	337	12820	81	443	35298	1584
127000	8	319	318	12883	68	470	36410	1414
128000	5	310	334	12860	121	391	36271	1494
129000	13	306	348	12956	45	361	36565	1187
130000	9	348	370	12998	32	290	37584	926
131000	4	360	406	12898	27	269	37090	948
132000	11	361	333	12980	65	269	38284	945
133000	10	367	353	13002	23	321	38625	778
134000	17	319	364	12974	2	348	37294	838
135000	13	355	357	13012	29	277	36089	722
136000	7	333	417	12953	61	227	37608	762
137000	9	335	544	12762	24	263	37244	654
138000	6	354	338	13115	12	207	37984	745
139000	5	312	298	13229	23	216	37602	663
140000	7	347	403	13027	39	220	37067	757
141000	4	286	352	13066	70	271	37480	835
142000	15	316	380	13010	31	260	36964	862
143000	7	331	310	13157	22	237	37722	825
144000	8	313	326	13143	31	271	38883	901
145000	2	345	317	13122	29	249	38041	799
146000	14	354	359	13083	24	167	38814	535
147000	11	328	354	13134	11	201	38993	480
148000	9	344	319	13251	52	99	37294	415
149000	7	337	340	13194	78	127	36885	572
150000	16	329	399	13049	44	176	38482	717
151000	10	311	458	12967	29	175	39477	491
152000	15	277	410	13054	3	229	38207	706
153000	7	360	340	13145	26	175	38214	609
154000	6	345	440	13018	10	164	35648	502
155000	6	336	373	13149	8	164	37863	585
156000	10	337	305	13248	22	156	37916	427
157000	9	282	385	13173	68	125	38028	475
158000	4	288	297	13264	45	194	38040	565
159000	9	315	291	13204	46	193	38311	721
160000	8	336	330	13198	26	171	39348	387
161000	9	373	388	13077	12	174	38789	450
162000	6	317	379	13129	0	191	37322	562
163000	1	353	388	13103	6	168	37633	506
164000	8	322	381	13077	11	199	37616	551
165000	9	306	335	13132	57	205	37754	696
166000	20	340	350	13085	73	142	36824	660
167000	9	315	357	13228	52	98	38527	338
168000	11	351	373	13145	39	92	38147	273
169000	8	326	331	13249	59	78	38861	234
170000	4	307	356	13288	28	87	37707	362
171000	6	345	348	13220	12	96	38320	179
172000	13	362	370	13173	2	81	38076	165
173000	6	327	398	13209	1	73	36467	144
174000	18	306	391	13209	6	85	37688	328
175000	8	363	274	13319	18	91	36589	314
176000	12	320	324	13333	17	57	37442	93
177000	9	280	302	13425	0	45	38256	124
178000	8	349	384	13277	0	23	36610	28
179000	12	349	351	13326	5	5	37609	21
180000	13	364	339	13293	5	20	37024	62
181000	13	312	353	13354	0	34	37024	30
182000	4	305	332	13397	0	27	36511	33
183000	7	350	372	13225	3	73	37730	168
184000	5	381	357	13197	0	68	36951	177
185000	9	321	371	13273	1	39	37607	88
186000	7	343	321	13314	0	34	38661	73
187000	5	336	298	13395	0	16	38359	42
188000	11	329	363	13338	0	5	37630	3
189000	14	327	358	13258	84	1	37944	207
190000	11	303	296	13427	30	19	39278	124
191000	12	363	300	13317	13	53	37708	169
192000	5	322	354	13313	0	48	37822	278
193000	9	304	380	13302	0	40	37261	64
194000	5	379	316	13315	0	33	38579	198
195000	6	343	327	13284	0	45	36596	130
196000	8	312	360	13317	0	64	37523	143
197000	6	311	301	13362	2	49	38262	151
198000	11	302	325	13377	15	19	39683	108
199000	19	324	491	13042	16	45	38254	136
200000	10	371	424	13163	36	29	38637	184
201000	17	279	486	13108	35	59	37017	242
202000	12	327	454	13133	42	22	37765	248
203000	7	295	477	13200	13	1	38836	121
204000	14	350	478	13093	3	14	38408	92
205000	7	338	426	13095	134	2	37095	342
206000	12	301	403	13144	110	19	38833	358
207000	15	286	370	13250	90	33	37304	281
208000	9	341	458	13046	101	26	37490	401
209000	11	303	403	13186	98	16	36672	216
210000	10	299	368	13258	63	20	38338	213
211000	10	320	386	13241	12	46	37270	164
212000	4	357	421	13190	12	47	38548	204
213000	5	277	306	13390	26	68	38165	331
214000	13	362	355	13261	14	60	37245	249
215000	11	319	323	13334	2	87	38506	229
216000	5	367	349	13219	5	112	37754	227
217000	20	352	354	13204	23	69	39472	309
218000	11	337	333	13312	21	35	38189	152
219000	8	346	331	13214	41	129	37795	446
220000	6	323	383	13053	17	237	38343	600
221000	8	309	338	13191	22	229	36921	649
222000	7	292	477	12977	56	184	36539	576
223000	13	327	417	12986	25	219	37864	696
224000	7	348	304	13111	22	264	38764	887
225000	12	325	308	13116	47	259	37466	841
226000	8	317	346	13140	34	208	37210	647
227000	6	356	406	13016	30	221	35209	419
228000	15	366	401	12925	50	249	37170	906
229000	12	294	391	13016	64	259	38219	946
230000	18	326	452	12753	80	321	37268	1016
231000	10	333	365	12926	72	307	37134	1167
232000	13	298	303	12969	98	407	36491	1269
233000	6	348	361	12765	164	424	36964	1745
234000	15	295	328	12802	70	533	36607	1639
235000	8	320	333	12706	129	555	35476	1988
236000	13	366	488	12416	104	594	36754	2119
237000	11	245	376	12680	95	595	36277	2062
238000	10	353	351	12618	146	546	35829	1922
239000	4	346	293	12860	125	450	36537	1536
240000	9	278	374	12812	132	384	36999	1517
241000	16	345	350	12775	138	436	36544	1421
242000	12	310	430	12551	112	579	36155	1789
243000	6	299	385	12660	58	600	36021	1536
244000	5	340	323	12809	75	494	37194	1482
245000	3	314	324	12929	60	439	37750	1298
246000	2	327	297	12958	69	448	37026	1404
247000	7	344	319	12823	69	479	37273	1657
248000	10	360	343	12903	47	375	36461	1403
249000	14	349	384	12847	50	377	38020	1216
250000	5	318	427	12853	10	370	35752	990
251000	8	317	478	12753	36	363	37262	1069
252000	15	339	366	12802	74	416	36933	1321
253000	11	351	300	12857	101	437	36883	1396
254000	11	334	404	12671	166	439	35641	1627
255000	7	322	376	12780	91	455	37285	1172
256000	14	347	268	13052	81	318	35755	1159
257000	7	379	285	12944	75	400	36619	1393
258000	14	280	245	13092	108	352	36879	1306
259000	9	330	298	12978	142	326	36479	1317
260000	19	295	396	12657	233	424	36485	1895
261000	15	359	393	12640	187	401	36325	1349
262000	10	322	466	12546	208	435	35288	1755
263000	23	312	367	12738	157	452	37450	1781
264000	18	306	382	12721	184	399	35312	1331
265000	19	321	368	12785	148	405	35700	1371
266000	14	317	349	12789	145	436	37582	1454
267000	5	300	418	12794	62	481	36300	1373
268000	18	358	347	12691	56	563	36532	1707
269000	9	319	332	12698	54	636	35677	2096
270000	10	315	304	12698	84	674	36202	2132
271000	9	308	311	12693	95	618	36023	2067
272000	13	329	303	12633	120	637	36917	1936
273000	10	303	355	12424	145	812	34771	2328
274000	9	350	484	12198	178	762	35198	2479
275000	16	333	333	12312	127	883	36497	2602
276000	11	310	363	12255	237	856	34908	2746
277000	23	339	359	12293	259	754	34967	2523
278000	19	333	339	12383	226	746	34692	2665
279000	15	304	325	12374	247	786	35603	2822
280000	16	292	348	12322	245	787	36364	2681
281000	11	286	388	12244	236	846	35288	2783
282000	11	350	318	12497	225	683	37248	2800
283000	1	346	345	12441	217	708	34526	2995
284000	9	326	405	12480	196	571	36917	1796
285000	15	288	400	12551	175	587	37211	2146
286000	21	287	425	12447	216	596	37308	2213
287000	17	363	428	12341	284	616	34975	2546
288000	19	329	405	12337	218	713	34834	2950
289000	7	313	336	12507	227	654	35523	2520
290000	14	325	430	12335	255	627	36314	2012
291000	19	312	378	12340	278	700	34814	2985
292000	16	329	353	12358	285	676	35464	2554
293000	16	342	336	12237	265	826	35376	2899
294000	12	329	363	12316	272	752	36033	2678
295000	14	258	364	12401	332	678	37227	2650
296000	9	313	412	12251	307	755	34293	2484
297000	17	313	334	12385	285	714	36371	2563
298000	10	371	321	12471	262	621	34342	2484
299000	20	318	323	12530	263	596	36339	2258
300000	10	351	377	12321	266	700	35864	2265
301000	16	309	443	12381	268	616	34207	2202
302000	22	299	415	12235	305	740	35227	2979
303000	20	318	367	12413	294	611	35813	2537
304000	21	347	388	12481	302	467	37540	2112
305000	14	320	392	12559	164	573	34841	1979
306000	5	337	340	12629	178	569	35373	2066
307000	8	340	516	12244	124	670	37147	2336
308000	13	354	442	12352	99	711	35511	2229
309000	11	328	322	12381	130	850	35624	2819
310000	4	342	299	12553	112	760	35102	2493
311000	14	289	331	12712	95	621	35984	2361
312000	8	334	258	12735	76	629	37265	1792
313000	10	332	359	12786	41	520	36486	1315
314000	8	352	360	12865	42	426	36392	1153
315000	19	356	319	12796	76	467	36582	1480
316000	7	322	327	12915	60	411	36369	1413
317000	18	315	367	12823	94	403	36939	1366
318000	13	358	409	12824	98	318	37242	1012
319000	9	367	302	12996	90	317	35860	1180
320000	9	304	309	13119	85	233	36168	914
321000	7	305	307	13103	94	263	36826	678
322000	8	409	344	12901	42	342	36213	898
323000	9	350	403	12907	15	350	37788	960
324000	10	327	544	12713	27	330	36339	1058
325000	15	330	337	13030	53	258	37816	660
326000	11	327	374	13036	27	236	37289	833
327000	11	329	349	13012	37	297	35970	941
328000	12	369	301	13084	26	283	37617	847
329000	13	345	353	13095	13	226	36389	625
330000	7	320	384	13032	16	262	37279	797
331000	4	318	294	13248	9	197	38494	578
332000	4	332	336	13054	9	331	36454	916
333000	8	385	374	12940	59	259	37297	1016
334000	10	305	334	13018	87	274	37596	998
335000	8	333	342	13021	31	298	37175	872
336000	7	329	309	13135	32	283	36384	672
337000	24	348	391	12948	31	261	37402	863
338000	7	327	367	13116	5	220	39415	710
339000	9	380	296	13050	12	327	36484	1100
340000	16	382	360	13004	30	237	37570	569
341000	24	319	377	13062	19	207	36741	582
342000	11	302	356	13115	9	248	36686	745
343000	8	360	363	13169	13	166	36755	368
344000	12	354	320	13189	5	179	37380	406
345000	6	320	337	13160	7	211	37908	655
346000	4	338	429	13018	6	186	36700	497
347000	12	334	424	13084	14	124	37356	165
348000	13	323	329	13179	11	188	37861	553
349000	6	353	359	13095	18	201	36789	685
350000	6	353	332	13125	11	210	36704	573
351000	9	354	365	13111	6	190	37475	389
352000	5	333	437	13029	0	203	38203	729
353000	9	319	382	13039	6	295	36104	639
354000	9	345	294	13135	59	234	38415	985
355000	12	309	285	13174	57	238	37259	1082
356000	11	344	345	12951	42	330	36609	1211
357000	13	324	344	12995	85	288	37070	1177
358000	9	335	335	13114	51	218	37488	851
359000	10	308	395	13074	35	225	37320	757
360000	10	314	349	12977	88	331	38231	1064
361000	9	372	340	12958	72	297	37888	1101
362000	12	347	293	13068	49	282	37566	931
363000	12	303	358	13084	55	237	37912	829
364000	5	303	359	13135	63	132	38032	388
365000	8	378	410	13081	40	81	37670	312
366000	7	343	353	13189	30	112	35943	318
367000	10	302	333	13274	7	121	39401	223
368000	14	345	364	13272	0	72	37974	289
369000	11	325	476	13146	0	59	38178	265
370000	5	345	378	13293	0	23	37345	73
371000	16	325	349	13330	1	16	38718	63
372000	8	306	449	13233	8	0	36981	24
373000	8	334	417	13254	0	8	37930	29
374000	1	349	317	13380	0	4	37479	0
375000	5	312	353	13371	0	4	38926	0
376000	12	306	342	13288	84	25	37848	374
377000	12	310	387	13143	23	130	37767	368
378000	10	348	380	13198	27	50	37684	206
379000	3	293	331	13353	0	70	38096	184
380000	20	324	368	13257	2	64	38001	159
381000	8	339	341	13328	0	62	38378	243
382000	7	317	320	13347	0	42	37646	45
383000	10	319	317	13348	2	58	37055	245
384000	11	336	434	13165	0	17	38404	10
385000	10	359	392	13181	4	58	37841	177
386000	16	320	370	13190	0	95	38729	197
387000	7	327	344	13338	5	51	37421	81
388000	10	310	319	13359	0	54	37529	106
389000	8	380	395	13240	0	34	38113	108
390000	10	319	371	13336	7	0	39406	8
391000	7	339	306	13315	92	11	37864	121
392000	20	324	344	13289	56	35	37841	352
393000	19	307	423	13104	64	71	36926	511
394000	5	346	450	13034	16	141	36663	542
395000	12	310	430	13059	56	145	38160	540
396000	6	319	475	12856	104	189	36209	737
397000	12	330	598	12754	64	185	36627	729
398000	12	341	346	13106	75	162	37573	630
399000	19	290	376	13124	68	158	37655	571
400000	15	327	370	13039	62	206	38240	660
401000	12	275	418	13126	40	139	37382	488
402000	10	362	307	13162	38	174	37724	404
403000	12	319	392	13076	39	140	37944	448
404000	10	300	505	12970	38	129	37277	342
405000	7	327	354	13176	3	193	37519	473
406000	7	331	385	13148	11	189	37511	569
407000	8	350	366	13169	1	147	38563	416
408000	6	301	288	13264	11	198	38344	554
409000	10	324	369	13022	16	304	37566	682
410000	2	311	401	13015	20	250	36474	750
411000	2	327	282	13158	18	269	37165	997
412000	7	332	341	12973	11	388	37074	721
413000	3	356	325	12911	37	408	37771	1153
414000	17	313	328	12975	95	335	38034	1057
415000	11	309	323	13104	70	247	37257	983
416000	9	305	327	13069	105	248	37834	754
417000	12	346	299	13039	87	273	37751	903
418000	5	304	362	13128	95	173	37654	777
419000	11	338	383	13076	95	97	36354	651
420000	7	323	317	13241	50	127	38447	552
421000	16	329	344	13200	46	97	36912	479
422000	27	288	477	13056	62	57	38215	246
423000	6	326	330	13219	108	41	38582	441
424000	13	297	358	13241	92	43	37649	366
425000	7	390	309	13179	78	96	38414	448
426000	14	311	395	13160	77	73	38253	368
427000	19	332	416	13022	96	121	37428	538
428000	17	308	480	12927	65	205	36135	545
429000	16	316	580	12729	92	164	36655	892
430000	8	350	309	13089	88	209	37329	674
431000	7	353	330	13069	63	277	36800	935
432000	8	385	375	13005	49	178	36929	536
433000	8	349	373	13007	61	246	38485	722
434000	12	330	427	12944	67	239	35697	802
435000	8	288	395	13114	40	185	36824	661
436000	14	308	275	13206	89	187	37385	784
437000	6	339	351	13066	87	179	38551	629
438000	8	295	363	13146	46	164	36454	579
439000	17	275	388	13126	53	145	38360	428
440000	10	348	365	13049	48	179	37652	499
441000	6	317	353	13151	30	198	37200	623
442000	8	341	293	13235	14	166	37859	546
443000	3	335	321	13200	10	167	38319	495
444000	5	323	350	13142	44	186	37829	422
445000	17	382	372	13071	19	143	37593	396
446000	9	264	298	13321	3	185	39585	589
447000	15	382	338	13126	0	181	37269	474
448000	4	328	300	13231	4	187	37315	473
449000	5	363	265	13240	1	214	37069	444
450000	13	365	308	13202	8	166	36983	609
451000	8	294	403	13098	39	206	37736	718
452000	19	288	339	13239	47	118	38295	674
453000	14	339	481	12891	79	169	37591	777
454000	10	331	328	13049	68	269	35619	1047
455000	12	332	310	13048	78	282	37450	976
456000	16	335	432	12884	79	228	37330	964
457000	18	344	378	13001	93	216	37112	618
458000	13	328	371	12988	58	265	37326	929
459000	11	354	412	12928	52	259	36974	920
460000	15	313	355	13060	69	215	38484	964
461000	10	329	457	12987	19	170	37230	438
462000	9	350	438	12987	0	187	36821	471
463000	6	336	318	13216	1	207	37223	450
464000	15	332	307	13196	9	179	37288	526
465000	4	327	277	13301	4	154	38352	469
466000	6	363	324	13188	3	151	37885	349
467000	7	334	314	13299	9	113	38971	245
468000	15	349	352	13222	22	88	36738	235
469000	11	332	400	13146	24	86	38574	243
470000	18	344	342	13275	2	72	38310	154
471000	5	342	416	13177	12	72	37058	215
472000	14	334	381	13194	10	101	37288	277
473000	11	352	475	13009	52	64	37479	264
474000	12	332	441	13173	21	33	38060	166
475000	17	321	401	13233	0	24	38294	96
476000	18	343	365	13306	0	3	36112	39
477000	12	388	337	13298	0	25	37368	94
478000	13	335	340	13306	1	23	36242	88
479000	4	317	301	13385	0	62	38619	67
480000	14	291	371	13259	2	79	38302	158
481000	5	342	277	13355	2	105	38529	354
482000	8	357	272	13351	0	103	36875	306
483000	10	343	363	13207	0	126	37518	334
484000	11	313	347	13291	2	68	38761	264
485000	4	341	325	13291	13	50	38367	185
486000	5	347	348	13342	0	17	37886	129
487000	3	372	418	13209	0	1	38427	0
488000	14	344	324	13228	90	16	37192	272
489000	4	316	356	13211	113	67	37555	547
490000	9	346	347	13223	28	97	37194	362
491000	15	329	285	13228	12	213	38948	685
492000	4	346	288	13287	5	180	38170	545
493000	8	315	282	13273	14	201	38056	800
494000	10	332	273	13270	14	195	36724	570
495000	10	363	398	12939	26	288	36406	763
496000	5	351	390	12961	24	291	37145	915
497000	7	347	325	13110	23	238	36634	717
498000	7	339	284	13182	45	205	37233	877
499000	11	311	330	13139	76	197	38477	838
500000	13	352	423	12945	82	235	36071	913
501000	15	297	451	12907	130	216	37139	1080
502000	11	318	300	13051	163	257	36862	965
503000	5	377	359	12947	121	261	36498	1391
504000	12	320	463	12771	135	291	36544	1078
505000	14	315	397	12980	85	210	37013	790
506000	4	309	378	13036	106	216	36543	731
507000	9	316	307	13118	113	211	38129	806
508000	16	363	370	12942	101	257	36098	893
509000	10	339	296	12980	94	336	36007	1232
510000	5	313	438	12860	95	300	36835	1205
511000	9	330	342	13018	93	267	37869	1076
512000	8	293	437	12939	68	259	37066	1068
513000	20	356	399	12854	140	266	37613	1029
514000	5	354	478	12833	77	260	37155	929
515000	9	332	415	12919	53	304	37498	1077
516000	10	340	338	12993	86	250	35994	858
517000	7	318	292	13179	33	253	37298	669
518000	12	316	326	13152	14	257	37183	581
519000	8	329	302	13166	26	228	37229	740
520000	5	302	329	13241	47	112	37430	435
521000	15	313	318	13198	44	154	36867	527
522000	6	296	277	13226	68	202	37582	837
523000	10	394	366	12944	90	212	36922	764
524000	6	413	424	12957	87	132	36463	625
525000	7	302	470	13038	32	113	37399	478
526000	7	304	284	13303	12	148	36856	455
527000	3	326	305	13231	17	169	38010	530
528000	3	327	304	13315	5	106	37845	309
529000	5	320	302	13339	13	91	39178	434
530000	4	292	278	13408	2	81	37874	185
531000	6	338	325	13263	0	124	37932	334
532000	6	350	335	13241	1	114	37335	382
533000	3	366	333	13186	3	167	37482	713
534000	7	363	344	13205	0	156	36845	499
535000	5	296	266	13343	11	141	37913	409
536000	12	346	331	13249	12	102	37898	323
537000	13	343	297	13320	0	108	37113	378
538000	6	348	345	13264	0	88	38135	308
539000	10	381	400	13142	1	71	38452	194
540000	11	329	445	13119	3	60	36317	192
541000	11	337	441	13103	8	71	37606	258
542000	13	349	356	13231	4	100	38846	268
543000	12	309	327	13248	49	148	37035	580
544000	12	311	407	13057	95	152	35942	648
545000	9	326	381	13145	70	109	37751	476
546000	11	315	386	13062	91	131	37999	353
547000	13	328	373	12986	129	152	36166	715
548000	9	352	504	12825	165	111	36556	586
549000	11	327	347	12999	237	133	37111	1095
550000	30	335	419	12681	316	210	35572	1339
551000	15	322	457	12694	249	247	35707	1240
552000	17	302	337	12738	198	459	35478	1855
553000	9	311	277	12798	236	456	36944	1831
554000	22	333	407	12452	273	507	36482	2149
555000	19	281	448	12543	168	562	35564	2112
556000	9	330	316	12570	227	614	34782	2280
557000	16	328	335	12507	197	670	36343	2431
558000	10	321	392	12558	166	558	35858	1959
559000	7	326	337	12682	117	597	36784	1885
560000	11	346	320	12569	129	681	35692	2134
561000	11	350	351	12520	205	635	36321	2096
562000	9	325	325	12601	175	610	36237	2191
563000	8	285	453	12285	186	785	36245	2216
564000	12	331	394	12255	204	780	35272	3154
565000	13	334	313	12419	182	797	34092	2585
566000	15	328	343	12344	199	822	35215	2354
567000	8	359	302	12361	213	827	35709	2813
568000	19	353	311	12219	297	861	34725	2774
569000	12	344	456	12119	308	732	34132	2558
570000	9	295	420	12208	371	699	36175	2802
571000	19	326	352	12181	340	790	33620	3209
572000	20	307	417	12355	339	589	33890	2431
573000	18	372	466	12178	297	649	34978	2378
574000	17	320	392	12299	267	720	35839	2802
575000	11	275	402	12330	277	728	35965	2901
576000	17	317	365	12463	196	686	35715	2625
577000	14	298	343	12465	344	574	35234	2660
578000	22	329	301	12353	375	680	34828	2755
579000	19	294	352	12246	307	819	34822	3187
580000	9	351	407	11893	305	1018	34428	3317
581000	15	331	425	11954	258	1025	32694	3577
582000	15	294	400	11988	284	1005	34750	3706
583000	8	329	372	12114	224	1000	34786	3355
584000	14	303	312	12158	281	991	34136	3550
585000	14	320	444	12041	315	868	35325	3093
586000	16	312	506	12022	277	828	34221	3480
587000	25	319	347	12173	250	946	33433	3058
588000	17	357	343	12220	221	914	35696	3507
589000	15	364	504	12092	103	856	34735	2743
590000	18	340	419	12351	160	741	35514	2176
591000	9	341	344	12559	173	622	36654	2212
592000	17	287	448	12625	82	508	36020	1757
593000	15	331	472	12516	143	500	36920	1761
594000	9	327	371	12730	102	500	35884	1358
595000	11	349	368	12655	126	527	36147	1764
596000	13	316	319	12864	120	424	35657	1680
597000	8	323	308	12840	132	441	36238	1532
598000	14	323	373	12763	30	510	36541	1657
599000	18	305	442	12617	30	605	36603	2086
600000	12	340	342	12686	61	596	36508	2145
601000	14	336	337	12797	95	474	36172	1504
602000	16	354	394	12565	106	577	35805	2026
603000	9	356	324	12679	109	591	36272	1920
604000	7	318	354	12590	155	626	34149	2120
605000	2	332	500	12449	160	520	36149	2068
606000	9	300	346	12696	156	539	36476	1925
607000	15	304	397	12619	143	512	37301	2157
608000	12	325	323	12536	204	638	36784	2081
609000	11	332	373	12471	189	653	36126	2465
610000	11	319	338	12532	205	661	35080	2951
611000	3	277	356	12532	197	662	36134	2196
612000	22	294	400	12462	172	665	36077	1951
613000	8	351	307	12688	97	622	35542	2161
614000	6	311	325	12520	62	820	35959	2352
615000	10	372	337	12544	86	715	34851	2274
616000	8	297	317	12697	75	665	36123	2003
617000	14	345	311	12583	124	693	35167	2670
618000	12	326	317	12703	89	609	35081	1994
619000	5	293	385	12678	102	581	37687	1977
620000	17	299	365	12642	85	598	36973	1815
621000	11	315	318	12636	132	632	37008	1973
622000	15	331	446	12316	192	666	35274	2698
623000	19	306	432	12554	171	509	36097	1785
624000	15	301	486	12539	92	530	35408	1525
625000	14	346	461	12581	102	465	37231	1697
626000	5	309	298	12853	111	484	35843	1611
627000	12	308	352	12901	56	432	37608	1631
628000	11	322	312	12848	130	428	36525	1562
629000	10	315	377	12792	131	372	37623	1277
630000	17	331	399	12759	133	362	36507	1473
631000	15	322	400	12711	194	377	36121	1326
632000	14	344	450	12603	135	444	36791	1635
633000	9	324	393	12706	118	456	36704	1615
634000	4	328	390	12804	140	385	37598	1461
635000	7	317	379	12815	108	386	36772	1218
636000	17	322	378	12822	128	381	36772	971
637000	15	304	338	12757	111	523	35160	1496
638000	16	336	375	12843	27	410	36484	1223
639000	5	311	368	12917	29	390	37415	1227
640000	14	319	365	13013	31	295	37573	821
641000	13	339	328	12903	72	417	36051	1142
642000	9	371	404	12655	98	495	37143	1186
643000	14	349	404	12688	79	496	36165	1622
644000	16	325	424	12775	8	455	36893	1474
645000	6	330	336	13054	4	326	37880	815
646000	3	293	426	12989	11	300	37350	749
647000	6	387	314	13023	13	326	37269	996
648000	5	377	296	12995	5	398	36341	1084
649000	4	323	405	12970	24	289	37093	1125
650000	8	318	364	12912	14	437	37333	1274
651000	14	326	301	13087	33	339	36994	1049
652000	13	328	320	13092	16	292	35435	774
653000	10	340	345	13064	54	210	36354	778
654000	8	305	342	13205	8	169	37379	610
655000	2	392	283	13119	13	236	37405	519
656000	3	314	327	13144	11	261	37526	779
657000	6	318	323	13025	36	334	36811	998
658000	11	351	253	13150	49	271	37491	655
659000	12	316	379	13072	34	227	38311	646
660000	10	298	329	13169	55	190	37989	758
661000	9	365	351	13111	10	218	36361	698
662000	7	334	394	13026	29	247	37692	797
663000	5	312	499	12703	7	402	35668	711
664000	14	370	565	12708	20	280	36457	795
665000	8	312	378	13120	38	154	37721	686
666000	7	351	416	13060	26	125	37211	682
667000	9	332	296	13286	56	84	39035	327
668000	7	341	336	13227	19	113	37358	183
669000	7	333	423	13148	23	86	37051	269
670000	8	371	367	13210	10	32	36583	132
671000	6	315	315	13423	14	17	37423	94
672000	16	343	327	13352	16	20	38826	61
673000	7	318	270	13490	1	2	38668	2
674000	3	329	341	13353	4	7	37604	40
675000	6	354	328	13342	0	10	38260	67
676000	12	316	460	13197	0	25	38178	15
677000	8	328	286	13420	0	29	37976	95
678000	8	299	445	13252	0	12	37163	4
679000	15	322	445	13044	134	3	38066	238
680000	22	355	315	13176	170	39	37089	536
681000	6	298	359	13222	57	81	39445	288
682000	11	303	318	13405	4	17	38436	70
683000	3	358	433	13200	0	32	38834	40
684000	12	357	341	13313	0	27	37537	39
685000	15	354	325	13343	0	4	38238	28
686000	4	331	275	13458	0	10	37457	6
687000	10	308	451	13212	0	5	37712	10
688000	7	309	402	13126	167	10	38179	347
689000	13	334	323	13055	229	90	37343	865
690000	12	324	401	13020	181	89	37852	974
691000	17	349	370	12995	184	170	36138	910
692000	23	346	353	12878	177	244	36460	1073
693000	12	350	273	12988	169	282	36455	1449
694000	20	322	391	12778	194	302	36034	1436
695000	8	293	378	12830	223	294	37723	1502
696000	11	297	369	12910	146	294	36208	1220
697000	10	361	291	12969	129	314	35524	1177
698000	14	345	370	12790	118	370	37474	1157
699000	11	298	360	12943	141	301	36639	1317
700000	11	264	375	12942	156	276	37282	1207
701000	10	340	324	12912	98	375	37317	1403
702000	22	331	444	12748	55	377	38910	1357
703000	9	307	338	13094	53	263	37322	828
704000	7	330	350	13093	14	234	37667	707
705000	3	341	303	13195	7	208	38933	703
706000	14	322	314	13125	58	247	36596	993
707000	5	338	395	13010	52	208	37085	856
708000	14	361	393	12973	65	226	36803	797
709000	10	320	418	12957	44	247	38426	823
710000	8	347	348	13027	22	304	36542	917
711000	12	359	491	12880	46	188	37621	788
712000	8	359	353	12985	16	302	37332	813
713000	8	296	370	13070	17	285	36907	864
714000	15	344	385	12990	36	242	37414	855
715000	11	327	330	13215	14	163	38144	506
716000	8	310	335	13180	42	181	37075	725
717000	6	346	382	13036	83	137	36646	549
718000	11	345	397	13037	122	134	36576	543
719000	15	280	421	12995	94	188	38444	749
720000	10	315	403	12961	79	271	37185	1060
721000	4	325	292	13159	48	282	37388	1215
722000	4	339	459	12832	36	332	36226	1218
723000	8	334	432	12771	92	361	36898	1310
724000	17	332	309	12879	214	342	36967	1394
725000	11	300	378	12753	174	368	35806	1421
726000	15	308	420	12599	162	499	35774	2020
727000	27	366	449	12543	151	448	36683	1600
728000	16	351	375	12713	140	427	35428	1466
729000	13	321	415	12695	89	462	36353	1592
730000	21	309	388	12932	93	259	37311	944
731000	13	322	411	12895	111	268	37079	910
732000	12	330	481	12748	103	322	35883	1023
733000	18	296	426	12827	145	290	37119	1060
734000	11	313	364	12982	145	216	36701	829
735000	7	341	316	13035	85	254	35820	1131
736000	9	319	414	12967	30	268	37910	754
737000	8	315	402	12943	13	333	37164	1146
738000	12	338	478	12857	8	282	37288	880
739000	13	334	405	13061	15	231	37907	783
740000	5	300	328	13196	6	220	37267	559
741000	9	390	289	13153	31	207	37243	638
742000	13	389	291	13120	18	220	37383	615
743000	8	318	417	12928	27	311	37005	723
744000	7	358	251	13134	59	292	36229	926
745000	3	313	310	13081	40	350	36015	1134
746000	2	339	371	13015	35	282	38402	826
747000	5	307	285	13116	59	311	37872	1114
748000	19	347	396	12994	50	210	37580	839
749000	9	311	354	13069	67	226	36447	841
750000	13	329	274	13205	44	229	36072	771
751000	13	316	341	13155	49	187	37953	549
752000	10	344	395	13090	62	137	38582	504
753000	12	353	338	13105	32	172	36201	471
754000	10	355	397	13125	31	119	38399	481
755000	8	377	378	13163	37	68	37090	288
756000	8	320	379	13267	6	83	37544	293
757000	14	307	567	12957	14	110	36474	271
758000	6	323	415	13125	0	140	39679	296
759000	11	320	385	13192	14	105	37292	318
760000	11	341	546	12860	77	95	36720	420
761000	16	316	360	13118	88	109	37590	572
762000	6	319	347	13227	44	106	37591	577
763000	10	307	286	13279	77	146	37627	521
764000	10	321	398	13144	37	112	37200	434
765000	10	314	297	13305	47	80	36690	561
766000	9	350	333	13157	66	139	38690	539
767000	7	310	350	13134	46	215	37610	567
768000	12	315	400	13012	19	223	37713	495
769000	11	362	325	13183	1	186	38020	546
770000	11	321	324	13207	0	196	37219	455
771000	18	349	314	13229	3	189	35196	412
772000	11	332	287	13237	8	210	37544	517
773000	14	328	459	12930	2	276	37584	726
774000	9	343	369	13071	21	231	37315	795
775000	10	307	394	13082	45	178	36727	556
776000	8	326	302	13042	71	308	38751	935
777000	9	296	393	12966	22	321	38179	928
778000	7	330	355	12885	65	393	37909	1227
779000	8	325	442	12861	18	364	37969	1310
780000	8	328	314	12957	67	403	36743	1071
781000	7	312	350	12859	37	460	36306	1501
782000	5	338	306	12952	41	451	36054	1649
783000	13	308	356	12668	29	673	35960	1820
784000	5	321	384	12534	44	743	35435	2293
785000	10	326	431	12457	130	665	35087	2441
786000	11	357	422	12459	181	609	35880	2331
787000	7	338	371	12622	175	516	35999	2021
788000	9	343	334	12653	121	566	36800	2137
789000	10	318	380	12853	124	370	36136	1528
790000	5	327	288	13010	163	277	37599	1173
791000	6	358	451	12715	153	292	36848	1251
792000	9	319	436	12934	132	160	37564	1121
793000	7	308	373	13044	67	208	37720	1130
794000	9	315	363	13126	80	126	37581	694
795000	8	290	343	13107	186	141	37487	974
796000	16	301	398	12942	153	191	38198	939
797000	14	311	436	12891	80	243	36633	752
798000	10	357	407	12838	120	315	35502	1125
799000	12	334	407	12877	56	320	36105	1211
800000	11	304	381	12880	89	334	38783	1131
801000	6	345	319	12992	39	355	37201	1106
802000	16	354	353	12800	39	430	36329	1239
803000	10	298	319	12940	51	451	37334	1251
804000	13	332	414	12602	88	540	36029	2034
805000	8	322	358	12769	75	518	37015	1685
806000	6	336	347	12854	69	434	35782	1282
807000	12	338	342	12834	84	416	36475	1307
808000	11	295	402	12785	112	372	36069	1291
809000	4	336	384	12838	86	365	36121	1147
810000	7	320	419	12824	36	422	37361	1127
811000	6	345	294	13045	79	326	37507	1279
812000	8	351	344	12946	30	380	36532	1128
813000	4	345	338	12979	50	320	36695	1100
814000	11	338	349	13012	38	309	36353	1026
815000	6	283	431	12898	46	355	37646	930
816000	4	308	350	13045	8	332	37545	853
817000	14	328	385	13020	49	222	36826	713
818000	6	336	332	13089	56	280	36962	863
819000	11	337	300	13046	68	283	36193	918
820000	15	307	362	12945	60	335	37039	1142
821000	5	301	334	13081	60	303	36801	1094
822000	9	332	382	13015	32	249	36590	761
823000	13	327	380	12978	17	302	37559	786
824000	6	301	310	13106	16	344	36557	908
825000	2	313	299	13209	37	238	38655	708
826000	12	306	369	12903	86	342	36456	1038
827000	14	349	368	12909	43	341	36046	789
828000	11	333	336	13007	59	309	37117	1164
829000	10	301	347	12951	59	392	36738	1314
830000	7	317	378	12864	64	380	37211	1067
831000	8	285	472	12813	55	358	35874	1286
832000	7	337	344	12897	42	410	35937	1154
833000	12	361	324	13053	66	215	36340	715
834000	18	327	473	12840	81	251	36801	664
835000	8	328	385	12915	95	269	36835	1011
836000	19	372	337	12900	178	228	35521	1125
837000	12	287	314	13142	105	202	37619	737
838000	5	341	356	13115	74	171	38200	579
839000	10	335	341	13174	37	145	37958	503
840000	1	338	354	13146	38	172	36603	620
841000	9	349	316	13127	35	226	36642	605
842000	6	327	330	13103	12	309	37603	941
843000	5	310	263	13222	17	269	36429	860
844000	3	313	291	13165	5	302	35918	880
845000	5	321	368	13032	2	288	36631	778
846000	12	328	379	12964	6	337	37585	888
847000	9	341	359	12989	26	289	36981	755
848000	9	319	326	13130	33	255	38880	973
849000	16	310	430	12863	41	320	36655	1024
850000	8	334	332	13037	43	326	37698	806
851000	7	323	332	13049	41	285	37888	926
852000	7	330	329	13084	82	204	37713	672
853000	7	332	386	13016	54	216	37130	603
854000	7	279	366	13087	61	251	38355	891
855000	11	328	345	13066	24	271	36439	756
856000	6	352	358	13042	35	248	37203	972
857000	7	327	309	13242	25	152	37575	599
858000	10	349	411	13066	52	122	36563	515
859000	19	346	414	13117	47	78	36651	365
860000	5	326	337	13281	29	79	37304	210
861000	9	333	426	13141	8	64	38134	280
862000	7	333	332	13297	14	68	37733	120
863000	8	350	427	13061	17	131	38077	368
864000	13	367	383	13134	30	141	36043	498
865000	5	277	350	13279	32	118	38001	289
866000	14	335	375	13105	27	151	36396	690
867000	4	317	366	13236	0	128	37837	403
868000	8	354	353	13239	1	83	38650	240
869000	14	315	359	13236	2	139	38008	355
870000	6	293	358	13257	24	116	37353	394
871000	10	342	325	13212	51	118	38388	507
872000	10	334	301	13264	41	135	38258	520
873000	13	327	399	13235	24	63	38775	230
874000	6	354	270	13304	48	91	36072	287
875000	12	347	328	13291	46	21	37577	286
876000	12	352	391	13211	27	8	36035	136
877000	5	273	441	13249	0	48	38914	187
878000	11	328	349	13341	1	11	39057	54
879000	6	367	274	13422	0	21	37204	29
880000	5	315	278	13452	0	41	38385	105
881000	9	327	372	13303	0	39	37486	106
882000	9	342	386	13258	0	41	38471	94
883000	8	318	353	13302	0	45	37854	115
884000	9	316	358	13277	0	89	37692	212
885000	9	302	383	13217	8	88	37234	178
886000	10	347	411	13151	12	105	36926	183
887000	7	346	341	13234	8	95	38864	213
888000	12	334	366	13239	0	109	37235	288
889000	11	341	377	13182	5	78	38193	151
890000	11	341	343	13220	0	133	37355	372
891000	7	307	413	13005	1	283	36368	640
892000	9	325	343	13116	5	285	37232	841
893000	7	366	324	13185	9	181	35776	455
894000	20	323	415	13080	15	149	38683	473
895000	8	358	357	13215	12	84	38203	182
896000	8	329	333	13321	4	74	37442	202
897000	3	313	267	13455	3	55	38497	233
898000	7	340	309	13387	0	47	38599	142
899000	9	304	429	13182	0	58	38490	99
900000	11	333	333	13265	7	88	38394	346
901000	9	345	346	13236	3	87	38220	175
902000	11	314	311	13300	0	128	38760	420
903000	8	334	314	13324	4	96	37206	314
904000	11	242	427	13203	25	89	37324	366
905000	6	355	378	13153	6	118	37896	428
906000	15	355	376	13139	27	128	36384	357
907000	12	334	363	13173	16	102	38265	323
908000	7	328	388	13230	12	55	38959	272
909000	6	272	332	13298	33	48	38882	293
910000	9	302	369	13267	21	85	37772	151
911000	11	310	389	13251	10	74	37900	396
912000	13	314	342	13297	2	39	37487	123
913000	9	323	253	13477	13	26	38402	123
914000	10	322	285	13381	16	45	38234	122
915000	6	301	328	13333	46	48	37821	245
916000	10	321	322	13315	78	42	37811	304
917000	7	335	334	13214	46	123	39185	337
918000	5	290	276	13321	44	158	38759	478
919000	8	292	270	13293	49	153	38302	363
920000	7	329	350	13209	20	138	38160	527
921000	7	307	316	13263	17	141	37280	595
922000	8	377	340	13119	24	191	35607	711
923000	5	330	343	13097	35	261	38573	662
924000	5	305	333	13135	54	248	36712	820
925000	11	323	293	13234	32	188	35261	689
926000	7	342	295	13235	32	210	37635	703
927000	8	310	283	13229	22	220	36664	669
928000	9	348	360	13077	31	213	37785	646
929000	10	304	454	12999	33	168	37508	478
930000	10	373	389	12950	49	208	35824	775
931000	12	328	352	13015	140	176	36642	829
932000	23	303	346	13102	73	161	37432	630
933000	12	322	342	13031	128	231	38067	861
934000	17	349	454	12809	72	262	37265	804
935000	11	324	390	12919	132	251	36985	1013
936000	6	329	329	13001	116	297	37277	1103
937000	10	331	387	12780	86	415	36399	1305
938000	11	349	424	12631	188	418	35770	1683
939000	14	352	334	12637	199	500	34992	2234
940000	12	317	380	12798	95	439	37526	1204
941000	11	336	390	12907	53	335	37129	1081
942000	4	332	406	12830	73	362	35837	1242
943000	8	328	394	12722	103	434	36971	1463
944000	10	361	396	12604	67	604	35849	1825
945000	12	349	397	12509	90	656	34703	1886
946000	5	300	426	12531	91	663	36642	2043
947000	8	345	357	12605	81	634	34986	2243
948000	12	316	339	12711	90	581	35751	1937
949000	9	346	371	12710	89	514	35369	1776
950000	9	345	274	12564	149	746	35801	2586
951000	15	326	299	12542	151	715	35607	2530
952000	18	285	290	12689	71	712	36864	2064
953000	7	358	289	12748	32	640	36250	1934
954000	9	318	319	12594	64	732	35761	2528
955000	13	341	351	12702	55	544	34869	1706
956000	13	308	376	12830	64	438	35560	1656
957000	15	387	394	12662	95	434	35504	1429
958000	4	313	347	12914	77	410	35142	1295
959000	19	334	400	12750	62	447	36828	1395
960000	5	316	396	12937	37	325	37437	1024
961000	12	339	275	13162	43	213	37327	834
962000	13	302	371	13049	28	279	38040	811
963000	12	338	302	13048	26	339	37310	1066
964000	3	363	318	13012	32	314	35736	973
965000	7	332	384	13027	32	269	36295	1075
966000	13	304	340	13112	26	245	36710	774
967000	10	331	387	13061	33	222	38097	740
968000	20	328	363	13129	5	185	37165	537
969000	13	307	457	12983	0	205	37436	520
970000	9	305	446	13005	4	186	37428	647
971000	12	353	397	13000	14	245	37078	532
972000	15	341	449	12827	5	331	37674	1138
973000	9	292	343	13017	23	354	36367	1192
974000	17	358	396	12966	15	260	37028	639
975000	16	328	332	13133	33	217	36988	773
976000	17	347	406	12912	44	286	36885	883
977000	9	351	355	13012	56	265	37169	787
978000	13	318	420	12910	12	298	37429	833
979000	9	340	285	13187	19	253	36741	775
980000	14	348	383	12928	34	293	36544	902
981000	4	329	377	13058	16	246	36453	766
982000	9	321	362	13071	22	245	38119	883
983000	8	307	300	13274	34	146	37651	707
984000	11	282	324	13255	9	169	38252	596
985000	10	379	303	13196	28	156	36207	554
986000	6	309	357	13162	68	145	37349	562
987000	13	301	426	13008	69	155	37409	661
988000	4	329	348	13104	55	225	37223	644
989000	6	316	469	12967	23	208	38719	496
990000	5	330	387	13108	13	204	36824	649
991000	10	276	413	13145	7	148	38084	467
992000	6	361	344	13057	7	261	37004	703
993000	10	312	352	13038	6	327	36406	1185
994000	14	344	403	13027	25	214	38546	675
995000	15	275	518	12985	0	143	37684	436
996000	3	323	439	13104	1	130	37274	388
997000	5	371	373	13094	2	184	36466	472
998000	5	338	410	13166	1	116	38278	323
999000	12	275	408	13156	19	161	37587	460
