0	0	0	0	14400	0	0	0	0
1000	18	342	666	12779	62	20	36563	155
2000	33	349	1054	12147	41	45	35468	266
3000	33	268	1590	11393	74	17	36716	219
4000	74	233	1894	10905	68	4	34840	132
5000	54	286	2000	10712	45	0	36402	221
6000	52	278	2038	10660	50	1	34434	158
7000	44	319	2026	10707	0	0	35215	1
8000	42	233	2013	10741	113	0	34961	364
9000	66	260	2398	10015	112	8	34857	378
10000	52	258	2432	9980	66	2	35941	201
11000	71	298	2105	10310	158	102	33981	646
12000	52	259	1914	10587	203	89	34126	804
13000	86	302	2185	10114	171	87	34793	529
14000	84	250	2685	9312	220	159	32978	896
15000	106	225	2992	8649	183	201	31862	1203
16000	77	275	2700	9377	3	177	33632	388
17000	96	328	2650	9512	5	169	33567	517
18000	43	287	2726	9484	58	24	33361	316
19000	84	276	2571	9666	125	0	36014	369
20000	98	243	2485	9757	145	13	34619	273
21000	110	273	2441	9756	159	71	33769	515
22000	110	243	2771	9230	161	94	33415	707
23000	69	242	2616	9612	206	40	34571	711
24000	57	267	2639	9605	108	61	33237	427
25000	78	265	2451	9768	17	86	33586	322
26000	82	272	2629	9499	92	122	33763	600
27000	119	286	2353	9789	93	182	33090	641
28000	56	220	2855	9112	190	110	33539	976
29000	71	213	3058	8610	265	145	32919	997
30000	87	243	2891	8937	189	51	32809	749
31000	87	249	3184	8699	6	15	33325	176
32000	108	188	3106	8665	246	60	32484	814
33000	155	224	3033	8863	92	0	32524	369
34000	85	214	3458	8317	11	4	32350	71
35000	120	229	3036	8949	22	1	33615	70
36000	109	280	3006	8811	95	0	32038	108
37000	53	284	2727	9412	100	39	32654	300
38000	69	303	2626	9312	146	169	33312	844
39000	108	325	2770	9007	99	175	33121	508
40000	69	270	2646	9182	256	234	32575	1500
41000	87	295	2955	8313	501	265	31588	2273
42000	71	283	2893	8622	156	453	32817	1683
43000	103	188	3167	8263	129	326	31759	1267
44000	108	262	2981	8540	89	405	31333	1449
45000	66	283	2839	8878	83	405	33362	1452
46000	92	240	2846	8913	179	265	33432	1111
47000	103	227	2779	8870	178	312	33707	1314
48000	84	227	2861	8786	73	457	33760	1540
49000	117	289	2689	9049	140	299	32022	1145
50000	65	287	2354	9593	86	387	33882	1374
51000	55	312	2243	9969	38	307	34602	1035
52000	65	302	2348	10025	2	164	33350	431
53000	67	289	2469	9782	31	203	33647	829
54000	68	285	2594	9530	5	218	32884	772
55000	73	272	2436	9787	7	239	33139	980
56000	62	299	2369	9689	39	350	33926	1254
57000	44	321	2288	9940	13	264	34386	880
58000	74	328	2146	10309	36	59	34942	400
59000	96	301	2160	10425	21	1	34756	73
60000	43	238	2382	10132	69	0	35040	161
61000	61	362	2165	10308	45	16	33368	135
62000	51	284	2185	10338	0	7	35341	24
63000	35	284	2024	10611	100	25	34867	251
64000	74	274	2066	10377	145	0	34846	424
65000	64	256	1975	10542	232	76	35252	787
66000	89	274	2439	9626	266	142	33083	1066
67000	49	279	2267	10001	189	123	34917	1003
68000	81	263	2302	9713	365	126	33478	1248
69000	80	310	2775	9093	229	112	31389	855
70000	101	241	3100	8376	320	205	32354	1139
71000	81	255	2868	8901	231	181	31058	1282
72000	116	269	2895	8454	182	477	30991	1858
73000	106	215	3281	7883	242	434	30933	1933
74000	111	216	3174	8083	131	465	31392	1661
75000	103	317	3184	7967	133	618	31109	2193
76000	114	187	2867	8554	147	581	31018	2334
77000	73	317	3001	8251	152	588	32369	2275
78000	61	246	2655	9286	8	376	31680	786
79000	50	259	2227	10175	90	246	34494	981
80000	69	319	2528	9552	84	198	33694	788
81000	99	316	2896	8840	28	219	32397	707
82000	72	277	2668	9299	188	132	33275	820
83000	74	257	2917	8991	221	99	32372	999
84000	110	246	2915	8742	421	8	31791	1050
85000	59	249	2523	9661	304	62	32808	1102
86000	85	216	2639	9494	65	81	33625	407
87000	54	251	2854	9242	100	40	33128	450
88000	72	291	2755	9348	60	122	33730	328
89000	81	307	3034	8730	47	227	34191	723
90000	92	232	3017	8907	32	75	34167	360
91000	70	239	2962	9054	70	46	32684	441
92000	107	244	3144	8759	43	6	32740	197
93000	78	240	3038	9012	47	0	32676	90
94000	127	247	2977	9041	87	7	31632	286
95000	68	266	2871	9329	22	0	33587	146
96000	103	263	2843	9112	88	19	33084	213
97000	105	228	3179	8643	108	12	33124	331
98000	112	212	3503	8008	180	25	31657	273
99000	207	203	3887	7089	188	29	31750	563
100000	136	232	3333	8418	57	42	32326	284
101000	97	196	3430	8473	0	0	32188	2
102000	94	307	2986	8862	140	52	33426	405
103000	77	304	3001	8776	227	122	32858	620
104000	70	271	2912	9243	31	27	33717	159
105000	78	295	2899	9048	46	55	32687	393
106000	75	283	2861	9243	0	9	33560	25
107000	104	229	2692	9611	0	0	35239	1
108000	92	297	2653	9431	97	15	34258	357
109000	65	254	2490	9933	41	25	34647	181
110000	102	262	2722	9587	9	16	33631	107
111000	60	300	2449	10042	0	0	33625	1
112000	84	297	2564	9623	36	120	34491	308
113000	65	259	2365	9918	36	144	33901	327
114000	63	318	2206	10226	8	137	33633	453
115000	63	312	2412	9829	44	126	33152	576
116000	49	290	2187	10245	0	177	33987	450
117000	72	306	2674	9572	6	25	33757	66
118000	86	253	2917	9313	0	0	32534	13
119000	72	237	3116	8775	126	18	33553	351
120000	92	211	2750	9381	22	35	34658	243
121000	75	230	2944	9106	27	0	34146	51
122000	70	260	3144	8668	95	4	33702	291
123000	108	253	2947	9058	65	6	32859	118
124000	114	250	3351	8171	163	16	31776	372
125000	122	276	3090	8739	61	0	33210	180
126000	99	264	3489	8076	125	0	31102	183
127000	121	224	3484	8158	36	43	31885	161
128000	78	265	2915	9144	17	26	33075	124
129000	62	261	2850	9258	56	21	33664	199
130000	89	234	2562	9630	99	17	33277	494
131000	101	255	2534	9671	150	30	34182	193
132000	71	311	2519	9665	84	56	34163	563
133000	48	351	2203	10145	43	190	33269	730
134000	80	274	2694	9285	105	162	32553	695
135000	74	232	2619	9420	117	185	33276	1117
136000	67	243	2844	8974	75	224	33970	814
137000	53	286	2733	9317	11	200	33601	807
138000	63	291	2603	9592	72	82	33978	446
139000	83	286	2503	9779	38	112	33830	248
140000	62	224	2373	10030	2	162	34086	347
141000	63	221	2731	9421	3	106	31777	290
142000	35	224	3419	8354	18	111	32967	322
143000	122	297	3509	8083	104	41	31769	325
144000	101	230	3257	8321	253	35	33506	940
145000	101	260	2940	8932	163	0	31450	539
146000	71	265	3201	8638	36	65	33660	295
147000	105	228	2998	8922	73	95	32611	653
148000	105	273	3156	8606	27	147	33032	529
149000	121	218	4060	7142	5	86	32035	261
150000	98	282	3302	8490	25	7	31684	125
151000	93	246	3203	8661	57	46	32133	282
152000	74	306	3078	8716	16	78	31259	301
153000	81	259	2641	9540	7	139	33910	408
154000	87	245	2916	9101	0	93	33235	289
155000	52	225	3424	8438	0	0	31961	8
156000	89	214	3229	8486	146	21	32977	471
157000	78	297	3236	8449	168	23	32561	667
158000	83	276	3181	8605	116	25	32422	426
159000	72	255	3118	8717	176	3	32994	430
160000	135	209	3274	8490	61	0	31719	223
161000	104	307	3122	8690	196	15	32105	568
162000	100	289	3533	7787	231	97	30817	962
163000	111	204	3417	8138	100	90	33692	802
164000	105	308	3471	8166	98	28	31605	341
165000	92	196	4049	7266	80	0	31283	203
166000	144	202	4102	6679	298	9	29337	821
167000	203	194	4362	6312	108	61	29457	663
168000	169	195	4485	6104	250	132	28217	969
169000	100	243	3524	7734	395	15	32436	1378
170000	107	295	3176	8361	224	30	32645	1024
171000	130	278	3193	8307	234	106	31284	1172
172000	79	220	2772	9209	123	257	32842	956
173000	57	245	2334	9809	120	281	34359	1125
174000	83	239	2620	9282	34	420	33150	1201
175000	98	309	2846	8853	1	364	31836	1134
176000	50	296	3123	8380	58	425	32664	1402
177000	80	310	2925	8773	49	369	32084	1311
178000	61	254	3120	8211	65	566	31545	1622
179000	113	245	3086	8294	66	500	32511	1598
180000	52	278	3060	8411	31	569	31690	1599
181000	92	233	2674	9174	122	415	32852	1147
182000	77	296	3125	8423	263	163	31171	1393
183000	120	260	3394	7934	280	99	31929	1035
184000	132	233	3854	7294	69	174	31536	624
185000	85	243	3205	8446	166	144	31889	782
186000	93	241	2573	9467	275	105	34010	827
187000	65	255	2483	9547	279	120	32620	1102
188000	85	263	2833	8775	272	240	32757	1230
189000	65	189	3011	8695	255	172	32517	984
190000	103	229	2809	8918	299	168	33971	959
191000	70	271	2706	8786	501	335	32561	2249
192000	92	258	2668	8812	477	302	31036	2386
193000	57	258	2213	9530	347	554	32907	2223
194000	59	268	2650	9073	206	355	32847	1789
195000	63	253	2591	9365	247	208	31684	1474
196000	65	225	2588	9503	221	123	33195	908
197000	139	313	3272	8028	285	88	31411	1344
198000	142	295	4085	6762	109	158	28998	645
199000	103	198	3993	7172	11	170	30584	579
200000	146	251	3683	7690	60	20	31491	267
201000	132	225	3845	7323	109	2	32803	408
202000	115	286	3987	7262	69	5	31541	196
203000	169	186	4416	6326	17	11	29855	94
204000	91	234	3925	7411	0	0	30593	4
205000	164	226	4421	6583	0	0	29822	2
206000	174	131	4871	5526	86	47	28513	429
207000	133	207	4373	6658	30	31	29413	130
208000	152	201	4322	6538	88	21	29573	421
209000	130	223	4041	7163	58	0	30543	299
210000	84	270	3697	7681	146	52	31000	645
211000	107	253	3344	8126	116	132	32936	508
212000	93	255	3065	8637	42	218	31978	572
213000	88	258	3304	8321	57	142	33443	436
214000	109	269	3357	7837	166	362	30456	1347
215000	56	244	2959	8611	425	91	30970	1598
216000	92	259	2823	8787	338	220	31548	1465
217000	76	257	2728	9343	54	124	32574	374
218000	74	307	2487	9589	177	94	34029	782
219000	58	237	2570	9672	38	166	33497	445
220000	81	291	2477	9859	2	100	34094	229
221000	64	221	2627	9633	9	205	32756	439
222000	67	253	2384	9678	28	454	33885	1511
223000	55	258	2550	9294	109	480	33242	1335
224000	59	301	2420	9689	54	237	33889	1043
225000	84	223	2554	9473	72	225	34113	1114
226000	64	287	2417	9796	51	162	34182	491
227000	46	328	2338	10008	50	111	34419	495
228000	63	252	2591	9709	17	99	34925	377
229000	57	248	2357	10009	3	222	35083	481
230000	79	272	2233	10193	10	118	33240	293
231000	65	314	2362	10047	0	76	34741	167
232000	104	305	3030	8860	0	62	32965	158
233000	82	272	3185	8673	0	3	33617	48
234000	106	292	3037	8820	159	0	32476	287
235000	59	300	2620	9622	105	15	33619	438
236000	70	294	2361	9853	151	52	34755	562
237000	77	309	2201	10223	35	34	32631	174
238000	87	292	2501	9831	44	2	34494	156
239000	95	206	2895	9316	4	0	33736	30
240000	127	278	3202	8423	46	46	32505	175
241000	90	256	3156	8688	39	0	32974	86
242000	108	247	3192	8655	16	0	33430	69
243000	59	241	2830	9253	80	4	34251	198
244000	70	285	2507	9840	44	18	36225	348
245000	82	335	2448	9886	56	24	33892	301
246000	105	195	3012	8989	0	87	33847	221
247000	85	273	2672	9564	0	15	34039	69
248000	85	264	3283	8474	12	59	33727	317
249000	90	200	3525	8115	0	112	33022	339
250000	98	274	3426	8108	1	165	31719	614
251000	81	176	3689	7794	2	168	32383	679
252000	74	265	2961	8824	11	266	32529	715
253000	120	234	3373	8236	35	125	32011	414
254000	91	228	3586	7760	126	169	31727	749
255000	83	263	3810	7475	30	220	31710	709
256000	138	163	3776	7409	55	238	30503	805
257000	120	195	3631	7472	347	158	31250	1578
258000	166	225	4132	6426	422	109	29878	1415
259000	159	187	4255	6493	323	10	29474	970
260000	151	198	4357	6351	196	0	28954	458
261000	158	256	4188	6736	200	29	30717	919
262000	116	188	3950	7395	79	15	30597	375
263000	121	227	3470	8050	303	18	31378	950
264000	101	270	3116	8459	321	122	31564	1092
265000	109	281	3681	7502	383	64	31067	1575
266000	98	211	3440	7957	345	84	30531	1254
267000	146	200	3446	7912	332	28	32472	1256
268000	95	206	3724	7432	414	23	30304	1303
269000	135	197	3938	6927	352	86	31007	1342
270000	107	184	3357	7735	616	169	29229	2144
271000	130	299	3009	8507	339	169	31530	1611
272000	103	212	3429	7685	420	190	31790	1532
273000	115	233	3155	8269	205	183	31634	1085
274000	51	250	3302	8098	218	270	32330	1431
275000	81	231	3409	7830	129	391	31078	1585
276000	116	189	3890	7241	6	210	31876	811
277000	105	217	3519	7966	17	197	32044	548
278000	109	295	3203	8637	3	14	32648	164
279000	80	201	3247	8500	0	197	32296	533
280000	92	306	3272	8382	0	152	31604	379
281000	71	248	3382	8217	0	179	32360	421
282000	76	238	2966	9040	5	143	32493	590
283000	111	259	3808	7374	18	260	30283	841
284000	90	199	3602	7977	0	102	32784	312
285000	136	231	3394	8268	20	71	31526	201
286000	103	258	3317	8434	51	0	32661	155
287000	109	299	3539	8027	64	23	30574	342
288000	103	194	3337	8468	47	151	33591	611
289000	106	258	2722	9274	66	114	33536	491
290000	109	262	2658	9595	5	26	35144	107
291000	98	303	2404	9908	0	71	34935	211
292000	53	249	2040	10692	0	34	34586	89
293000	58	287	2222	10280	21	42	34561	235
294000	102	294	2627	9656	4	5	34548	29
295000	123	287	2535	9740	79	0	35209	131
296000	91	289	2387	9829	193	40	33539	566
297000	89	233	2856	9033	222	1	32557	438
298000	116	260	2956	8607	359	48	32503	892
299000	92	225	2712	9053	436	65	34127	1362
300000	52	251	2607	9251	406	118	33247	1557
301000	71	237	2464	9313	340	357	33599	2081
302000	52	323	2341	9409	359	446	32289	2169
303000	61	286	2475	9271	259	481	33189	2073
304000	35	278	2169	9872	244	401	31999	1769
305000	48	237	1866	10524	136	299	34205	1216
306000	47	257	1881	10507	170	317	34959	1385
307000	47	291	2012	10282	213	269	34994	1470
308000	73	318	1861	10090	347	502	32277	2144
309000	114	251	2642	9085	310	351	32844	1904
310000	78	208	3081	8434	270	410	32268	1942
311000	70	228	3174	8150	163	522	32083	2029
312000	102	245	3445	7649	163	350	30437	1474
313000	92	303	3115	8557	158	99	32421	812
314000	125	253	3817	7493	24	39	31753	261
315000	139	268	3484	8042	0	22	30608	148
316000	52	189	3206	8704	46	6	33140	159
317000	92	259	3094	8893	0	0	33155	3
318000	65	253	3287	8492	71	24	33025	245
319000	125	243	3831	7495	109	69	31190	443
320000	102	230	3490	7887	324	25	32556	1021
321000	63	258	3303	8191	230	164	31462	882
322000	133	243	3616	7719	246	64	31018	1128
323000	155	262	3547	7711	261	29	32440	664
324000	72	269	3687	7540	258	104	31570	1018
325000	102	282	3410	8073	86	149	31222	490
326000	111	267	3220	8414	64	135	31656	703
327000	100	254	3449	8309	0	41	31755	80
328000	66	291	2745	9342	0	24	34190	68
329000	73	277	2709	9440	0	24	34861	98
330000	106	288	3189	8739	0	11	32292	102
331000	42	172	3350	8500	79	0	34135	52
332000	92	272	3383	8406	0	0	32823	2
333000	92	236	3232	8620	81	1	32409	285
334000	92	313	3365	8010	247	8	31293	736
335000	85	240	3361	8040	300	154	32085	1109
336000	140	269	3400	7861	457	49	30436	1630
337000	100	240	3780	7399	331	23	29391	970
338000	111	176	4161	6927	134	1	30508	497
339000	102	281	3661	7561	167	5	29939	441
340000	119	222	4205	6746	144	78	31228	502
341000	137	228	3913	6980	264	77	29885	965
342000	128	253	4029	6741	302	49	29460	1091
343000	97	196	3491	7795	452	82	31568	992
344000	120	235	3504	7868	299	41	31287	757
345000	122	226	3772	7346	333	9	31258	831
346000	142	213	4453	6110	302	48	29660	996
347000	123	227	3820	7254	229	27	30845	590
348000	195	212	3932	7008	80	63	31269	332
349000	117	230	4082	6742	185	215	29845	1242
350000	90	254	3889	6844	215	444	28998	1923
351000	101	300	3676	6858	162	768	29214	2738
352000	67	202	3663	7006	40	935	29681	2605
353000	101	206	3582	7047	30	1064	29270	2951
354000	113	263	3572	7033	86	901	30659	3081
355000	85	255	3037	7640	163	1136	29150	3411
356000	145	237	3434	6857	238	1109	28471	3869
357000	116	217	3211	7396	236	1043	29160	3605
358000	108	251	3741	6749	212	788	27591	2755
359000	162	207	3568	7114	180	773	28618	2402
360000	149	201	4090	6110	281	562	28622	2370
361000	231	200	4478	5199	257	562	27035	2474
362000	124	174	4878	5255	85	338	27515	1183
363000	169	164	4652	5780	75	81	28382	459
364000	169	271	4589	5850	17	107	29730	456
365000	220	184	4580	5908	0	79	28499	138
366000	144	241	4365	6355	46	81	29388	264
367000	165	263	3887	7001	91	143	30533	594
368000	77	265	4087	6815	117	145	30779	513
369000	92	206	3469	7973	119	167	30883	1043
370000	124	274	3175	8453	165	165	30242	964
371000	143	291	3423	7817	150	277	32349	993
372000	101	217	3443	7810	203	351	30193	1513
373000	74	197	3824	7218	240	278	31039	1281
374000	136	221	3723	7069	370	389	29995	2157
375000	136	244	3886	6968	290	196	29617	1586
376000	141	253	3604	7471	221	111	30918	1123
377000	68	283	3403	8232	76	55	32724	274
378000	82	255	3475	8218	59	45	33413	391
379000	55	247	3302	8608	5	0	33140	37
380000	71	234	3146	8856	70	0	33008	181
381000	82	255	3264	8577	89	2	33461	200
382000	90	259	3008	8706	238	0	34586	519
383000	114	276	2621	9444	50	24	35007	292
384000	85	249	2793	9250	91	58	34875	347
385000	98	326	2835	8917	103	143	32671	772
386000	125	328	2883	8898	58	215	32718	816
387000	118	312	2871	8871	213	59	32185	790
388000	65	291	2280	9936	227	89	33939	758
389000	41	292	2002	10159	443	155	33258	1744
390000	57	296	2265	9675	389	234	33220	1869
391000	96	221	1994	9982	570	172	34801	1623
392000	61	246	1835	10372	476	206	33576	1719
393000	43	277	1968	10213	397	288	33601	1988
394000	81	274	2034	9655	518	382	31141	2326
395000	49	312	1959	9679	605	599	32590	2943
396000	63	247	1948	9873	516	481	32469	2543
397000	48	260	1802	10171	503	451	33040	2759
398000	67	281	1802	9814	671	532	33322	3175
399000	61	268	1962	9769	550	508	33515	2645
400000	83	320	2041	9623	418	512	31989	2624
401000	57	300	2128	9620	347	499	34248	2128
402000	90	293	2375	9325	467	343	32515	2302
403000	87	265	2829	8324	505	401	31539	2474
404000	84	237	2395	9278	298	509	31818	2267
405000	99	242	2817	8641	322	419	31485	2590
406000	88	251	2911	8669	196	370	31255	2013
407000	104	308	3007	8727	93	92	31580	633
408000	88	289	2547	9555	196	45	33343	607
409000	57	307	2278	9915	284	24	32938	668
410000	63	265	2580	9549	102	30	34520	493
411000	106	261	2521	9542	182	56	34824	586
412000	81	239	2901	9012	135	122	32529	920
413000	75	245	3246	8488	122	48	32834	463
414000	79	302	2953	8837	121	163	32052	840
415000	62	246	2760	9083	80	327	33423	1001
416000	75	310	2442	9511	91	405	33120	1486
417000	78	251	2403	9776	207	59	33777	756
418000	87	231	3098	8695	213	6	33909	560
419000	134	199	3265	8162	291	47	31733	1172
420000	88	184	3381	7936	537	59	33125	1681
421000	113	243	2898	8682	451	111	32660	1874
422000	98	214	2804	8960	405	59	32244	1564
423000	71	244	3614	7880	222	8	32160	737
424000	97	294	3123	8571	81	55	32864	339
425000	96	238	3630	7845	89	50	31998	452
426000	118	235	4032	7083	98	53	31247	447
427000	109	193	3254	8485	61	112	31831	557
428000	83	306	2492	9665	82	134	32615	462
429000	102	207	2807	9334	13	104	33426	374
430000	56	304	2686	9514	42	19	33912	138
431000	105	249	2529	9699	80	35	34282	287
432000	54	238	3102	8973	0	71	32955	132
433000	82	256	2729	9489	1	128	33578	277
434000	86	270	3056	8996	0	35	33130	69
435000	88	237	3529	8134	48	0	33589	207
436000	147	215	3342	8398	1	19	31799	10
437000	120	229	3680	7772	83	0	32742	157
438000	92	243	3641	7815	148	0	31794	326
439000	138	174	4158	6709	279	0	31148	694
440000	171	183	4059	6957	196	3	30413	686
441000	123	223	4230	6505	322	22	29439	835
442000	176	200	3960	6697	257	172	30233	1425
443000	143	216	3940	7012	183	214	30729	994
444000	106	235	3718	7461	118	188	30195	761
445000	113	221	3364	8138	124	192	34191	864
446000	145	223	3707	7425	219	60	31753	768
447000	83	240	3967	7331	46	36	31580	464
448000	92	189	3831	7446	54	0	32249	196
449000	113	218	3823	7631	0	8	30184	60
450000	63	219	3827	7730	0	0	31589	1
451000	107	219	3789	7623	17	0	31685	9
452000	121	258	3697	7735	0	123	31264	315
453000	93	167	3947	7226	38	162	30805	471
454000	110	243	3723	7623	70	71	31965	310
455000	113	225	3474	8069	29	47	32744	219
456000	130	270	3555	7976	0	85	32103	299
457000	89	255	3164	8792	0	9	32564	5
458000	88	171	3190	8713	104	0	33250	198
459000	86	201	2834	9348	46	2	33574	224
460000	92	282	2984	8949	85	0	32877	226
461000	88	224	3112	8967	0	0	33441	4
462000	106	309	3485	8164	2	0	33109	29
463000	130	239	3413	8286	37	10	31995	176
464000	102	275	3072	8659	85	118	32516	478
465000	68	318	2702	8992	78	362	31145	1427
466000	106	229	2835	9024	55	323	32046	915
467000	94	273	2732	9151	64	250	33563	788
468000	80	270	3085	8459	123	348	30942	967
469000	101	239	3210	8147	235	305	31040	1628
470000	103	211	2676	8976	294	363	33328	1696
471000	93	296	2676	8920	411	235	32189	1523
472000	63	223	2548	9603	258	101	33070	1359
473000	103	272	2446	9494	372	116	31686	1390
474000	55	279	2373	9686	306	150	33461	1270
475000	67	287	2633	9221	79	350	34725	1240
476000	113	264	2960	8662	214	229	32215	1069
477000	100	251	2981	8465	365	319	30964	1719
478000	80	238	3308	7807	494	272	31250	1986
479000	78	225	3082	7931	653	334	31018	2843
480000	111	283	3387	7683	462	193	30479	2083
481000	131	208	3870	6679	501	277	31139	2077
482000	67	258	3265	7837	539	260	30680	2013
483000	126	212	3855	6797	289	404	29063	2213
484000	144	221	4468	5555	137	740	28433	2298
485000	138	192	4213	5569	431	818	27961	3184
486000	99	274	3622	6852	402	638	28224	2661
487000	91	216	3624	6612	689	796	27969	4401
488000	131	205	3681	6220	687	1041	28383	4388
489000	129	189	3521	5983	1131	935	26593	5971
490000	145	292	4004	5158	880	1284	23975	5464
491000	188	220	3991	4484	1260	1348	24256	7066
492000	170	204	3830	4653	1513	1228	24042	7469
493000	165	171	3759	4923	1883	938	24899	7947
494000	178	183	3790	4787	1654	1218	23215	7668
495000	130	225	3928	4939	1145	1373	25606	6705
496000	122	217	3952	4970	948	1448	23821	7351
497000	79	170	3584	5568	1179	1356	24932	7900
498000	159	234	3593	5032	1637	1388	24359	8156
499000	167	224	3738	5377	1129	1301	25164	6963
500000	157	169	4017	5239	913	1187	25796	5403
501000	159	167	4515	4593	1027	586	24190	4542
502000	145	173	4354	4422	1058	1074	25522	6393
503000	147	179	4161	4978	1113	788	25723	5098
504000	121	236	4120	5452	902	676	26989	4826
505000	106	208	3639	6387	652	897	28385	4379
506000	149	213	3391	6297	790	1193	26517	5291
507000	97	239	3220	6528	1103	1034	27103	5636
508000	89	273	3211	6912	941	924	27622	5552
509000	118	266	2714	7596	817	1044	28635	5085
510000	146	267	2939	7663	744	710	28906	4719
511000	78	225	2768	8345	373	783	31063	4011
512000	72	272	2831	8267	355	771	31433	2857
513000	80	271	2334	9097	357	742	33221	3137
514000	50	355	2008	9705	353	644	32543	3324
515000	53	319	1679	9928	611	660	31962	3408
516000	47	271	1585	10303	539	613	32987	3203
517000	47	287	1955	9876	399	626	32684	2668
518000	57	269	1930	9869	309	719	34106	2710
519000	53	291	1695	10183	267	706	33471	3153
520000	62	298	1798	10176	233	634	33240	2219
521000	85	297	2301	9062	156	1066	31044	2518
522000	39	276	2029	9374	155	1140	31074	3752
523000	66	302	1987	9503	278	1059	32242	3451
524000	53	291	1550	10159	216	1105	32509	3653
525000	53	300	1439	10089	365	1161	33078	4010
526000	56	303	1896	9560	435	888	32224	3842
527000	55	306	1784	9701	449	887	30600	3972
528000	79	281	1917	9477	510	914	30745	3517
529000	41	236	1957	9338	498	1051	31348	4131
530000	72	235	2097	9163	470	917	32375	4194
531000	46	291	2273	8980	330	1032	32349	4361
532000	64	273	2409	9005	237	756	32603	2726
533000	64	264	2067	9738	98	726	33113	2831
534000	63	255	2066	10087	28	546	33696	1521
535000	93	249	2112	9897	66	556	32845	1958
536000	56	288	2320	9616	90	549	33975	1566
537000	69	266	2483	9262	73	598	31922	1803
538000	77	220	2517	9171	112	667	32579	2046
539000	105	258	2394	9213	87	674	31717	2072
540000	77	287	2644	9309	74	315	33151	1269
541000	74	233	2791	9086	92	355	34573	1307
542000	89	274	2943	8649	132	288	32876	1247
543000	87	330	2722	8772	29	588	31047	2044
544000	61	260	2896	8693	72	481	32493	1318
545000	92	271	2983	8366	199	461	33223	1619
546000	83	243	2509	9011	236	627	31143	2180
547000	68	241	2560	9280	30	494	33470	1154
548000	72	243	2717	8991	135	471	32780	1616
549000	78	262	2392	9547	150	334	32687	1431
550000	64	280	2336	9880	30	335	34220	889
551000	60	290	2265	10089	24	251	34410	833
552000	90	214	2278	9925	51	328	34860	856
553000	96	304	2562	9512	2	260	32371	721
554000	84	311	2383	9822	5	189	33838	704
555000	63	300	2524	9661	18	195	33761	546
556000	52	305	2351	10039	0	107	32895	419
557000	78	316	2262	10234	0	4	35417	19
558000	71	303	2063	10557	2	10	34817	86
559000	44	310	2416	9915	112	0	34261	403
560000	98	296	2359	9946	13	10	34973	218
561000	89	277	2173	10279	138	1	35199	309
562000	48	303	2131	10507	23	58	35003	225
563000	79	267	1903	10824	0	78	35043	275
564000	65	272	2340	10134	0	22	35891	174
565000	43	315	2180	10266	0	117	36487	332
566000	72	263	2746	9506	26	56	36050	223
567000	78	258	2743	9409	35	102	34359	397
568000	89	291	2695	9357	35	174	34731	573
569000	57	278	2728	9349	71	167	33000	779
570000	84	281	2568	9620	90	59	33584	286
571000	105	280	2416	10053	0	21	35539	179
572000	67	263	2587	9860	25	24	34623	290
573000	64	321	2268	10050	134	72	33732	531
574000	51	302	1931	10596	41	169	33295	626
575000	44	302	1853	10690	40	253	33717	759
576000	38	273	1992	10569	53	186	34707	918
577000	59	253	2113	10427	15	147	34976	293
578000	82	358	2502	9577	51	139	32867	560
579000	57	253	2052	10584	79	0	36295	165
580000	77	314	2092	10512	0	0	35233	2
581000	82	273	2397	9829	141	61	33747	470
582000	61	237	2553	9820	5	76	35519	179
583000	82	227	2750	9485	9	82	33630	300
584000	59	207	3139	9009	0	0	32989	8
585000	59	342	2838	9213	68	3	33283	282
586000	42	369	2267	10210	42	0	34423	143
587000	68	262	2407	9997	21	18	35244	52
588000	107	266	2744	9402	90	22	33902	214
589000	37	267	2414	9956	113	1	33424	274
590000	83	284	2584	9531	247	14	32450	622
591000	92	258	2791	9058	209	190	32879	1050
592000	79	287	2443	9752	113	85	35309	767
593000	55	273	2596	9588	114	80	33964	658
594000	68	238	2457	9698	221	116	34007	904
595000	56	253	2255	10085	228	93	33897	680
596000	62	291	2174	10159	176	141	34044	827
597000	66	293	1941	10355	197	297	34743	1379
598000	73	319	2062	10207	250	197	32248	840
599000	62	269	2370	9939	20	212	33491	574
600000	73	323	2245	9987	32	269	33808	822
601000	33	301	2184	10287	19	173	35017	451
602000	68	267	2476	9637	32	255	33537	914
603000	53	275	2267	9815	86	359	34473	1184
604000	66	321	2401	9261	161	525	32075	1725
605000	78	297	2394	9434	91	527	32885	1757
606000	52	277	2012	10149	28	549	32970	1628
607000	73	275	1995	10401	40	292	33420	859
608000	46	326	1821	10886	34	117	35430	398
609000	60	280	1692	11109	0	70	35758	166
610000	37	297	1771	11070	0	69	36358	150
611000	46	274	2096	10481	0	145	34987	259
612000	67	265	2076	10494	12	123	36046	271
613000	82	283	2276	10183	33	13	33842	202
614000	53	267	2251	10282	44	24	35687	217
615000	64	254	1932	10832	94	5	34813	201
616000	56	284	2173	10417	75	6	35809	227
617000	77	334	2316	10065	57	4	33271	275
618000	51	296	2179	10401	20	52	34991	261
619000	106	289	2438	9777	32	192	33840	559
620000	73	246	2744	9351	49	121	34754	358
621000	105	278	2794	9074	115	166	33364	492
622000	97	259	2976	8728	210	101	32571	670
623000	101	256	2818	9010	211	103	32633	1058
624000	43	278	2944	9106	111	54	32190	349
625000	63	211	2540	9413	180	204	33297	997
626000	95	267	2630	9285	266	106	33495	977
627000	91	286	2752	9104	310	114	31866	1377
628000	91	311	2958	8770	261	63	33583	976
629000	111	246	3052	8563	107	260	32399	693
630000	68	208	3297	8194	92	406	32133	1370
631000	73	281	3070	8615	123	180	32693	962
632000	103	221	3214	8370	34	240	31042	689
633000	107	268	2912	8980	1	165	33087	363
634000	59	287	3245	8628	34	99	33256	299
635000	103	243	3027	8570	37	388	32885	1077
636000	67	266	3103	8721	34	257	33273	1058
637000	95	283	2753	9168	34	153	33655	317
638000	113	245	3303	8212	22	295	32105	1032
639000	126	275	3239	8417	4	222	32211	645
640000	61	246	3105	8337	92	473	31907	1259
641000	64	243	2681	9156	2	560	31449	1692
642000	71	346	2126	9929	78	421	33669	1169
643000	77	258	2318	9908	44	307	34707	1399
644000	80	241	2703	9500	0	107	33367	354
645000	81	332	2774	9182	1	121	33251	382
646000	86	291	3207	8729	0	12	33791	47
647000	102	257	2797	9321	74	6	33841	216
648000	80	293	2824	9265	72	28	33339	239
649000	75	310	2603	9502	94	70	34267	422
650000	91	295	2582	9719	70	16	34002	203
651000	103	264	2655	9510	13	26	33443	234
652000	70	282	2746	9360	45	13	33986	224
653000	84	248	2727	9542	28	0	32996	109
654000	78	249	3466	8097	75	42	31137	348
655000	99	211	3326	8342	80	95	32478	496
656000	98	276	3441	7976	137	83	32722	409
657000	91	202	3591	7675	372	2	30310	1228
658000	130	195	3454	7922	251	100	31554	1046
659000	121	249	3563	7779	196	67	30969	756
660000	121	257	3112	8680	94	119	33003	550
661000	73	195	2960	8889	52	296	33288	1131
662000	59	284	3195	8354	131	274	32827	1216
663000	71	275	2919	8974	95	196	33106	882
664000	70	260	3034	8857	1	160	33152	750
665000	82	200	2937	9324	66	7	34124	279
666000	91	289	2655	9521	11	0	33924	5
667000	51	307	2485	9857	0	0	35547	5
668000	59	285	2293	10092	62	123	33916	401
669000	55	287	2483	9741	16	194	34525	536
670000	49	281	2521	9746	8	168	34316	590
671000	74	230	2095	10523	4	133	34217	451
672000	75	310	2159	10120	64	286	33631	933
673000	90	238	2568	9330	79	391	33015	1226
674000	51	233	2210	9945	117	377	34415	1442
675000	68	261	2089	10018	107	401	33815	1330
676000	53	234	1895	10526	55	377	34319	1058
677000	48	359	1904	10436	116	272	34824	856
678000	67	304	1619	10724	156	446	32653	1298
679000	60	270	1758	10597	157	364	33598	1421
680000	47	286	2224	9774	133	410	31963	1340
681000	43	283	2281	9802	104	463	34521	1592
682000	69	266	2243	9692	98	554	32034	1791
683000	79	289	2453	9558	90	304	34207	1264
684000	80	253	2613	9069	302	308	32298	1709
685000	41	235	2543	9566	142	169	33906	1081
686000	68	273	2205	10198	168	102	33479	972
687000	74	285	2350	9880	83	172	32740	448
688000	49	294	1897	10628	108	165	34325	589
689000	71	331	2096	10137	93	256	34181	955
690000	54	281	2021	10440	143	137	35077	700
691000	53	258	2004	10486	215	66	33959	690
692000	54	253	1819	10786	174	91	34847	736
693000	58	342	1721	10931	166	15	33942	395
694000	50	281	1726	11086	58	33	34827	204
695000	42	360	1852	10794	22	129	35232	315
696000	47	252	2036	10668	12	50	35301	119
697000	44	319	2021	10626	0	131	34894	314
698000	58	295	1554	11342	0	81	35277	189
699000	40	324	1473	11437	38	36	36697	336
700000	32	319	1488	11548	0	29	35851	112
701000	44	253	1764	11147	0	8	35878	40
702000	101	282	2171	10337	71	0	34801	236
703000	71	274	2524	9863	0	0	33752	1
704000	71	301	2379	9971	126	3	34514	397
705000	68	264	2412	9943	105	0	33006	297
706000	65	282	2191	10374	54	3	35248	165
707000	67	331	2142	10423	21	0	34578	46
708000	66	357	2018	10529	85	0	34978	172
709000	62	220	2520	9987	32	0	34498	42
710000	62	254	2731	9541	21	0	34032	70
711000	66	317	2704	9401	98	9	33914	228
712000	69	304	2526	9828	21	1	33803	99
713000	41	312	2259	10289	0	2	33338	1
714000	60	241	2404	10099	7	29	34033	97
715000	48	276	2591	9761	14	21	34420	83
716000	74	262	2664	9585	54	16	34689	211
717000	95	301	3024	8947	12	12	32575	42
718000	42	337	2351	10091	25	0	35751	124
719000	78	362	1860	10826	15	0	34064	63
720000	28	310	1615	11292	102	0	36532	169
721000	54	288	1689	11198	11	0	35299	19
722000	45	281	1815	11075	34	7	35863	134
723000	68	288	2448	9904	46	10	36209	104
724000	85	275	2352	9956	111	59	33327	473
725000	43	278	1966	10637	104	37	35152	655
726000	48	266	2363	10044	1	145	34797	301
727000	60	237	2511	9813	0	144	35270	563
728000	56	247	2417	10054	1	133	34674	447
729000	76	272	2109	10316	10	172	34662	406
730000	55	262	2455	9770	42	223	33949	779
731000	93	254	2945	9026	4	184	32396	588
732000	73	262	3057	8877	9	170	33910	595
733000	77	285	2869	8955	55	286	32429	1037
734000	56	342	2177	10283	0	72	35260	354
735000	70	253	2523	9864	0	21	35333	136
736000	85	264	2812	9428	0	0	33751	1
737000	46	252	2910	9343	5	19	34599	41
738000	120	261	3164	8654	31	53	33830	228
739000	106	266	3354	8458	0	0	31715	1
740000	88	271	3321	8433	82	0	31728	106
741000	49	218	3326	8539	18	2	33898	29
742000	104	296	3359	8364	2	24	32116	148
743000	131	196	3634	7859	46	0	32382	72
744000	94	226	3695	7828	91	1	33068	126
745000	130	248	3600	7784	130	4	32147	421
746000	118	209	3487	7956	238	28	31065	585
747000	80	263	3056	8715	272	32	31606	881
748000	202	231	3460	7651	411	116	30816	1347
749000	97	277	3529	7412	463	215	29470	2056
750000	161	225	3182	8077	417	208	29773	1537
751000	87	279	3435	7523	489	170	30776	1904
752000	89	246	3531	7610	258	164	30311	1360
753000	121	174	3831	7196	190	167	31063	1238
754000	95	240	3576	7537	327	234	28979	1655
755000	77	200	3141	8165	431	226	30626	1819
756000	103	184	3178	8305	372	187	32295	1759
757000	110	227	3202	7721	572	405	31028	2282
758000	105	227	2995	8146	619	335	30671	2692
759000	110	219	2702	8513	417	572	31986	2245
760000	100	222	2861	8091	375	761	32125	3498
761000	74	252	2669	8408	460	817	30190	3583
762000	106	279	2476	8710	393	800	30007	3296
763000	56	261	2823	8008	495	960	29769	3629
764000	114	342	2994	7547	802	697	28558	3921
765000	157	246	3481	6587	771	726	27288	4056
766000	117	219	3421	6549	1085	702	28516	4872
767000	145	238	3223	7093	767	748	29616	4029
768000	126	234	3603	6770	868	352	29709	3565
769000	93	239	3467	6594	1024	622	27493	3709
770000	104	198	3759	6632	949	304	28431	3738
771000	139	225	3492	7131	882	89	29831	2918
772000	170	242	3335	7253	752	282	28469	2725
773000	119	278	2986	7710	701	591	30081	3247
774000	80	218	2935	8335	323	572	31245	2586
775000	141	272	2783	8353	235	731	31502	2628
776000	55	270	2745	8321	219	925	31178	3144
777000	91	302	2883	7916	410	907	28016	3694
778000	93	220	3011	7666	492	829	29395	3762
779000	89	255	2772	8203	259	994	29954	3568
780000	71	207	3129	7894	140	777	33050	2567
781000	59	176	2869	8270	201	870	30790	3284
782000	126	246	2721	8395	227	770	30678	2748
783000	85	234	2485	8744	331	897	30489	3481
784000	129	307	2900	7495	577	994	28605	4118
785000	96	230	3324	7024	553	898	28996	3968
786000	141	246	2790	7836	691	806	29960	4428
787000	131	200	2922	7744	445	1030	29548	3845
788000	98	262	2452	8168	567	1250	29807	4996
789000	93	274	2228	8212	501	1619	29605	5679
790000	78	297	2226	8039	598	1705	28595	6827
791000	94	238	2573	7076	712	2046	27539	6779
792000	99	240	2263	7375	766	2202	25929	8109
793000	87	274	2477	6908	697	2317	26000	8276
794000	125	281	2288	7077	882	2260	24695	9055
795000	78	294	2113	7491	653	2376	25759	8666
796000	66	215	2489	7033	964	1989	27184	8236
797000	85	240	2822	6490	788	2108	25493	8837
798000	100	189	2712	6767	582	2260	27059	7712
799000	107	271	2522	7174	687	1912	26353	6474
800000	103	273	2161	7647	923	1824	27078	7329
801000	107	253	2311	7577	825	1754	28357	7429
802000	80	254	2226	7868	688	1749	29198	7618
803000	89	253	1903	8365	923	1631	28581	7146
804000	42	244	2092	8127	639	1844	27304	7198
805000	64	282	2097	7891	687	1990	28694	6801
806000	59	284	1702	8582	694	1958	27673	7027
807000	74	299	1830	8230	747	1988	26883	7810
808000	57	252	2067	7517	1006	2216	26391	8301
809000	98	259	1905	7222	957	2605	25297	10249
810000	56	270	1811	7589	993	2443	25759	10142
811000	52	298	1973	7240	864	2669	25283	9716
812000	82	283	1647	7633	996	2702	25581	9670
813000	23	296	1563	8093	830	2462	28318	8959
814000	73	309	1441	8269	1089	2276	26012	8725
815000	76	259	1449	8145	1043	2470	26500	9171
816000	66	240	1397	8342	1051	2357	26598	9934
817000	82	283	2012	7456	1051	2181	24318	8473
818000	117	260	2052	7143	1363	2122	26713	10602
819000	83	233	1919	7059	1456	2344	25696	9592
820000	66	259	1670	6985	1382	2890	24187	11729
821000	81	270	1795	6889	1430	2734	23742	12162
822000	78	227	2079	6489	1673	2477	24148	12064
823000	103	246	2466	6195	1479	2311	24228	11174
824000	88	182	2515	6025	1291	2596	22881	10910
825000	95	303	2239	6022	1535	2705	22608	10787
826000	128	271	2162	6438	1420	2518	24208	10277
827000	107	243	2277	6925	1433	1896	25026	9626
828000	121	273	2562	6668	1349	1721	24903	8233
829000	70	228	1952	7612	1308	1955	26428	10175
830000	77	271	1892	7770	1157	1928	26808	9349
831000	79	281	1500	8100	1347	2014	26888	8871
832000	84	280	1908	7497	1451	1881	25427	8473
833000	79	277	2257	7847	711	1698	28135	6987
834000	81	287	2800	7302	550	1555	27587	6052
835000	95	243	2580	7483	991	1285	27048	6161
836000	95	273	2436	7678	1032	1250	28460	6542
837000	133	196	3020	7028	933	1085	27973	5898
838000	127	207	3613	6191	599	1071	28841	4443
839000	180	155	3782	5698	877	1088	26860	5439
840000	117	251	3784	6042	810	769	27256	4812
841000	174	182	4158	5002	1066	822	25872	5519
842000	174	188	3840	5496	1011	981	26051	5763
843000	180	187	3799	5909	1172	473	26988	5044
844000	112	208	3598	6221	1065	860	26782	5061
845000	101	195	3427	6735	873	680	27831	4039
846000	116	292	3013	7081	610	1257	27382	4784
847000	98	242	3031	7142	542	1380	28202	5221
848000	94	184	3490	6530	563	1102	28370	5205
849000	146	295	3395	6460	492	1249	26772	4943
850000	110	279	3251	7047	327	1239	29840	4481
851000	125	332	2852	7960	233	993	29710	3767
852000	77	240	2422	8946	128	959	31082	3106
853000	108	268	2956	7685	155	1324	28929	4100
854000	75	225	2885	7934	157	1313	29087	4163
855000	113	242	2850	7223	366	1678	28474	5228
856000	78	264	2571	7302	770	1680	27297	6343
857000	101	211	3019	6700	672	1625	26441	6969
858000	125	285	2465	7621	920	1209	28361	6322
859000	98	214	2608	7769	862	1104	29062	5737
860000	73	224	2598	7438	1099	1223	27744	7023
861000	81	270	2095	8542	821	1211	30089	5650
862000	65	255	2104	8021	1350	1175	28919	6659
863000	103	245	2456	7368	1216	1365	27356	7058
864000	127	219	2350	7010	1649	1431	26355	8372
865000	116	276	2827	6176	1496	1602	23671	8556
866000	119	247	2619	6034	1557	2036	26029	9469
867000	154	208	2397	6045	1776	2230	22526	11355
868000	89	184	2368	6011	1890	2270	22506	11813
869000	173	231	2436	5685	1895	2276	23006	12063
870000	86	184	2736	5414	1971	2231	23663	11422
871000	129	194	2670	5468	2146	2020	23008	11441
872000	101	193	2504	6112	1860	1976	24843	10884
873000	108	273	2406	6100	2248	1710	24047	10467
874000	142	136	2367	5750	2636	1734	22279	11563
875000	118	237	2246	5724	2738	1891	20987	13216
876000	145	241	2004	5931	2572	2142	21343	12637
877000	130	257	2257	5285	2723	2229	22050	12802
878000	118	153	1773	5412	3264	2437	21030	15259
879000	123	182	1523	5771	3355	2322	19418	16405
880000	164	249	1625	5591	3191	2431	20025	16158
881000	112	161	1883	5757	3159	2044	20879	14419
882000	101	204	2329	5344	2631	2277	20598	14046
883000	210	180	2514	4740	3129	1802	20863	14016
884000	214	184	2236	5748	3216	1214	21817	12959
885000	107	232	1896	6031	3336	1579	22816	13092
886000	174	228	2009	5495	3010	2076	21959	14233
887000	135	247	1962	5524	2925	2215	20806	14904
888000	166	200	2837	5075	2138	2113	22425	11932
889000	192	230	2903	5563	1912	1544	23111	10352
890000	107	191	2847	5772	2097	1569	24671	10008
891000	122	219	2875	5278	1989	1921	21855	11418
892000	103	236	3009	5107	1904	2093	22133	11107
893000	189	168	2843	4670	2165	2429	22191	11350
894000	154	200	2887	5456	1696	2085	23314	10401
895000	118	210	2786	5382	1970	2061	22836	10924
896000	148	267	2762	5278	2336	1730	22261	11613
897000	142	197	2997	5038	2314	1731	22550	11014
898000	178	171	2729	5479	2466	1547	23881	10270
899000	112	196	2587	6048	2185	1537	24523	10513
900000	133	233	3147	5015	1889	1892	23703	10628
901000	155	236	2926	5081	1876	2092	22547	11076
902000	102	210	2661	5415	2005	2244	22262	11632
903000	138	233	2629	5659	2054	2009	22846	11151
904000	115	214	2415	5733	1851	2414	21878	11832
905000	153	196	2773	5075	1808	2457	22535	12886
906000	157	216	2753	5600	1703	2101	23523	10884
907000	136	231	2550	6156	1567	2100	22946	9646
908000	76	232	2810	5686	1635	2141	23217	10190
909000	106	241	2730	5965	1560	1931	24443	9828
910000	144	275	2484	6935	1560	1253	27031	8181
911000	153	288	2741	6349	1643	1332	24542	8715
912000	141	235	3018	6092	1723	1089	25800	8274
913000	106	206	2996	6227	1837	1013	25810	8354
914000	113	272	2642	6953	1561	1102	26833	7093
915000	104	220	2773	7227	1295	893	29278	5776
916000	131	261	2838	7285	1038	975	28961	5225
917000	131	217	2804	7029	1403	1006	27265	6810
918000	129	221	3027	6660	1153	1142	27593	6725
919000	156	270	2843	6600	1224	1355	28255	7123
920000	115	259	2647	6693	1105	1856	25211	8469
921000	110	225	2659	6740	1359	1570	25712	7467
922000	105	223	2427	7433	1427	1151	28103	7241
923000	113	213	2756	6991	1261	1307	28281	7408
924000	150	188	2867	6164	1532	1539	26233	8379
925000	110	250	3136	6031	1095	1583	25164	8071
926000	145	184	3049	6244	1420	1282	27062	7299
927000	176	190	3223	6478	768	1247	27763	5910
928000	127	181	3221	6341	1243	1142	26204	6940
929000	139	201	3311	5282	1252	1958	24494	9245
930000	123	224	2866	6727	806	1692	26598	6788
931000	112	212	3156	6840	724	1271	27369	5398
932000	113	269	3324	6761	778	971	27905	4974
933000	156	252	3078	7192	947	774	28006	4908
934000	146	186	3882	5638	1129	708	27504	5359
935000	84	232	3813	5975	935	727	27438	4511
936000	121	248	3482	6513	470	1109	28359	4135
937000	82	262	3192	6562	836	1280	28494	5760
938000	114	207	3084	7217	902	795	28801	5062
939000	122	268	3232	6874	741	810	26994	4576
940000	74	205	3095	7182	935	828	27953	5266
941000	144	215	3043	6626	1254	1088	25532	5862
942000	155	180	3267	5919	1850	770	25415	7057
943000	141	226	3639	5534	1525	750	25327	6452
944000	162	212	3774	5695	1063	873	26912	6087
945000	173	215	4028	5131	1115	800	24409	5662
946000	231	222	3748	5209	1390	809	26075	6173
947000	114	224	3704	5476	1339	1042	25658	6454
948000	153	202	4000	4935	962	1278	24842	5921
949000	179	225	3826	5055	836	1528	25252	6104
950000	139	209	4036	4759	993	1519	23890	7139
951000	166	189	3678	5708	1368	726	26266	6104
952000	135	205	3313	6003	1648	916	26812	7185
953000	131	213	3350	5789	1688	908	25524	7771
954000	123	229	3295	5933	1674	932	25373	7333
955000	140	248	3054	6382	1833	646	26503	6834
956000	153	230	3052	6619	1584	657	25921	6252
957000	114	259	2919	6708	1759	777	27766	6861
958000	103	198	3108	6275	1705	853	26745	7125
959000	167	184	3282	5767	1611	1158	25276	7652
960000	148	207	3403	5021	1992	1288	22841	9298
961000	181	163	3488	5111	1760	1170	23839	8008
962000	170	143	3419	5394	2226	549	25470	7482
963000	154	162	4030	5062	1544	527	25117	5726
964000	159	196	3948	5786	1016	692	26572	4585
965000	169	208	3957	5515	1273	609	25285	5199
966000	214	203	3848	5449	1129	711	24607	5399
967000	230	234	3689	6024	1003	614	26665	4504
968000	162	206	3979	5415	1072	765	26571	4667
969000	113	217	3646	6428	762	743	28040	4308
970000	123	223	4016	6139	607	562	28199	3384
971000	148	256	3885	5773	934	709	27414	4414
972000	246	185	3806	6022	880	505	27422	3993
973000	108	244	3820	6655	674	284	28453	2696
974000	177	216	3768	6467	548	580	27468	3166
975000	141	197	3761	6694	576	410	29140	2652
976000	145	236	3807	6527	659	316	28950	3093
977000	134	274	3056	7869	639	381	29974	2414
978000	129	246	2806	7858	758	645	30623	3744
979000	99	290	2452	9020	489	469	31101	2945
980000	90	233	2611	8772	378	494	32154	2386
981000	103	239	2460	8914	421	607	32276	2886
982000	80	261	2660	8633	323	629	31645	2496
983000	119	272	3092	7855	291	622	31554	2504
984000	78	233	3012	8298	293	523	30279	2237
985000	130	306	3060	7950	214	606	28839	2219
986000	42	279	2931	8343	206	637	30616	2287
987000	110	290	2970	7804	559	608	30460	3318
988000	43	262	2646	8315	534	847	30364	3783
989000	109	238	2835	8200	459	688	28216	2822
990000	138	250	3261	7393	568	638	29122	3222
991000	139	250	3513	7030	509	508	29707	2863
992000	86	264	3044	8025	470	525	30140	2686
993000	80	240	3072	8334	269	392	30640	1984
994000	64	302	2396	8734	407	881	30514	3520
995000	111	250	2702	8550	269	776	31291	3088
996000	81	270	2868	8409	263	644	31650	2341
997000	85	251	2608	8813	266	586	32165	2317
998000	82	261	2521	8522	472	791	30559	3556
999000	115	219	2624	8007	941	792	28860	4949
