0	0	0	0	14400	0	0	0	0
1000	13	459	288	13181	69	60	22275	253
2000	24	434	460	12897	66	95	22501	208
3000	17	438	363	13089	48	55	23163	224
4000	16	398	311	13266	44	46	23234	123
5000	7	434	307	13250	24	32	22986	140
6000	9	432	314	13309	0	26	23131	42
7000	8	409	372	13203	28	28	22271	159
8000	15	443	398	13064	40	52	22274	223
9000	11	433	430	13060	34	13	23769	55
10000	17	410	460	13057	18	3	22238	21
11000	12	442	390	13166	27	4	23360	100
12000	10	440	436	13055	43	38	23264	139
13000	12	437	343	13140	65	28	22010	140
14000	16	451	387	13011	36	85	22795	197
15000	17	461	374	12987	81	120	22002	360
16000	15	404	348	13110	44	133	23445	293
17000	18	434	310	13117	70	119	22080	345
18000	15	413	355	13064	37	152	22129	464
19000	11	445	382	13085	12	98	21603	222
20000	9	479	342	13112	16	111	23053	281
21000	24	462	426	13003	18	51	22966	105
22000	15	469	452	13014	0	2	23099	6
23000	19	433	395	12947	123	87	23044	384
24000	9	442	290	13196	52	74	21774	241
25000	12	430	284	13207	47	119	23291	299
26000	8	446	412	12910	41	170	22866	437
27000	19	414	497	12840	21	163	22641	314
28000	27	380	499	12786	28	213	23071	494
29000	15	364	369	13007	47	227	23467	435
30000	15	467	449	12711	63	295	22184	582
31000	28	423	461	12768	41	270	21800	596
32000	11	453	321	13014	1	249	22345	284
33000	14	426	268	13099	9	274	22221	449
34000	7	403	224	13224	7	260	22794	320
35000	3	471	336	13043	7	182	23432	329
36000	7	412	319	13152	2	159	22492	251
37000	10	435	365	13147	2	109	22178	154
38000	11	472	342	13211	3	33	22382	67
39000	17	457	372	13079	0	110	21652	167
40000	21	439	394	13064	15	101	22969	177
41000	11	409	449	12961	34	102	23232	206
42000	4	488	421	13032	30	55	23151	175
43000	19	433	369	13080	45	105	24339	186
44000	26	456	431	12930	38	84	23065	74
45000	10	486	390	13008	54	95	22408	272
46000	4	444	331	13074	73	122	22820	395
47000	12	451	390	12988	54	137	22831	327
48000	16	435	391	12937	75	171	22528	396
49000	16	420	374	13100	58	54	23006	188
50000	18	404	371	13163	61	45	23478	161
51000	11	446	364	13075	72	58	23105	212
52000	13	484	323	13118	35	88	22248	220
53000	7	426	370	13063	21	120	24248	234
54000	12	425	361	13096	32	122	22633	292
55000	11	441	379	12940	31	231	22698	475
56000	14	464	438	12723	25	315	22672	551
57000	11	447	318	12875	44	387	22927	802
58000	7	469	275	12799	30	488	21056	857
59000	20	434	344	12867	11	352	23845	663
60000	14	434	325	12990	40	277	22730	497
61000	7	434	322	12806	52	433	21675	949
62000	20	485	337	12763	39	449	20918	650
63000	12	468	341	12639	71	490	22578	980
64000	14	434	386	12665	55	474	21647	837
65000	14	435	397	12613	64	499	21947	957
66000	12	433	393	12509	106	575	22233	852
67000	27	431	362	12652	120	433	22135	1039
68000	9	410	359	12753	119	393	22431	1073
69000	16	444	398	12607	59	514	21324	1080
70000	9	445	362	12631	85	496	21888	1068
71000	10	464	431	12444	154	529	22366	1174
72000	21	439	399	12365	165	586	21740	1424
73000	22	403	442	12301	148	650	22401	1210
74000	19	480	364	12380	89	712	21669	1166
75000	17	493	426	12291	62	692	22225	1460
76000	11	480	354	12521	29	621	21661	1033
77000	10	438	308	12738	64	490	22369	929
78000	8	441	320	12797	43	473	22799	825
79000	15	424	384	12701	45	428	22447	693
80000	2	402	229	13060	39	377	22757	1083
81000	12	421	262	12823	66	497	22067	1012
82000	7	406	406	12634	54	506	22261	1012
83000	16	482	321	12559	36	644	20745	1076
84000	11	426	390	12620	14	533	22127	979
85000	16	388	359	12532	54	681	21802	1583
86000	19	389	452	12431	79	610	22438	1516
87000	22	477	389	12435	120	571	21114	1184
88000	6	430	386	12574	89	529	21533	1048
89000	13	483	313	12641	90	515	22519	1076
90000	16	410	331	12534	79	642	21216	1179
91000	3	477	354	12549	81	589	20716	887
92000	12	405	366	12623	121	526	22227	1293
93000	9	443	333	12636	123	490	22033	1032
94000	20	452	391	12581	175	378	20989	802
95000	12	448	354	12605	140	480	21968	1351
96000	15	432	386	12648	95	447	21401	868
97000	12	465	368	12622	85	497	22465	987
98000	8	451	397	12493	130	577	22258	1181
99000	21	363	435	12433	132	583	23243	1158
100000	13	406	366	12417	126	683	22017	1355
101000	19	455	422	12349	147	614	21854	1547
102000	25	421	561	12020	195	681	20828	1781
103000	23	476	407	11934	218	935	21382	1958
104000	20	379	333	11935	279	1095	20667	2208
105000	14	378	319	12119	212	1036	21323	2305
106000	13	469	433	11935	218	918	21321	1811
107000	29	382	360	12102	219	928	21778	1851
108000	14	448	391	11924	191	1040	20533	2300
109000	21	490	394	11917	173	1013	20690	1663
110000	13	424	381	12068	121	1000	21622	1845
111000	23	444	433	12273	134	684	20860	1222
112000	27	395	406	12409	97	693	21912	1193
113000	26	449	334	12352	178	723	22197	1584
114000	16	453	405	12300	146	691	21918	1681
115000	18	449	377	12520	149	514	22541	940
116000	24	436	426	12311	181	602	21676	1658
117000	13	442	341	12215	201	817	21045	1528
118000	13	446	403	12466	162	531	21118	1033
119000	18	442	427	12477	211	415	21992	778
120000	21	458	427	12356	187	532	21390	1097
121000	13	435	347	12664	119	499	23641	840
122000	19	438	408	12478	157	490	22251	998
123000	11	419	301	12547	131	653	21706	1255
124000	12	435	435	12357	59	691	21377	1317
125000	9	423	396	12483	96	614	22686	1301
126000	29	442	349	12644	62	513	21767	1191
127000	12	465	371	12680	44	451	21291	808
128000	7	384	422	12705	67	404	22382	793
129000	18	427	274	12905	91	355	22764	814
130000	12	419	340	12736	91	419	21832	1105
131000	14	411	362	12706	25	499	22164	918
132000	10	475	349	12767	41	424	22543	1009
133000	8	447	277	12829	69	421	21949	852
134000	16	424	406	12716	73	362	21394	749
135000	17	496	291	12838	70	351	22219	765
136000	8	452	307	12858	47	358	22545	713
137000	12	430	344	12908	66	297	22637	652
138000	8	435	349	12949	15	282	23198	355
139000	18	452	320	13022	36	240	22265	438
140000	17	438	442	12846	20	233	22119	452
141000	8	473	499	12735	41	241	22752	350
142000	18	470	256	12972	113	241	22795	603
143000	15	430	340	12851	50	346	22405	638
144000	19	455	439	12746	35	323	21827	768
145000	18	425	356	12719	54	426	22440	712
146000	23	462	310	12789	75	383	22979	748
147000	16	409	356	12714	92	442	22655	900
148000	14	416	304	12889	62	353	22142	745
149000	18	382	334	13065	6	237	22373	515
150000	13	472	357	12968	16	182	22886	323
151000	17	419	312	13068	1	235	22352	297
152000	8	443	299	13040	13	268	23524	324
153000	6	429	344	12967	16	271	22358	506
154000	7	442	328	13006	20	228	22946	389
155000	11	389	275	13310	26	76	24122	157
156000	10	431	372	13157	16	43	22323	137
157000	8	490	345	13163	0	21	22827	32
158000	9	521	387	13117	0	3	22812	0
159000	12	435	418	13036	71	29	22216	185
160000	13	496	325	13141	21	71	22085	154
161000	18	470	380	12961	11	142	23027	297
162000	15	396	348	13176	22	99	23259	181
163000	16	506	335	13089	22	77	22489	71
164000	7	460	366	13011	43	137	22220	274
165000	14	471	412	12936	31	146	23214	320
166000	18	455	519	12719	28	170	22762	294
167000	18	424	406	12918	53	217	22964	481
168000	15	486	336	12942	64	216	21747	486
169000	9	444	383	12896	61	248	22945	621
170000	12	407	331	12980	98	244	21761	578
171000	13	464	349	12813	113	307	21550	545
172000	8	477	410	12830	59	242	21701	553
173000	15	451	365	12813	57	330	21722	658
174000	13	434	354	12707	106	411	22068	718
175000	16	401	360	12702	137	402	22899	797
176000	4	436	267	12832	86	441	22456	1086
177000	20	500	331	12637	63	487	20490	844
178000	12	397	352	12847	55	359	20939	665
179000	10	386	341	12868	39	420	23316	672
180000	13	461	300	12690	91	523	22562	947
181000	19	483	325	12470	150	582	20972	1254
182000	12	391	457	12372	86	681	21717	1146
183000	9	399	449	12233	122	782	21736	1776
184000	20	409	358	12459	94	689	21575	1183
185000	12	427	338	12377	134	766	21691	1729
186000	11	392	342	12640	84	592	21897	1221
187000	14	429	331	12693	77	492	22009	690
188000	21	454	357	12688	73	430	22627	892
189000	18	375	355	12861	56	366	21922	709
190000	10	464	375	12749	84	380	22296	645
191000	9	411	406	12636	50	512	22856	901
192000	15	427	474	12599	58	413	22608	779
193000	11	438	416	12624	55	490	21890	1143
194000	18	424	411	12762	42	342	21977	895
195000	10	356	336	13049	58	246	23525	588
196000	23	446	339	12933	62	212	22113	464
197000	13	442	366	13041	37	158	23113	402
198000	21	450	394	12810	120	255	22588	566
199000	19	418	350	12727	149	381	21512	957
200000	15	455	299	12640	162	479	21730	1283
201000	20	401	356	12635	167	494	21453	1198
202000	22	409	472	12444	177	416	20952	1300
203000	23	440	389	12403	143	578	21157	1130
204000	22	437	365	12464	72	665	20779	1284
205000	24	408	367	12500	111	641	21657	1209
206000	25	445	299	12595	125	575	21016	1178
207000	12	437	366	12582	121	512	21103	1046
208000	10	437	312	12807	77	425	21661	910
209000	15	432	328	12847	44	391	23957	831
210000	13	426	365	12849	25	344	22822	580
211000	22	491	473	12649	35	308	21805	680
212000	21	451	380	12799	24	326	22657	500
213000	15	455	395	12741	23	357	22051	629
214000	13	406	427	12828	28	330	22193	564
215000	19	441	400	12848	82	265	22508	519
216000	19	442	389	12809	52	304	21467	413
217000	10	456	384	12847	66	297	22950	410
218000	11	395	356	12931	98	242	23068	470
219000	15	442	404	12905	82	169	22713	453
220000	5	448	434	12846	68	188	23377	571
221000	20	415	338	13017	84	173	22755	483
222000	19	466	354	12934	63	239	21625	384
223000	18	438	387	12845	20	309	22502	591
224000	15	460	464	12750	64	260	22184	398
225000	16	393	361	13081	28	165	22511	294
226000	9	456	345	13028	0	186	23312	355
227000	12	439	370	13041	40	118	23467	303
228000	9	417	345	13181	37	68	22946	148
229000	11	442	373	13021	36	151	22264	240
230000	14	445	356	13031	39	143	22690	450
231000	12	482	388	12988	20	138	22779	232
232000	9	424	383	13056	23	134	23475	227
233000	12	462	460	12929	8	129	21636	374
234000	21	431	424	12944	8	171	23362	268
235000	13	427	444	12916	2	195	22306	227
236000	9	473	373	13022	2	167	22353	291
237000	11	466	299	13080	14	194	22034	249
238000	14	420	339	13094	16	188	22570	424
239000	1	463	382	13020	7	136	23118	119
240000	8	383	420	13117	5	101	24017	161
241000	14	382	356	13248	10	40	23413	70
242000	11	476	417	13041	0	60	22304	187
243000	17	419	400	13180	0	44	22633	79
244000	6	445	310	13259	1	46	23035	40
245000	15	464	313	13220	0	57	22976	102
246000	19	491	376	13146	0	8	23325	19
247000	14	462	525	12781	157	7	22247	225
248000	17	483	423	12912	84	84	23095	349
249000	8	420	385	12992	68	143	22830	391
250000	20	437	417	12935	84	121	21846	369
251000	9	480	325	13007	30	209	22656	349
252000	9	472	321	12981	60	228	21949	377
253000	10	455	353	13019	47	188	23384	469
254000	16	447	342	12819	70	361	22136	847
255000	20	413	406	12644	92	412	22401	907
256000	15	487	344	12671	35	512	22856	978
257000	16	432	282	12684	28	609	22902	945
258000	11	449	301	12593	40	676	20521	1144
259000	26	428	282	12669	64	581	21630	1314
260000	14	417	280	12693	79	597	21814	1122
261000	12	436	317	12563	97	609	22480	1156
262000	19	465	390	12479	95	575	22853	962
263000	15	478	395	12643	71	423	22163	1004
264000	14	405	381	12824	49	387	22216	705
265000	10	462	367	12677	16	500	23039	868
266000	6	483	302	12827	26	424	21776	829
267000	12	471	329	12845	58	365	22147	863
268000	4	431	300	12892	48	396	22242	583
269000	12	468	266	12979	64	308	22440	716
270000	10	473	361	12769	109	311	22289	793
271000	22	441	375	12830	102	270	22549	595
272000	10	461	398	12767	48	359	23318	862
273000	23	426	363	12738	47	423	22294	788
274000	12	493	393	12663	62	423	21376	832
275000	13	426	304	12769	56	490	23288	707
276000	15	423	359	12723	103	419	22055	951
277000	22	457	340	12802	66	364	21896	722
278000	9	424	345	12785	84	385	21664	797
279000	16	419	412	12673	55	415	22723	746
280000	18	437	283	12843	110	409	21895	953
281000	7	406	390	12792	92	295	23158	763
282000	21	520	377	12711	122	297	22383	751
283000	15	406	347	12846	93	345	21903	612
284000	8	473	299	12851	45	401	22254	870
285000	10	444	330	12860	37	341	22183	578
286000	10	471	276	13012	29	301	21691	634
287000	19	455	305	13136	34	135	22505	355
288000	14	475	392	12959	39	116	22547	256
289000	13	449	411	12984	13	145	23377	384
290000	13	481	371	13018	2	169	22155	228
291000	14	363	346	13164	5	124	22678	245
292000	17	463	336	13086	8	156	22412	237
293000	8	430	296	13121	9	224	22656	277
294000	9	477	340	12882	25	306	22330	534
295000	7	430	371	12857	42	338	21810	583
296000	3	445	285	13038	6	292	23048	579
297000	20	439	402	12869	12	298	23612	619
298000	8	438	351	12890	31	318	23174	504
299000	12	414	353	12968	31	260	22623	440
300000	3	418	405	12913	32	232	22109	446
301000	14	449	344	12891	39	309	22591	604
302000	13	445	407	12766	42	304	23148	391
303000	3	455	279	12987	22	320	22452	537
304000	9	482	357	12894	16	275	23113	451
305000	12	462	379	12790	34	363	22231	570
306000	14	438	410	12792	22	339	22261	521
307000	3	383	340	13012	24	313	23428	769
308000	9	440	351	12803	57	369	23440	670
309000	16	452	289	12907	22	391	22938	919
310000	30	415	394	12827	27	343	21958	661
311000	13	432	408	12806	17	327	23006	707
312000	16	459	429	12866	7	213	22788	492
313000	7	416	310	13109	28	161	22831	311
314000	8	496	351	12986	30	181	22553	458
315000	6	411	296	13163	27	171	23375	215
316000	15	409	315	13084	51	208	23187	419
317000	12	465	344	12938	88	177	22450	535
318000	14	449	314	13073	51	156	22135	460
319000	8	444	333	13105	14	152	23004	319
320000	7	451	364	12998	21	171	22237	342
321000	28	400	452	12956	25	131	22750	207
322000	12	444	294	13208	5	99	23579	145
323000	8	417	349	13192	3	70	23102	163
324000	15	423	367	13129	5	107	21975	130
325000	6	466	341	13170	18	61	22759	142
326000	18	455	485	12914	3	71	22464	131
327000	10	476	363	13103	1	86	22674	173
328000	24	395	471	13049	7	21	22618	30
329000	15	424	342	13214	0	37	23529	36
330000	6	432	293	13300	7	6	23263	99
331000	14	409	350	13229	2	31	22632	59
332000	14	434	377	13132	2	63	22865	68
333000	15	432	321	13226	2	69	23352	66
334000	11	433	319	13202	0	94	21782	127
335000	17	468	389	13042	0	81	22840	210
336000	8	455	341	13169	1	85	21826	175
337000	17	469	339	13099	11	112	23965	203
338000	8	392	365	13079	7	136	22705	365
339000	17	438	309	13236	0	78	23217	115
340000	18	410	321	13206	0	101	22583	148
341000	9	496	433	12962	0	138	22278	293
342000	9	475	358	13047	4	149	22908	338
343000	9	432	286	13226	18	113	23269	197
344000	19	462	354	13160	3	62	24056	188
345000	15	406	321	13218	24	47	23501	72
346000	12	433	294	13318	2	39	22652	108
347000	16	428	411	13096	1	81	22402	168
348000	21	461	355	13078	30	92	22680	186
349000	8	497	376	13055	6	91	22019	174
350000	5	446	353	13155	0	88	23319	217
351000	9	442	420	13040	8	72	22677	99
352000	20	478	347	13091	37	85	22618	155
353000	7	427	342	13207	30	46	22880	76
354000	14	440	416	13078	10	31	22752	138
355000	6	457	327	13178	0	77	22813	107
356000	11	347	375	13255	15	36	22787	109
357000	12	445	326	13229	4	30	23764	40
358000	12	442	320	13130	138	8	22649	229
359000	21	441	328	13062	103	89	22166	318
360000	10	475	408	12937	28	156	22805	272
361000	15	455	419	12957	16	115	22995	276
362000	19	488	372	12983	0	125	22098	111
363000	14	457	383	13113	0	94	22725	130
364000	9	449	403	13080	0	78	23418	101
365000	10	427	246	13329	2	118	22863	161
366000	17	439	299	13173	1	162	22478	293
367000	11	444	285	13156	1	200	23508	348
368000	13	440	283	13132	3	206	22547	197
369000	14	442	286	13080	6	206	21911	385
370000	23	408	405	12856	14	239	22871	350
371000	11	464	376	13024	4	166	22425	132
372000	12	399	372	13021	11	179	22217	292
373000	9	474	389	13017	14	108	22966	174
374000	6	445	330	13155	32	101	22253	144
375000	13	485	260	13224	36	67	22848	100
376000	23	362	325	13198	36	103	23669	229
377000	14	386	299	13266	4	104	24402	250
378000	11	443	310	13150	7	126	22550	124
379000	12	440	316	13143	13	139	23136	271
380000	22	453	311	13109	20	165	22479	221
381000	13	443	286	13191	25	126	23333	247
382000	8	430	299	13246	8	99	22633	207
383000	20	415	398	13049	0	121	22650	227
384000	15	415	385	13067	1	105	21361	128
385000	9	471	308	13103	0	149	23393	286
386000	13	442	340	13224	0	51	23127	69
387000	12	464	355	13163	0	31	22661	97
388000	3	406	376	13183	0	67	22051	134
389000	11	462	354	13153	1	82	22781	99
390000	9	479	314	13160	3	84	22762	151
391000	10	427	327	13207	0	77	22408	181
392000	13	396	314	13257	10	73	23236	71
393000	22	427	397	13113	0	51	23719	64
394000	13	432	436	13077	0	10	23036	55
395000	23	379	429	13031	115	11	22283	182
396000	17	422	521	12851	67	89	23723	265
397000	22	449	442	12900	65	105	22966	337
398000	26	462	506	12711	120	126	21630	380
399000	12	397	327	13042	79	207	23168	544
400000	15	487	393	12931	67	140	22198	395
401000	13	483	308	13034	57	196	21901	424
402000	11	487	378	12868	63	206	22263	507
403000	23	445	359	12964	49	176	23620	497
404000	15	422	316	13114	27	170	22261	360
405000	16	432	331	13025	43	157	22708	381
406000	12	440	278	13185	6	163	22228	418
407000	12	437	286	13156	0	190	22829	459
408000	15	441	322	13099	0	165	22929	306
409000	8	462	394	13049	16	82	23703	205
410000	14	433	404	13030	2	133	23273	386
411000	18	467	346	13121	17	78	21682	238
412000	7	416	359	13200	3	67	23351	178
413000	14	468	357	13177	4	42	23143	91
414000	14	427	424	13080	6	38	23110	96
415000	2	447	294	13319	0	12	23592	13
416000	11	473	249	13377	5	19	22574	32
417000	6	437	380	13187	0	17	23499	5
418000	20	429	366	13239	0	2	23253	1
419000	10	414	364	13106	99	39	22823	212
420000	15	462	303	13179	50	72	21562	195
421000	19	438	314	13167	46	70	22291	196
422000	19	425	382	13088	52	45	23926	138
423000	9	446	405	13034	34	90	21323	207
424000	8	377	414	12972	50	173	23349	231
425000	5	409	380	12909	59	283	23237	557
426000	11	423	372	12842	113	283	22299	697
427000	11	451	374	12646	133	396	22062	805
428000	6	441	436	12604	66	429	21508	1015
429000	24	394	355	12803	83	386	21853	1013
430000	16	409	374	12733	76	440	21729	732
431000	12	425	373	12761	135	335	22682	526
432000	23	433	330	12842	146	262	22085	840
433000	15	482	365	12809	71	276	23219	527
434000	15	425	365	12863	29	332	22399	757
435000	8	363	385	12862	41	366	22640	831
436000	8	443	371	12753	48	388	22610	644
437000	8	408	377	12809	16	411	22202	710
438000	14	437	356	12703	23	487	22951	750
439000	13	469	348	12719	50	449	21758	850
440000	8	407	260	12904	47	484	22464	1048
441000	14	433	415	12734	34	382	23400	776
442000	10	447	386	12671	47	445	22290	716
443000	19	431	372	12804	71	365	22649	807
444000	18	419	331	12778	43	465	22123	865
445000	18	461	356	12694	51	481	22581	834
446000	5	420	295	12757	81	517	22378	947
447000	16	477	357	12585	62	488	22804	835
448000	9	469	350	12517	94	594	21424	1188
449000	6	401	346	12625	99	556	22484	1164
450000	9	463	356	12611	60	563	21558	1073
451000	11	454	272	12883	78	389	22454	860
452000	23	447	433	12571	136	417	20652	975
453000	4	414	330	12553	169	580	21516	1110
454000	14	482	311	12715	138	365	21839	747
455000	14	392	444	12540	113	469	22118	879
456000	9	486	277	12636	87	602	22183	1127
457000	14	438	286	12710	78	559	21501	1133
458000	28	461	319	12488	201	549	22060	1184
459000	12	444	313	12643	97	585	21715	1308
460000	19	482	316	12298	163	781	21057	1674
461000	16	460	340	12379	83	787	21778	1189
462000	11	401	337	12455	45	817	22146	1372
463000	23	398	322	12512	98	699	22934	1389
464000	11	425	247	12444	91	837	21449	1500
465000	13	435	368	12209	98	915	20029	1680
466000	16	409	380	12147	136	913	22404	1763
467000	15	413	265	12380	168	843	23076	1778
468000	11	403	299	12106	274	970	21317	1735
469000	16	432	389	12067	262	852	22138	2408
470000	21	423	372	11819	292	1106	20441	2523
471000	38	433	569	11383	381	1084	19837	2711
472000	26	414	406	11639	353	1139	20639	2337
473000	30	442	386	11646	370	1183	19860	2754
474000	18	504	327	11675	325	1209	20096	2684
475000	29	485	329	11732	213	1234	20968	2509
476000	15	397	365	11819	278	1134	20754	2410
477000	26	446	358	11728	360	1096	20164	2466
478000	33	486	433	11753	327	996	20176	2533
479000	20	403	345	12014	211	1021	21002	2456
480000	30	451	312	12189	215	839	21772	1674
481000	14	439	423	12227	133	756	20184	1449
482000	14	443	345	12270	188	797	20232	1614
483000	8	414	354	12304	122	841	21961	1843
484000	12	416	315	12389	127	827	20387	1715
485000	12	429	311	12315	176	828	22099	1739
486000	13	464	432	12193	115	804	21324	1437
487000	13	439	334	12465	68	729	22108	1353
488000	14	438	310	12632	74	588	21510	1210
489000	17	415	396	12484	18	708	21765	1198
490000	16	465	449	12360	28	680	21312	1187
491000	16	421	429	12466	31	620	22684	1083
492000	14	452	405	12373	101	676	21296	1211
493000	7	426	333	12457	142	676	22801	1416
494000	16	416	347	12355	168	733	20985	1404
495000	14	454	346	12547	144	523	21805	1214
496000	22	411	362	12245	182	791	22082	1708
497000	19	476	355	11977	176	1038	21043	1914
498000	12	422	347	12173	62	1028	20869	1732
499000	9	415	264	12347	136	907	20991	1740
500000	9	418	371	11964	182	1104	21100	2162
501000	20	414	409	11943	265	949	22585	2285
502000	20	412	349	11869	203	1220	21151	2408
503000	15	462	402	11808	207	1065	20256	2051
504000	8	434	431	11857	249	1016	22195	2165
505000	27	453	439	11740	212	1134	20821	2347
506000	20	451	382	11814	235	1096	20358	2036
507000	13	470	322	11839	255	1146	21162	2560
508000	20	509	350	11691	217	1238	20776	2430
509000	11	461	378	11826	202	1145	20062	2118
510000	32	396	415	11626	346	1173	19897	2518
511000	23	434	325	11478	382	1396	19821	3092
512000	24	364	556	11244	317	1418	19377	2828
513000	22	413	512	11248	308	1431	20115	2813
514000	24	438	321	11330	269	1700	19952	3383
515000	16	408	329	11376	220	1684	19969	2938
516000	23	400	307	11213	354	1773	21232	3605
517000	17	408	355	10977	285	2015	19842	3970
518000	7	393	335	11284	182	1824	20021	3698
519000	20	417	264	11308	235	1877	18723	4010
520000	11	405	296	11279	262	1803	19344	3641
521000	20	398	333	11450	281	1592	19762	3171
522000	19	458	342	11239	320	1655	20211	3625
523000	22	412	374	11424	245	1542	21053	3131
524000	34	403	370	11415	235	1575	19017	2910
525000	10	400	354	11476	232	1533	19412	2964
526000	16	391	382	11448	214	1585	21105	2830
527000	11	451	345	11492	169	1595	20009	2899
528000	13	412	384	11399	236	1581	21149	3493
529000	15	447	390	11389	185	1611	19903	2922
530000	12	435	343	11492	134	1634	21405	3009
531000	21	393	389	11556	154	1524	20330	2862
532000	27	461	359	11269	174	1747	18607	3267
533000	18	406	360	11258	243	1787	19922	3841
534000	16	440	351	10845	343	2049	19203	4058
535000	15	444	278	11066	305	1988	18608	3904
536000	20	432	269	11068	324	1935	19255	3789
537000	34	400	393	11091	475	1598	19384	4142
538000	25	414	377	10690	458	2044	19883	4209
539000	26	443	404	10736	596	1781	19394	4390
540000	25	429	623	10519	514	1784	18257	4079
541000	33	519	421	10729	453	1839	18622	4200
542000	23	396	401	11011	317	1842	19750	3633
543000	26	411	461	11071	317	1681	18664	3305
544000	31	367	426	11518	274	1380	20810	2810
545000	19	431	312	11697	266	1356	20359	2804
546000	10	404	370	11384	274	1594	19885	2982
547000	25	434	394	10960	313	1885	19657	3985
548000	28	469	294	11109	215	1938	19349	3203
549000	21	412	265	11087	177	2089	19072	3612
550000	16	465	333	10742	288	2191	19327	4099
551000	18	449	365	10790	233	2190	18409	3729
552000	21	449	310	10818	332	2126	18688	4142
553000	37	397	323	10736	289	2213	18764	3925
554000	19	434	383	10820	283	2103	18623	4156
555000	16	450	349	10814	253	2160	18742	3978
556000	21	467	349	10956	299	1917	19072	4009
557000	22	429	386	11140	276	1793	20533	3666
558000	17	393	339	11352	235	1706	19409	3493
559000	21	413	356	11467	199	1583	20618	2953
560000	16	480	351	11451	185	1529	20080	2764
561000	16	420	355	11565	175	1527	20339	2742
562000	15	411	373	11457	215	1538	19631	3095
563000	29	416	352	11588	201	1460	20727	2226
564000	17	397	422	11755	248	1131	20208	2566
565000	29	488	456	11564	246	1168	20002	2393
566000	21	415	459	11659	212	1173	21286	2075
567000	23	473	499	11472	267	1239	20698	2541
568000	37	413	447	11356	315	1448	20209	3035
569000	19	480	314	11366	217	1659	20133	3338
570000	16	410	289	11093	228	2055	19821	3285
571000	18	438	324	11136	315	1812	19993	3757
572000	19	426	352	11279	226	1755	19137	3456
573000	25	399	324	11375	286	1633	18933	3114
574000	30	474	332	11163	238	1806	18700	3813
575000	11	422	324	11250	245	1789	19774	2921
576000	9	435	324	11333	240	1715	19811	3611
577000	16	394	349	11009	344	1917	19769	3857
578000	25	437	289	11106	333	1855	20617	3922
579000	17	503	291	10924	310	2035	19249	3660
580000	15	447	247	10975	231	2171	18978	4184
581000	18	412	346	10941	322	1982	18694	3654
582000	11	417	263	10928	292	2193	19723	3878
583000	18	442	329	10899	225	2185	18415	4019
584000	17	430	357	10624	252	2323	19218	4829
585000	24	408	363	10795	281	2181	18356	3916
586000	18	430	410	10689	347	2118	19236	3860
587000	24	479	354	10467	325	2380	18412	4718
588000	19	434	379	10613	239	2331	18753	4124
589000	16	428	278	10725	223	2421	18535	4424
590000	30	470	345	10558	218	2418	19374	4590
591000	18	456	296	10637	292	2387	18261	4631
592000	20	518	266	10603	369	2315	18744	4954
593000	26	396	355	10826	288	2169	19009	4016
594000	13	410	351	10725	278	2274	18424	4148
595000	23	448	344	10762	371	2076	18699	4561
596000	25	406	387	11022	262	1936	19065	3589
597000	28	457	401	10917	201	1979	19031	3871
598000	21	437	380	10882	219	2099	18396	3387
599000	26	434	354	10934	300	1995	18946	4128
600000	27	451	284	10800	345	2162	19259	4397
601000	24	435	298	11022	347	1931	19377	4207
602000	20	417	350	11326	271	1652	18761	3564
603000	9	431	339	11434	210	1635	19419	3080
604000	16	491	414	11030	258	1819	19139	3145
605000	27	470	373	10841	305	1988	19602	3710
606000	26	439	326	10750	296	2195	19141	3837
607000	24	421	459	10929	340	1824	19260	3528
608000	30	398	459	10720	356	2026	19208	4286
609000	27	371	349	10614	353	2273	20166	3849
610000	22	419	375	10487	393	2339	19078	4506
611000	28	396	343	10608	448	2235	20452	4750
612000	15	367	441	10906	462	1803	18756	4044
613000	23	415	434	10995	512	1627	19282	3560
614000	29	422	390	11037	401	1736	19765	3594
615000	22	471	421	11369	317	1398	19398	2780
616000	29	435	390	11457	265	1462	19506	2791
617000	16	425	415	11249	279	1593	19939	3229
618000	18	392	375	11442	383	1405	20113	3298
619000	21	422	360	11734	186	1287	20360	2739
620000	15	408	400	12069	81	1010	20542	1870
621000	13	456	339	12180	106	950	20633	2197
622000	20	419	322	12368	124	797	20473	1683
623000	12	397	297	12322	121	920	21529	2107
624000	12	487	320	12168	114	978	20050	1859
625000	11	383	372	12071	82	1102	21495	1998
626000	16	467	362	11980	101	1120	20964	1825
627000	13	392	297	11929	146	1313	20185	2261
628000	22	472	335	11883	152	1153	20260	2088
629000	13	420	367	11962	119	1119	21701	2325
630000	9	432	322	11838	180	1279	21345	2611
631000	14	490	362	11764	199	1196	20161	2382
632000	22	442	403	11588	322	1247	19836	2433
633000	18	399	330	11671	274	1331	20095	2738
634000	15	442	324	11683	225	1357	20334	2735
635000	6	447	346	11790	162	1296	20032	2344
636000	19	418	377	11700	169	1345	20407	2401
637000	9	418	291	11860	188	1310	21208	2655
638000	19	419	355	11531	263	1446	21260	2445
639000	16	441	330	11414	299	1550	19360	3596
640000	15	393	326	11571	271	1486	20135	3146
641000	28	429	360	11159	288	1752	19719	3129
642000	22	487	284	10877	312	2114	19473	3993
643000	22	504	285	10716	379	2178	18469	4401
644000	10	373	304	10747	356	2265	19445	4637
645000	29	428	301	11060	349	1917	19185	3400
646000	8	415	411	10822	319	2018	19787	3487
647000	29	424	315	10882	329	2070	19321	4078
648000	23	468	382	11085	326	1736	19084	3591
649000	13	449	302	11417	324	1565	20012	2773
650000	25	455	350	11383	230	1600	19777	3574
651000	22	426	334	11343	243	1672	19496	3076
652000	17	444	261	11359	248	1775	20161	3047
653000	22	409	236	11343	266	1814	18935	3895
654000	21	410	330	11180	340	1794	20473	3720
655000	26	377	360	10914	370	1962	19786	4216
656000	34	385	332	10876	417	1994	18031	4311
657000	19	412	308	10759	402	2195	17977	4664
658000	25	376	366	10454	601	2190	18806	4290
659000	26	451	517	9896	553	2508	18679	5093
660000	24	455	383	10038	495	2624	17782	5187
661000	18	416	310	10013	493	2809	16519	5508
662000	28	379	287	9858	474	3022	18073	6231
663000	15	396	336	9988	423	2883	18546	5916
664000	33	477	369	9670	566	2920	16827	6117
665000	23	413	363	9984	492	2750	17989	5518
666000	39	436	364	9886	526	2766	16621	6014
667000	22	394	346	9731	531	3037	16926	5854
668000	24	431	319	9591	505	3193	17481	6014
669000	18	419	294	9286	621	3391	16919	6931
670000	49	413	419	9219	609	3307	16600	7265
671000	33	375	354	9472	661	3128	17274	6320
672000	27	405	439	9309	691	3102	16634	6378
673000	39	374	352	9720	607	2927	16897	5778
674000	34	408	321	9476	830	2994	15796	6247
675000	33	404	379	9622	788	2788	16715	5609
676000	27	410	272	9087	989	3274	15183	6628
677000	33	460	367	9281	916	2997	17248	6419
678000	35	418	419	9607	726	2795	17009	5533
679000	24	402	452	9188	596	3307	16304	6607
680000	29	473	438	9131	605	3274	15871	7166
681000	24	476	318	9506	577	3147	15811	6583
682000	29	421	321	9363	530	3353	15899	6311
683000	27	425	406	9509	546	3094	17082	6440
684000	27	434	428	9577	597	2927	16999	6689
685000	33	383	333	9786	488	2985	17872	6201
686000	36	430	298	9841	406	3033	17096	5245
687000	28	498	298	9673	395	3199	16626	5825
688000	14	414	310	9676	519	3131	17699	6107
689000	33	436	366	9449	585	3146	16413	6003
690000	31	472	339	9474	631	3084	15407	6405
691000	25	422	406	9368	754	3039	16758	6469
692000	23	425	294	9512	660	3170	17225	6914
693000	35	421	365	9178	645	3393	15887	6994
694000	29	381	423	8981	789	3375	16595	7249
695000	39	446	436	8822	829	3465	16578	7850
696000	38	385	361	8987	782	3458	15513	6931
697000	44	385	293	9019	678	3633	15936	7280
698000	40	385	332	8765	817	3663	15018	7887
699000	40	459	306	8310	915	4036	14650	8290
700000	38	425	415	8180	865	4051	14613	8153
701000	29	427	277	8403	850	4088	14438	8252
702000	30	389	378	8315	809	4123	15204	8207
703000	33	416	295	8166	867	4255	15011	8994
704000	41	368	260	8393	831	4161	14491	8230
705000	37	445	342	8340	819	4074	14428	8892
706000	40	406	259	7722	963	4670	14011	9465
707000	41	399	383	7241	1080	4863	13386	9433
708000	57	383	322	7320	1316	4627	13507	10071
709000	36	384	355	7356	1263	4643	13448	10651
710000	50	366	368	7416	1410	4395	14063	9134
711000	42	383	419	7692	1244	4188	14442	8708
712000	50	398	327	7827	1373	4059	14113	9505
713000	51	407	350	7802	1424	3978	14875	8810
714000	65	437	409	7800	1469	3831	13502	9117
715000	63	400	333	7785	1530	3902	14340	9217
716000	55	404	399	7597	1384	4190	13813	9154
717000	41	389	409	7565	1192	4402	13420	9780
718000	45	382	388	7615	960	4629	13607	9818
719000	36	359	345	7611	1024	4659	13601	9547
720000	50	466	326	7602	825	4793	13128	9387
721000	52	386	320	7897	923	4442	13783	8811
722000	32	387	288	7733	995	4639	13144	9460
723000	43	410	259	7762	1019	4592	14205	10171
724000	57	449	293	8071	896	4275	13793	9169
725000	49	420	300	8014	1070	4222	13349	9592
726000	41	413	330	8160	1026	4078	14675	8377
727000	33	373	344	8256	1019	3997	14596	8330
728000	44	392	310	8543	853	3896	15025	7706
729000	26	413	363	8587	851	3784	14749	7240
730000	41	423	404	8229	835	4089	15360	8377
731000	40	434	316	8234	897	4123	15186	8168
732000	45	393	420	8029	1059	4034	14440	8070
733000	29	387	311	8051	1055	4216	13469	9590
734000	45	442	331	7888	1126	4208	14103	9803
735000	43	379	350	7968	1097	4172	14108	9546
736000	44	372	405	8340	875	3955	15002	8482
737000	55	435	360	8557	850	3758	15555	7872
738000	34	403	283	8713	917	3702	15168	7945
739000	30	426	294	8807	906	3590	15333	7869
740000	54	399	381	8533	795	3814	15060	8222
741000	37	378	345	8961	920	3373	15748	7770
742000	29	398	318	9124	915	3251	16199	6747
743000	35	407	319	9138	924	3224	15572	7086
744000	54	410	363	9004	922	3259	15925	7132
745000	48	406	458	8815	935	3324	14986	7053
746000	39	378	371	8946	867	3423	16411	7270
747000	45	367	435	8718	816	3576	15825	7537
748000	54	343	405	8683	1049	3470	15784	7629
749000	43	375	374	8501	1020	3687	14282	8253
750000	36	404	330	8357	983	3959	14920	8076
751000	49	406	347	7918	1088	4200	14538	10097
752000	47	360	422	7897	1208	4073	14068	9540
753000	58	454	405	7486	1300	4315	13524	9220
754000	51	366	290	7840	1242	4275	13837	9883
755000	53	406	333	7950	1164	4104	13916	9335
756000	41	455	357	8058	1115	4025	14445	8362
757000	35	430	333	8283	1054	3881	15402	8621
758000	48	461	331	7802	1081	4279	14121	8806
759000	42	383	364	7973	1226	4033	14071	9603
760000	51	409	385	8050	1265	3831	14275	9034
761000	47	358	398	8021	1354	3815	14991	8572
762000	62	384	437	7967	1586	3558	14015	9083
763000	40	440	410	7898	1277	3925	13751	9169
764000	49	421	394	7913	1259	3943	13959	8695
765000	40	378	428	7830	1118	4172	14931	8681
766000	48	410	375	7769	1222	4197	13850	9018
767000	52	355	333	7261	1362	4627	12910	10544
768000	48	384	328	7038	1367	4873	13395	9997
769000	52	399	266	6828	1321	5182	12424	10606
770000	55	372	407	6865	1271	5021	13038	10684
771000	56	392	297	6634	1438	5220	11834	10988
772000	76	405	398	6933	1548	4599	12033	10283
773000	38	357	291	7329	1390	4626	12773	10340
774000	61	371	371	7218	1248	4765	13062	10877
775000	40	380	340	7254	1258	4742	12879	10018
776000	50	405	327	7376	1198	4701	13053	10632
777000	65	416	387	7022	1094	5041	12962	10129
778000	32	386	328	6878	1302	5080	12772	10982
779000	42	375	444	6609	1126	5362	11588	11516
780000	61	433	361	6820	1083	5259	12015	10620
781000	67	399	382	6650	1195	5328	12212	11019
782000	56	415	326	6810	1304	5132	11357	10375
783000	44	307	310	6565	1432	5367	11671	11540
784000	61	391	356	6310	1320	5543	11426	11704
785000	66	416	353	6313	1432	5401	11435	11376
786000	68	406	421	6276	1597	5174	11258	12004
787000	58	436	316	6427	1394	5446	11110	10713
788000	65	387	483	5996	1643	5382	11450	11047
789000	54	409	387	6406	1561	5199	11398	11629
790000	61	357	431	6506	1530	5062	12013	11760
791000	67	428	415	5934	1698	5396	10624	12216
792000	67	380	413	5840	1855	5417	10364	11417
793000	72	368	365	5835	1809	5576	10496	13137
794000	54	362	328	5988	1908	5437	10153	12615
795000	54	347	314	6263	1777	5261	11599	11762
796000	58	384	323	6211	1867	5191	11160	11625
797000	64	361	350	5908	1848	5476	10057	12469
798000	58	397	424	5696	1982	5394	10408	12134
799000	65	412	460	5610	1981	5388	10137	12701
800000	62	336	390	5481	2180	5534	10569	12755
801000	82	362	388	5299	2225	5647	9504	13355
802000	98	396	442	5213	2294	5548	9351	12885
803000	87	376	408	5119	2069	5901	9698	13524
804000	65	364	391	5213	1989	5989	9225	13067
805000	75	396	256	5059	1974	6294	8805	14300
806000	53	407	284	5202	1894	6223	9131	13958
807000	88	371	289	5196	1965	6126	9040	14020
808000	73	401	335	5141	2115	5941	9132	14030
809000	71	393	445	5196	1903	5960	8566	13342
810000	57	378	300	5030	1881	6374	9244	13108
811000	72	401	314	5090	1876	6262	8937	13420
812000	76	389	385	4984	2244	5869	9663	14181
813000	70	345	424	4955	2284	5907	9097	13973
814000	130	393	409	4671	2568	5797	8171	14182
815000	98	330	401	4725	2435	5990	8387	13691
816000	79	357	368	4751	2631	5799	8681	14166
817000	113	362	362	4330	2667	6091	8395	14669
818000	102	283	402	3895	3033	6299	8001	15990
819000	103	284	378	4284	2984	5952	8054	15852
820000	90	432	308	3953	2869	6363	7009	15476
821000	96	346	389	3535	3197	6423	6613	16586
822000	125	307	398	3554	3519	6062	6471	16565
823000	96	351	338	3269	3519	6425	5969	16917
824000	103	348	326	3480	3297	6456	6645	16740
825000	95	345	368	3133	3219	6814	6234	17834
826000	94	347	258	3117	3171	7087	5902	17728
827000	120	351	295	3092	3409	6737	6254	17412
828000	99	285	272	2782	3180	7368	5321	17761
829000	99	340	257	3327	2820	7176	5724	17785
830000	75	363	206	3297	2917	7195	5098	16469
831000	100	342	253	3239	3101	6995	6127	17153
832000	111	335	280	3313	3374	6590	5758	16830
833000	115	346	332	3060	3361	6775	5562	18245
834000	115	307	281	2935	3705	6714	4854	18378
835000	122	352	380	2746	3700	6675	5360	17095
836000	111	352	363	2739	3767	6673	5133	18060
837000	122	266	326	2655	4115	6512	5371	17854
838000	120	290	340	2501	4327	6429	4489	17880
839000	131	321	372	2366	4038	6730	4936	18327
840000	155	322	404	2591	4122	6348	5535	18797
841000	151	265	490	2439	4452	6080	4358	18082
842000	159	270	315	2769	4369	6116	4780	17827
843000	118	270	429	2750	4120	6269	5698	18112
844000	136	321	408	2738	4247	6091	5332	17303
845000	137	318	412	2482	4605	5984	4673	17768
846000	113	274	335	2532	4446	6289	5061	17946
847000	129	285	284	2663	4482	6166	5102	18397
848000	155	306	374	2776	4351	5987	5959	17546
849000	103	382	401	2795	3944	6336	5849	17258
850000	105	324	308	2750	3936	6600	5762	17775
851000	134	302	332	2890	4245	6102	5383	18061
852000	122	314	388	3017	4138	5986	5658	17071
853000	135	335	414	3212	3986	5886	6073	16277
854000	115	319	422	3394	3621	6074	6856	16746
855000	117	325	364	3193	3548	6451	6237	16485
856000	118	319	359	3032	3438	6705	5282	16852
857000	123	371	290	3192	3209	6864	5183	16136
858000	100	296	317	3395	3370	6562	6434	16684
859000	97	343	316	3382	3352	6507	6435	16308
860000	128	305	439	3221	3534	6320	5686	16878
861000	129	321	345	2815	3522	6867	4900	17919
862000	102	339	325	3170	3514	6560	5732	17664
863000	108	361	257	3024	3369	6932	5650	17483
864000	106	269	293	2905	3567	6888	6118	17763
865000	107	316	316	3002	3329	6908	5443	17074
866000	146	325	325	2931	3541	6709	5582	16507
867000	143	320	476	2861	3740	6379	5187	16595
868000	136	343	410	2951	3985	6118	5635	17468
869000	129	268	332	3020	4004	6249	5811	18251
870000	137	288	352	3084	4290	5837	5390	17365
871000	113	347	281	2821	4134	6337	5410	18154
872000	157	304	375	2751	4171	6200	4689	17955
873000	104	340	336	2687	3840	6688	4884	17605
874000	140	283	288	2755	3957	6564	5356	18352
875000	140	341	411	3051	3712	6286	6129	16255
876000	128	294	376	3256	3497	6384	6565	16939
877000	95	314	358	3050	3480	6742	5736	17664
878000	139	293	356	2926	3544	6688	5423	16395
879000	135	353	385	2886	3589	6581	5638	17270
880000	134	338	257	3072	3463	6770	5499	16987
881000	125	321	272	3387	3102	6818	5783	16720
882000	146	366	348	3180	3401	6557	5580	16696
883000	117	322	276	3175	3592	6545	5695	17194
884000	127	341	307	3342	3696	6204	6438	16603
885000	98	372	304	3308	3460	6467	6560	16916
886000	121	329	370	3100	3042	6995	5259	17393
887000	83	296	294	3348	3145	6868	6171	17169
888000	79	349	344	3341	3026	6881	6221	17040
889000	94	310	354	3014	3195	7030	5669	17308
890000	115	343	368	2959	3001	7201	5642	17157
891000	80	358	272	3102	2885	7301	5623	17743
892000	76	344	274	3226	2731	7370	5939	16691
893000	89	345	263	3659	2696	7006	7140	16461
894000	115	353	325	3560	2832	6801	5961	16107
895000	111	371	304	3797	3091	6355	7156	15786
896000	130	347	391	3366	3491	6231	6176	17104
897000	115	336	319	3752	3271	6205	7013	15906
898000	95	312	364	3420	3539	6242	6327	17030
899000	125	315	369	3353	3331	6476	6066	15641
900000	125	328	302	3090	3365	6774	6060	17811
901000	124	368	253	2909	3376	6983	5904	17468
902000	119	304	317	3273	3425	6577	6011	16606
903000	90	328	330	3664	3562	6027	6456	16856
904000	123	346	310	3820	3514	5859	7353	15457
905000	112	314	428	3889	3217	5997	7301	16181
906000	106	315	400	3955	3196	5973	7685	15149
907000	129	287	355	3957	3604	5628	8241	16022
908000	105	338	377	4288	3435	5467	7489	14564
909000	73	345	350	4196	3106	5948	7506	15847
910000	114	375	439	4142	2913	5943	8030	14684
911000	93	403	373	4099	3088	5931	7687	14703
912000	115	359	398	4382	2802	5918	8296	15061
913000	84	335	524	4247	2671	6050	7730	14404
914000	62	391	356	4452	2690	6050	8340	14803
915000	77	385	315	4605	2550	6101	8218	14864
916000	86	332	351	4654	2543	6009	8357	14234
917000	96	354	259	4486	2567	6301	7420	14661
918000	84	348	459	4184	2402	6482	7553	15312
919000	82	372	406	4150	2503	6429	7695	14929
920000	70	400	331	4386	2240	6630	7516	15336
921000	55	388	288	4673	2171	6473	8694	15186
922000	83	383	310	4659	2269	6354	8547	14736
923000	57	359	294	4611	2275	6469	7451	14384
924000	70	362	374	4738	2252	6214	8225	14714
925000	73	363	331	4758	2388	6106	8520	13945
926000	69	389	319	4775	2538	5951	8783	14756
927000	73	349	352	4602	2712	5935	7784	14399
928000	95	408	367	4570	2579	5959	8190	15069
929000	49	332	370	4487	2338	6426	7975	15310
930000	93	355	348	4358	2762	6090	8667	14515
931000	87	306	429	4373	2879	5901	7584	15421
932000	93	334	411	4193	3099	5839	7505	15502
933000	110	290	332	4500	2803	5994	8666	14903
934000	98	336	309	4581	2637	6036	8326	15406
935000	94	328	422	4400	2612	6105	8117	14972
936000	86	382	382	4354	2594	6157	7233	15180
937000	71	368	404	4117	2585	6437	7665	13963
938000	109	350	341	4135	3008	6046	7664	15756
939000	99	343	378	4067	3070	6024	7082	15763
940000	109	292	430	3921	2999	6196	7879	15571
941000	87	334	367	3981	2737	6486	8081	15373
942000	87	334	330	3975	2622	6704	7125	15729
943000	71	335	247	3894	2711	6791	6778	15779
944000	83	338	328	4336	2604	6360	7207	15489
945000	90	342	322	4120	2645	6522	7194	15959
946000	83	309	279	4001	2948	6423	7991	15715
947000	90	349	293	3797	3177	6296	7170	16564
948000	94	296	363	3649	3114	6481	7297	16498
949000	103	325	339	3868	2874	6459	7267	16262
950000	90	329	335	3775	2798	6702	6994	16089
951000	97	328	351	3918	2684	6617	7273	15401
952000	90	380	361	4057	2674	6456	7902	14723
953000	87	363	364	4172	2538	6480	7398	15151
954000	79	337	397	4301	2684	6174	7780	15800
955000	80	337	381	4550	2654	5993	8212	15810
956000	107	331	355	4285	2952	5925	7862	15125
957000	94	365	411	4064	2754	6216	7507	15058
958000	91	323	271	3907	2831	6642	7463	16672
959000	91	345	285	4044	2907	6346	6991	15209
960000	96	362	286	4284	2883	6109	7920	14972
961000	105	379	390	4404	2924	5731	8585	14396
962000	75	373	408	4323	2515	6269	7933	15051
963000	96	333	352	4061	2693	6450	6578	15553
964000	83	342	423	3817	3055	6252	7386	15986
965000	91	328	462	3710	3084	6244	6644	15922
966000	95	346	353	3480	3025	6695	6234	16550
967000	76	359	395	3613	3110	6443	6839	16031
968000	92	323	388	3593	3100	6473	6703	16028
969000	92	361	370	3631	3398	6165	6812	16273
970000	108	342	375	3530	3490	6153	6900	15892
971000	113	323	329	3629	3288	6346	6059	16387
972000	127	305	341	3836	3139	6217	6569	16215
973000	86	334	398	3855	3186	6111	7226	15143
974000	90	336	383	3906	3239	5987	7744	16188
975000	117	292	386	3716	3602	5873	6817	16287
976000	107	292	402	3476	3455	6253	6474	16661
977000	107	311	300	3435	3604	6230	5585	16198
978000	115	289	366	3427	3930	5869	6291	17076
979000	108	312	423	3266	4123	5716	6861	15858
980000	156	289	381	3004	4330	5762	5313	16382
981000	132	282	427	2716	4480	5904	5482	17668
982000	134	280	242	2542	4535	6304	4846	17747
983000	134	289	344	2336	4367	6507	4731	17614
984000	128	267	335	2669	4188	6381	4912	17880
985000	144	311	264	2746	3900	6655	5196	18018
986000	137	347	337	2830	3939	6410	5126	17193
987000	143	277	333	2583	3858	6794	5524	17540
988000	112	277	395	2761	4026	6385	5741	17796
989000	120	278	394	2989	3851	6320	5684	17151
990000	156	298	397	2877	4128	6124	5009	17601
991000	129	326	463	2834	3952	6217	5711	17124
992000	165	234	432	2768	4131	6184	5227	18787
993000	143	281	315	2997	4031	6200	5950	17114
994000	104	296	291	2715	4163	6472	5175	17602
995000	119	326	297	2388	4424	6474	4733	17895
996000	121	280	347	2125	4389	6722	3968	19408
997000	134	270	426	2160	4762	6174	5410	19147
998000	164	304	478	2427	4570	5927	4829	17053
999000	172	301	447	2795	4605	5585	5695	18262
