0	0	0	0	14400	0	0	0	0
1000	16	401	550	12852	90	17	22413	151
2000	33	430	997	12149	56	23	22874	146
3000	30	447	1149	11940	13	5	23029	176
4000	58	384	1521	11326	58	11	21700	76
5000	87	455	1780	10908	0	4	21918	7
6000	79	414	2225	10124	108	35	20395	250
7000	82	395	2658	9350	72	139	19783	297
8000	123	423	3039	8550	161	124	18951	562
9000	142	319	3306	8097	136	162	19052	644
10000	126	294	3360	7942	133	327	19674	712
11000	147	341	3474	7560	72	310	18154	796
12000	132	300	3172	8663	5	51	19718	136
13000	110	273	3638	7854	0	165	19227	261
14000	125	332	3343	8224	48	55	19386	169
15000	234	249	3296	8099	172	32	19275	201
16000	157	333	3196	8405	92	49	20541	330
17000	184	332	3413	7721	157	180	19081	399
18000	139	346	3204	8186	55	277	18747	507
19000	182	384	3100	8255	222	154	18904	668
20000	95	281	3672	7324	288	183	18250	971
21000	172	234	3784	7104	278	184	17977	675
22000	292	220	4462	5827	275	30	17400	506
23000	234	251	4753	5202	359	8	15746	609
24000	196	275	4634	5592	146	55	18040	367
25000	188	309	4293	6118	226	152	17224	498
26000	166	322	4454	5810	419	41	17927	693
27000	239	143	4820	5358	222	34	16883	437
28000	215	256	4878	5143	56	46	16566	211
29000	207	291	4510	5535	148	291	17288	724
30000	253	267	4271	6159	219	90	17935	589
31000	256	312	4292	6082	58	145	17131	249
32000	244	238	4360	6197	19	63	17355	189
33000	132	238	4544	6050	83	28	17428	101
34000	234	281	4460	5884	117	29	17547	389
35000	162	335	4363	6347	0	11	18275	49
36000	141	268	3969	7223	0	5	19250	5
37000	163	374	4188	6693	17	0	18579	26
38000	139	321	3977	7231	0	21	19987	67
39000	238	269	4259	6601	17	0	18135	5
40000	157	330	4052	6875	130	18	18215	275
41000	122	222	3809	7372	125	37	18175	248
42000	196	283	4320	6210	163	30	18390	314
43000	211	293	3816	7184	125	47	19071	470
44000	137	295	3790	7527	16	38	18621	82
45000	140	338	3423	8098	0	28	19507	31
46000	184	237	4063	7103	0	2	20034	17
47000	165	449	3768	7348	38	0	19060	57
48000	172	239	3657	7863	56	1	19733	153
49000	129	389	3482	8029	82	0	19118	79
50000	131	289	3747	7591	0	18	19147	28
51000	140	230	3559	7864	102	2	18870	126
52000	170	352	3858	7303	33	45	19069	145
53000	122	298	3210	8550	0	56	21032	69
54000	115	323	3394	8195	0	58	19534	106
55000	154	302	3711	7524	61	0	18710	129
56000	217	273	4017	7083	11	0	18326	15
57000	206	282	4049	7077	9	6	17957	26
58000	191	322	3991	6924	79	3	18213	116
59000	139	279	3812	7380	51	0	20083	103
60000	138	359	3396	8167	5	9	20286	6
61000	101	335	3279	8492	102	0	19294	88
62000	109	337	3140	8449	129	167	20478	481
63000	141	244	3574	7659	104	183	18997	599
64000	139	353	4116	6720	8	210	18474	372
65000	209	197	4627	5501	146	183	17577	582
66000	224	242	4735	5273	126	239	16488	839
67000	211	195	5010	4613	119	291	16980	594
68000	161	250	4897	5149	97	178	15799	638
69000	200	248	4421	5904	166	174	17287	476
70000	182	306	4404	5968	215	170	16923	644
71000	246	245	3788	6901	286	148	18618	658
72000	127	429	4023	6818	194	73	17501	484
73000	165	339	3462	7793	120	169	18547	359
74000	151	291	3462	7506	196	261	19570	765
75000	134	371	3721	7038	199	384	18444	899
76000	151	241	3750	7004	379	234	18252	1377
77000	149	389	3523	7436	329	280	18023	1004
78000	162	203	3525	7639	250	245	18516	861
79000	165	275	3492	7430	291	296	18159	981
80000	163	295	3755	7176	103	329	18629	500
81000	109	340	3434	7777	57	346	18374	829
82000	175	256	3431	7525	139	441	19229	1010
83000	251	218	4290	6022	233	282	17461	982
84000	195	345	4472	6024	57	85	17705	278
85000	203	292	4248	5945	232	294	17206	782
86000	153	255	4566	5435	313	500	16302	1179
87000	183	243	4737	4693	434	414	16273	1438
88000	162	277	4401	5274	747	291	16558	1514
89000	286	249	4566	4897	637	319	15795	1638
90000	200	208	4587	4804	723	402	16361	2224
91000	265	161	4837	4190	987	242	15334	2061
92000	234	210	4852	3660	1335	420	14354	2923
93000	282	258	4557	3111	2099	664	13403	4073
94000	293	122	4571	2406	2216	1472	11649	6025
95000	326	187	4229	2662	2530	1272	11786	6110
96000	262	137	4185	2905	2540	1197	12980	5886
97000	239	274	4393	2698	2356	1214	12144	5486
98000	244	178	3917	3363	2503	1364	11741	6535
99000	250	235	4188	3584	1583	1400	13935	4973
100000	261	261	4409	3479	1442	1356	13414	5351
101000	226	159	4099	3395	1643	1765	13008	5461
102000	339	170	4293	2793	2633	941	11885	6500
103000	314	227	4712	2872	1870	765	13304	4881
104000	361	205	4461	3269	1911	883	13033	4586
105000	233	212	4362	3049	1987	1263	13303	5052
106000	268	144	4175	3398	2330	991	12766	6315
107000	216	216	3395	5146	2121	1085	13769	5016
108000	163	251	3041	4891	2197	1765	13980	7389
109000	173	274	2881	5083	2327	1623	13861	6321
110000	190	225	3235	4614	2411	1390	13914	7134
111000	253	208	3888	3337	2333	1529	11998	5992
112000	229	230	3464	3189	2864	1974	11648	8581
113000	295	177	3674	3393	2300	1985	12372	7175
114000	280	217	3449	3371	2602	2112	11665	7527
115000	208	180	4150	2687	2517	1685	12107	6859
116000	271	95	4529	2527	2325	1196	12429	6237
117000	245	160	4898	2324	2375	682	11551	5582
118000	277	150	5093	1992	2037	855	12118	5544
119000	239	155	4784	2568	2268	848	12327	5181
120000	324	221	4370	2129	2940	1129	11661	6791
121000	316	149	4026	2404	3754	748	11492	7581
122000	273	131	4271	2346	3490	759	11499	7039
123000	394	125	3886	2631	3881	545	11134	7249
124000	316	145	3936	2062	4331	765	9472	9074
125000	271	105	3883	2113	4050	1096	10074	9058
126000	347	150	3893	1652	4316	1171	9535	9058
127000	359	170	3884	1383	4375	1291	9187	9637
128000	341	108	3287	1327	5429	1444	7988	11462
129000	335	145	3265	1694	5034	1629	8347	11678
130000	394	147	3182	1057	5426	1922	7017	13156
131000	340	139	3122	1068	5986	1447	6999	12634
132000	351	82	3347	1092	5404	1578	7281	11913
133000	306	106	4113	848	4745	1237	8185	10219
134000	366	65	4345	1001	4433	885	9415	9479
135000	374	103	4504	1339	3774	747	9147	8123
136000	330	87	4218	1283	4577	808	9404	8576
137000	304	96	4447	1190	4259	619	9664	8690
138000	332	27	4572	1198	4008	748	9743	7895
139000	346	109	4618	883	4220	625	9162	8841
140000	412	67	4194	504	5076	972	8845	9418
141000	448	52	4923	222	4562	264	8596	8018
142000	454	12	4458	489	5319	174	8776	9782
143000	417	43	4402	676	4811	462	8386	9257
144000	418	35	4034	681	5640	578	7853	11055
145000	410	25	3891	543	5918	562	7463	11106
146000	429	58	3642	412	6591	613	6559	11795
147000	447	75	3662	527	5959	955	7845	11510
148000	356	95	3040	584	6968	1099	6187	13337
149000	299	67	2851	537	7421	1093	5589	14801
150000	320	60	3026	405	6948	1413	5583	13471
151000	448	66	3071	410	6517	1588	5596	14530
152000	327	99	2869	774	6908	1217	6073	14039
153000	409	78	3598	635	5987	1047	6776	11306
154000	367	99	3490	644	5952	1218	6471	12255
155000	344	64	3703	614	6051	906	7769	11783
156000	336	106	3438	680	6085	1269	6891	12040
157000	489	54	3267	735	6385	985	6917	12902
158000	357	125	3594	1031	5510	1199	8567	11558
159000	407	98	3948	1816	4348	707	10027	8288
160000	268	104	3952	2160	4081	876	11023	8462
161000	361	124	3907	2046	4055	973	10251	9251
162000	252	96	3745	2297	3843	1487	10167	8370
163000	298	169	3421	2150	3916	1901	9408	9805
164000	299	221	3241	2175	4333	1740	9540	10051
165000	258	187	3648	2678	2914	2182	10650	9044
166000	265	188	3690	2628	2955	2041	10575	8999
167000	329	221	3396	2950	3249	1689	10649	8593
168000	271	193	3747	3292	2654	1594	12152	6933
169000	215	189	4064	3033	2642	1284	12772	7175
170000	216	162	4037	3456	2395	1096	12429	6427
171000	358	229	4376	3328	1400	1368	12484	4774
172000	411	180	4576	3206	1610	968	13077	4420
173000	318	176	4534	3847	1378	833	14274	3333
174000	248	179	4507	4584	891	592	15183	2543
175000	180	234	4392	4589	900	702	15747	2828
176000	203	255	4534	5057	363	635	15892	2075
177000	192	249	4622	5056	345	467	15797	1441
178000	176	213	4325	5545	455	503	17035	1699
179000	203	297	4029	5912	404	639	16510	1786
180000	206	337	3606	6989	268	443	18062	1156
181000	148	224	4324	5908	205	483	18363	1293
182000	167	263	4309	5645	275	427	17178	1118
183000	176	302	4302	6077	188	249	18206	605
184000	192	292	4167	6455	58	280	17220	545
185000	190	232	4285	6328	210	161	18143	516
186000	160	323	4144	6395	191	143	17666	696
187000	182	341	3752	6823	236	402	17513	1127
188000	204	273	4314	5358	515	563	16268	1951
189000	270	159	4513	5204	538	374	16543	1385
190000	206	245	4045	6243	333	307	18185	1085
191000	189	283	3891	6439	229	681	18233	1334
192000	206	278	4320	5871	275	453	17661	963
193000	193	227	4134	5790	536	710	17884	2269
194000	171	239	3586	6782	402	690	16956	2306
195000	94	350	3502	6942	257	1051	17181	2251
196000	116	299	3595	6758	442	720	17950	2074
197000	180	274	3985	5958	324	862	16675	2107
198000	170	305	3552	6538	384	1068	16891	2316
199000	128	269	3437	6680	527	1086	16650	2554
200000	124	318	3256	7045	539	919	18324	2195
201000	161	315	3468	6482	563	940	17040	2777
202000	140	260	3596	6348	615	996	17101	2661
203000	204	324	3611	6326	507	971	16553	2279
204000	198	253	4220	5215	703	954	16559	2847
205000	209	184	4286	4747	1066	752	15314	2890
206000	250	207	4411	3937	1183	1013	14249	4393
207000	229	271	4507	4132	670	1233	14708	3540
208000	224	240	4657	4218	664	1085	14717	2934
209000	284	247	4576	3567	1067	1165	14654	3762
210000	239	242	4685	3851	1328	571	14778	3224
211000	267	218	4385	4695	936	664	15154	2724
212000	260	202	4843	3963	816	526	14658	2240
213000	319	225	4656	3937	1009	629	14013	2818
214000	188	246	4130	4391	1637	826	14427	3959
215000	307	158	4389	3495	1648	952	13932	4893
216000	280	179	4729	3037	1392	1198	12679	4461
217000	222	251	4602	2956	1737	1174	13031	4947
218000	242	262	4203	3711	1317	1485	13431	4275
219000	236	216	3998	4213	1156	1589	13892	4812
220000	200	284	3619	4896	1248	1577	14895	4337
221000	174	300	3960	5214	751	1312	14756	3498
222000	167	300	3689	5759	849	1056	17492	3327
223000	196	244	3547	6129	891	935	17250	3333
224000	205	235	3852	5776	882	774	15926	3005
225000	196	261	4488	5052	714	366	16421	1834
226000	270	213	4449	4233	1362	608	14002	3290
227000	216	157	4534	4439	1337	418	15311	3249
228000	237	258	4841	3978	751	803	14403	2613
229000	213	165	4364	4734	895	732	15512	2931
230000	222	214	4188	5249	827	719	16245	2867
231000	166	286	3428	6294	1052	821	16603	3098
232000	135	246	3525	6361	831	885	16095	2982
233000	131	314	3681	6127	906	685	16231	2715
234000	184	226	3636	6383	610	921	16943	2458
235000	165	302	4280	5690	256	529	17000	1533
236000	219	279	4748	5222	152	246	17226	660
237000	158	211	4675	4921	594	354	15745	1827
238000	232	284	4205	5687	619	269	17359	1403
239000	236	183	4721	4862	359	401	15985	1269
240000	197	186	4816	4903	482	170	16501	1038
241000	241	215	4793	4753	460	206	15905	1048
242000	281	226	4752	4582	755	173	15517	1380
243000	249	265	4596	5046	505	357	16189	1681
244000	265	316	4484	5019	540	544	16217	1617
245000	182	206	4482	5669	357	245	17129	1100
246000	190	229	4357	5728	469	411	17298	1675
247000	148	353	3990	6347	456	360	18034	1261
248000	167	259	4354	5711	491	230	17617	1192
249000	249	236	4397	5503	342	374	16683	956
250000	225	329	4084	5824	680	365	16926	1916
251000	237	254	4448	5085	590	508	15844	1999
252000	183	230	4532	5298	166	550	16498	1223
253000	149	244	4123	5934	224	795	16588	1455
254000	222	291	4145	5653	411	707	16777	1634
255000	184	296	4262	5841	334	377	17063	1198
256000	176	240	4421	5466	278	625	16855	1214
257000	209	250	4209	6065	117	493	17939	954
258000	182	301	4212	6119	246	483	16178	1053
259000	175	261	4189	5817	526	562	17820	1709
260000	222	222	4638	5148	276	415	16541	1196
261000	243	287	5244	3776	281	279	15787	714
262000	300	255	5209	4532	50	167	15675	319
263000	174	248	5182	4664	26	111	16422	257
264000	273	231	4772	5227	33	7	17656	62
265000	224	286	5011	5036	0	0	17274	5
266000	231	222	4617	5747	11	0	18206	32
267000	187	271	4848	5446	16	27	17183	105
268000	261	385	4978	4916	4	0	17467	2
269000	235	243	4705	5563	28	0	18101	113
270000	311	189	5025	4846	175	1	17376	340
271000	217	280	5443	3723	381	108	15560	942
272000	430	123	5024	3782	484	340	14854	1477
273000	238	199	5163	3840	411	399	15553	1212
274000	372	172	5192	3565	453	361	14488	1799
275000	308	159	5587	3374	41	333	16006	651
276000	241	198	5424	3751	245	5	16069	377
277000	357	218	5549	3433	50	12	14926	215
278000	275	249	5506	3703	0	0	15385	6
279000	320	185	5355	4251	0	0	16552	2
280000	247	126	5465	4176	0	0	16906	14
281000	315	226	5308	4080	230	10	16498	325
282000	223	215	5291	4580	62	0	15725	94
283000	229	138	5491	4101	43	6	17683	75
284000	385	155	5197	4369	4	7	16438	39
285000	255	191	5372	4096	34	0	15857	105
286000	315	163	5292	4154	66	0	15854	83
287000	319	220	5538	3477	33	0	15165	60
288000	280	211	5644	3355	63	0	14681	72
289000	280	225	5486	4002	6	0	15875	34
290000	195	209	5351	4326	61	0	18128	182
291000	369	216	5079	4622	21	0	16292	30
292000	258	259	4956	4976	60	0	16825	25
293000	207	301	4683	5795	6	0	17983	29
294000	186	237	4169	6717	22	0	18046	25
295000	190	267	4406	6233	76	15	18497	134
296000	244	249	4554	5887	52	0	18702	122
297000	232	196	4540	5916	154	3	17805	329
298000	164	166	4513	6120	20	16	16479	50
299000	123	285	4451	6251	0	77	18583	129
300000	231	264	4421	6142	38	0	19285	72
301000	209	347	4418	6201	25	3	17197	94
302000	183	182	4407	6456	81	0	17753	103
303000	141	262	4069	6971	35	3	18906	14
304000	204	269	4283	6461	90	2	18611	115
305000	196	286	4153	6844	0	0	19031	3
306000	209	248	4187	6700	39	5	18875	66
307000	199	253	3976	7188	29	2	18164	103
308000	240	179	4909	5438	0	5	17648	5
309000	379	261	5028	4606	53	29	15863	275
310000	259	229	4830	5092	246	25	16789	418
311000	209	311	5353	4180	29	28	16216	77
312000	267	235	5632	3414	78	0	16153	36
313000	318	140	5674	3413	0	0	15479	29
314000	240	147	5389	4219	0	0	15652	6
315000	234	152	5119	4688	0	0	16481	1
316000	213	222	5146	4613	42	0	17008	61
317000	260	112	5441	4295	0	0	16442	3
318000	337	222	5358	4073	25	0	15565	64
319000	367	229	5248	4150	20	0	16254	40
320000	262	146	5523	3749	41	0	15310	85
321000	194	189	5378	4129	85	13	16350	125
322000	294	164	5394	4047	77	0	15437	102
323000	253	138	5136	4649	115	1	16653	255
324000	300	162	4988	4752	180	25	17423	283
325000	224	260	4638	5799	43	62	17774	266
326000	263	322	4710	5386	126	30	16590	220
327000	315	194	4843	5228	21	0	17630	40
328000	268	259	5091	4664	0	0	16268	2
329000	262	186	5483	3827	0	0	15618	6
330000	357	152	5634	3200	89	0	15227	139
331000	228	169	5968	2740	147	10	14527	293
332000	312	130	5772	2737	326	25	14902	343
333000	290	167	5422	3209	519	217	13824	953
334000	391	128	5523	2742	647	213	13789	1372
335000	350	129	5330	3082	917	232	14223	2150
336000	316	183	4862	3378	1285	531	14150	2815
337000	314	176	4918	3427	981	655	14629	2720
338000	233	229	4887	3195	1138	1054	14784	3441
339000	296	189	4241	3807	1577	1167	13082	4324
340000	315	118	4415	2971	1884	1391	12949	5287
341000	327	133	4831	2539	1973	912	12121	5141
342000	256	115	4924	2174	2668	569	12020	4915
343000	285	196	4724	2914	1884	838	13121	4469
344000	240	196	4374	2679	2254	1343	11783	5705
345000	258	271	3462	2736	2987	2125	10549	8961
346000	238	259	3111	2917	3272	2337	9885	9292
347000	268	252	3417	3366	3039	1647	11452	8067
348000	325	205	3413	2254	3776	1843	10140	9535
349000	331	116	3774	2663	3392	1457	10973	8240
350000	277	142	3731	2830	3344	1355	11045	8331
351000	221	192	3999	2788	2727	1619	11803	7198
352000	208	151	3883	3224	2224	1951	12490	7340
353000	276	236	3708	3897	1986	1659	12399	6273
354000	210	192	4099	3124	2139	1834	12436	7202
355000	291	190	3498	3246	2788	1798	11309	8486
356000	223	179	3456	3681	2772	1643	12128	8554
357000	256	246	3370	3461	2842	1822	11800	7889
358000	201	147	3197	3178	3565	1758	11122	9386
359000	209	197	2940	3366	3917	1725	10921	10412
360000	231	176	2998	2932	4175	1792	9940	10099
361000	274	185	3484	3071	3372	1556	11527	7778
362000	284	146	3584	2380	3645	1750	10433	8861
363000	323	140	3668	2267	3851	1489	9670	9177
364000	298	172	3524	2632	4036	1249	10258	8820
365000	405	213	4050	2226	3329	1116	10809	7283
366000	344	176	3798	2482	3645	1110	10831	7682
367000	397	107	4049	2092	3416	1280	10008	8466
368000	264	117	4710	1953	2775	958	11791	6816
369000	364	131	4559	1629	3123	1082	11014	7064
370000	388	110	4177	2085	3168	1275	10438	6937
371000	326	170	4309	2478	2683	1273	11660	6134
372000	273	197	3534	2569	3262	2064	9868	9132
373000	280	156	3901	2702	3044	1507	11312	7948
374000	401	194	3913	3009	2541	1365	11998	7508
375000	281	221	4354	2440	2836	1065	11379	6433
376000	316	167	3801	3183	2867	1414	11929	6355
377000	180	177	3737	3542	2330	1747	12228	6664
378000	205	212	3983	3802	1832	1476	13139	5571
379000	218	235	4156	3772	1455	1401	13775	4382
380000	208	217	4275	3466	1388	1670	12774	5317
381000	242	263	4594	3399	1507	1045	13952	4405
382000	233	257	4119	3343	1873	1550	13850	5578
383000	222	218	3584	4098	1952	1832	13190	6421
384000	270	260	3663	4241	2073	1273	13431	5591
385000	229	242	4312	4101	1472	930	14189	4311
386000	287	195	4330	3646	1610	1108	13320	4399
387000	297	225	4189	3766	1723	1049	13988	4860
388000	299	172	4235	4317	1563	532	15020	3556
389000	214	273	4584	4008	1549	511	13962	3538
390000	400	330	4750	3971	861	516	13006	2642
391000	259	242	4599	4266	1268	373	14963	2846
392000	205	259	3844	5280	1653	461	15783	3277
393000	242	294	4337	4694	1243	326	15574	2634
394000	169	288	4514	4304	1286	448	15635	2683
395000	368	168	4137	4160	1695	808	12996	4386
396000	323	141	4458	4253	1128	630	14378	3394
397000	277	152	4516	4238	1271	560	15400	2591
398000	373	134	4649	3658	824	892	14062	3030
399000	224	297	4385	4064	839	1385	13628	3212
400000	150	195	4587	4310	1001	868	15783	2987
401000	235	263	4131	5040	817	868	15062	2676
402000	217	271	4188	5073	494	1015	15876	2836
403000	255	258	4365	3895	1072	1206	13905	3759
404000	227	186	4358	4217	1346	925	15204	4183
405000	228	276	4571	4223	605	1101	15011	2633
406000	242	200	4438	4788	521	930	15632	2810
407000	170	284	4059	5504	615	887	15802	2242
408000	169	273	4092	5550	350	882	17023	2052
409000	147	259	3840	6652	202	513	18206	1038
410000	129	290	4447	5846	310	186	17485	978
411000	212	237	4382	6029	231	66	17312	677
412000	215	169	4834	5155	347	38	17434	752
413000	191	160	4810	5130	389	72	16388	916
414000	201	232	4587	5574	282	216	16849	956
415000	224	190	4912	4882	285	242	16626	994
416000	276	249	4895	4978	168	54	16058	407
417000	222	236	4677	5697	55	60	17932	120
418000	308	251	4533	5636	107	165	17110	462
419000	164	317	3994	7007	0	135	18456	151
420000	144	316	4480	6084	0	148	17042	289
421000	167	242	4147	6658	36	212	18504	414
422000	147	265	4261	6454	13	170	17592	324
423000	183	256	4599	5773	50	235	18064	606
424000	198	259	4889	4881	194	209	17243	755
425000	164	193	4082	6436	283	405	18289	1106
426000	190	204	4654	5314	220	400	17818	954
427000	308	203	4373	5394	233	559	16893	1332
428000	176	234	4430	5529	253	497	17144	1165
429000	205	324	3982	6222	302	660	16996	1860
430000	184	368	3714	5976	567	835	16097	2105
431000	140	296	3203	7221	643	690	18371	2591
432000	155	339	3124	7395	538	759	18099	1833
433000	126	331	3049	7552	599	657	15976	1913
434000	107	323	2772	8089	515	714	17666	2350
435000	131	324	3553	6695	526	794	17730	2551
436000	100	397	3017	7769	398	730	17234	1595
437000	134	317	3091	7723	303	677	19319	1866
438000	140	341	3510	7141	376	589	18285	1761
439000	138	333	3069	7563	216	991	17815	2182
440000	165	363	3046	7717	257	782	18524	1662
441000	158	389	3336	7015	274	923	16964	2138
442000	225	339	3521	7007	351	510	18067	1463
443000	236	397	3596	6457	248	701	16509	1802
444000	181	298	3768	6607	454	558	16960	2001
445000	187	273	4165	5928	340	466	17931	1432
446000	159	225	3882	6316	577	540	17613	1849
447000	150	295	3929	6289	500	533	17161	1680
448000	195	255	3464	6703	953	399	17528	2236
449000	108	340	3378	7173	637	506	18717	1820
450000	172	230	3578	6817	391	640	17758	2040
451000	152	257	4072	6001	289	637	17538	1615
452000	257	276	3481	6364	621	962	15159	2226
453000	173	260	3539	6217	1010	796	16718	2747
454000	153	237	3584	5880	1028	981	15909	3701
455000	98	301	3507	6244	960	887	17235	2771
456000	161	336	2994	6722	755	1324	16037	3511
457000	123	335	3314	5775	1311	1288	15299	4431
458000	141	313	3591	4928	1195	1762	14321	4563
459000	150	241	3410	4935	1355	1938	13523	5676
460000	195	273	3337	4684	1449	2049	13998	5284
461000	170	179	3510	4292	1688	2092	13751	5849
462000	210	276	3225	4320	1719	2494	13671	7605
463000	167	293	3010	4306	1746	2798	11704	7860
464000	207	284	3124	4336	1783	2557	12746	6857
465000	203	258	3263	4486	1696	2086	13032	5985
466000	247	243	2912	4797	1902	2222	12975	7420
467000	216	284	3263	4457	2417	1517	12861	7024
468000	244	271	3008	4298	2827	1683	12493	7776
469000	207	246	3203	3964	2542	2015	12176	7316
470000	185	254	3692	3740	2025	2062	12654	6575
471000	160	260	3830	3739	1849	1966	13115	6270
472000	188	203	3802	3930	1739	1939	12701	6190
473000	205	212	4116	3869	1303	1784	12767	5520
474000	329	253	4021	4065	1311	1401	13988	4725
475000	225	190	4730	4240	639	760	15152	2700
476000	270	192	4950	4466	300	468	14742	1116
477000	366	154	4865	4022	603	480	16040	1899
478000	177	203	4826	4271	891	458	16052	2153
479000	167	256	4239	4950	1092	698	15616	3194
480000	211	219	3908	5825	1136	525	17203	2787
481000	189	185	3760	5837	1107	630	15720	3116
482000	202	218	4071	5634	1064	362	17208	2155
483000	243	180	4887	4564	796	52	15676	1357
484000	209	184	4795	5191	232	187	16778	931
485000	220	240	4865	4955	133	187	16268	484
486000	265	206	5348	4253	0	25	16525	53
487000	336	191	5413	3918	12	0	15432	4
488000	338	142	5701	2933	39	0	14868	17
489000	400	93	5743	2654	23	0	13801	28
490000	399	236	5478	3268	314	16	14546	539
491000	365	161	5718	2681	356	71	14151	579
492000	241	168	5494	3620	545	25	15979	832
493000	310	207	4719	4316	952	290	15128	1990
494000	307	251	4888	3590	1061	404	14382	2258
495000	237	233	5239	3341	723	353	14341	2093
496000	402	146	5059	3653	648	277	14639	1683
497000	234	219	5066	3587	949	361	14817	2075
498000	257	288	5217	3419	944	182	14572	1983
499000	281	146	5127	3671	797	255	14792	1577
500000	304	123	5697	2450	616	164	14375	1350
501000	379	147	5587	2324	619	201	14204	1451
502000	334	95	5764	2047	475	195	13351	1026
503000	381	168	5450	2793	627	48	13019	896
504000	404	232	5308	2865	750	140	13816	1417
505000	401	106	5877	1928	472	150	12561	1394
506000	321	57	5931	1576	725	324	12784	1492
507000	322	62	5926	1219	1019	298	12683	1895
508000	452	77	5666	884	1495	259	11840	2699
509000	532	24	5600	939	1987	88	11351	3605
510000	352	21	5945	614	1848	138	11477	3233
511000	473	14	5545	509	2678	209	10455	5085
512000	569	82	4899	1072	3248	450	9371	5986
513000	390	35	5299	720	3263	243	9964	6236
514000	518	17	5390	578	2500	290	10513	4838
515000	489	66	5289	578	3115	248	10926	5407
516000	428	58	5526	721	2330	272	11047	4457
517000	446	58	5467	1102	2117	182	11527	3718
518000	353	45	5394	1479	2465	203	11652	4373
519000	340	79	5120	1375	3092	394	10041	5453
520000	471	77	5192	1344	2647	272	10791	5182
521000	337	39	5550	978	2390	235	12114	4622
522000	317	15	5966	624	1787	199	11010	2999
523000	390	31	5891	806	1412	285	11245	3406
524000	458	122	5860	880	1018	184	10841	2084
525000	493	31	5923	1197	1209	66	11494	2261
526000	489	115	5775	996	1551	165	11703	2674
527000	444	27	5759	811	2024	119	11141	3267
528000	520	94	5312	758	2527	313	10292	4718
529000	611	70	5133	1189	2845	90	10054	4798
530000	514	39	4726	1070	3893	377	9662	7308
531000	392	82	4336	744	4778	691	8940	7957
532000	391	39	3503	826	6489	547	7457	12088
533000	366	42	3745	596	6394	515	6571	11608
534000	307	88	4309	764	5199	593	8071	10419
535000	415	64	3783	308	6501	521	6651	11175
536000	404	13	3496	149	7049	558	6292	13324
537000	507	48	3458	201	7083	473	6335	12110
538000	360	40	3504	408	7240	356	6471	12992
539000	453	18	3487	277	7109	395	6932	12462
540000	486	24	3416	166	7207	397	6146	13850
541000	407	41	3844	159	6554	542	6186	11767
542000	493	99	3793	297	6086	710	6752	11250
543000	361	29	4049	563	5898	334	7418	11136
544000	379	31	4303	363	5618	231	7975	9690
545000	459	23	3811	492	6325	262	8011	10842
546000	386	19	3607	288	7274	190	6706	14028
547000	395	26	3264	388	7557	319	5739	14058
548000	419	46	3530	349	7177	260	6428	13191
549000	428	20	3616	265	7071	279	6460	13006
550000	526	6	3119	117	7996	256	5990	14028
551000	475	3	2870	106	8538	215	5766	15326
552000	509	1	2655	67	8990	177	4342	15230
553000	372	0	3574	71	7633	103	5739	13417
554000	426	31	3942	62	6681	227	7253	12282
555000	462	8	3931	83	6449	441	6841	12056
556000	443	8	3611	82	7271	301	6856	12428
557000	483	19	2755	118	8717	258	4578	14890
558000	417	6	2820	56	8816	225	5082	14395
559000	406	24	3141	125	7975	387	5906	15237
560000	391	14	3932	132	6773	150	6967	11426
561000	499	11	3660	196	7243	37	6746	12210
562000	418	3	3680	84	7383	188	6474	12545
563000	402	4	3620	152	7353	183	6112	13418
564000	422	10	3767	223	7076	93	6578	12775
565000	446	2	3938	211	6799	70	7203	11289
566000	373	2	4458	152	5991	0	7438	10223
567000	490	0	4780	30	5133	105	8408	8437
568000	464	7	4809	13	5044	0	8214	8610
569000	489	0	5474	0	3475	0	9482	5920
570000	341	0	5749	0	3233	0	9478	5455
571000	442	0	5764	0	2671	0	9281	5169
572000	523	0	5570	0	3289	0	9576	5342
573000	411	0	5434	0	3869	0	9054	6361
574000	347	0	5159	0	4771	0	8847	7179
575000	520	0	4899	0	4940	0	7930	9192
576000	512	0	5026	0	4538	0	7788	8035
577000	500	0	5154	0	4212	0	8722	7193
578000	477	0	5750	0	2837	0	9767	4707
579000	407	0	5801	0	3102	0	9793	5460
580000	453	0	5622	0	3313	0	8881	5806
581000	453	0	4929	0	4899	0	9546	8602
582000	495	0	4488	0	5742	0	7555	10393
583000	546	0	4345	0	5961	0	7244	10089
584000	519	0	4341	0	6120	0	6590	9962
585000	452	0	4433	0	6061	0	7164	10111
586000	541	0	4774	0	5156	0	8082	9233
587000	641	0	5477	0	3018	0	9322	5033
588000	547	0	5594	0	3092	0	8563	5461
589000	591	0	5745	0	2565	0	9858	4329
590000	479	0	5728	0	2904	0	10197	4598
591000	668	0	5741	0	2116	0	9486	3610
592000	438	0	5806	0	2666	0	10023	4432
593000	519	0	5831	0	2549	0	9482	4743
594000	448	0	5553	0	3030	0	9501	4824
595000	476	0	5761	0	2635	0	10085	5007
596000	471	0	5728	0	3052	0	9215	5181
597000	352	0	5749	0	3207	0	10358	5460
598000	408	0	5600	0	3415	0	10057	5692
599000	594	0	5700	0	2343	0	9983	4728
600000	530	0	5899	0	2087	0	9609	3429
601000	467	0	6052	0	1596	0	10150	2764
602000	458	0	5755	0	2716	0	10023	4432
603000	586	0	5219	0	3944	0	9671	6759
604000	437	0	5489	0	3657	0	9443	6303
605000	436	0	5386	0	4090	0	9544	6732
606000	494	0	5608	0	3042	0	8986	4892
607000	408	0	5868	0	2585	0	10402	4931
608000	558	0	5391	0	3570	0	9541	6306
609000	489	0	4955	0	4863	0	8454	8069
610000	387	0	5240	0	4343	0	8801	7356
611000	492	0	5093	0	4442	0	8731	7633
612000	447	0	5188	0	4325	0	8330	7185
613000	479	0	5409	0	3730	0	9379	6383
614000	507	0	5381	0	3780	0	9052	6719
615000	531	0	5302	0	3931	0	8717	6774
616000	423	0	5690	0	3270	0	10251	5347
617000	391	0	5606	0	3503	0	9316	5924
618000	527	0	5647	0	2835	0	9148	5275
619000	464	0	5716	0	3029	0	9669	4969
620000	530	0	5530	0	3356	0	9631	5774
621000	417	0	5636	0	2903	0	9871	4946
622000	584	0	5537	0	3140	0	10323	5626
623000	411	0	5662	0	3219	0	9591	5281
624000	514	0	5615	0	3016	0	9518	4497
625000	710	0	5757	0	1884	0	9797	3792
626000	538	0	5796	0	2118	0	9515	3682
627000	649	0	5718	0	1966	0	10053	2856
628000	652	0	5736	0	2022	0	9296	3492
629000	477	0	5760	0	2346	0	10073	3679
630000	507	0	5803	0	2286	0	10412	3543
631000	451	0	5785	0	2842	0	9926	5271
632000	564	0	5690	0	2554	0	9045	4345
633000	518	0	5742	0	2390	0	9652	4291
634000	537	0	5831	0	2169	0	9392	3352
635000	453	0	5946	0	1788	0	10176	3415
636000	285	0	6215	0	1507	0	10274	2967
637000	658	0	5695	0	1841	0	9804	3126
638000	346	0	6213	0	1586	0	10174	2690
639000	542	0	5900	0	1666	0	10314	2506
640000	373	0	6230	0	1718	0	9809	2904
641000	436	0	5915	0	2081	0	10555	3750
642000	415	0	6082	0	1676	0	10778	3109
643000	598	0	6016	0	918	0	10203	1516
644000	591	0	5909	0	403	0	10698	625
645000	526	0	5943	0	707	0	9831	965
646000	462	0	6153	0	959	0	10558	1552
647000	582	0	6011	0	818	0	10487	1558
648000	377	0	6017	0	655	0	10420	976
649000	488	0	6067	0	756	0	10031	1323
650000	613	0	5849	0	606	0	10014	1154
651000	524	0	5960	0	1206	0	10554	2134
652000	561	0	5995	0	1408	0	10578	2243
653000	431	0	6099	0	1330	0	10645	2134
654000	613	0	5715	0	1888	0	10012	2843
655000	494	0	5796	0	2463	0	9661	4024
656000	405	0	5909	0	2522	0	9749	3970
657000	411	0	5799	0	3043	0	9990	4838
658000	597	0	5594	0	2995	0	9231	4986
659000	557	0	5560	0	3279	0	9408	5781
660000	489	0	5438	0	3626	0	8794	6142
661000	468	0	5519	0	3610	0	8711	6274
662000	579	0	5386	0	3497	0	9102	6270
663000	549	0	5651	0	2910	0	9421	5333
664000	517	0	5742	0	2803	0	9535	4880
665000	420	0	5728	0	3061	0	9524	5307
666000	523	0	5554	0	2906	0	9214	4909
667000	505	0	5456	0	3455	0	9290	5559
668000	371	0	5963	0	2567	0	9987	4362
669000	433	0	5649	0	3195	0	9397	4819
670000	421	0	5871	0	2463	0	9799	4048
671000	686	0	5704	0	2322	0	9589	4073
672000	613	0	5502	0	2974	0	10089	4746
673000	426	0	5999	0	1927	0	11019	3035
674000	564	0	6175	0	942	0	9601	1781
675000	543	0	5888	0	1439	0	9857	2460
676000	444	0	6106	0	1188	0	9929	2333
677000	683	0	5865	0	1829	0	9611	3050
678000	507	0	5868	0	2263	0	10324	3480
679000	338	0	5548	0	3736	0	10125	5613
680000	405	0	5852	0	2391	0	10059	4234
681000	423	0	5705	0	2929	0	10091	4268
682000	412	0	5568	0	3261	0	9754	5641
683000	525	0	5465	0	3240	0	9195	5100
684000	445	0	5346	0	4035	0	9299	6410
685000	419	0	4809	0	5349	0	7855	9155
686000	639	0	4871	0	4765	0	8602	7764
687000	429	0	4999	0	4740	0	8834	7930
688000	415	0	4363	0	6239	0	6896	10154
689000	388	0	4323	0	6379	0	7548	10516
690000	484	0	4427	0	5741	0	7688	9800
691000	511	0	4332	0	6052	0	7810	10307
692000	480	0	4659	0	5293	0	8314	9103
693000	478	0	4430	0	6089	0	6949	10629
694000	410	0	4373	0	6141	0	7464	11363
695000	470	0	4244	0	6435	0	7123	10726
696000	436	0	4448	0	6096	0	7476	9887
697000	429	0	4356	0	6208	0	6889	10999
698000	484	0	3950	0	6749	0	6495	11280
699000	463	0	3890	0	7006	0	6982	11923
700000	525	0	4248	0	6201	0	7552	11148
701000	465	0	3926	0	7119	0	6186	11838
702000	513	0	3750	0	7223	0	6356	11841
703000	548	0	3695	0	7299	0	5936	12217
704000	444	0	4078	0	6805	0	6693	11906
705000	416	0	3928	0	6994	0	6425	11564
706000	545	0	3380	0	7842	0	5510	13581
707000	431	0	3425	0	8009	0	6017	14812
708000	457	0	3129	0	8499	0	5127	15057
709000	438	0	3456	0	7949	0	6157	12919
710000	484	0	3129	0	8380	0	5404	14455
711000	424	0	2741	0	9091	0	4511	15093
712000	426	0	2923	0	8963	0	5110	15540
713000	462	0	2433	0	9696	0	3988	15620
714000	422	0	2256	0	9984	0	3694	17547
715000	454	0	2538	0	9513	0	3848	16365
716000	489	0	2767	0	8992	0	5332	15214
717000	415	0	2618	0	9420	0	4655	15235
718000	445	0	3265	0	8292	0	5896	14134
719000	457	0	3092	0	8537	0	4721	14376
720000	460	0	3332	0	8058	0	5450	13443
721000	485	0	3895	0	7031	0	6529	12599
722000	451	0	4057	0	6800	0	7084	11153
723000	435	0	4274	0	6571	0	7004	10847
724000	415	0	4465	0	6105	0	7188	10118
725000	461	0	3986	0	6775	0	6736	11570
726000	492	0	4058	0	6699	0	6676	12657
727000	419	0	4142	0	6815	0	6707	10839
728000	503	0	3628	0	7349	0	6316	12365
729000	434	0	3686	0	7484	0	6135	13281
730000	456	0	4282	0	6206	0	7140	11419
731000	416	0	4217	0	6510	0	7229	11390
732000	377	0	3823	0	7420	0	6709	12408
733000	486	0	4007	0	6830	0	7319	11767
734000	415	0	4302	0	6328	0	7736	10958
735000	570	0	4555	0	5599	0	7247	9834
736000	294	0	4970	0	5289	0	8650	9079
737000	471	0	4766	0	5199	0	8108	9326
738000	412	0	4551	0	5794	0	7203	9954
739000	317	0	4331	0	6487	0	7590	10298
740000	379	0	4167	0	6580	0	7006	11811
741000	430	0	4499	0	5752	0	7492	10496
742000	514	0	4335	0	6112	0	7372	10154
743000	495	0	4149	0	6537	0	7166	10563
744000	428	0	3759	0	7369	0	6905	12169
745000	417	0	3761	0	7379	0	6577	12587
746000	502	0	3915	0	6900	0	6514	12536
747000	616	0	3737	0	7085	0	6165	11634
748000	447	0	4131	0	6625	0	6708	11903
749000	476	0	3889	0	7006	0	6786	11907
750000	419	0	2918	0	8945	0	5170	16190
751000	491	0	3155	0	8237	0	5572	14649
752000	554	0	3632	0	7355	0	6189	12048
753000	445	0	3412	0	7925	0	5480	13192
754000	349	0	3357	0	8192	0	5963	14486
755000	463	0	4062	0	6649	0	6882	12116
756000	414	0	4005	0	6844	0	7023	11602
757000	426	0	3805	0	7352	0	6531	12228
758000	451	0	3722	0	7417	0	6257	13109
759000	445	0	3541	0	7793	0	5897	13615
760000	456	0	3818	0	7295	0	6366	12695
761000	422	0	3544	0	7837	0	6074	13156
762000	345	0	3074	0	8642	0	5454	15264
763000	475	0	3314	0	8057	0	5699	13478
764000	457	0	3191	0	8393	0	5281	13909
765000	466	0	2627	0	9359	0	4669	15526
766000	461	0	2257	0	9885	0	3668	17036
767000	411	0	2326	0	9945	0	3320	17745
768000	358	0	2529	0	9786	0	4109	16782
769000	467	0	3188	0	8355	0	5556	13799
770000	465	0	2914	0	8717	0	5070	14917
771000	520	0	2959	0	8567	0	5089	14539
772000	490	0	2976	0	8567	0	5354	14414
773000	507	0	3267	0	8035	0	5731	14691
774000	407	0	3527	0	7770	0	5618	12866
775000	470	0	2879	0	8845	0	4769	15070
776000	431	0	3099	0	8559	0	4776	14371
777000	389	0	2886	0	8825	0	5217	15781
778000	419	0	2565	0	9530	0	4225	15809
779000	443	0	2594	0	9462	0	4479	16174
780000	472	0	2806	0	8975	0	4314	15502
781000	425	0	3580	0	7666	0	5860	13262
782000	465	0	3472	0	7934	0	5807	13245
783000	327	0	3665	0	7887	0	5874	13155
784000	461	0	3141	0	8382	0	5566	14220
785000	472	0	3305	0	8085	0	5509	13684
786000	400	0	3960	0	7082	0	6541	11912
787000	575	0	3542	0	7544	0	5769	13319
788000	467	0	4222	0	6461	0	7227	11821
789000	583	0	4722	0	5330	0	7543	9016
790000	351	0	5144	0	4720	0	8476	8377
791000	476	0	5058	0	4732	0	8417	8537
792000	518	0	4779	0	5276	0	7724	8281
793000	425	0	4701	0	5542	0	7668	9960
794000	321	0	5183	0	4787	0	8674	9675
795000	436	0	4536	0	5781	0	7845	10072
796000	526	0	4367	0	5856	0	7778	9784
797000	470	0	5050	0	4589	0	8729	8280
798000	436	0	4980	0	4915	0	8698	7275
799000	425	0	4636	0	5646	0	7456	9305
800000	530	0	3872	0	6975	0	6916	11277
801000	470	0	4205	0	6408	0	7139	10897
802000	382	0	3733	0	7601	0	6850	13184
803000	394	0	3653	0	7540	0	6788	12867
804000	409	0	3534	0	7750	0	6559	13062
805000	490	0	3806	0	7200	0	6059	13093
806000	401	0	3868	0	7314	0	6690	13067
807000	461	0	4364	0	6134	0	7143	10634
808000	510	0	4298	0	6158	0	7044	10370
809000	464	0	3814	0	7337	0	6580	11759
810000	485	0	4179	0	6487	0	6604	10428
811000	422	0	4309	0	6213	0	7403	10445
812000	463	0	4102	0	6645	0	7321	11867
813000	511	0	4047	0	6655	0	6466	11426
814000	561	0	5131	0	4533	0	8701	7984
815000	512	0	4889	0	5030	0	8609	9033
816000	450	0	4932	0	4856	0	8565	8099
817000	393	0	5022	0	4998	0	8276	7746
818000	470	0	4059	0	6757	0	7068	11182
819000	386	0	3649	0	7676	0	5830	13948
820000	599	0	3514	0	7539	0	5510	12799
821000	532	0	3596	0	7444	0	5617	12427
822000	452	0	3398	0	8006	0	6198	12110
823000	458	0	4025	0	6740	0	6900	11998
824000	494	0	4310	0	6178	0	6867	11439
825000	376	0	4483	0	6110	0	7094	9793
826000	376	0	4332	0	6292	0	7356	10882
827000	472	0	4095	0	6559	0	6581	11225
828000	461	0	4239	0	6303	0	6592	10966
829000	413	0	4014	0	6949	0	7041	11991
830000	423	0	4202	0	6517	0	7487	10883
831000	534	0	3919	0	6829	0	6718	11549
832000	423	0	3845	0	7320	0	6534	11886
833000	433	0	3957	0	7005	0	6511	12695
834000	396	0	4289	0	6447	0	7175	10562
835000	502	0	4480	0	5796	0	7559	9887
836000	429	0	3814	0	7299	0	6058	12522
837000	500	0	3528	0	7721	0	6506	12029
838000	514	0	3492	0	7731	0	6176	12372
839000	350	0	3965	0	7062	0	6480	12531
840000	437	0	4084	0	6791	0	7166	11387
841000	472	0	4276	0	6379	0	6876	11178
842000	395	0	4412	0	6215	0	7297	10553
843000	502	0	4186	0	6327	0	6228	10587
844000	500	0	3941	0	6881	0	6469	11220
845000	549	0	4215	0	6217	0	6818	10773
846000	454	0	4734	0	5320	0	7550	8470
847000	474	0	4842	0	5039	0	8741	8932
848000	568	0	4864	0	4853	0	8365	7555
849000	475	0	4780	0	5336	0	7833	8545
850000	420	0	4989	0	4725	0	9142	8141
851000	507	0	5029	0	4746	0	8359	7661
852000	320	0	4638	0	5789	0	7345	8841
853000	435	0	5021	0	4818	0	8529	8025
854000	597	0	5459	0	3457	0	9188	5817
855000	400	0	5941	0	2550	0	10366	4359
856000	394	0	5483	0	3844	0	9253	6338
857000	439	0	5850	0	2699	0	9830	4798
858000	382	0	5838	0	2670	0	9602	4731
859000	539	0	5406	0	3455	0	9308	5635
860000	457	0	5706	0	3210	0	9150	5611
861000	498	0	5976	0	2438	0	9798	3580
862000	496	0	5474	0	3776	0	9157	6318
863000	415	0	5401	0	4141	0	9312	7403
864000	492	0	4790	0	5131	0	8037	8177
865000	414	0	4976	0	5158	0	7916	9329
866000	431	0	5418	0	3757	0	8453	6574
867000	452	0	5448	0	3780	0	9457	6781
868000	704	0	5163	0	3456	0	8963	6112
869000	541	0	5310	0	4040	0	8672	6651
870000	573	0	5333	0	3752	0	8859	6461
871000	624	0	5150	0	3923	0	9291	6438
872000	499	0	4834	0	5151	0	8964	9285
873000	388	0	4605	0	5663	0	7472	9919
874000	461	0	4618	0	5523	0	8154	9068
875000	536	0	4020	0	6704	0	6902	11771
876000	405	0	3803	0	7345	0	5985	12353
877000	505	0	3372	0	8004	0	6323	13642
878000	405	0	3986	0	6879	0	6608	11827
879000	452	0	4176	0	6671	0	6873	11923
880000	435	0	4053	0	6763	0	6729	11025
881000	483	0	3390	0	8002	0	5739	13695
882000	384	0	3739	0	7307	0	6295	12296
883000	432	0	3300	0	8298	0	5929	14415
884000	446	0	2744	0	9124	0	5089	15341
885000	579	0	3178	0	8213	0	5696	12874
886000	450	0	3311	0	8162	0	5655	13647
887000	419	0	3325	0	8147	0	5595	14643
888000	477	0	3820	0	7259	0	6535	12428
889000	556	0	4021	0	6641	0	6177	11386
890000	479	0	4538	0	5795	0	7454	9964
891000	433	0	4119	0	6649	0	6877	10435
892000	419	0	3252	0	8331	0	5170	13933
893000	438	0	3328	0	8153	0	5471	13578
894000	433	0	3715	0	7412	0	6604	12494
895000	449	0	3982	0	6832	0	6787	11949
896000	502	0	4162	0	6385	0	6828	10988
897000	471	0	4204	0	6477	0	7389	11106
898000	338	0	4173	0	6727	0	7137	10747
899000	548	0	4086	0	6316	0	6758	11187
900000	367	0	4190	0	6654	0	6832	11514
901000	408	0	3911	0	7142	0	6507	11989
902000	453	0	3984	0	6907	0	6668	11675
903000	486	0	3983	0	6807	0	7411	10961
904000	416	0	4331	0	6200	0	6958	10774
905000	518	0	3760	0	7244	0	6501	12788
906000	489	0	4017	0	6835	0	6262	11802
907000	343	0	4430	0	6254	0	7348	10830
908000	512	0	4031	0	6765	0	6838	11158
909000	421	0	4182	0	6411	0	6874	10662
910000	497	0	4306	0	6033	0	7664	9692
911000	530	0	4192	0	6414	0	7169	10542
912000	427	0	4142	0	6578	0	7419	9922
913000	406	0	3746	0	7308	0	6462	12592
914000	386	0	3572	0	7814	0	6452	13702
915000	391	0	3676	0	7428	0	6559	12164
916000	468	0	3896	0	6982	0	6637	11343
917000	410	0	4140	0	6645	0	6755	11654
918000	475	0	4006	0	6636	0	7083	11335
919000	543	0	3737	0	7224	0	6510	11727
920000	527	0	4067	0	6590	0	7061	10901
921000	450	0	3896	0	7162	0	6288	12027
922000	473	0	3074	0	8480	0	5160	14717
923000	440	0	3064	0	8642	0	5266	14481
924000	455	0	3633	0	7583	0	5750	13549
925000	511	0	3913	0	6913	0	6744	11699
926000	502	0	4627	0	5473	0	7877	10608
927000	407	0	5038	0	4994	0	8795	8356
928000	552	0	4775	0	5275	0	9139	9520
929000	492	0	4837	0	5211	0	8687	9119
930000	440	0	5118	0	4576	0	8629	8166
931000	392	0	4921	0	5075	0	8381	8522
932000	417	0	4715	0	5437	0	8399	9405
933000	529	0	4859	0	4949	0	7937	8729
934000	491	0	4578	0	5683	0	7177	9721
935000	448	0	4829	0	5164	0	8336	8109
936000	493	0	5099	0	4392	0	8706	7981
937000	468	0	4991	0	4874	0	8453	8847
938000	492	0	5344	0	3880	0	9010	6833
939000	470	0	5287	0	4190	0	8752	6685
940000	475	0	4830	0	5102	0	7954	8255
941000	407	0	4828	0	5380	0	7664	8678
942000	426	0	4647	0	5643	0	7876	9030
943000	441	0	3951	0	7023	0	6860	11421
944000	381	0	3738	0	7451	0	6636	13127
945000	575	0	3543	0	7582	0	6233	11782
946000	460	0	3458	0	7858	0	5479	13180
947000	516	0	3328	0	7998	0	5847	13141
948000	413	0	3987	0	7028	0	6790	12281
949000	392	0	4294	0	6437	0	7474	11502
950000	445	0	3947	0	7078	0	6712	11865
951000	446	0	4138	0	6504	0	7951	11036
952000	409	0	4101	0	6758	0	7141	11615
953000	439	0	3882	0	7034	0	6660	12016
954000	470	0	3579	0	7599	0	6714	12747
955000	494	0	4105	0	6737	0	6828	11007
956000	498	0	3823	0	7185	0	6668	11375
957000	437	0	4117	0	6681	0	6888	11185
958000	446	0	4066	0	6711	0	7157	10989
959000	488	0	3996	0	6870	0	6752	11959
960000	475	0	4005	0	6716	0	6621	11467
961000	462	0	3730	0	7339	0	6784	11477
962000	461	0	4134	0	6542	0	6784	11969
963000	596	0	3756	0	6968	0	5871	12143
964000	420	0	3708	0	7542	0	6550	12853
965000	416	0	4273	0	6409	0	7358	10944
966000	526	0	4167	0	6248	0	6898	10800
967000	451	0	4488	0	5782	0	7501	9790
968000	388	0	4616	0	5793	0	8033	9046
969000	421	0	4266	0	6310	0	7193	11533
970000	478	0	4213	0	6333	0	7632	10539
971000	426	0	3694	0	7457	0	5633	13221
972000	506	0	3337	0	7999	0	5729	13462
973000	428	0	3598	0	7576	0	6000	12612
974000	448	0	3849	0	7116	0	6327	11395
975000	435	0	3955	0	6991	0	6447	11751
976000	390	0	3722	0	7505	0	5905	12632
977000	442	0	3563	0	7620	0	6617	13481
978000	421	0	3382	0	8131	0	6019	13725
979000	360	0	3452	0	8006	0	5495	13326
980000	494	0	3353	0	7957	0	5619	13527
981000	456	0	3943	0	6906	0	6871	11418
982000	396	0	4116	0	6892	0	7666	11322
983000	519	0	3566	0	7475	0	6474	12194
984000	390	0	3801	0	7389	0	6873	12361
985000	455	0	3738	0	7394	0	6032	13248
986000	483	0	3315	0	8038	0	5942	13270
987000	409	0	3311	0	8260	0	5786	14106
988000	483	0	3671	0	7485	0	6083	12438
989000	449	0	3104	0	8539	0	4988	14609
990000	437	0	3203	0	8394	0	5437	14721
991000	452	0	3794	0	7377	0	6291	12469
992000	388	0	4038	0	6921	0	6704	12601
993000	626	0	4042	0	6404	0	6373	10743
994000	438	0	4289	0	6344	0	7567	10364
995000	500	0	4515	0	5757	0	8082	9862
996000	564	0	3965	0	6619	0	7806	10940
997000	500	0	3775	0	7114	0	6209	12059
998000	447	0	3882	0	7099	0	5959	11925
999000	520	0	4603	0	5454	0	8062	9887
