0	0	0	0	14400	0	0	0	0
1000	11	309	586	12928	43	20	37923	206
2000	29	319	1359	11706	97	16	38189	240
3000	29	288	1800	10912	184	78	34702	585
4000	70	286	1970	10442	116	150	33675	760
5000	47	265	2039	10404	84	221	35303	755
6000	108	247	2694	9304	109	149	34312	781
7000	66	259	2780	8984	184	234	32862	994
8000	99	256	2901	9012	141	107	32773	513
9000	85	263	2536	9691	74	60	35688	278
10000	91	325	2795	9230	58	15	33189	291
11000	102	298	3476	8070	62	0	32161	221
12000	110	248	3829	7516	130	7	30139	373
13000	104	222	3886	7426	115	11	31594	196
14000	129	253	4020	7068	125	86	31225	598
15000	85	254	3415	8149	85	37	32831	418
16000	109	331	3594	7988	27	24	31125	185
17000	100	309	3301	8454	16	1	32063	150
18000	102	278	3439	8269	0	11	33060	3
19000	133	279	3590	7901	14	0	32025	42
20000	106	261	3731	7783	39	0	31682	69
21000	100	348	3439	8026	170	62	30938	621
22000	102	267	3812	7465	154	101	30974	667
23000	110	217	4705	5652	130	160	28614	949
24000	127	188	4379	6289	129	184	30542	908
25000	86	251	3834	6878	294	442	29210	1745
26000	185	330	4174	5822	296	685	27782	2518
27000	125	233	3845	6660	240	596	29836	2089
28000	117	242	3929	6690	96	550	28937	1824
29000	132	255	3739	7203	62	448	30324	1678
30000	126	214	3425	7834	198	224	29725	1048
31000	158	185	3606	7592	269	85	30196	897
32000	130	194	3742	7506	196	89	31828	752
33000	167	148	4514	6251	0	35	28926	145
34000	156	227	4874	5434	0	0	29998	20
35000	165	163	5214	4887	0	0	28750	1
36000	211	123	5667	3527	73	0	25961	342
37000	155	116	5775	3490	5	0	25573	68
38000	156	179	5441	4116	13	0	27278	16
39000	191	144	5815	3306	85	1	24852	399
40000	148	130	5753	3685	11	0	25221	34
41000	176	222	5421	4300	0	0	26982	3
42000	199	164	5069	4951	153	0	28431	148
43000	223	161	5280	4553	0	0	26305	1
44000	252	163	5156	4544	86	20	27364	228
45000	302	94	5897	2843	35	0	23448	215
46000	348	118	5632	3530	61	0	24720	198
47000	230	185	5399	4152	0	0	25482	1
48000	244	193	5531	4036	15	0	26391	60
49000	168	109	5581	3560	167	15	25820	602
50000	252	165	5820	2742	50	61	24715	413
51000	214	172	5182	4466	63	255	27382	783
52000	205	225	5035	4758	5	369	26860	969
53000	212	232	5134	4075	60	551	25989	1722
54000	196	142	4701	5384	353	224	28029	1459
55000	205	135	4692	5518	241	176	28752	1314
56000	191	250	4807	5092	272	134	28522	1002
57000	178	174	4872	5108	430	80	26963	1175
58000	213	227	4764	4990	456	42	26923	1296
59000	179	143	4621	5748	373	35	28128	1188
60000	192	158	4869	4707	410	142	27413	1613
61000	177	116	5122	4328	496	253	26794	2218
62000	264	131	5579	3272	609	74	25261	2157
63000	199	175	6001	2088	451	106	22768	1600
64000	336	61	6071	1693	61	129	21234	685
65000	488	69	6091	1516	0	2	20160	26
66000	353	144	6112	1542	45	0	22307	111
67000	451	81	6064	1192	0	0	19716	13
68000	494	48	6060	1116	37	40	19510	296
69000	216	52	6271	960	150	57	20371	632
70000	349	43	6271	949	0	174	19164	557
71000	336	48	6317	533	177	343	19462	1269
72000	348	42	6207	268	254	533	17688	2029
73000	387	64	6074	612	745	362	18150	3262
74000	269	112	6154	358	643	581	17139	3054
75000	264	16	6143	731	560	237	18873	2393
76000	323	60	6276	689	664	382	19292	2963
77000	359	44	6031	1032	618	222	18654	2167
78000	319	47	6101	882	838	43	20347	2343
79000	431	48	5992	789	380	140	18769	1388
80000	281	57	6137	1169	317	108	20541	979
81000	278	42	5965	1669	430	106	21921	1436
82000	213	136	5789	2201	481	272	21502	1807
83000	243	96	6020	2102	207	391	23439	1931
84000	301	92	5810	2171	398	433	22347	2213
85000	299	124	5466	2527	663	681	21725	3305
86000	238	157	5459	3087	484	436	23530	2587
87000	227	115	5790	2358	439	387	22463	2046
88000	217	136	5559	3044	308	528	24776	2530
89000	299	210	5250	3339	180	577	22597	1756
90000	153	219	4939	4470	152	709	25876	2375
91000	211	192	5154	4240	108	509	25532	1899
92000	192	178	5311	4133	36	308	27051	1062
93000	153	211	5140	4633	141	171	27314	977
94000	176	150	5253	4102	179	377	27062	1462
95000	155	276	5292	4129	54	279	26901	657
96000	146	127	5198	4292	107	359	27026	1502
97000	186	191	5427	4190	16	48	26488	473
98000	262	145	5133	4765	0	0	27397	16
99000	215	183	5270	4429	27	0	26756	135
100000	237	185	5225	4615	150	5	27788	468
101000	151	214	5052	4607	366	46	27314	770
102000	142	147	5057	4987	114	141	28407	885
103000	201	147	5301	4339	40	142	26486	721
104000	214	180	5041	4998	100	57	26659	498
105000	155	220	5345	4505	0	0	28255	74
106000	245	162	5356	4101	125	4	26449	243
107000	276	157	5710	2960	83	0	24437	250
108000	281	94	5734	3452	0	0	25100	11
109000	154	54	6041	2494	0	0	23334	11
110000	335	136	5675	3226	68	0	25276	148
111000	177	143	5643	3564	52	14	25523	236
112000	213	116	5657	3699	16	0	26613	172
113000	260	86	5870	3244	71	0	25423	242
114000	246	127	5932	2933	0	0	24203	1
115000	333	127	5508	3632	0	0	24587	13
116000	214	221	5687	3274	55	0	25707	65
117000	221	134	5684	3306	82	0	25445	293
118000	193	148	5719	3600	0	0	26389	4
119000	349	140	5650	3241	24	0	24047	83
120000	254	198	5721	3067	139	3	25170	391
121000	220	150	5564	3884	43	0	26333	166
122000	159	167	5642	3766	0	0	26901	64
123000	280	198	5533	3573	21	0	25227	67
124000	306	219	5649	3371	0	0	24794	51
125000	293	116	5852	2810	0	0	24930	4
126000	358	134	5897	2491	39	0	23109	61
127000	356	146	6158	1541	0	0	21663	3
128000	338	167	6021	1717	0	0	21507	2
129000	284	90	5918	2224	11	0	21790	0
130000	388	83	6092	2099	7	0	22616	46
131000	328	132	5949	2402	36	0	22947	24
132000	334	50	5963	2666	58	0	23902	177
133000	275	100	5982	2796	84	39	23652	470
134000	272	129	5844	2909	56	0	24123	166
135000	295	58	5930	2448	1	0	22048	0
136000	267	66	6106	1907	24	0	22816	0
137000	320	111	6165	1788	0	37	21574	42
138000	289	88	6052	2091	4	57	22883	159
139000	279	64	6172	2305	11	33	23628	117
140000	307	235	5721	2818	0	0	23601	1
141000	250	108	5780	2962	96	26	25132	292
142000	253	97	6123	2050	113	0	21435	96
143000	246	137	6066	2366	121	9	22405	318
144000	254	72	5962	2404	152	0	23060	460
145000	368	89	5973	1940	335	0	21147	957
146000	297	74	6047	1904	234	8	23131	680
147000	215	99	5929	2247	142	0	23592	441
148000	316	32	6163	1145	51	0	22041	148
149000	229	47	6209	1644	114	0	21685	430
150000	263	111	6022	1933	211	0	22289	612
151000	138	81	6094	2249	450	0	23190	1237
152000	310	209	5565	3120	712	22	24221	2007
153000	239	53	5338	3242	1192	89	24205	3392
154000	206	97	5574	2549	1269	17	23407	3445
155000	400	110	5180	2402	1725	80	22245	5187
156000	257	133	5117	2586	2187	196	21734	6664
157000	274	142	4889	3132	1994	284	21032	6217
158000	200	87	5366	2483	1705	230	22173	6437
159000	248	90	5450	2404	1451	228	21522	5140
160000	248	138	5778	2287	602	306	22181	2548
161000	236	113	5709	2114	1144	481	22126	3757
162000	155	127	5903	2019	722	455	21839	3592
163000	237	125	5610	3085	405	154	23087	1528
164000	220	160	5342	3742	318	145	24506	1161
165000	251	206	5822	3055	14	17	25302	61
166000	239	113	5740	3343	103	0	24226	161
167000	254	157	5677	3216	248	34	25003	854
168000	240	123	5479	3241	474	199	25134	1679
169000	279	120	5393	3210	741	82	24984	2027
170000	254	177	5658	2851	595	8	23858	1646
171000	352	192	5683	2578	643	1	22576	1944
172000	287	99	5924	2447	237	19	22602	891
173000	243	98	5880	2712	244	31	24376	635
174000	208	146	5847	2840	357	0	25156	1120
175000	329	44	6093	1853	72	0	21281	264
176000	298	109	6042	1902	59	3	22671	377
177000	272	84	6284	1662	8	0	21044	0
178000	492	65	5994	778	0	0	19193	1
179000	309	62	6362	638	14	0	20086	69
180000	298	48	6275	743	0	0	19322	1
181000	326	35	6241	666	15	0	19364	39
182000	435	56	5966	786	20	0	19896	93
183000	553	31	5884	817	0	0	19745	25
184000	335	23	6218	1276	0	0	21293	26
185000	543	45	5946	800	40	0	19670	0
186000	419	42	6225	783	0	0	20045	7
187000	475	0	6114	213	55	0	17843	227
188000	328	22	6159	470	57	0	18249	173
189000	324	13	6120	189	3	0	17247	67
190000	396	19	5952	240	5	0	17436	0
191000	502	6	5971	270	0	0	17929	3
192000	465	13	6056	422	0	0	18566	9
193000	513	0	5973	232	4	0	17170	53
194000	273	0	6049	0	0	0	16442	4
195000	432	0	5940	0	0	0	17734	0
196000	389	0	5920	0	0	0	16494	0
197000	667	0	5721	0	0	0	16231	0
198000	341	0	6016	0	0	0	16849	0
199000	388	0	6080	0	0	0	16972	0
200000	548	0	5779	0	0	0	16437	0
201000	473	0	5805	0	0	0	16349	0
202000	250	0	6158	0	0	0	17175	0
203000	503	0	5931	0	0	0	16081	0
204000	435	0	5957	0	0	0	15658	0
205000	399	0	6067	0	0	0	17158	0
206000	447	0	6052	0	0	0	17102	0
207000	457	0	5897	0	0	0	15742	0
208000	425	0	5953	0	0	0	16360	0
209000	260	0	6054	0	0	0	16438	0
210000	508	0	5729	0	0	0	16117	0
211000	527	0	5826	0	0	0	16163	0
212000	464	0	5911	0	0	0	16315	0
213000	495	0	5933	0	0	0	15788	0
214000	501	0	5905	0	0	0	16059	0
215000	464	0	5896	0	0	0	16897	0
216000	468	0	5895	0	0	0	15863	0
217000	298	0	6150	0	0	0	16996	0
218000	373	0	6032	0	0	0	15588	0
219000	476	0	5874	0	0	0	16552	0
220000	460	0	6009	0	0	0	16472	0
221000	391	0	6051	0	0	0	15691	0
222000	531	0	5838	0	0	0	16112	0
223000	394	0	5995	0	0	0	17219	0
224000	445	0	5972	0	0	0	16442	0
225000	577	0	5886	0	0	0	16130	0
226000	386	0	5920	0	0	0	16732	0
227000	511	0	6049	0	0	0	16932	0
228000	378	0	5968	0	0	0	17323	0
229000	611	0	5670	0	0	0	16190	0
230000	366	0	5988	0	0	0	16140	0
231000	449	0	5898	0	0	0	15756	0
232000	462	0	5777	0	0	0	16350	0
233000	403	0	5917	0	0	0	16169	0
234000	442	0	6086	0	0	0	16509	0
235000	396	0	5983	0	0	0	16302	0
236000	308	0	6075	0	0	0	17047	0
237000	403	0	5994	0	0	0	16274	0
238000	375	0	6033	0	0	0	16241	0
239000	550	0	5694	0	0	0	16246	0
240000	521	0	5993	0	0	0	14976	0
241000	342	0	5924	0	0	0	15782	0
242000	289	0	6054	0	0	0	16480	0
243000	322	0	6095	0	0	0	17563	0
244000	414	0	5923	0	0	0	16420	0
245000	545	0	5909	0	0	0	16265	0
246000	662	0	5721	0	0	0	16229	0
247000	367	0	5808	0	0	0	16365	0
248000	463	0	5799	0	0	0	16427	0
249000	507	0	5843	0	0	0	16355	0
250000	496	0	5825	0	0	0	16069	0
251000	536	0	5809	0	0	0	15797	0
252000	304	0	6147	0	0	0	16476	0
253000	298	0	6285	0	0	0	17528	0
254000	524	0	5978	0	0	0	16264	0
255000	679	0	5603	0	0	0	15139	0
256000	440	0	5932	0	0	0	15699	0
257000	407	0	5814	0	0	0	15749	0
258000	314	0	5903	0	0	0	16564	0
259000	333	0	6083	0	0	0	17238	0
260000	348	0	5948	0	0	0	16716	0
261000	512	0	5716	0	0	0	15599	0
262000	536	0	5675	0	0	0	16663	0
263000	485	0	5761	0	0	0	15944	0
264000	347	0	5700	0	0	0	16796	0
265000	422	0	5917	0	0	0	15387	0
266000	330	0	5972	0	0	0	16354	0
267000	620	0	5635	0	0	0	16533	0
268000	579	0	5813	0	0	0	16282	0
269000	371	0	5898	0	0	0	16375	0
270000	553	0	5709	0	0	0	15681	0
271000	328	0	5993	0	0	0	16551	0
272000	344	0	6072	0	0	0	17012	0
273000	517	0	5879	0	0	0	16841	0
274000	257	0	6129	0	0	0	18419	0
275000	612	0	5777	0	0	0	15621	0
276000	501	0	5862	0	0	0	16266	0
277000	483	0	5922	0	0	0	16814	0
278000	403	0	5769	0	0	0	16553	0
279000	299	0	6002	0	0	0	16961	0
280000	512	0	5765	0	0	0	16362	0
281000	418	0	5833	0	0	0	16335	0
282000	605	0	5650	0	0	0	15859	0
283000	506	0	5945	0	0	0	15918	0
284000	424	0	6025	0	0	0	16758	0
285000	430	0	5856	0	0	0	15787	0
286000	455	0	5925	0	0	0	16316	0
287000	629	0	5643	0	0	0	16172	0
288000	276	0	6174	0	0	0	16501	0
289000	638	0	5712	0	0	0	15340	0
290000	482	0	5893	0	0	0	15128	0
291000	328	0	5968	0	0	0	16669	0
292000	353	0	6040	0	0	0	17159	0
293000	446	0	5787	0	0	0	16854	0
294000	521	0	5799	0	0	0	15737	0
295000	416	0	5861	0	0	0	16874	0
296000	549	0	5735	0	0	0	16098	0
297000	306	0	5981	0	0	0	16544	0
298000	297	0	6100	0	0	0	17435	0
299000	346	0	5882	0	0	0	15612	0
300000	467	0	5782	0	0	0	16750	0
301000	501	0	5861	0	0	0	16552	0
302000	348	0	6054	0	0	0	16830	0
303000	347	0	5959	0	0	0	16436	0
304000	358	0	6162	0	0	0	16289	0
305000	499	0	5741	0	0	0	16775	0
306000	531	0	5966	0	0	0	16264	0
307000	520	0	5873	0	0	0	15707	0
308000	436	0	6081	0	0	0	15406	0
309000	372	0	6084	0	0	0	17196	0
310000	365	0	5986	0	0	0	16176	0
311000	488	0	6082	0	0	0	17239	0
312000	391	0	6051	0	0	0	17122	0
313000	307	0	6091	0	0	0	16635	0
314000	484	0	5842	0	0	0	16441	0
315000	380	0	6012	0	0	0	17598	0
316000	454	0	5825	0	0	0	16907	0
317000	354	0	5914	0	0	0	17512	0
318000	362	0	5838	0	0	0	16169	0
319000	389	0	5992	0	0	0	16188	0
320000	514	0	5892	0	0	0	15962	0
321000	388	0	5851	0	0	0	16661	0
322000	586	0	5640	0	0	0	16314	0
323000	494	0	5753	0	0	0	16805	0
324000	410	0	5801	0	0	0	15425	0
325000	474	0	5769	0	0	0	15431	0
326000	391	0	5934	0	0	0	17089	0
327000	527	0	5930	0	0	0	15651	0
328000	501	0	5798	0	0	0	15915	0
329000	434	0	5797	0	0	0	16689	0
330000	411	0	5896	0	0	0	15258	0
331000	365	0	5824	0	0	0	16740	0
332000	332	0	6173	0	0	0	16702	0
333000	515	0	5841	0	0	0	15710	0
334000	264	0	5982	0	0	0	16524	0
335000	554	0	5742	0	0	0	16298	0
336000	456	0	5926	0	0	0	16310	0
337000	340	0	5986	0	0	0	16328	0
338000	565	0	5755	0	0	0	16515	0
339000	426	0	5901	0	0	0	15577	0
340000	470	0	5743	0	0	0	15879	0
341000	541	0	5722	0	0	0	15822	0
342000	487	0	6010	0	0	0	17121	0
343000	388	0	5934	0	0	0	17752	0
344000	373	0	5919	0	0	0	16882	0
345000	317	0	5991	0	0	0	16768	0
346000	376	0	5860	0	0	0	16424	0
347000	367	0	6070	0	0	0	17016	0
348000	577	0	5877	0	0	0	16627	0
349000	357	0	5970	0	0	0	15794	0
350000	542	0	5849	0	0	0	15709	0
351000	497	0	5895	0	0	0	16821	0
352000	378	0	6014	0	0	0	16007	0
353000	296	0	5939	0	0	0	16307	0
354000	445	0	5900	0	0	0	16347	0
355000	464	0	5869	0	0	0	15651	0
356000	493	0	5823	0	0	0	15777	0
357000	454	0	5741	0	0	0	16651	0
358000	550	0	5693	0	0	0	15545	0
359000	434	0	5838	0	0	0	16530	0
360000	436	0	5892	0	0	0	17876	0
361000	503	0	5923	0	0	0	15881	0
362000	378	0	5990	0	0	0	15745	0
363000	462	0	5820	0	0	0	16764	0
364000	446	0	5819	0	0	0	16085	0
365000	511	0	5898	0	0	0	16450	0
366000	456	0	5868	0	0	0	16968	0
367000	544	0	5916	0	0	0	17912	0
368000	482	0	5902	0	0	0	16619	0
369000	541	0	5811	0	0	0	15989	0
370000	281	0	5950	0	0	0	17426	0
371000	606	0	5642	0	0	0	16481	0
372000	500	0	5829	0	0	0	15459	0
373000	520	0	5865	0	0	0	16102	0
374000	411	0	6022	0	0	0	17975	0
375000	438	0	5757	0	0	0	16077	0
376000	382	0	5919	0	0	0	16751	0
377000	610	0	5679	0	0	0	16905	0
378000	345	0	5959	0	0	0	15792	0
379000	341	0	6043	0	0	0	17563	0
380000	565	0	5773	0	0	0	15341	0
381000	340	0	5983	0	0	0	16508	0
382000	485	0	5817	0	0	0	17017	0
383000	382	0	6016	0	0	0	16951	0
384000	481	0	5799	0	0	0	16140	0
385000	302	0	6131	0	0	0	16475	0
386000	361	0	5999	0	0	0	16789	0
387000	558	0	5731	0	0	0	15055	0
388000	546	0	5794	0	0	0	16197	0
389000	401	0	5773	0	0	0	16822	0
390000	512	0	5902	0	0	0	16355	0
391000	604	0	5831	0	0	0	16374	0
392000	384	0	5941	0	0	0	16968	0
393000	355	0	5986	0	0	0	16191	0
394000	372	0	5990	0	0	0	16741	0
395000	318	0	6094	0	0	0	16534	0
396000	452	0	5836	0	0	0	16407	0
397000	596	0	5705	0	0	0	16356	0
398000	342	0	6004	0	0	0	15561	0
399000	264	0	6062	0	0	0	17438	0
400000	563	0	5912	0	0	0	15800	0
401000	479	0	5727	0	0	0	14866	0
402000	418	0	5943	0	0	0	16612	0
403000	278	0	5935	0	0	0	15732	0
404000	481	0	5865	0	0	0	16091	0
405000	326	0	6046	0	0	0	17146	0
406000	466	0	5861	0	0	0	16139	0
407000	432	0	5843	0	0	0	16758	0
408000	347	0	6065	0	0	0	16192	0
409000	360	0	5852	0	0	0	16999	0
410000	507	0	5894	0	0	0	15137	0
411000	548	0	5721	0	0	0	16285	0
412000	533	0	5738	0	0	0	15464	0
413000	462	0	5855	0	0	0	16952	0
414000	416	0	5758	0	0	0	16140	0
415000	402	0	6042	0	0	0	16301	0
416000	378	0	5943	0	0	0	16891	0
417000	497	0	5952	0	0	0	16935	0
418000	413	0	5942	0	0	0	15989	0
419000	435	0	5775	0	0	0	16224	0
420000	554	0	5731	0	0	0	15435	0
421000	432	0	5986	0	0	0	17408	0
422000	405	0	6021	0	0	0	16554	0
423000	465	0	5979	0	0	0	16477	0
424000	426	0	5985	0	0	0	17485	0
425000	365	0	5825	0	0	0	16841	0
426000	348	0	5995	0	0	0	16925	0
427000	366	0	5844	0	0	0	16738	0
428000	375	0	5915	0	0	0	16992	0
429000	338	0	6065	0	0	0	16747	0
430000	312	0	5973	0	0	0	16771	0
431000	446	0	5875	0	0	0	16615	0
432000	341	0	5822	0	0	0	16847	0
433000	490	0	5967	0	0	0	15687	0
434000	255	0	6104	0	0	0	17520	0
435000	373	0	6079	0	0	0	15837	0
436000	570	0	5880	0	0	0	16417	0
437000	431	0	5766	0	0	0	16240	0
438000	357	0	5945	0	0	0	16641	0
439000	579	0	5855	0	0	0	15997	0
440000	492	0	5751	0	0	0	16281	0
441000	395	0	5861	0	0	0	16944	0
442000	466	0	5951	0	0	0	16472	0
443000	437	0	5906	0	0	0	15379	0
444000	553	0	5647	0	0	0	16215	0
445000	442	0	5830	0	0	0	16415	0
446000	380	0	5944	0	0	0	16236	0
447000	374	0	5902	0	0	0	16556	0
448000	470	0	5861	0	0	0	15743	0
449000	499	0	5965	0	0	0	15718	0
450000	427	0	5930	0	0	0	16348	0
451000	525	0	5866	0	0	0	16364	0
452000	541	0	5797	0	0	0	16019	0
453000	438	0	5953	0	0	0	16037	0
454000	350	0	5950	0	0	0	16396	0
455000	542	0	5771	0	0	0	15408	0
456000	260	0	6069	0	0	0	16610	0
457000	363	0	5862	0	0	0	17010	0
458000	475	0	5863	0	0	0	15942	0
459000	462	0	5868	0	0	0	16022	0
460000	387	0	5909	0	0	0	16021	0
461000	387	0	5878	0	0	0	16551	0
462000	510	0	5788	0	0	0	15549	0
463000	412	0	5877	0	0	0	16804	0
464000	584	0	5688	0	0	0	16041	0
465000	268	0	6049	0	0	0	17372	0
466000	517	0	5993	0	0	0	16567	0
467000	419	0	5996	0	0	0	16915	0
468000	546	0	5817	0	0	0	16649	0
469000	495	0	5746	0	0	0	16696	0
470000	256	0	6085	0	0	0	16128	0
471000	518	0	5876	0	0	0	16936	0
472000	630	0	5830	0	0	0	15212	0
473000	552	0	5632	0	0	0	16445	0
474000	333	0	6032	0	0	0	17008	0
475000	376	0	6056	0	0	0	17562	0
476000	303	0	5965	0	0	0	17508	0
477000	500	0	5872	0	0	0	15650	0
478000	456	0	5819	0	0	0	17144	0
479000	455	0	5881	0	0	0	15362	0
480000	376	0	5992	0	0	0	16588	0
481000	584	0	5893	0	0	0	15995	0
482000	560	0	5562	0	0	0	15765	0
483000	406	0	5913	0	0	0	18195	0
484000	418	0	6005	0	0	0	17080	0
485000	295	0	6213	0	0	0	17547	0
486000	360	0	5881	0	0	0	15850	0
487000	356	0	6062	0	0	0	16822	0
488000	376	0	5757	0	0	0	16038	0
489000	569	0	5858	0	0	0	16185	0
490000	388	0	5817	0	0	0	17335	0
491000	633	0	5678	0	0	0	17264	0
492000	226	0	6123	0	0	0	16867	0
493000	432	0	5928	0	0	0	16901	0
494000	548	0	5807	0	0	0	15850	0
495000	359	0	5975	0	0	0	16299	0
496000	402	0	5948	0	0	0	16046	0
497000	590	0	5563	0	0	0	16523	0
498000	488	0	6050	0	0	0	16204	0
499000	364	0	5966	0	0	0	17919	0
500000	370	0	6015	0	0	0	16515	0
501000	358	0	5817	0	0	0	16976	0
502000	565	0	5806	0	0	0	15835	0
503000	295	0	6228	0	0	0	17229	0
504000	442	0	5899	0	0	0	17747	0
505000	363	0	5915	0	0	0	16166	0
506000	531	0	5781	0	0	0	15936	0
507000	502	0	5785	0	0	0	16206	0
508000	474	0	5842	0	0	0	16449	0
509000	410	0	5802	0	0	0	16826	0
510000	589	0	5602	0	0	0	15060	0
511000	361	0	6086	0	0	0	17537	0
512000	324	0	5915	0	0	0	15824	0
513000	441	0	5835	0	0	0	15704	0
514000	387	0	5964	0	0	0	16480	0
515000	290	0	6057	0	0	0	16313	0
516000	295	0	6133	0	0	0	17845	0
517000	341	0	6114	0	0	0	16130	0
518000	327	0	5720	0	0	0	16758	0
519000	498	0	5676	0	0	0	15797	0
520000	441	0	5895	0	0	0	16508	0
521000	475	0	5896	0	0	0	16753	0
522000	546	0	5702	0	0	0	15864	0
523000	370	0	6055	0	0	0	16985	0
524000	370	0	6035	0	0	0	16829	0
525000	401	0	6004	0	0	0	15498	0
526000	484	0	5905	0	0	0	16177	0
527000	413	0	6026	0	0	0	16344	0
528000	387	0	5992	0	0	0	16401	0
529000	320	0	5957	0	0	0	17127	0
530000	225	0	6155	0	0	0	17952	0
531000	406	0	5915	0	0	0	16856	0
532000	413	0	5986	0	0	0	16350	0
533000	431	0	5908	0	0	0	16912	0
534000	322	0	5971	0	0	0	16578	0
535000	476	0	6006	0	0	0	16285	0
536000	458	0	5940	0	0	0	15713	0
537000	559	0	5845	0	0	0	16466	0
538000	458	0	5957	0	0	0	16158	0
539000	473	0	5851	0	0	0	15730	0
540000	589	0	5721	0	0	0	15760	0
541000	461	0	5880	0	0	0	16394	0
542000	449	0	5993	0	0	0	15254	0
543000	435	0	5923	0	0	0	16177	0
544000	519	0	5834	0	0	0	16587	0
545000	279	0	5907	0	0	0	17001	0
546000	447	0	5779	0	0	0	16224	0
547000	390	0	5826	0	0	0	15870	0
548000	585	0	5793	0	0	0	15632	0
549000	399	0	6002	0	0	0	16316	0
550000	403	0	6002	0	0	0	16334	0
551000	562	0	5819	0	0	0	16392	0
552000	363	0	6016	0	0	0	17225	0
553000	258	0	6195	0	0	0	17634	0
554000	452	0	5774	0	0	0	17119	0
555000	525	0	5932	0	0	0	17226	0
556000	505	0	5863	0	0	0	16765	0
557000	283	0	6106	0	0	0	16064	0
558000	577	0	5704	0	0	0	16332	0
559000	581	0	6070	0	0	0	15389	0
560000	306	0	6042	0	0	0	15999	0
561000	396	0	5932	0	0	0	16988	0
562000	327	0	6126	0	0	0	15424	0
563000	311	0	5973	0	0	0	16628	0
564000	467	0	5981	0	0	0	16148	0
565000	402	0	5996	0	0	0	16232	0
566000	432	0	5886	0	0	0	16614	0
567000	374	0	6075	0	0	0	17182	0
568000	447	0	5883	0	0	0	16271	0
569000	353	0	6102	0	0	0	16764	0
570000	490	0	5968	0	0	0	15044	0
571000	504	0	5841	0	0	0	17081	0
572000	478	0	6005	0	0	0	15300	0
573000	510	0	5743	0	0	0	15845	0
574000	404	0	5892	0	0	0	16986	0
575000	286	0	6056	0	0	0	16208	0
576000	451	0	5838	0	0	0	15451	0
577000	259	0	6033	0	0	0	17067	0
578000	559	0	5851	0	0	0	16562	0
579000	461	0	6011	0	0	0	15487	0
580000	410	0	6058	0	0	0	16383	0
581000	312	0	6052	0	0	0	16657	0
582000	468	0	6022	0	0	0	16935	0
583000	598	0	5707	0	0	0	16034	0
584000	425	0	5983	0	0	0	17012	0
585000	426	0	5940	0	0	0	16121	0
586000	501	0	5790	0	0	0	15933	0
587000	575	0	5722	0	0	0	15729	0
588000	534	0	5732	0	0	0	15491	0
589000	441	0	5885	0	0	0	17038	0
590000	322	0	5964	0	0	0	16884	0
591000	410	0	5832	0	0	0	15500	0
592000	341	0	6020	0	0	0	17148	0
593000	360	0	6031	0	0	0	16757	0
594000	455	0	5996	0	0	0	16267	0
595000	366	0	5975	0	0	0	16066	0
596000	435	0	5995	0	0	0	16287	0
597000	430	0	5860	0	0	0	15919	0
598000	553	0	5757	0	0	0	16096	0
599000	491	0	5784	0	0	0	16174	0
600000	370	0	5799	0	0	0	16755	0
601000	470	0	5990	0	0	0	17000	0
602000	557	0	5710	0	0	0	16360	0
603000	313	0	6033	0	0	0	16545	0
604000	409	0	5924	0	0	0	15691	0
605000	487	0	6099	0	0	0	16475	0
606000	440	0	6112	0	0	0	15726	0
607000	311	0	5950	0	0	0	16796	0
608000	530	0	5687	0	0	0	16537	0
609000	444	0	5940	0	0	0	16795	0
610000	346	0	6023	0	0	0	16992	0
611000	425	0	6091	0	0	0	16689	0
612000	393	0	5997	0	0	0	16042	0
613000	313	0	6051	0	0	0	16633	0
614000	474	0	5798	0	0	0	16264	0
615000	505	0	5976	0	0	0	16466	0
616000	420	0	5952	0	0	0	16494	0
617000	458	0	5909	0	0	0	15628	0
618000	488	0	5679	0	0	0	15994	0
619000	441	0	5962	0	0	0	16203	0
620000	419	0	5725	0	0	0	15951	0
621000	460	0	5950	0	0	0	17129	0
622000	439	0	6002	0	0	0	15738	0
623000	559	0	5732	0	0	0	16418	0
624000	390	0	6025	0	0	0	16713	0
625000	354	0	6052	0	0	0	16839	0
626000	663	0	5718	0	0	0	15420	0
627000	363	0	6017	0	0	0	16727	0
628000	516	0	5858	0	0	0	15749	0
629000	474	0	5702	0	0	0	15929	0
630000	344	0	6089	0	0	0	16278	0
631000	472	0	5914	0	0	0	16723	0
632000	355	0	5973	0	0	0	16720	0
633000	521	0	5898	0	0	0	16919	0
634000	468	0	5899	0	0	0	16041	0
635000	706	0	5684	0	0	0	16121	0
636000	369	0	5997	0	0	0	16335	0
637000	451	0	5756	0	0	0	16732	0
638000	348	0	6154	0	0	0	17227	0
639000	441	0	5883	0	0	0	17150	0
640000	384	0	5967	0	0	0	16576	0
641000	526	0	5863	0	0	0	16694	0
642000	298	0	5962	0	0	0	16404	0
643000	357	0	5962	0	0	0	16481	0
644000	517	0	5748	0	0	0	16589	0
645000	321	0	5960	0	0	0	16787	0
646000	308	0	6041	0	0	0	16760	0
647000	368	0	5878	0	0	0	16047	0
648000	464	0	5914	0	0	0	16579	0
649000	562	0	5766	0	0	0	15906	0
650000	351	0	6083	0	0	0	16158	0
651000	399	0	5830	0	0	0	15904	0
652000	541	0	5803	0	0	0	16330	0
653000	590	0	5921	0	0	0	16879	0
654000	366	0	5872	0	0	0	16562	0
655000	428	0	6012	0	0	0	16267	0
656000	375	0	5903	0	0	0	16891	0
657000	409	0	5808	0	0	0	15710	0
658000	582	0	5705	0	0	0	16295	0
659000	501	0	5822	0	0	0	16602	0
660000	433	0	5876	0	0	0	15783	0
661000	300	0	6101	0	0	0	16530	0
662000	468	0	5856	0	0	0	16537	0
663000	257	0	6025	0	0	0	17491	0
664000	302	0	5917	0	0	0	17403	0
665000	367	0	5927	0	0	0	15436	0
666000	353	0	6003	0	0	0	17164	0
667000	554	0	5664	0	0	0	15650	0
668000	445	0	5797	0	0	0	17099	0
669000	445	0	5807	0	0	0	15643	0
670000	495	0	5844	0	0	0	16072	0
671000	445	0	5993	0	0	0	16891	0
672000	387	0	5958	0	0	0	17699	0
673000	448	0	5879	0	0	0	16389	0
674000	531	0	5857	0	0	0	16476	0
675000	486	0	5731	0	0	0	16493	0
676000	386	0	6002	0	0	0	16916	0
677000	621	0	5603	0	0	0	15551	0
678000	352	0	6094	0	0	0	17046	0
679000	461	0	5842	0	0	0	16303	0
680000	203	0	6292	0	0	0	17570	0
681000	548	0	5858	0	0	0	16070	0
682000	459	0	5929	0	0	0	16551	0
683000	521	0	5815	0	0	0	16514	0
684000	617	0	5735	0	0	0	15825	0
685000	318	0	6034	0	0	0	17522	0
686000	450	0	5914	0	0	0	16114	0
687000	291	0	6056	0	0	0	17651	0
688000	546	0	5774	0	0	0	16375	0
689000	480	0	5995	0	0	0	17007	0
690000	387	0	6043	0	0	0	16638	0
691000	454	0	5924	0	0	0	15377	0
692000	522	0	5893	0	0	0	16591	0
693000	514	0	5933	0	0	0	14990	0
694000	393	0	6028	0	0	0	16303	0
695000	322	0	6057	0	0	0	16580	0
696000	601	0	5723	0	0	0	16160	0
697000	416	0	5950	0	0	0	16202	0
698000	475	0	5829	0	0	0	17401	0
699000	426	0	6017	0	0	0	16878	0
700000	598	0	5706	0	0	0	15318	0
701000	437	0	5963	0	0	0	16803	0
702000	495	0	5927	0	0	0	15716	0
703000	466	0	6035	0	0	0	17242	0
704000	543	0	5795	0	0	0	15913	0
705000	414	0	5865	0	0	0	16344	0
706000	544	0	5858	0	0	0	16265	0
707000	516	0	5770	0	0	0	15938	0
708000	331	0	6121	0	0	0	16797	0
709000	341	0	5884	0	0	0	16331	0
710000	432	0	5812	0	0	0	16495	0
711000	437	0	5915	0	0	0	16461	0
712000	532	0	5867	0	0	0	17685	0
713000	575	0	5728	0	0	0	14946	0
714000	435	0	5898	0	0	0	16382	0
715000	297	0	6111	0	0	0	16020	0
716000	515	0	5736	0	0	0	16236	0
717000	440	0	5871	0	0	0	16182	0
718000	435	0	5940	0	0	0	16895	0
719000	396	0	5953	0	0	0	16880	0
720000	493	0	5696	0	0	0	16713	0
721000	341	0	5937	0	0	0	16103	0
722000	554	0	5814	0	0	0	15161	0
723000	653	0	5809	0	0	0	14915	0
724000	528	0	5714	0	0	0	16400	0
725000	698	0	5668	0	0	0	16179	0
726000	400	0	5902	0	0	0	16473	0
727000	458	0	5951	0	0	0	16297	0
728000	470	0	5851	0	0	0	16453	0
729000	505	0	5941	0	0	0	16487	0
730000	412	0	6021	0	0	0	16253	0
731000	673	0	5742	0	0	0	16334	0
732000	400	0	5924	0	0	0	16387	0
733000	355	0	5983	0	0	0	16217	0
734000	340	0	5842	0	0	0	17198	0
735000	451	0	5904	0	0	0	16376	0
736000	566	0	5654	0	0	0	16638	0
737000	312	0	6078	0	0	0	16634	0
738000	517	0	5959	0	0	0	17497	0
739000	430	0	5949	0	0	0	15877	0
740000	368	0	5984	0	0	0	16845	0
741000	335	0	6072	0	0	0	16901	0
742000	546	0	5733	0	0	0	16030	0
743000	400	0	5822	0	0	0	16064	0
744000	541	0	5767	0	0	0	17082	0
745000	414	0	5807	0	0	0	16321	0
746000	476	0	5883	0	0	0	16541	0
747000	569	0	5697	0	0	0	16354	0
748000	386	0	5875	0	0	0	16290	0
749000	412	0	5942	0	0	0	15979	0
750000	464	0	5841	0	0	0	17264	0
751000	522	0	5809	0	0	0	16536	0
752000	582	0	5685	0	0	0	16371	0
753000	429	0	5852	0	0	0	16611	0
754000	408	0	6051	0	0	0	15695	0
755000	751	0	5557	0	0	0	15569	0
756000	464	0	5868	0	0	0	16885	0
757000	338	0	5885	0	0	0	17286	0
758000	486	0	5945	0	0	0	15941	0
759000	506	0	5985	0	0	0	15964	0
760000	524	0	5936	0	0	0	16374	0
761000	319	0	6005	0	0	0	16540	0
762000	607	0	5811	0	0	0	16805	0
763000	474	0	5786	0	0	0	16277	0
764000	410	0	5971	0	0	0	17298	0
765000	331	0	6090	0	0	0	17146	0
766000	380	0	5996	0	0	0	16603	0
767000	378	0	6023	0	0	0	17068	0
768000	446	0	5957	0	0	0	16131	0
769000	438	0	5986	0	0	0	16047	0
770000	318	0	6126	0	0	0	17232	0
771000	580	0	5736	0	0	0	16147	0
772000	462	0	5856	0	0	0	15726	0
773000	365	0	6124	0	0	0	16449	0
774000	479	0	5657	0	0	0	16165	0
775000	416	0	5903	0	0	0	17010	0
776000	423	0	5862	0	0	0	16902	0
777000	439	0	5763	0	0	0	15606	0
778000	270	0	6010	0	0	0	17262	0
779000	417	0	6021	0	0	0	16456	0
780000	477	0	5961	0	0	0	16444	0
781000	439	0	5939	0	0	0	16481	0
782000	400	0	5858	0	0	0	16909	0
783000	540	0	6013	0	0	0	15622	0
784000	488	0	5769	0	0	0	16454	0
785000	359	0	6004	0	0	0	15681	0
786000	446	0	6030	0	0	0	15828	0
787000	520	0	5801	0	0	0	16420	0
788000	465	0	5872	0	0	0	15335	0
789000	409	0	5964	0	0	0	15905	0
790000	370	0	5914	0	0	0	15495	0
791000	476	0	5882	0	0	0	17344	0
792000	355	0	5960	0	0	0	17300	0
793000	346	0	5942	0	0	0	17065	0
794000	543	0	5746	0	0	0	15641	0
795000	364	0	5853	0	0	0	15735	0
796000	296	0	6188	0	0	0	16312	0
797000	267	0	6139	0	0	0	16407	0
798000	293	0	6052	0	0	0	17089	0
799000	527	0	5835	0	0	0	16127	0
800000	391	0	5934	0	0	0	15647	0
801000	583	0	5843	0	0	0	16956	0
802000	297	0	6050	0	0	0	16981	0
803000	354	0	5921	0	0	0	16870	0
804000	400	0	5936	0	0	0	16374	0
805000	328	0	6057	0	0	0	16398	0
806000	502	0	5898	0	0	0	16126	0
807000	314	0	6054	0	0	0	17031	0
808000	424	0	6007	0	0	0	16894	0
809000	416	0	6017	0	0	0	16151	0
810000	440	0	5928	0	0	0	15333	0
811000	327	0	5901	0	0	0	15799	0
812000	469	0	6023	0	0	0	16188	0
813000	508	0	5760	0	0	0	16196	0
814000	374	0	6113	0	0	0	15956	0
815000	269	0	6062	0	0	0	15642	0
816000	429	0	5964	0	0	0	16675	0
817000	307	0	5955	0	0	0	17388	0
818000	456	0	5897	0	0	0	16133	0
819000	361	0	6101	0	0	0	16779	0
820000	517	0	5734	0	0	0	15424	0
821000	394	0	5921	0	0	0	15443	0
822000	479	0	5825	0	0	0	16237	0
823000	370	0	6107	0	0	0	16964	0
824000	460	0	5885	0	0	0	16252	0
825000	528	0	5974	0	0	0	17219	0
826000	372	0	6026	0	0	0	16243	0
827000	601	0	5788	0	0	0	16259	0
828000	468	0	5924	0	0	0	16353	0
829000	380	0	5999	0	0	0	16495	0
830000	458	0	6047	0	0	0	17158	0
831000	756	0	5600	0	0	0	14901	0
832000	243	0	6183	0	0	0	17646	0
833000	454	0	5904	0	0	0	16200	0
834000	635	0	5637	0	0	0	16840	0
835000	465	0	5901	0	0	0	16403	0
836000	616	0	5745	0	0	0	15934	0
837000	360	0	6022	0	0	0	15365	0
838000	533	0	5697	0	0	0	16153	0
839000	274	0	6114	0	0	0	17644	0
840000	333	0	5757	0	0	0	15758	0
841000	465	0	5921	0	0	0	15689	0
842000	417	0	5826	0	0	0	15562	0
843000	395	0	6036	0	0	0	15756	0
844000	618	0	5790	0	0	0	16235	0
845000	448	0	6013	0	0	0	15968	0
846000	424	0	5681	0	0	0	15771	0
847000	296	0	6159	0	0	0	16353	0
848000	496	0	5670	0	0	0	16289	0
849000	474	0	5913	0	0	0	15329	0
850000	425	0	5960	0	0	0	16661	0
851000	649	0	5615	0	0	0	15650	0
852000	605	0	5744	0	0	0	15687	0
853000	456	0	5840	0	0	0	16291	0
854000	462	0	5813	0	0	0	16157	0
855000	468	0	5843	0	0	0	16940	0
856000	323	0	6077	0	0	0	16848	0
857000	614	0	5725	0	0	0	15332	0
858000	387	0	6007	0	0	0	15757	0
859000	357	0	6022	0	0	0	16591	0
860000	614	0	5774	0	0	0	15326	0
861000	485	0	5804	0	0	0	15765	0
862000	404	0	6079	0	0	0	16209	0
863000	420	0	5898	0	0	0	15961	0
864000	342	0	6093	0	0	0	17257	0
865000	704	0	5618	0	0	0	15414	0
866000	527	0	5881	0	0	0	16220	0
867000	464	0	5820	0	0	0	16258	0
868000	498	0	5890	0	0	0	15863	0
869000	474	0	5855	0	0	0	16145	0
870000	489	0	5859	0	0	0	16077	0
871000	565	0	5849	0	0	0	16238	0
872000	516	0	5795	0	0	0	16662	0
873000	295	0	6041	0	0	0	18009	0
874000	346	0	6170	0	0	0	16387	0
875000	482	0	5876	0	0	0	15846	0
876000	390	0	6126	0	0	0	16986	0
877000	536	0	5862	0	0	0	15867	0
878000	304	0	5901	0	0	0	16739	0
879000	484	0	5769	0	0	0	16938	0
880000	462	0	5854	0	0	0	16744	0
881000	421	0	5874	0	0	0	15598	0
882000	681	0	5735	0	0	0	16023	0
883000	456	0	5894	0	0	0	16152	0
884000	514	0	5985	0	0	0	15478	0
885000	332	0	5833	0	0	0	16604	0
886000	432	0	5978	0	0	0	16438	0
887000	599	0	5827	0	0	0	16405	0
888000	453	0	5843	0	0	0	17604	0
889000	332	0	5880	0	0	0	15296	0
890000	469	0	6020	0	0	0	15757	0
891000	451	0	5895	0	0	0	16655	0
892000	340	0	6137	0	0	0	16995	0
893000	363	0	5842	0	0	0	17239	0
894000	531	0	5803	0	0	0	16578	0
895000	410	0	5866	0	0	0	17006	0
896000	623	0	5571	0	0	0	15407	0
897000	474	0	5912	0	0	0	16093	0
898000	449	0	5888	0	0	0	16337	0
899000	599	0	5838	0	0	0	16071	0
900000	411	0	5975	0	0	0	16360	0
901000	395	0	5927	0	0	0	17349	0
902000	565	0	5868	0	0	0	16020	0
903000	612	0	5788	0	0	0	16384	0
904000	481	0	6005	0	0	0	15802	0
905000	387	0	6109	0	0	0	16517	0
906000	441	0	6100	0	0	0	15787	0
907000	311	0	6073	0	0	0	17133	0
908000	329	0	6151	0	0	0	16218	0
909000	482	0	5963	0	0	0	16930	0
910000	500	0	5749	0	0	0	15916	0
911000	447	0	5974	0	0	0	16489	0
912000	532	0	5745	0	0	0	16463	0
913000	474	0	5954	0	0	0	16230	0
914000	401	0	5856	0	0	0	16019	0
915000	259	0	6068	0	0	0	17316	0
916000	542	0	5740	0	0	0	15727	0
917000	357	0	5839	0	0	0	15830	0
918000	379	0	6144	0	0	0	17109	0
919000	517	0	5892	0	0	0	16339	0
920000	370	0	6059	0	0	0	16680	0
921000	487	0	5941	0	0	0	16044	0
922000	409	0	5816	0	0	0	16617	0
923000	399	0	6100	0	0	0	16784	0
924000	538	0	5808	0	0	0	16682	0
925000	432	0	5997	0	0	0	15600	0
926000	407	0	5915	0	0	0	17474	0
927000	475	0	5700	0	0	0	15573	0
928000	465	0	5879	0	0	0	15258	0
929000	384	0	5817	0	0	0	16349	0
930000	456	0	6009	0	0	0	16342	0
931000	313	0	6083	0	0	0	16817	0
932000	401	0	6002	0	0	0	17717	0
933000	414	0	5952	0	0	0	15587	0
934000	335	0	5991	0	0	0	17454	0
935000	503	0	5988	0	0	0	15742	0
936000	433	0	5880	0	0	0	16176	0
937000	749	0	5625	0	0	0	15362	0
938000	388	0	5837	0	0	0	16225	0
939000	437	0	5914	0	0	0	15435	0
940000	394	0	5995	0	0	0	16198	0
941000	449	0	6026	0	0	0	16894	0
942000	375	0	5817	0	0	0	16435	0
943000	447	0	5958	0	0	0	16318	0
944000	470	0	6039	0	0	0	16130	0
945000	448	0	5833	0	0	0	17006	0
946000	388	0	5710	0	0	0	15763	0
947000	342	0	5973	0	0	0	16215	0
948000	515	0	5791	0	0	0	15751	0
949000	584	0	5749	0	0	0	15069	0
950000	400	0	5977	0	0	0	16352	0
951000	342	0	5906	0	0	0	16252	0
952000	506	0	5860	0	0	0	17510	0
953000	457	0	5780	0	0	0	16652	0
954000	401	0	6024	0	0	0	16817	0
955000	392	0	5865	0	0	0	16340	0
956000	521	0	5855	0	0	0	16177	0
957000	421	0	5997	0	0	0	16560	0
958000	364	0	6080	0	0	0	16584	0
959000	407	0	5931	0	0	0	15754	0
960000	442	0	5979	0	0	0	15883	0
961000	513	0	5939	0	0	0	16981	0
962000	270	0	6212	0	0	0	16920	0
963000	407	0	6145	0	0	0	16129	0
964000	508	0	5824	0	0	0	16912	0
965000	469	0	5815	0	0	0	16650	0
966000	354	0	6047	0	0	0	16670	0
967000	656	0	5704	0	0	0	16348	0
968000	401	0	5949	0	0	0	15556	0
969000	586	0	5813	0	0	0	15890	0
970000	442	0	5849	0	0	0	16711	0
971000	460	0	5968	0	0	0	17162	0
972000	597	0	5587	0	0	0	16003	0
973000	416	0	6024	0	0	0	16261	0
974000	498	0	5928	0	0	0	15734	0
975000	394	0	5820	0	0	0	16965	0
976000	429	0	6007	0	0	0	17102	0
977000	513	0	5671	0	0	0	16807	0
978000	399	0	5883	0	0	0	15914	0
979000	455	0	5927	0	0	0	15606	0
980000	451	0	5919	0	0	0	17151	0
981000	439	0	5975	0	0	0	16792	0
982000	277	0	5916	0	0	0	17449	0
983000	350	0	5892	0	0	0	16738	0
984000	604	0	5797	0	0	0	16109	0
985000	425	0	5872	0	0	0	15201	0
986000	295	0	5809	0	0	0	17082	0
987000	484	0	5736	0	0	0	16603	0
988000	409	0	5878	0	0	0	16340	0
989000	435	0	5921	0	0	0	16444	0
990000	446	0	6013	0	0	0	16547	0
991000	400	0	6064	0	0	0	16504	0
992000	424	0	5907	0	0	0	16864	0
993000	557	0	5721	0	0	0	15999	0
994000	338	0	6105	0	0	0	17350	0
995000	514	0	5821	0	0	0	16055	0
996000	408	0	5973	0	0	0	16210	0
997000	368	0	6019	0	0	0	17196	0
998000	572	0	5587	0	0	0	16633	0
999000	648	0	5791	0	0	0	16118	0
