0	0	0	0	14400	0	0	0	0
1000	15	317	388	13190	38	58	38361	244
2000	12	312	618	12854	32	73	39014	209
3000	26	337	819	12445	107	65	36878	473
4000	24	343	744	12489	66	126	35622	702
5000	26	288	765	12480	146	94	35808	832
6000	22	315	921	12183	66	200	35391	581
7000	33	319	825	12344	50	185	36531	777
8000	25	350	878	12123	70	269	34632	962
9000	22	290	981	12190	12	200	35009	630
10000	20	290	832	12393	14	262	36164	765
11000	21	329	916	12229	25	213	35937	729
12000	21	291	922	12229	37	253	36880	756
13000	34	308	867	12200	131	184	36467	897
14000	20	347	839	12190	171	225	35027	1095
15000	22	316	723	12307	185	273	36007	1440
16000	21	317	573	12608	92	297	36292	1056
17000	16	311	656	12555	95	279	37749	885
18000	33	286	762	12346	78	267	36760	1052
19000	22	329	843	12363	72	154	36719	575
20000	24	316	723	12440	66	270	36406	939
21000	17	353	625	12644	47	216	36589	823
22000	17	284	641	12620	30	259	37814	744
23000	17	323	780	12368	28	269	34828	1263
24000	41	276	811	12397	26	240	36389	822
25000	28	339	708	12530	14	242	37119	638
26000	16	323	657	12659	13	164	36734	580
27000	16	318	584	12852	15	107	37790	314
28000	13	336	536	12967	4	89	38569	142
29000	16	343	512	13043	1	69	37554	304
30000	16	301	913	12499	0	34	37495	76
31000	11	339	745	12690	0	34	37810	71
32000	9	299	576	13030	0	14	38813	36
33000	16	326	650	12872	0	13	38343	105
34000	25	326	779	12700	0	24	37544	40
35000	23	276	722	12755	0	48	37656	80
36000	24	307	684	12836	14	5	37109	15
37000	12	308	601	12976	6	13	37974	93
38000	12	337	559	13032	0	0	38946	2
39000	12	323	567	12872	102	22	37741	414
40000	29	327	776	12597	61	28	37042	164
41000	38	363	863	12406	26	32	37163	233
42000	17	285	925	12368	32	73	35877	359
43000	16	308	759	12593	17	91	37118	257
44000	18	317	644	12781	18	77	36953	285
45000	16	304	718	12723	2	72	38474	151
46000	11	340	566	12854	33	115	36883	333
47000	32	313	738	12587	15	135	37230	453
48000	22	356	847	12377	27	157	36930	625
49000	21	284	964	12244	27	139	37984	696
50000	11	304	674	12725	7	134	37180	410
51000	21	319	716	12673	10	95	37997	262
52000	31	341	851	12494	3	69	36922	151
53000	34	324	810	12531	6	77	36968	350
54000	24	343	954	12358	1	46	36080	42
55000	12	264	830	12612	18	23	37009	92
56000	41	309	983	12311	24	5	37228	88
57000	22	274	889	12493	92	0	37357	199
58000	29	323	736	12673	32	13	37479	249
59000	10	329	935	12346	58	33	36574	251
60000	20	357	748	12554	49	73	37242	258
61000	29	291	871	12419	71	44	37204	293
62000	17	298	872	12465	123	41	35132	398
63000	42	277	1098	12025	177	37	36681	739
64000	33	326	1153	11962	89	14	36527	264
65000	12	287	1035	12273	36	5	37379	187
66000	21	329	724	12746	32	1	37011	153
67000	22	296	850	12565	4	0	36751	5
68000	29	325	663	12767	75	24	37692	262
69000	14	376	741	12513	79	72	37123	435
70000	6	331	715	12529	74	159	36436	574
71000	28	323	773	12516	44	151	37519	485
72000	13	339	648	12730	26	139	36597	438
73000	22	338	796	12500	42	123	37963	397
74000	24	348	735	12584	53	105	36872	579
75000	12	328	633	12751	28	148	38381	462
76000	20	305	711	12655	30	131	37703	287
77000	16	308	706	12658	20	163	36661	472
78000	12	332	630	12799	10	111	36111	395
79000	17	347	780	12505	9	128	36943	477
80000	19	327	746	12618	7	95	36943	263
81000	10	334	746	12713	2	72	38911	130
82000	17	375	820	12420	26	126	35850	427
83000	26	322	833	12435	48	80	36104	364
84000	17	293	935	12288	74	78	36902	500
85000	33	336	749	12550	41	58	37068	389
86000	20	340	784	12582	70	22	36821	167
87000	20	324	786	12640	7	48	37545	165
88000	10	294	802	12642	5	27	37846	87
89000	16	293	770	12752	2	8	37701	16
90000	12	308	540	13080	9	11	38593	43
91000	15	351	605	12909	0	3	37435	16
92000	21	279	840	12392	207	20	36158	617
93000	31	334	906	12183	168	106	37361	717
94000	35	347	942	12215	106	104	36399	670
95000	18	368	679	12589	41	188	37376	550
96000	18	299	726	12465	32	288	35988	950
97000	9	311	705	12646	36	188	37648	680
98000	7	284	569	12824	41	215	37256	647
99000	20	362	550	12816	53	127	36240	561
100000	10	317	585	12857	31	134	37035	455
101000	32	308	595	12791	46	128	35892	428
102000	17	332	897	12264	45	170	38027	502
103000	10	301	630	12794	26	111	37613	311
104000	11	358	538	12931	25	80	37342	346
105000	28	302	771	12559	8	111	36766	336
106000	13	326	689	12767	0	83	37347	210
107000	15	362	484	13031	4	84	36652	135
108000	11	291	489	13091	0	63	37846	190
109000	13	362	570	12907	0	53	37352	178
110000	8	368	546	12976	0	52	38022	132
111000	9	278	589	13009	0	48	39173	158
112000	11	380	670	12783	0	34	36923	73
113000	18	294	696	12775	8	37	37920	189
114000	19	316	782	12677	20	19	37949	118
115000	24	334	716	12675	10	76	36967	344
116000	22	285	889	12471	19	65	37450	289
117000	31	295	810	12528	25	149	35662	494
118000	22	278	829	12471	53	128	36650	595
119000	21	341	690	12603	38	201	36727	524
120000	12	343	712	12562	6	239	36584	640
121000	13	300	715	12564	3	271	36988	603
122000	15	349	626	12831	0	87	36979	297
123000	18	325	744	12738	8	30	36877	71
124000	15	337	758	12694	9	0	37362	58
125000	27	304	775	12630	76	9	37323	223
126000	21	328	801	12585	25	30	36150	111
127000	20	327	820	12562	41	5	36286	167
128000	12	330	744	12680	54	8	36800	182
129000	15	340	737	12685	76	21	36924	303
130000	18	331	777	12563	55	33	35766	150
131000	31	319	859	12361	76	94	34625	424
132000	19	310	762	12507	128	95	37043	565
133000	22	328	643	12680	106	86	37358	552
134000	18	287	707	12557	127	130	36086	698
135000	12	290	884	12347	82	147	37454	778
136000	26	323	693	12537	38	214	35993	721
137000	24	343	691	12616	19	204	36114	493
138000	15	342	745	12556	29	148	38225	421
139000	19	320	773	12492	18	151	36787	373
140000	13	330	660	12730	16	125	37351	374
141000	21	357	713	12676	62	68	36205	481
142000	14	313	576	12885	14	117	37742	303
143000	27	330	562	12802	32	127	38317	558
144000	9	330	662	12712	13	168	37371	671
145000	10	296	781	12599	43	100	37692	478
146000	19	287	837	12410	6	130	37160	413
147000	8	297	664	12703	21	143	36999	413
148000	16	369	619	12617	57	196	37076	502
149000	28	349	744	12549	70	107	38103	598
150000	24	293	857	12366	90	100	36146	545
151000	46	279	859	12286	72	128	36949	640
152000	16	275	803	12528	54	127	38930	591
153000	17	331	689	12537	7	228	37215	626
154000	25	309	695	12647	8	172	36095	448
155000	15	315	597	12768	54	166	36663	678
156000	23	302	647	12690	28	191	37667	511
157000	7	392	634	12687	4	183	36029	450
158000	26	293	775	12571	14	111	36876	297
159000	16	351	761	12545	10	112	36047	408
160000	22	326	795	12544	4	131	37349	325
161000	28	288	885	12439	5	135	35470	496
162000	20	335	762	12602	3	73	36737	296
163000	17	322	730	12627	38	56	37366	247
164000	22	324	767	12632	47	16	38079	228
165000	30	338	798	12564	45	52	36594	378
166000	24	299	837	12428	45	149	37185	453
167000	24	332	977	12232	12	106	36742	258
168000	24	326	790	12479	1	137	35967	402
169000	28	316	832	12544	0	72	35438	172
170000	18	361	842	12512	2	15	36819	94
171000	14	352	765	12669	0	23	38074	139
172000	26	335	938	12250	135	30	37202	377
173000	30	316	710	12503	207	42	37089	636
174000	17	293	673	12543	265	94	37016	1148
175000	32	330	787	12295	182	135	36569	766
176000	24	337	716	12403	237	166	36696	1194
177000	21	290	799	12219	215	228	35836	1280
178000	22	330	674	12347	234	195	35764	805
179000	32	378	757	12337	193	101	36961	1143
180000	37	298	883	12198	258	120	35577	1007
181000	43	245	1029	11970	203	168	36126	1046
182000	44	321	903	12070	310	88	36997	1139
183000	37	340	758	12429	199	71	35935	737
184000	24	284	853	12244	198	162	35953	941
185000	23	282	679	12489	197	181	37195	906
186000	24	358	788	12261	181	189	35501	1078
187000	13	306	704	12477	164	193	37795	1176
188000	25	341	671	12458	134	213	36728	1171
189000	23	306	698	12515	51	251	35772	1017
190000	20	337	735	12339	52	342	36368	1349
191000	15	320	733	12385	64	339	36645	1174
192000	27	331	704	12314	124	325	36817	1168
193000	27	343	790	12190	162	274	36232	1029
194000	16	330	827	12297	166	128	35857	835
195000	11	312	764	12365	249	119	37160	774
196000	42	338	1036	11931	226	116	37261	715
197000	22	307	859	12157	202	204	35421	1073
198000	21	317	652	12496	135	256	36015	1085
199000	27	292	639	12459	129	332	37667	1245
200000	39	288	738	12222	251	283	36081	1253
201000	20	306	695	12261	257	352	35271	1928
202000	24	339	561	12364	257	394	34682	1983
203000	20	330	691	12114	270	421	35609	2260
204000	28	277	745	11868	356	527	34658	2277
205000	25	315	656	11996	384	548	35036	2585
206000	32	300	658	11826	477	539	34436	2421
207000	25	323	686	11850	445	553	34659	2464
208000	18	321	783	11892	272	497	34881	2481
209000	40	271	805	11834	206	585	36417	2159
210000	21	341	909	11738	151	572	35549	1701
211000	45	281	1026	11513	149	644	34803	2259
212000	19	309	844	11881	167	564	35614	2305
213000	18	341	647	12307	90	487	36121	1573
214000	18	300	673	12329	106	448	38466	1553
215000	23	299	841	11982	86	549	35508	2046
216000	22	360	737	12109	97	517	34445	1732
217000	30	296	691	12279	100	401	36967	1610
218000	23	306	692	12287	75	472	36181	1395
219000	28	289	641	12354	136	430	36325	1507
220000	32	338	833	12040	67	481	34801	1123
221000	27	319	784	12124	80	477	34276	1550
222000	20	316	817	11944	131	550	36759	2001
223000	19	336	891	11649	177	654	36189	2100
224000	32	302	764	11760	122	835	35292	2517
225000	22	301	735	11897	192	716	35282	2494
226000	27	322	551	11903	262	839	34992	3239
227000	28	293	598	11965	246	771	35149	3264
228000	41	353	626	11824	321	730	34449	3157
229000	18	275	767	11473	413	845	34757	3345
230000	28	323	689	11564	406	811	34646	3343
231000	23	302	730	11698	370	681	33937	2814
232000	20	261	736	11994	340	474	34642	2549
233000	29	264	764	11837	359	552	33683	2478
234000	25	282	643	12027	298	603	35589	2562
235000	26	284	656	12127	271	547	35418	2248
236000	23	285	725	12052	210	588	36734	1773
237000	15	297	691	12233	186	434	35687	1751
238000	43	331	824	11805	289	476	35714	2174
239000	29	287	750	11779	237	760	34885	2167
240000	23	272	768	11641	479	603	35079	2819
241000	13	332	788	11581	366	748	33224	2948
242000	25	361	686	11615	420	752	33010	3169
243000	21	316	675	11732	475	615	34933	3313
244000	40	290	886	11524	366	592	34504	3022
245000	23	309	688	11703	448	718	34725	2756
246000	20	316	728	11733	386	628	34043	3109
247000	28	295	1006	11220	444	649	33598	2991
248000	32	350	954	11349	418	612	34385	2999
249000	32	304	655	11648	385	804	34511	3523
250000	19	310	745	11556	334	878	34451	3595
251000	20	323	785	11460	365	885	34716	3385
252000	21	382	870	11117	319	1022	32783	3626
253000	23	300	785	11296	257	1133	33794	3865
254000	22	222	843	11219	298	1158	33713	4151
255000	14	334	669	11319	293	1213	33899	4456
256000	27	321	708	11146	433	1208	33503	4300
257000	36	315	722	11350	388	1024	32340	3901
258000	14	290	827	11166	483	1012	32388	3882
259000	31	329	798	11090	481	1105	33165	4703
260000	25	311	661	11166	478	1196	33391	4998
261000	40	306	689	11257	386	1117	33123	4379
262000	22	294	538	11503	293	1300	32629	4553
263000	22	328	625	11220	368	1333	32726	4810
264000	26	331	676	11148	342	1380	34215	4730
265000	29	306	742	11199	223	1314	33595	4818
266000	23	308	697	11456	309	1076	33853	4458
267000	24	351	689	11320	302	1185	33864	4200
268000	45	322	687	11143	406	1218	32384	4672
269000	17	287	688	11319	304	1260	32627	4752
270000	21	352	824	11141	362	1118	31962	4089
271000	33	314	573	11537	421	1032	34238	3886
272000	27	326	536	11520	332	1221	34136	4228
273000	18	352	628	11757	261	877	34633	3900
274000	14	308	686	11781	184	841	34680	2844
275000	23	271	820	11502	227	943	34173	2813
276000	22	318	740	11510	273	957	33193	3061
277000	33	313	718	11445	286	1042	33175	3650
278000	20	313	686	11717	258	887	35171	3414
279000	28	357	804	11488	208	891	33929	3016
280000	14	324	811	11756	114	776	34915	2571
281000	10	325	753	11956	109	701	35423	2011
282000	27	297	881	11717	55	782	35882	2294
283000	26	354	920	11796	52	555	34205	1678
284000	28	356	766	12035	49	596	35638	1572
285000	21	298	741	11925	105	696	34572	1781
286000	28	277	761	11923	185	624	35040	2017
287000	20	282	658	12041	181	751	35742	2543
288000	23	322	642	11848	185	823	34444	2572
289000	20	314	610	11749	355	850	33321	3739
290000	28	293	710	11391	311	1123	34855	4255
291000	22	313	708	11301	409	1055	33337	4097
292000	26	312	664	11484	420	937	32405	3916
293000	30	329	761	11321	491	906	33727	3915
294000	37	295	746	11333	512	926	34514	3878
295000	28	312	695	11326	448	1060	34000	4170
296000	20	353	708	11347	464	937	32750	3849
297000	22	316	556	11410	538	1044	34617	4562
298000	18	329	591	11579	449	962	33033	3935
299000	22	291	648	11556	428	947	34925	3894
300000	44	325	752	11461	454	804	34550	3745
301000	41	317	888	11058	431	1009	32736	3967
302000	30	345	825	11001	395	1221	31803	4579
303000	26	300	859	11062	376	1157	31684	4030
304000	39	340	972	10951	336	1087	33071	4083
305000	38	327	710	11044	351	1341	32417	4576
306000	28	315	780	11000	425	1287	32374	4433
307000	35	319	1027	10569	340	1378	31311	4504
308000	30	317	965	10749	417	1224	32494	4137
309000	36	293	986	10891	295	1201	33899	4083
310000	26	309	743	11204	351	1177	32591	4672
311000	42	299	706	11128	371	1293	32297	4877
312000	34	352	801	11094	276	1198	33191	4405
313000	23	297	852	11086	245	1275	33838	3540
314000	26	293	865	11227	231	1124	32823	4040
315000	16	329	776	11542	214	935	33918	3771
316000	20	311	541	11845	205	1019	33872	3397
317000	21	317	556	11890	353	827	35269	3292
318000	16	337	734	11609	261	869	33571	3385
319000	20	294	606	11761	332	930	33007	3740
320000	23	337	687	11748	297	790	34736	2892
321000	9	320	629	11809	206	850	34911	3299
322000	32	331	645	11782	143	938	34696	3338
323000	19	339	695	11627	301	872	33607	3275
324000	27	310	617	11653	235	1047	33372	3473
325000	22	305	627	11451	263	1212	33384	4368
326000	19	320	669	11523	188	1134	34699	3810
327000	20	337	588	11658	147	1167	34009	3224
328000	22	302	604	11659	156	1208	34718	3556
329000	18	305	541	11660	182	1243	33913	3947
330000	13	342	696	11260	134	1374	33538	4669
331000	24	311	677	11668	230	941	34094	2995
332000	13	306	771	11295	378	1062	33448	3983
333000	20	276	752	11364	326	1062	33360	3686
334000	31	329	756	11476	281	898	34905	3208
335000	31	322	708	11581	409	773	35222	3473
336000	35	288	705	11405	379	1047	33075	4168
337000	20	309	718	11371	452	957	33499	4060
338000	28	327	720	11108	422	1198	32344	4760
339000	22	345	599	11331	523	1095	33357	4281
340000	27	275	645	11239	610	1060	33277	4613
341000	46	271	865	10792	593	1161	32362	4865
342000	30	305	880	10807	556	1165	32103	4881
343000	20	294	836	10566	614	1454	31765	5547
344000	30	281	685	11141	445	1320	31534	4732
345000	29	269	561	11049	410	1571	32509	5393
346000	30	324	673	10908	352	1564	31487	4936
347000	33	333	608	10991	293	1660	32407	4939
348000	24	377	613	11015	307	1585	31840	4903
349000	27	297	668	11067	349	1478	33089	5139
350000	19	302	587	11264	354	1379	33248	5060
351000	28	353	614	11190	424	1291	33573	4669
352000	33	331	817	11075	430	1076	33742	4219
353000	36	342	813	10873	420	1254	32663	4353
354000	31	289	876	10915	339	1332	33147	4620
355000	19	296	799	10836	459	1385	31762	4687
356000	25	279	721	11015	587	1191	32614	4547
357000	29	326	765	11137	450	1108	33469	4017
358000	33	302	602	11580	399	1001	33657	3961
359000	25	273	622	11498	395	1052	33881	4120
360000	9	332	775	11436	309	972	32866	4095
361000	27	319	756	11168	329	1183	32734	4278
362000	25	357	517	11549	361	1110	33990	4191
363000	30	344	715	11594	267	900	34880	3106
364000	16	292	644	11556	252	1147	33639	4073
365000	17	333	640	11361	309	1246	32989	4507
366000	18	347	566	11388	265	1309	34398	4409
367000	36	306	705	11281	181	1319	33028	3865
368000	13	311	698	11504	193	1131	33907	3770
369000	17	323	595	11700	191	1056	32419	3116
370000	21	327	704	11465	370	966	33794	3583
371000	37	336	769	11473	384	820	34249	3723
372000	35	320	812	11173	350	1105	33010	3841
373000	19	290	673	11397	321	1183	33515	4239
374000	20	311	629	11298	365	1230	32953	4212
375000	34	295	739	11285	361	1088	31614	4737
376000	30	310	757	11282	311	1123	34268	4134
377000	45	260	794	11171	367	1110	32862	3856
378000	25	309	925	11084	258	1091	33398	3622
379000	18	341	817	11341	261	1019	33608	3545
380000	15	343	805	11372	346	912	32908	3849
381000	18	345	668	11885	241	736	34115	2736
382000	19	314	571	11888	268	864	35851	3229
383000	15	293	660	11683	326	915	33332	2988
384000	27	311	696	11778	287	719	35813	2708
385000	37	282	810	11590	253	864	34380	3205
386000	14	339	679	11914	141	762	37001	2681
387000	19	346	734	11845	74	848	34689	2863
388000	16	321	695	11869	83	873	34796	2463
389000	15	318	728	11848	168	789	35399	2643
390000	25	371	654	11982	168	680	34371	2031
391000	10	338	600	12107	152	668	35219	2279
392000	20	301	579	12076	233	703	35590	2812
393000	36	312	805	11503	295	860	34014	2804
394000	28	313	809	11401	280	967	33792	3526
395000	22	310	706	11428	258	1093	33799	3603
396000	18	276	583	11849	220	1014	33435	3417
397000	17	303	591	11654	252	1093	33862	3514
398000	17	294	682	11378	94	1388	33136	3793
399000	18	338	739	11535	148	1040	34782	3269
400000	15	352	660	11540	158	1181	33575	3744
401000	10	349	619	11478	113	1358	33415	4443
402000	22	281	597	11572	89	1307	34563	3861
403000	12	312	622	11566	251	1166	34550	3602
404000	17	335	533	11614	277	1164	32540	4402
405000	30	329	604	11517	287	1138	33849	4045
406000	18	307	639	11341	362	1236	32239	4492
407000	22	336	726	11213	414	1130	33308	4583
408000	26	326	721	10968	414	1393	32333	5010
409000	17	318	685	10934	319	1605	31071	5825
410000	15	326	674	11066	249	1544	33075	4574
411000	19	298	553	11007	523	1525	31224	5530
412000	31	303	654	10694	656	1533	31707	5306
413000	24	319	662	10735	597	1552	31414	6118
414000	37	277	789	10682	624	1379	31784	5820
415000	39	343	641	10813	647	1405	31100	5470
416000	19	330	653	10868	733	1295	30985	4858
417000	34	333	673	10647	718	1409	31878	5649
418000	29	321	664	10745	691	1454	31032	6378
419000	44	278	661	10849	671	1350	31610	5856
420000	22	333	638	10581	648	1641	31415	6445
421000	8	356	661	10676	405	1808	31334	6120
422000	33	305	635	10601	450	1895	30562	6166
423000	32	330	789	10597	519	1509	30778	5586
424000	19	297	768	11033	566	1146	33272	4700
425000	38	335	614	10990	531	1406	31583	5600
426000	43	315	723	11015	620	1115	34002	4520
427000	33	316	803	11107	585	981	32639	4519
428000	31	373	976	10647	573	1108	32671	4673
429000	40	280	1005	10820	451	1099	33666	4105
430000	29	341	939	10966	516	948	33768	3946
431000	31	299	971	11090	458	832	34283	3248
432000	23	284	859	11227	436	931	33521	3847
433000	17	275	737	11437	527	850	34453	3864
434000	31	286	935	11226	446	838	32809	3554
435000	42	279	931	10912	500	1062	32261	4341
436000	32	289	822	11104	379	1114	34788	4460
437000	22	316	816	11206	408	1050	34091	4173
438000	29	274	959	11032	363	1072	32632	4374
439000	33	290	737	11378	337	1018	34495	3724
440000	31	281	665	11682	353	895	33618	3384
441000	25	312	598	11795	219	981	33980	3759
442000	31	312	633	11830	237	866	33863	3334
443000	19	309	732	11847	263	663	33860	2773
444000	31	321	784	11724	222	712	35840	2647
445000	32	282	665	11992	176	726	35464	2652
446000	13	299	786	11717	190	793	33831	2830
447000	19	316	660	12034	234	627	34641	2806
448000	25	307	792	11994	162	492	35122	1970
449000	26	297	772	12029	154	560	34329	1880
450000	33	342	795	11949	207	422	34185	1388
451000	35	311	882	12003	161	386	35822	1538
452000	33	323	815	11812	253	501	35626	2277
453000	36	368	870	11756	169	532	34838	1914
454000	27	338	661	12109	109	643	35061	1992
455000	18	325	706	12238	76	530	35736	1925
456000	31	348	680	12151	82	550	35634	1443
457000	27	322	683	12059	212	529	36647	2177
458000	16	380	671	12067	193	558	35486	2072
459000	12	318	652	12004	270	618	35873	2463
460000	25	361	638	12062	328	421	35104	2285
461000	18	334	693	12130	224	437	36530	2020
462000	20	319	626	12308	171	454	36112	1813
463000	21	303	745	12013	153	567	35800	2125
464000	5	355	596	12431	108	402	34714	1630
465000	18	311	534	12412	88	589	35196	2094
466000	12	300	498	12306	126	715	36408	2804
467000	9	321	660	12056	71	785	34709	2653
468000	19	320	635	12101	90	728	35697	2187
469000	23	343	704	11987	121	701	35297	2158
470000	26	358	651	12130	123	589	36192	2019
471000	19	316	651	12183	171	584	34604	2215
472000	11	298	728	12039	203	563	36510	1779
473000	15	323	794	11997	147	597	36370	1626
474000	24	299	732	11894	144	744	35392	2399
475000	29	272	665	12112	207	568	36558	2053
476000	20	318	614	12081	242	634	35133	2673
477000	18	322	757	11912	147	670	34769	1907
478000	41	332	744	11980	165	577	35754	1986
479000	18	343	620	12151	207	523	36161	2028
480000	25	334	764	11688	260	691	34206	2540
481000	24	320	705	11831	262	752	36330	2804
482000	22	284	725	11907	233	673	36146	2091
483000	36	296	708	11950	341	482	34969	2155
484000	37	281	605	12260	297	437	34907	1802
485000	30	352	804	11968	233	403	33937	2084
486000	19	345	762	11948	311	471	35534	2498
487000	21	365	811	11928	259	440	35248	1860
488000	42	283	1043	11611	206	488	35496	2080
489000	19	294	1089	11727	179	281	35512	1416
490000	23	307	875	12014	212	357	35626	1524
491000	20	343	733	11962	195	542	35166	1856
492000	21	284	838	11944	258	418	35176	1728
493000	23	278	784	11973	323	437	34435	2042
494000	26	328	811	11676	286	626	34842	2486
495000	27	296	618	11718	330	915	33800	3459
496000	22	312	666	11594	285	1013	33385	3949
497000	18	290	642	11660	242	1008	35789	3737
498000	27	324	672	11693	249	881	34360	3190
499000	31	321	803	11547	282	783	33786	2919
500000	35	307	848	11514	131	925	34703	2912
501000	18	353	696	11795	159	845	34263	2913
502000	18	313	627	11912	166	848	35026	2972
503000	28	345	768	11596	134	894	34331	3138
504000	33	297	793	11694	179	769	34647	2635
505000	26	314	770	11564	335	840	34258	3128
506000	22	332	659	11765	189	855	34369	2609
507000	41	321	639	11672	294	882	33688	3087
508000	20	309	681	11641	407	790	34095	3237
509000	19	321	708	11641	420	723	33608	3245
510000	30	323	536	11557	464	1029	33265	4005
511000	23	366	626	11203	477	1170	33508	4096
512000	46	334	614	11197	417	1264	32912	4959
513000	20	289	734	11276	271	1232	34196	4139
514000	45	338	666	11129	404	1271	31933	4562
515000	33	323	596	11072	523	1354	32523	4799
516000	23	307	646	11097	556	1275	33021	5359
517000	30	282	836	10704	495	1435	31378	5415
518000	27	323	704	11003	408	1382	32641	4631
519000	31	283	782	10937	396	1336	33110	4519
520000	36	299	686	10988	413	1377	31330	4827
521000	29	312	749	10861	398	1480	31877	5082
522000	35	336	824	11011	513	1088	32860	4350
523000	31	314	732	10988	518	1243	31701	5215
524000	57	274	788	10847	581	1216	33662	4896
525000	36	296	958	10310	698	1445	32646	5828
526000	41	311	805	10385	811	1401	30509	6054
527000	22	316	737	10541	604	1615	30645	6492
528000	22	292	779	10562	572	1534	32358	6005
529000	27	247	779	10888	612	1271	32407	5181
530000	15	303	691	10920	632	1298	31361	5470
531000	41	301	823	10696	624	1287	32257	5073
532000	24	287	717	10620	573	1607	33548	6269
533000	21	280	760	10427	642	1719	32106	6708
534000	29	278	656	10115	606	2167	29636	7068
535000	32	293	577	10193	597	2218	29786	8043
536000	42	303	585	10448	535	1990	30862	7180
537000	23	347	557	10619	463	1951	30977	6842
538000	28	304	701	10526	487	1803	31671	6455
539000	41	348	743	10462	474	1667	31356	6371
540000	24	303	653	10468	439	1966	30756	6835
541000	32	281	797	10360	537	1746	30145	5872
542000	28	295	703	10060	431	2321	29301	7723
543000	25	316	480	10190	351	2587	30566	8316
544000	35	277	529	10095	459	2534	29463	8657
545000	21	317	635	10077	433	2379	31451	7524
546000	9	306	434	10375	468	2404	30377	7686
547000	34	331	677	10257	473	2074	29409	7247
548000	34	284	646	10347	550	2063	30860	7450
549000	41	307	747	9855	629	2198	28770	7903
550000	20	335	656	9927	552	2354	29614	7831
551000	37	339	641	10217	524	2120	30140	7053
552000	22	346	610	10378	479	2058	29932	6933
553000	24	338	592	10187	567	2202	30009	8050
554000	30	292	484	10407	681	2068	30634	7523
555000	41	330	628	10121	603	2166	30843	7849
556000	31	357	575	10139	875	1923	29424	7873
557000	36	320	554	9851	999	2188	28746	8717
558000	46	290	539	9789	1179	2067	29068	9091
559000	42	285	714	9460	1346	2015	27354	9157
560000	42	315	671	9378	1339	2121	27583	9521
561000	40	262	583	9254	1386	2381	27304	10493
562000	35	337	719	9688	1059	2025	28778	9354
563000	43	331	664	9868	1023	1955	28110	8442
564000	48	278	638	9562	1071	2248	27594	9274
565000	57	264	751	9600	964	2146	29835	8698
566000	36	319	841	9728	772	2080	28834	8715
567000	34	322	613	9761	841	2313	29006	8624
568000	30	278	552	9758	806	2490	28612	8551
569000	40	279	794	9169	737	2758	26935	9862
570000	29	290	683	9275	777	2826	27978	9905
571000	33	301	659	9072	699	3120	26810	10516
572000	31	314	576	9117	781	3075	26249	10062
573000	40	315	551	9062	728	3208	26366	11253
574000	34	287	714	8796	752	3283	25832	11079
575000	50	283	747	8777	925	3003	25885	11222
576000	35	260	807	8342	1060	3264	25560	12705
577000	31	278	725	8363	873	3567	25041	13676
578000	44	297	652	8478	783	3633	24931	12505
579000	36	302	636	8530	803	3566	25495	12113
580000	54	305	748	8452	1116	3158	24702	12610
581000	50	314	721	8416	1275	3027	25627	11775
582000	65	330	701	8267	1293	3161	23774	12432
583000	41	314	656	8169	1249	3448	24059	13070
584000	40	305	611	8189	1156	3593	24330	12923
585000	34	272	652	8193	1092	3591	25146	13115
586000	30	309	526	8412	1184	3467	23689	12751
587000	34	314	660	8367	1042	3440	25826	12839
588000	45	305	696	8407	1056	3347	25485	11724
589000	43	277	681	8516	1076	3238	24710	12625
590000	43	274	677	8369	1273	3255	25070	12394
591000	43	277	665	8596	1176	3089	25929	12331
592000	38	272	732	8291	1133	3328	24685	12006
593000	40	278	872	8202	1066	3309	24873	12190
594000	60	263	909	7875	1133	3480	24839	12580
595000	51	309	681	8319	1165	3357	24804	13084
596000	51	351	652	8334	1313	3142	26265	11372
597000	40	310	606	8526	1307	3077	25352	12406
598000	34	268	690	8649	1039	3116	26426	11532
599000	34	294	502	8947	1025	3126	25932	11400
600000	30	331	510	9066	935	3080	25839	11596
601000	21	336	588	9120	1021	2799	26068	10844
602000	60	322	707	8553	1291	2927	24694	11745
603000	47	272	921	8415	1182	2876	26607	11662
604000	36	273	690	8864	1262	2740	26356	11141
605000	42	316	709	8440	1236	3104	26476	12002
606000	51	287	670	8682	1188	2969	25999	11296
607000	45	291	887	8240	1113	3159	25490	11636
608000	53	284	882	8277	1157	3074	25579	11361
609000	45	344	674	8907	1194	2716	25748	10577
610000	37	261	677	8918	1291	2684	26397	11172
611000	47	276	691	8585	1467	2726	26081	11306
612000	49	317	700	8474	1364	2957	25226	13111
613000	35	335	542	8439	1336	3226	25561	12247
614000	44	308	709	8517	1017	3193	24798	10621
615000	27	309	725	8716	818	3223	27835	11277
616000	35	357	724	8494	975	3217	25808	11826
617000	55	315	723	8915	907	2903	26556	11514
618000	34	308	496	9168	905	3019	26585	11779
619000	42	330	568	8975	984	3012	25947	10851
620000	43	297	696	9025	1046	2720	27221	10600
621000	35	271	831	9121	911	2611	27633	9793
622000	30	276	666	9226	905	2732	28935	9838
623000	37	319	572	8916	989	3063	26351	11653
624000	40	292	515	8728	1120	3248	24921	11446
625000	51	254	608	8419	1221	3301	24405	12339
626000	43	293	568	8556	1236	3222	25600	13205
627000	47	299	709	8512	1107	3098	26213	11651
628000	39	300	724	8535	1026	3163	26284	11313
629000	49	276	696	8622	1107	3127	25076	12059
630000	55	273	851	8339	1222	2994	25552	12011
631000	42	268	756	8654	1119	2967	25699	11546
632000	40	285	692	8976	912	2918	26467	11056
633000	30	306	605	9021	995	2933	27354	10068
634000	46	264	814	8693	1001	2921	27143	11142
635000	53	298	752	9033	927	2722	27314	10272
636000	40	285	793	8790	1067	2824	26437	10294
637000	47	280	767	8408	1278	3019	25834	11480
638000	44	288	764	8260	1292	3121	25585	11723
639000	54	262	654	8302	1476	3122	24763	12740
640000	40	298	714	8504	1338	2943	24652	12183
641000	53	279	623	8521	1348	3059	24493	11396
642000	40	309	485	9144	1390	2550	26487	12124
643000	45	291	510	9532	1319	2229	28081	9692
644000	35	270	771	9484	1027	2201	27999	9080
645000	41	310	660	9359	1297	2196	27631	9095
646000	36	269	743	9473	1030	2266	29352	9229
647000	33	280	863	9232	1069	2262	27801	9023
648000	46	303	701	9557	924	2327	28159	9533
649000	24	324	640	9760	793	2318	29177	8281
650000	37	354	657	9679	972	2174	29309	8746
651000	29	301	685	9694	574	2563	28639	8952
652000	32	314	703	9312	697	2781	28438	9705
653000	40	316	683	9413	731	2693	27933	9345
654000	30	337	848	8830	879	2824	25993	10789
655000	43	287	699	8914	1008	2920	27568	10972
656000	31	309	767	8678	976	3042	26176	10527
657000	31	350	698	9020	858	2914	26612	9775
658000	23	337	576	9117	865	2999	25659	10876
659000	38	337	758	9097	721	2886	26506	10367
660000	24	270	575	8989	693	3390	26306	11192
661000	24	326	609	8821	549	3570	25136	12143
662000	29	314	596	8801	685	3497	26389	11737
663000	30	321	660	8765	524	3569	25824	10938
664000	37	285	615	8678	854	3427	25929	12232
665000	27	277	713	8754	933	3163	25679	11647
666000	46	280	570	8639	1013	3362	25543	12400
667000	41	305	579	8783	1110	3067	26194	11654
668000	50	320	743	8752	1419	2495	27465	10513
669000	53	263	739	8730	1308	2723	26362	11764
670000	49	288	619	8857	1606	2451	26375	12675
671000	57	277	779	8691	1551	2430	27523	11396
672000	52	318	682	9044	1219	2521	26465	10713
673000	50	304	700	9069	1090	2592	26056	10389
674000	30	292	717	9235	1030	2493	28565	10311
675000	51	294	668	8881	1111	2822	26331	10673
676000	53	295	783	9034	1139	2433	27486	10580
677000	61	290	845	9059	1138	2380	27246	9322
678000	46	296	668	9439	1156	2249	28579	8753
679000	43	320	941	9168	1040	2207	28025	9101
680000	53	332	947	8840	1098	2449	27954	9535
681000	33	298	776	9220	1013	2472	27041	9449
682000	44	303	825	8810	1008	2777	25978	10435
683000	60	323	847	8679	973	2821	26515	9807
684000	51	282	710	9078	967	2732	26370	9410
685000	52	259	761	9170	1028	2514	27130	10020
686000	33	332	664	9498	1016	2322	28048	8876
687000	42	299	714	9567	1073	2128	27499	9333
688000	38	347	692	9633	1038	2107	28689	8848
689000	49	301	767	9686	1080	1933	28890	8537
690000	45	309	837	9493	1161	1911	29182	8400
691000	36	310	985	9402	839	2143	28360	8164
692000	38	289	901	9678	918	1916	29716	8579
693000	30	275	833	9695	737	2192	29125	7886
694000	30	311	688	9953	600	2278	30874	8166
695000	17	271	547	10235	669	2201	30503	8160
696000	41	288	626	9703	967	2298	29171	9274
697000	41	267	620	9820	959	2128	28071	9298
698000	39	297	712	9961	985	1866	29010	7606
699000	36	357	659	9963	941	1879	30545	7671
700000	37	289	717	10263	805	1726	29507	6814
701000	33	298	836	10261	737	1618	31077	6714
702000	34	294	760	10324	626	1727	31516	7075
703000	39	337	672	10368	603	1839	29689	6588
704000	33	313	783	10098	677	1905	29385	7051
705000	29	317	657	10294	618	1945	29579	6905
706000	23	279	584	10147	655	2251	30114	7791
707000	49	300	697	9671	699	2446	27939	8619
708000	23	291	675	9842	695	2316	29069	8788
709000	21	315	552	10165	726	2135	30051	7764
710000	37	303	680	9908	741	2177	29836	8494
711000	53	285	794	9796	692	2132	30428	7457
712000	38	275	773	9934	706	2069	28962	7665
713000	27	314	610	10095	790	2046	30416	8450
714000	37	313	750	9941	623	2143	29528	7403
715000	40	313	670	9833	691	2278	28901	8078
716000	34	360	635	9992	707	2138	28719	7956
717000	40	293	645	10243	757	1897	30231	7144
718000	35	317	710	9874	860	2002	28699	8028
719000	42	354	810	10071	768	1754	30443	6971
720000	36	288	689	10344	611	1860	30687	7350
721000	32	327	621	10642	642	1586	31020	5913
722000	33	344	640	10756	668	1472	31726	5878
723000	36	287	823	10639	684	1291	32536	5478
724000	56	280	699	10544	916	1304	30747	6008
725000	38	353	848	10385	822	1319	30074	6026
726000	34	298	857	10453	678	1396	32189	5881
727000	33	295	789	10436	791	1477	31221	6298
728000	44	284	576	10848	572	1580	29733	6252
729000	34	296	730	10682	642	1399	32237	5760
730000	36	283	724	10649	616	1510	31308	6136
731000	20	351	589	10904	525	1526	31530	5547
732000	23	315	554	10746	686	1595	30223	6470
733000	42	285	633	10480	664	1784	31423	7396
734000	36	315	768	10060	668	1908	30631	6738
735000	44	342	629	10178	639	2067	28592	7547
736000	31	327	617	9921	745	2270	28211	7997
737000	28	279	726	9693	621	2476	29488	8629
738000	38	284	656	9540	698	2611	28584	9280
739000	23	325	588	9635	707	2635	28948	8819
740000	27	265	716	9575	808	2502	28921	9292
741000	28	273	795	9119	996	2596	27724	9626
742000	29	312	734	9260	916	2574	27334	9377
743000	35	313	723	9326	891	2577	28060	9449
744000	34	302	757	9671	786	2239	29527	8862
745000	38	315	722	10047	633	2066	28593	8162
746000	34	255	929	9869	507	2156	30020	7553
747000	63	284	871	9906	703	1934	30651	7287
748000	47	321	650	10099	800	1959	29462	7348
749000	25	293	682	10231	713	1881	28975	7861
750000	43	251	824	10153	734	1753	30574	6815
751000	44	323	805	10234	527	1803	31343	6080
752000	26	354	643	10631	539	1687	30859	5870
753000	30	318	665	10663	408	1755	31671	6240
754000	33	294	822	10644	454	1553	31175	6348
755000	27	326	855	10224	444	1853	31700	5958
756000	33	309	775	10539	532	1629	31725	6083
757000	46	336	599	10619	548	1696	31511	6206
758000	35	310	575	10767	569	1640	31571	6302
759000	29	329	618	10834	502	1570	31752	5501
760000	36	333	604	11164	400	1366	32012	4672
761000	32	320	650	11271	314	1295	32396	4570
762000	10	278	669	11524	295	1053	32932	3930
763000	26	345	667	11337	310	1120	34750	3955
764000	29	342	803	11407	165	1031	32483	3030
765000	18	337	748	11513	94	1085	35364	2876
766000	29	250	872	11316	131	1166	33912	3726
767000	24	372	771	11475	133	1021	33989	2811
768000	27	369	729	11543	81	1066	33386	3317
769000	31	301	763	11681	127	900	34002	2886
770000	16	358	648	11945	170	730	35886	2187
771000	19	316	751	11825	160	732	34361	2780
772000	23	346	757	11838	140	728	35124	2195
773000	24	338	622	12120	57	721	36493	2608
774000	16	358	625	12087	116	729	34795	2110
775000	14	343	627	12012	135	799	34477	2669
776000	28	298	781	11721	186	803	36079	2544
777000	24	324	758	11711	206	771	34924	2793
778000	25	274	718	11523	242	1033	32724	3805
779000	20	273	709	11601	240	993	34862	3852
780000	23	326	834	11402	261	952	33529	3363
781000	29	311	928	11215	200	1031	33456	3679
782000	23	338	786	11426	180	1042	33327	3667
783000	24	281	736	11440	282	1029	34942	3206
784000	16	310	606	11741	418	803	35676	3470
785000	31	339	733	11429	380	887	33848	3760
786000	17	267	658	11701	425	831	33354	3651
787000	25	339	759	11678	387	645	34544	2999
788000	32	330	815	11503	516	613	33858	3190
789000	27	294	838	11604	450	608	35502	2624
790000	32	312	850	11837	307	452	35221	2376
791000	16	331	762	11823	389	470	35382	2389
792000	29	319	844	11780	216	568	36178	2660
793000	25	307	761	11887	208	623	35913	2140
794000	16	326	700	11813	287	694	34816	2341
795000	22	320	772	11789	283	669	36001	2489
796000	42	374	863	11581	184	662	34659	2493
797000	41	293	686	11825	231	741	35951	2404
798000	18	336	770	11705	274	703	34334	2624
799000	37	311	775	11583	302	829	33961	3107
800000	26	280	631	11876	358	760	34482	2954
801000	29	291	756	11659	448	656	34122	3003
802000	26	327	710	11825	386	566	34607	2774
803000	25	333	662	11862	410	582	34269	2935
804000	19	306	769	11833	258	615	35289	2494
805000	32	336	831	11640	230	663	36376	2754
806000	21	328	750	11768	289	667	33829	2500
807000	44	282	730	11777	277	678	35891	2416
808000	18	318	644	11683	339	875	35257	3179
809000	29	326	769	11518	393	801	34955	3059
810000	33	316	839	11481	326	781	34801	2925
811000	42	295	834	11442	320	854	34748	3202
812000	30	324	1035	11059	373	797	34644	3269
813000	40	290	923	11262	542	669	33039	3089
814000	45	276	937	11076	649	769	33208	3403
815000	30	287	1023	10971	511	858	32262	3916
816000	30	310	1058	11225	251	714	34674	2915
817000	21	279	915	11506	300	706	34969	2407
818000	25	331	899	11644	239	600	34147	2798
819000	29	301	880	11813	340	423	34188	2177
820000	27	316	557	12024	312	676	34662	2873
821000	31	304	701	11936	248	649	34433	2209
822000	14	327	738	11887	206	644	35439	2285
823000	29	346	774	11681	252	717	34963	2590
824000	28	313	594	11977	194	808	35070	2575
825000	33	367	598	11648	273	935	34232	3276
826000	27	317	751	11376	224	1102	33653	3634
827000	40	320	742	11098	456	1146	33394	4089
828000	38	255	758	11191	509	1054	32791	4803
829000	21	315	666	11381	517	986	34642	3982
830000	38	370	860	10994	530	998	33573	4438
831000	23	296	729	11247	576	990	33274	4319
832000	35	270	622	11247	568	1152	33473	4545
833000	34	315	889	10935	506	1093	33000	4622
834000	23	317	791	10911	519	1229	32837	5077
835000	42	344	708	11056	478	1218	32927	4187
836000	23	308	616	11292	514	1149	33577	4140
837000	25	301	684	11070	586	1188	31935	5287
838000	40	305	685	10700	709	1399	32424	5820
839000	31	314	734	10739	611	1402	30797	6260
840000	27	349	705	10755	650	1342	32650	5570
841000	21	331	697	10682	466	1633	31981	5998
842000	22	318	724	10849	388	1503	31616	5809
843000	27	332	841	10653	413	1509	31971	5297
844000	20	340	871	11040	365	1120	33541	4433
845000	35	325	676	11143	461	1216	32091	4719
846000	34	320	795	10727	647	1238	31324	4868
847000	36	332	779	10911	425	1348	32636	4575
848000	24	274	680	10797	385	1696	32323	5317
849000	33	266	676	10737	452	1699	31856	5566
850000	27	300	772	10406	451	1829	30380	6347
851000	36	293	630	10715	611	1608	30517	6152
852000	21	304	525	10892	477	1703	31346	6325
853000	36	333	508	10683	464	1934	31413	6069
854000	20	313	628	10577	470	1893	30264	6900
855000	31	262	655	10434	507	1968	29962	7184
856000	37	295	811	10093	604	1916	29233	6928
857000	35	298	883	9839	867	1867	29096	7404
858000	42	283	978	9591	947	1841	29056	7528
859000	70	308	1009	9232	1117	1919	28066	8636
860000	53	275	1092	8922	1271	2022	27568	8859
861000	47	312	1083	9307	937	1928	26530	8861
862000	45	320	841	9675	1080	1788	28114	8197
863000	49	294	742	9773	1061	1897	29359	8511
864000	31	294	725	9717	1046	2021	29353	9176
865000	50	298	618	9863	1081	1951	28466	8396
866000	42	268	635	9931	981	2055	30629	8752
867000	32	289	638	9963	886	2074	28099	9107
868000	56	301	711	9595	764	2395	29000	8850
869000	52	303	718	9776	950	2049	28536	8515
870000	47	249	761	9616	996	2155	29951	8479
871000	45	298	850	9285	1169	2091	27658	8688
872000	47	274	869	9425	983	2113	28724	7715
873000	25	303	850	9524	1056	2025	28731	8540
874000	50	313	695	9697	1211	1883	29144	8578
875000	34	299	766	9550	1143	2010	28977	8854
876000	41	352	668	9543	1176	2116	28066	8809
877000	62	247	757	9177	1219	2361	28449	11166
878000	36	340	539	9436	1116	2463	26942	10200
879000	36	345	557	9449	950	2575	27852	9282
880000	44	306	631	9042	1173	2704	27525	9814
881000	52	262	585	9135	1311	2540	27578	11277
882000	22	268	684	9105	1242	2505	26658	10788
883000	36	290	644	8511	1500	2869	25650	11137
884000	57	279	617	8593	1583	2790	23820	11678
885000	56	290	630	8476	1475	2959	25603	12119
886000	58	298	597	8404	1637	2880	25329	13164
887000	55	267	669	8307	1748	2780	25367	13072
888000	67	269	850	7807	1652	3133	24531	12671
889000	75	244	792	7890	1853	2833	24875	13375
890000	57	267	791	7925	1807	2975	24124	13322
891000	60	297	823	7938	1785	2858	23434	13033
892000	55	261	764	8119	1496	3076	25061	12768
893000	75	313	576	8205	1699	3047	24489	13259
894000	52	294	652	8228	1723	2925	23593	13061
895000	42	297	652	8087	1627	3155	24400	13191
896000	46	295	577	8349	1649	3011	24680	13104
897000	48	260	632	8136	1500	3267	25983	13186
898000	62	258	678	8066	1570	3200	24440	13543
899000	64	278	718	7714	1474	3536	24207	13565
900000	36	297	693	7931	1406	3521	24177	13754
901000	51	304	672	8478	1248	3112	24537	13165
902000	48	265	560	8437	1204	3388	24914	12791
903000	33	278	587	8553	1196	3239	25708	12238
904000	17	297	563	8656	1148	3269	25940	12756
905000	29	280	544	8798	1093	3217	26408	11494
906000	31	307	369	8840	1076	3402	26977	12209
907000	34	242	543	8721	1023	3370	26139	12970
908000	46	275	485	8912	1134	3140	26632	12443
909000	40	346	583	8844	1048	3037	25540	11508
910000	51	275	681	8482	1096	3242	26518	12072
911000	72	268	683	8015	1016	3787	24868	13051
912000	31	294	517	8142	1155	3819	23422	13878
913000	30	252	608	7588	1358	4082	23210	15215
914000	69	310	478	7640	1468	3997	23260	15600
915000	57	309	575	7606	1406	3969	22996	13366
916000	53	274	753	7348	1293	4089	23837	16122
917000	56	312	737	7887	1277	3553	23437	13175
918000	49	337	633	7960	1360	3515	23835	13456
919000	60	266	526	7986	1475	3589	23251	14648
920000	39	302	525	8185	1734	3137	25294	13348
921000	55	286	663	7886	1671	3263	23862	13196
922000	49	278	672	7692	1897	3268	23162	14271
923000	51	261	713	7712	1875	3166	22843	14944
924000	40	232	790	7363	1845	3468	22292	15292
925000	66	273	601	7774	1921	3236	22902	14646
926000	52	282	561	8143	1790	3078	24215	13848
927000	53	283	699	7661	1745	3423	23408	14305
928000	62	260	607	7614	1695	3647	21950	15679
929000	52	253	629	7699	1683	3561	22560	14924
930000	43	308	685	7698	1642	3463	23472	14564
931000	61	254	800	7362	1663	3636	21849	14332
932000	49	272	638	7513	1796	3614	21774	14684
933000	50	265	593	7040	1942	4009	21846	16568
934000	75	302	836	7042	1901	3600	21586	15321
935000	39	278	593	7143	2074	3722	20220	16897
936000	63	246	632	7299	2073	3542	22156	15327
937000	63	267	736	7017	1682	4049	22122	15195
938000	65	295	785	7335	1471	3784	21927	14539
939000	46	306	782	7709	1496	3463	23767	13380
940000	60	274	784	7897	1363	3390	23461	13012
941000	40	238	802	8070	1541	3107	24325	13180
942000	71	299	821	7660	1584	3302	23600	13928
943000	74	296	570	7683	1588	3694	22778	15025
944000	57	299	689	7534	1856	3403	22859	14202
945000	65	273	699	7137	1810	3841	21682	16318
946000	67	228	687	7351	1938	3581	21996	14845
947000	66	244	835	6996	1659	3892	22302	15133
948000	53	269	846	7385	1413	3794	21897	13913
949000	99	253	660	7487	1610	3751	22631	14316
950000	72	257	874	7125	1623	3805	23873	15781
951000	62	284	737	6878	1799	4046	21070	14683
952000	84	311	663	6714	1969	4120	20304	15661
953000	62	281	693	7225	1994	3558	22534	15908
954000	61	248	726	7356	2019	3421	20993	15433
955000	66	296	636	7257	1882	3702	22436	14947
956000	55	304	519	7180	1943	3927	20819	14798
957000	55	282	598	7209	2152	3594	22122	15818
958000	87	303	604	7125	1944	3797	21670	16323
959000	74	246	785	6863	2272	3537	20956	15822
960000	66	275	702	7099	2152	3557	21638	15111
961000	75	232	925	6792	2185	3491	22040	16082
962000	79	270	608	7203	2250	3442	21151	16842
963000	90	322	597	6791	2208	3794	18971	16870
964000	53	228	707	6746	2203	3886	20946	17550
965000	62	245	880	6374	2248	3914	19864	18061
966000	61	241	723	6452	2262	4118	20252	16737
967000	75	263	906	6061	2185	4162	20658	17842
968000	78	287	751	6665	2088	3934	19490	16569
969000	73	270	637	6940	2213	3720	21442	16381
970000	43	267	705	7170	1822	3856	21619	16440
971000	51	288	592	7247	1716	3996	22564	15246
972000	49	267	610	7239	1675	4005	22192	16576
973000	68	272	691	6940	1824	4060	20505	16959
974000	58	247	855	7076	1668	3872	22125	14270
975000	61	291	738	7388	1728	3635	22469	15875
976000	49	282	511	7873	1850	3339	24068	13994
977000	58	309	712	7948	1396	3394	24000	12891
978000	51	244	868	7718	1452	3435	22597	13272
979000	43	258	861	7729	1502	3341	24145	13694
980000	55	346	828	7281	1489	3754	22276	14463
981000	65	270	630	7635	1653	3594	23380	14960
982000	77	244	816	7343	2095	3234	22809	14651
983000	88	279	902	7232	1859	3396	22223	14095
984000	83	289	782	7435	1928	3279	23092	13054
985000	65	219	778	7353	2121	3229	23513	14974
986000	61	255	786	7223	2168	3256	21772	15235
987000	66	272	852	6944	1986	3562	21744	15378
988000	64	279	735	7077	1893	3796	21869	15347
989000	64	259	826	7363	1564	3668	22284	14965
990000	63	353	710	7709	1702	3348	23050	13471
991000	52	293	721	7828	1779	3156	23704	13747
992000	61	277	674	7748	1683	3386	23243	14514
993000	47	235	926	7428	1514	3513	23563	12505
994000	55	242	808	8019	1441	3215	24145	12906
995000	52	242	735	7885	1707	3221	24486	13652
996000	57	287	700	7883	1755	3137	23417	13883
997000	46	256	597	8145	1583	3298	23889	12594
998000	61	286	603	8229	1308	3391	24311	13130
999000	38	283	700	8138	1172	3520	25530	12363
