0	0	0	0	14400	0	0	0	0
1000	11	303	477	12965	147	72	38199	464
2000	24	325	607	12730	84	117	37647	517
3000	24	342	937	12191	79	112	35402	361
4000	23	305	946	12179	101	138	35857	628
5000	21	308	1152	11874	183	102	34560	891
6000	38	308	1217	11751	91	118	36853	739
7000	30	307	1024	12174	44	92	37075	410
8000	21	301	1155	11946	71	59	36087	297
9000	42	336	1272	11811	64	20	35943	186
10000	56	320	1283	11802	52	5	36978	193
11000	29	329	1343	11753	39	0	36625	78
12000	41	336	1420	11611	47	0	35494	97
13000	51	305	1545	11495	34	0	34990	104
14000	48	259	1477	11563	0	2	36476	11
15000	30	291	1115	11879	313	14	35297	732
16000	64	311	1271	11474	329	66	35169	983
17000	27	313	1418	11386	211	93	35244	685
18000	65	338	1623	10825	216	131	35172	908
19000	53	264	1773	10734	193	174	35041	1018
20000	46	239	2032	10576	148	50	35745	634
21000	47	285	1724	10914	131	163	34451	800
22000	41	238	1680	10993	175	169	35750	983
23000	33	284	1689	10921	143	190	34303	1122
24000	51	247	1777	10908	111	139	35423	606
25000	38	232	1666	11038	166	130	37235	670
26000	25	322	1608	11107	144	141	35735	770
27000	38	323	1196	11763	229	61	34809	802
28000	44	272	1239	11730	144	101	34945	711
29000	32	285	1465	11316	163	129	36023	784
30000	37	336	1534	11139	44	228	36346	691
31000	45	383	1587	10945	44	287	34593	656
32000	35	251	1263	11837	31	177	35419	632
33000	15	320	1093	11934	75	241	35801	843
34000	35	237	1190	11713	151	236	36837	987
35000	43	291	1351	11501	193	179	35401	859
36000	62	315	1615	10986	198	164	35638	822
37000	61	340	1796	10583	185	253	34806	1078
38000	57	313	1741	10631	197	315	33814	1209
39000	61	283	1961	10426	187	251	34005	1272
40000	67	228	2096	10182	228	230	33909	1381
41000	47	269	1812	10757	220	117	34257	1346
42000	35	285	1390	11477	111	179	37290	697
43000	50	266	1358	11360	194	243	37046	1068
44000	45	303	1536	11029	216	306	34382	1241
45000	46	249	1675	10889	156	305	34610	1470
46000	44	293	1582	10794	208	402	34934	1707
47000	20	288	1294	11283	141	518	35757	1844
48000	71	351	1194	11391	131	410	35796	1423
49000	19	290	1060	11747	126	452	35945	1488
50000	39	256	1309	11482	100	332	35871	1680
51000	48	313	1435	11222	116	324	35121	1082
52000	40	265	1823	10590	38	445	36004	1521
53000	51	340	1701	10954	0	228	36103	784
54000	45	278	1749	10925	7	237	35475	579
55000	24	305	1593	11152	11	250	34813	540
56000	38	309	1567	11114	92	204	35031	662
57000	43	294	2280	9846	67	335	33284	1267
58000	59	311	2210	10007	22	348	33389	1157
59000	45	353	1575	10907	81	426	32326	1297
60000	35	291	1682	10839	76	407	35278	1430
61000	39	269	1363	11220	208	413	34940	1528
62000	40	272	1333	11276	142	380	33071	1630
63000	52	291	1315	11316	123	353	35084	1452
64000	63	303	1582	10714	242	392	33415	1537
65000	33	254	1845	10367	186	469	34013	1849
66000	38	255	1570	11005	141	364	34546	1408
67000	32	269	1246	11674	155	188	36187	993
68000	23	317	1088	11768	125	285	36303	1210
69000	39	301	1142	11633	110	319	36341	1337
70000	43	368	1356	11094	79	498	34732	1493
71000	40	303	1512	10889	152	493	33380	1655
72000	50	348	1259	11386	171	312	33721	1721
73000	45	259	1259	11568	158	227	35065	1116
74000	45	327	1427	11265	132	218	36611	1118
75000	39	287	1445	11303	81	229	34607	1160
76000	18	279	1432	11331	60	328	35650	1151
77000	33	332	1403	11329	39	337	34281	1046
78000	31	356	1102	11541	68	502	34898	1521
79000	23	327	1168	11523	34	463	35071	1430
80000	18	308	1235	11569	82	335	34622	1154
81000	31	338	1127	11682	113	299	34814	1030
82000	32	299	1460	11375	56	159	35465	661
83000	29	288	1208	11772	65	225	36550	1040
84000	24	330	1141	11786	83	213	35467	923
85000	32	266	1266	11765	63	141	35460	537
86000	27	286	1104	12082	4	135	37154	420
87000	45	320	1243	11792	1	147	34598	474
88000	29	313	1250	11831	0	87	35603	151
89000	53	267	1460	11525	21	78	35780	235
90000	43	272	1277	11911	14	31	35554	184
91000	46	279	1335	11707	93	4	36316	234
92000	36	308	1566	11176	191	47	36608	717
93000	41	269	1483	11316	152	109	35316	804
94000	61	268	1408	11339	143	200	35961	868
95000	25	330	1266	11603	110	184	36259	848
96000	28	360	1027	11915	48	256	36206	708
97000	28	304	1006	11984	48	251	38223	725
98000	36	319	1034	11900	42	313	37123	1103
99000	18	346	1088	11684	69	466	34382	1220
100000	27	354	1156	11667	89	349	34693	1409
101000	33	306	1129	11750	85	347	35372	1301
102000	35	294	1302	11582	21	296	35336	769
103000	50	296	1655	11143	13	164	35466	594
104000	39	319	1582	11252	0	121	35879	388
105000	36	306	1628	11233	2	53	35733	190
106000	37	300	1542	11470	0	0	35183	2
107000	26	351	1396	11688	46	0	37038	104
108000	37	292	1334	11751	116	0	35653	187
109000	23	310	1306	11811	32	8	36293	150
110000	40	288	1453	11583	11	57	37043	208
111000	39	300	1085	12183	21	7	37115	34
112000	66	264	1394	11644	24	13	34793	247
113000	39	273	1449	11564	32	2	36015	117
114000	31	281	1405	11706	22	0	34984	100
115000	60	290	1666	11190	103	0	36072	226
116000	35	271	1660	11333	52	25	35738	181
117000	22	308	1463	11666	20	10	35630	135
118000	22	302	1480	11567	10	0	36367	55
119000	43	362	1661	11184	3	0	35360	25
120000	53	267	1369	11578	125	66	35707	668
121000	73	322	1683	10953	109	66	34875	533
122000	41	270	1983	10634	84	12	35996	310
123000	58	269	1783	10978	90	3	35049	242
124000	67	270	2011	10647	31	43	33819	231
125000	53	325	1670	11094	35	103	33069	449
126000	40	316	1529	11437	0	98	36414	260
127000	52	292	1381	11754	0	25	35087	114
128000	24	299	1303	11775	121	0	36540	0
129000	52	352	1238	11695	158	34	34488	577
130000	36	304	1339	11512	202	63	35769	801
131000	86	326	1936	10454	206	96	34826	1035
132000	67	304	1863	10522	284	134	34314	1263
133000	51	302	1589	11012	224	184	34038	1139
134000	26	327	1613	10767	73	480	34249	1438
135000	45	251	1567	11114	89	323	36021	1490
136000	37	284	1471	11023	145	416	36075	1666
137000	40	294	1827	10764	18	289	34448	1001
138000	50	303	2012	10525	0	214	33809	524
139000	48	340	1861	10619	17	268	34696	868
140000	58	298	1785	10771	24	189	34826	615
141000	58	300	1755	10744	15	353	35393	952
142000	41	328	1641	10944	26	303	36341	947
143000	40	247	1704	11118	25	137	36947	382
144000	57	282	1626	11183	1	110	36044	274
145000	64	263	2155	10473	1	12	34582	51
146000	52	343	2129	10321	141	9	33513	277
147000	64	292	1668	11157	94	20	35871	296
148000	43	328	1489	11368	42	91	36572	327
149000	36	302	1711	11010	46	166	35175	701
150000	51	321	1631	11060	147	133	36707	552
151000	54	248	1745	10904	237	67	36310	842
152000	69	327	1473	11206	211	60	35861	833
153000	45	257	1866	10724	155	73	34964	672
154000	61	271	1514	11248	241	40	34685	678
155000	40	297	1426	11351	205	119	34621	791
156000	35	270	1353	11343	315	205	36226	1448
157000	59	288	1683	10774	180	230	34587	1237
158000	55	327	2039	10301	12	323	33388	1041
159000	53	252	2439	9739	12	387	33115	1124
160000	82	307	2521	9320	10	526	31149	1441
161000	76	195	2252	9863	75	457	33440	1527
162000	43	313	1535	10788	109	553	35014	1904
163000	51	309	1532	10602	226	646	33225	2420
164000	53	338	1458	10766	148	691	33453	2695
165000	52	270	1430	10671	299	678	34250	2721
166000	47	319	1357	10833	256	657	32850	2603
167000	46	303	1059	11305	316	628	33188	2759
168000	23	332	990	11370	254	648	33150	2460
169000	35	261	1114	11247	245	680	35272	2602
170000	55	328	1536	10526	351	561	33900	2694
171000	53	266	1309	11043	372	485	36535	2449
172000	56	316	1254	11027	557	338	33707	2519
173000	46	274	1200	10979	660	418	33398	2760
174000	69	256	1510	10616	571	375	34395	2534
175000	33	262	1685	10206	649	471	32694	2868
176000	41	312	1169	10649	827	621	32777	3993
177000	36	310	1176	10817	607	713	33395	3649
178000	36	265	1185	10959	512	633	33438	3630
179000	48	362	1415	10411	586	610	31890	3249
180000	87	250	1534	9656	681	1117	31791	5308
181000	80	274	1777	9033	587	1439	30586	6194
182000	79	259	1912	9093	878	896	30990	5306
183000	80	253	1928	9241	681	908	31168	4288
184000	56	295	1793	9059	736	1256	29775	5520
185000	78	285	1507	8828	1318	1348	29445	6277
186000	77	289	1246	9371	1368	1177	29075	7069
187000	49	285	980	9418	1378	1577	27809	8366
188000	59	280	1335	8906	1422	1494	27900	8229
189000	58	278	1643	8541	1415	1391	28580	8541
190000	44	255	1413	8972	1151	1622	27825	7632
191000	59	314	1351	9249	855	1601	29566	7042
192000	57	264	1664	8832	951	1526	29100	6729
193000	95	228	1900	8730	919	1299	28356	6233
194000	64	265	1871	9088	675	1217	29331	5158
195000	56	313	1716	9305	726	1138	31987	4790
196000	57	318	1491	9400	900	1244	30575	5551
197000	60	271	1778	8761	1079	1275	29987	6880
198000	74	278	1915	8593	940	1344	30273	5772
199000	70	307	1842	8779	704	1473	29679	5577
200000	59	281	1663	8932	849	1502	30087	5855
201000	69	307	1416	8853	984	1812	28099	7443
202000	48	267	1310	9083	866	1893	28971	8177
203000	56	280	1275	9131	824	1918	28429	7968
204000	42	275	1366	9281	604	1957	29044	7171
205000	43	296	1299	9234	686	1965	28760	7498
206000	28	298	1277	9160	656	2068	29836	7732
207000	60	311	1369	8798	526	2385	28846	7962
208000	46	317	1463	8544	386	2624	28538	8207
209000	58	294	1454	8853	587	2118	27512	7485
210000	60	248	1391	8908	679	2191	28628	7959
211000	68	256	1437	8792	829	2038	28300	8046
212000	58	289	1228	9077	799	2085	28155	7752
213000	65	287	1418	8991	802	1843	28985	7553
214000	70	254	1576	8934	791	1724	30407	6888
215000	81	319	1668	8401	850	1978	27075	7578
216000	60	255	1470	8558	949	2093	27869	8541
217000	50	313	1271	8711	958	2219	27449	8750
218000	60	289	1569	8797	770	1835	28620	7404
219000	78	287	1653	8745	633	1954	29202	7725
220000	57	282	1858	8348	509	2045	28308	7329
221000	49	279	1641	8775	620	1940	28395	7025
222000	36	275	1238	9094	808	2116	28714	8716
223000	49	297	1173	9181	621	2212	28392	7590
224000	45	257	961	8925	833	2619	27655	9446
225000	42	308	1175	8851	788	2404	26671	8509
226000	43	278	1500	8769	521	2306	27763	8327
227000	51	301	1525	8596	659	2257	28085	7875
228000	43	292	1641	8663	575	2091	29721	7730
229000	48	277	1421	8911	689	2070	28533	7722
230000	49	271	1802	8540	665	1883	28141	7617
231000	63	322	1815	8749	754	1479	29605	6169
232000	49	227	1939	9190	443	1291	30309	5112
233000	66	302	1339	9976	489	1359	32387	4641
234000	63	291	1457	9985	654	977	30621	4458
235000	59	289	1530	9943	472	1046	32748	3796
236000	49	234	1493	9916	513	1123	32788	4433
237000	44	225	1594	9745	622	1121	31739	4544
238000	43	296	1465	10016	526	1033	32257	4490
239000	50	285	1648	10025	466	823	30894	3499
240000	52	323	1368	9978	475	1250	30676	4552
241000	68	302	1331	9939	748	1187	31689	5253
242000	63	313	1257	9578	977	1357	31319	6427
243000	55	274	1325	9316	902	1628	28700	7486
244000	63	288	1100	9618	956	1592	30126	7452
245000	28	270	1089	9802	1061	1411	29071	6997
246000	38	300	1081	9774	955	1462	29645	7123
247000	76	298	1375	9307	765	1590	29238	6429
248000	40	243	1630	8522	986	1910	28718	7639
249000	48	330	1479	8637	915	1995	28910	8017
250000	75	253	1576	8093	1133	2218	26079	9051
251000	65	239	1373	7969	1038	2708	26737	10557
252000	63	279	1602	7572	838	2959	25527	10952
253000	82	232	1406	7892	1097	2673	26434	10176
254000	68	276	1456	7233	1415	2911	24464	12646
255000	61	234	1341	7495	1392	2969	24592	12008
256000	70	280	1523	7068	1765	2666	23425	11899
257000	69	224	1489	7401	1323	2828	25095	11709
258000	68	216	1396	7995	1328	2380	26628	10373
259000	73	280	1486	7535	1380	2579	25051	10949
260000	90	260	1452	7889	1218	2462	24767	10874
261000	69	257	1484	7621	1380	2554	24966	11235
262000	40	266	993	8250	1510	2618	25329	11094
263000	65	335	1208	7515	1629	2803	24204	12220
264000	78	272	1062	7552	1889	2760	24343	13705
265000	84	308	1092	8076	1718	2365	24803	11341
266000	113	303	1443	7645	1753	2057	24760	10431
267000	115	261	1913	6885	1856	2097	24999	10865
268000	94	257	1648	7421	1785	2110	24462	10514
269000	52	246	1358	7705	1695	2436	25349	10660
270000	70	228	1603	7454	1431	2503	25758	11681
271000	55	259	1387	7803	1803	2148	25452	10800
272000	79	275	1594	7487	1666	2183	24962	11394
273000	116	247	1536	7474	1542	2381	24879	10568
274000	53	256	1437	8103	1350	2207	26518	10216
275000	78	297	1253	8184	1349	2288	26049	9409
276000	67	284	1181	8438	1278	2342	26903	10242
277000	71	328	1466	8271	1364	1903	25969	8985
278000	92	273	1285	8650	1249	1928	27750	8574
279000	60	265	1375	8053	1547	2131	25604	9916
280000	83	303	1400	8147	1159	2359	26195	10310
281000	82	258	1300	8502	1004	2274	26747	9509
282000	69	288	1358	8738	870	2141	27830	9155
283000	60	214	1702	8393	743	2181	27272	8217
284000	60	320	1443	8826	874	1877	28471	7606
285000	52	336	1440	8731	857	1946	30610	7840
286000	48	293	1636	9091	719	1552	29778	6029
287000	47	295	1494	8739	954	1873	29015	8034
288000	80	251	1791	8859	999	1248	27630	7086
289000	72	285	1792	8553	935	1509	29847	6717
290000	53	275	1569	8806	850	1793	28151	7811
291000	76	281	1452	8807	1149	1661	29025	7807
292000	72	302	1465	8281	1410	1860	28245	8826
293000	71	235	1312	8710	1208	1992	28058	9303
294000	52	259	1319	8579	1154	2183	27974	9291
295000	52	275	1185	9155	976	1919	28880	7980
296000	56	296	1271	8779	925	2164	28741	8565
297000	62	339	1410	8847	728	2040	28331	8467
298000	45	289	1228	9086	863	2011	29049	7954
299000	44	250	1381	8766	1072	1981	29199	7679
300000	47	266	1434	8891	838	1916	28581	8043
301000	53	328	1554	9041	897	1510	28839	7041
302000	44	320	1331	9861	692	1217	31741	5813
303000	53	273	1139	10084	573	1449	30293	5825
304000	62	287	1243	9751	659	1555	31024	6061
305000	57	278	1326	9737	575	1501	31456	5468
306000	24	306	1046	10290	556	1426	32531	6017
307000	52	279	1156	9864	651	1565	30620	6046
308000	55	309	1116	9817	629	1693	29484	6886
309000	51	270	1131	9691	773	1687	30089	6631
310000	73	256	1173	9701	739	1636	31419	6739
311000	50	294	1502	9412	714	1409	29488	6394
312000	34	280	1424	9706	648	1369	30488	5872
313000	50	281	1610	9520	662	1209	30644	5426
314000	65	246	1865	9301	631	1067	31758	4836
315000	51	272	1636	9607	702	1017	31025	5014
316000	65	340	1648	9269	731	1249	30451	5631
317000	61	297	1613	9494	624	1249	30695	5240
318000	60	320	1502	9566	587	1337	30818	5661
319000	60	291	1261	9995	636	1333	32662	5233
320000	66	310	1102	10416	499	1230	32529	4451
321000	48	381	1231	10240	392	1239	32999	4467
322000	42	288	1482	10181	170	1246	34129	4063
323000	50	295	1514	10153	404	993	32781	3908
324000	36	304	1356	10309	516	979	32950	3912
325000	39	295	1449	10292	581	768	32109	3429
326000	58	285	1355	10112	585	1061	31750	4260
327000	77	294	1445	10124	607	841	32723	4334
328000	64	287	1562	9746	924	740	33279	4782
329000	57	249	1689	9662	943	704	31664	4909
330000	42	294	1557	10128	603	738	33217	3525
331000	66	325	1573	10002	513	870	33538	3998
332000	36	279	1063	10682	398	1150	32753	4107
333000	47	281	1434	10437	248	967	31976	3819
334000	55	333	1383	10211	174	1282	33320	3912
335000	25	327	1123	10720	140	1230	34779	4017
336000	26	300	1336	10433	154	1229	32213	4055
337000	41	273	1258	10867	169	924	34414	3310
338000	35	283	1172	11220	139	701	33869	2316
339000	42	266	1009	11533	182	591	34151	1916
340000	26	304	1078	11493	270	452	36553	1919
341000	38	314	1423	10672	159	769	33146	2684
342000	47	302	1448	10679	253	704	32738	2632
343000	65	248	1263	11035	253	638	35067	2409
344000	33	355	1053	11513	239	483	33777	2354
345000	43	286	1202	11344	188	495	33675	1928
346000	23	343	1244	11089	179	663	35239	2321
347000	45	267	1542	10450	181	903	32660	2981
348000	61	272	1430	10757	141	812	33132	2698
349000	55	282	1276	10855	144	908	33210	2739
350000	39	312	1359	10774	176	815	35047	2905
351000	49	337	1409	10704	155	727	32593	2480
352000	40	287	1371	10815	97	849	34173	2820
353000	29	350	1275	10958	229	682	35305	2489
354000	48	312	1617	10468	317	532	32814	2440
355000	39	255	1709	10458	222	507	33528	2142
356000	49	258	1891	10337	235	409	34699	1929
357000	71	338	1932	10026	269	455	33959	2154
358000	72	272	1718	10382	205	609	34591	2266
359000	77	271	1822	10300	295	460	34130	1926
360000	60	274	1712	10542	294	365	33293	1770
361000	40	286	1413	10983	266	435	34196	1920
362000	34	348	1037	11490	197	541	33740	1885
363000	32	317	1152	11366	275	512	35559	1921
364000	56	297	1265	11175	312	409	34711	2152
365000	40	375	1113	11287	292	515	34319	2318
366000	31	293	1119	11331	372	471	34352	2366
367000	29	339	1042	11387	244	611	35060	2352
368000	33	308	1318	10943	276	634	32362	3047
369000	39	291	1217	10834	514	651	34235	3052
370000	42	338	1405	10572	453	595	34493	3169
371000	67	348	1490	10685	350	468	32725	2324
372000	46	357	1337	10924	145	630	34061	2131
373000	16	340	1037	11235	202	865	34494	2777
374000	22	316	1257	10891	245	790	34076	3093
375000	21	282	1124	11062	330	772	34118	3095
376000	36	302	1212	10646	365	968	33582	3545
377000	48	299	1438	10538	269	810	33594	2512
378000	45	338	1521	10468	155	844	33828	2819
379000	40	245	1525	10501	201	948	33626	2946
380000	56	313	1544	10392	235	833	34177	3005
381000	45	351	1526	10629	257	477	33426	2127
382000	54	274	1533	10738	327	439	34536	2111
383000	37	250	1559	10562	547	397	33584	2765
384000	38	300	1441	10675	491	535	34704	2910
385000	79	304	1671	10242	504	524	33711	2840
386000	78	273	1909	10090	281	484	32938	2503
387000	47	305	1685	10532	345	360	33859	1844
388000	70	284	1769	10543	283	280	33666	1499
389000	49	269	1441	11032	269	359	34400	1733
390000	49	352	1487	10730	306	491	34134	1692
391000	65	274	1561	10514	267	608	33126	2004
392000	48	349	1564	10361	262	769	32749	3170
393000	41	328	1700	10053	376	690	32073	3232
394000	48	259	1630	10356	355	681	32765	3002
395000	54	276	1492	10673	352	563	33844	2626
396000	64	315	1740	10188	371	535	32948	2387
397000	48	349	1957	9792	424	569	32119	2794
398000	82	290	1645	10143	404	738	32865	3039
399000	50	326	1685	10046	412	773	34483	2914
400000	46	232	1795	9976	193	905	32394	3145
401000	39	271	1593	10181	222	1007	33470	3364
402000	77	284	1666	10220	269	682	32963	2493
403000	40	301	1424	10650	270	711	34135	3280
404000	64	271	1774	10301	226	573	34788	1948
405000	56	332	1973	9912	299	565	32286	2629
406000	73	301	1771	10247	265	574	33201	2038
407000	65	286	1579	10637	247	495	32768	2285
408000	69	250	2023	10116	125	439	33031	1582
409000	50	255	1783	10391	263	511	34672	1915
410000	49	308	1972	10044	294	503	34045	2318
411000	57	270	2015	10068	355	308	33351	1809
412000	51	242	1882	10373	285	294	35700	1590
413000	63	256	1783	10548	353	226	34882	1994
414000	29	298	1624	10496	262	614	33494	1917
415000	37	330	1292	10834	368	655	31921	2636
416000	54	260	1611	10304	436	760	33611	3254
417000	68	253	1588	10401	266	749	32750	2468
418000	56	349	1446	10390	232	951	32350	3672
419000	83	303	1693	10104	174	933	33880	3298
420000	67	315	1906	9852	106	871	32099	2240
421000	61	270	1723	10304	83	819	33119	2734
422000	46	297	1603	10379	75	925	33032	2603
423000	42	277	1556	10853	80	568	34716	1924
424000	16	320	1422	11285	31	321	33874	1145
425000	61	333	1497	11074	29	454	34915	1064
426000	32	303	1314	11673	40	204	34616	871
427000	28	309	1336	11518	57	269	35195	660
428000	22	303	1279	11736	32	123	35543	272
429000	9	354	1179	11887	50	90	36212	386
430000	33	320	995	12265	33	60	37554	232
431000	23	338	944	12261	69	63	35924	337
432000	40	299	1144	11959	69	80	35060	430
433000	43	262	1291	11784	62	48	37203	294
434000	30	322	1243	11837	74	84	35827	467
435000	45	279	1173	11923	37	61	35997	345
436000	33	273	1191	11982	47	24	37408	242
437000	47	323	1217	11797	35	90	36056	366
438000	21	335	1365	11652	34	57	36184	325
439000	49	285	1397	11661	1	26	36703	106
440000	31	292	1339	11766	106	4	35270	271
441000	41	313	1291	11758	69	13	35187	331
442000	33	286	1151	12065	0	83	36753	372
443000	34	291	1104	12122	5	26	36256	106
444000	42	280	1395	11639	18	58	36117	303
445000	50	304	1415	11566	33	6	37517	52
446000	48	279	1792	11059	10	3	35757	47
447000	48	286	1549	11353	138	5	36639	364
448000	48	293	1404	11584	79	49	35961	441
449000	46	264	1619	11319	34	49	36513	192
450000	58	368	1358	11585	37	107	35927	472
451000	38	283	1476	11533	9	112	36681	373
452000	59	281	1642	11284	0	77	36492	189
453000	41	273	1620	11250	3	153	34801	385
454000	60	362	1433	11329	47	156	35084	511
455000	36	287	1411	11540	90	73	36134	418
456000	30	322	1505	11308	136	82	34683	622
457000	57	335	1392	11450	58	142	35331	628
458000	28	298	1277	11941	0	52	35691	281
459000	37	271	1483	11616	0	11	35759	33
460000	52	345	1639	11240	0	3	34174	6
461000	61	333	1511	11324	66	61	35624	364
462000	34	305	1431	11633	41	37	37255	297
463000	33	366	1249	11879	0	16	36735	43
464000	33	279	1513	11565	0	31	36370	61
465000	36	310	1394	11560	148	3	35348	280
466000	24	228	1553	11353	195	31	34566	381
467000	45	293	1417	11408	158	120	35917	810
468000	63	306	1735	10875	132	111	34121	805
469000	64	261	1795	10781	77	187	35002	534
470000	36	338	1573	11148	108	140	33526	762
471000	35	340	1580	11058	102	184	37171	774
472000	45	262	1605	10977	41	417	34768	1287
473000	55	337	1349	11263	114	410	34072	1514
474000	45	304	1724	10910	92	267	34382	956
475000	45	303	1512	11270	118	93	33940	692
476000	46	327	1629	10938	154	184	34975	672
477000	50	358	1312	11345	273	212	34105	1341
478000	35	284	1272	11439	241	281	36488	1325
479000	21	304	1057	11605	198	479	35793	2003
480000	23	308	934	11792	167	482	36120	2030
481000	24	283	1013	11693	259	365	33504	1734
482000	32	307	1093	11714	124	384	35162	1491
483000	25	309	1259	11593	75	268	35717	971
484000	32	341	1119	11743	76	272	34839	1102
485000	61	325	1328	11463	99	264	35774	1236
486000	43	361	1620	10934	114	252	36024	941
487000	46	273	1822	10661	156	178	36087	906
488000	51	298	1466	11117	250	213	35283	1326
489000	30	328	1168	11563	127	383	34733	1218
490000	29	271	1500	11243	124	201	36474	927
491000	61	333	1515	11053	174	250	34544	1063
492000	23	338	1298	11493	236	150	34587	1295
493000	44	318	1447	11330	127	85	36170	540
494000	42	293	1450	11435	131	74	35088	690
495000	38	285	1195	11805	108	137	34712	464
496000	24	313	1116	11855	168	128	36210	765
497000	26	319	1317	11629	107	167	35753	741
498000	41	274	1310	11636	207	63	35084	899
499000	47	345	1315	11625	152	32	36243	532
500000	37	318	1460	11387	33	172	34791	440
501000	23	307	1270	11865	8	85	36961	341
502000	47	258	1515	11486	4	75	35202	179
503000	52	268	1648	11242	10	84	38173	182
504000	47	277	1701	11210	0	41	36096	148
505000	41	292	1564	11349	0	36	36318	80
506000	41	342	1613	11289	0	24	35402	86
507000	53	321	1640	11254	5	72	36337	205
508000	41	300	1510	11438	0	85	35442	321
509000	51	282	1303	11807	2	63	35671	254
510000	30	328	1234	11897	0	26	35419	39
511000	35	327	1463	11632	0	17	37070	87
512000	34	296	1608	11335	0	31	36831	99
513000	49	263	1497	11367	158	3	35208	396
514000	30	286	1388	11637	47	63	36017	286
515000	27	320	1252	11857	52	58	35694	186
516000	27	316	1379	11556	95	82	36117	530
517000	51	315	1431	11569	22	16	35840	151
518000	29	299	1303	11901	0	24	36160	116
519000	31	304	1097	12191	31	7	36156	53
520000	38	311	1195	11951	26	40	36937	152
521000	25	287	1330	11860	2	58	35708	239
522000	35	280	1305	11860	8	0	35674	10
523000	66	310	1371	11700	2	0	36126	17
524000	37	301	1266	11722	166	26	36018	490
525000	36	355	1234	11755	127	59	36840	605
526000	23	299	1135	11841	121	178	36027	784
527000	20	286	1049	12018	87	228	35685	913
528000	43	316	1137	11902	73	156	35136	658
529000	47	348	1090	11911	61	158	36494	471
530000	30	338	1135	11966	25	167	37810	637
531000	30	342	1352	11516	11	249	36255	592
532000	21	353	1347	11604	24	127	35584	483
533000	37	318	1175	11859	27	105	35283	286
534000	29	292	1175	11897	22	124	36538	561
535000	47	276	1497	11529	11	65	35466	334
536000	50	279	1694	11254	0	39	36590	74
537000	57	333	1691	11088	35	100	34446	289
538000	52	261	1875	10922	21	31	36215	112
539000	55	313	1884	10867	6	51	33926	86
540000	31	279	1669	11240	0	80	35303	350
541000	42	316	1731	11131	1	66	33649	225
542000	26	332	1494	11515	0	70	36022	336
543000	33	319	1519	11476	4	35	36240	92
544000	42	298	1581	11254	16	79	34787	271
545000	40	287	1628	11380	3	55	35702	97
546000	30	286	1497	11554	0	4	35742	3
547000	33	255	1443	11590	126	1	38119	324
548000	32	341	1653	11163	66	41	37139	201
549000	32	304	1467	11497	83	24	34924	312
550000	44	349	1513	11371	79	32	35625	355
551000	49	291	1429	11558	60	30	36024	174
552000	39	374	1496	11388	62	50	34505	431
553000	51	304	1593	11303	18	23	36622	128
554000	30	283	1361	11785	29	42	36935	196
555000	42	333	1482	11436	12	61	35718	145
556000	38	324	1514	11333	10	119	35363	344
557000	43	303	1429	11599	0	34	36565	101
558000	35	289	1394	11675	0	46	37004	101
559000	29	295	1335	11727	5	97	36390	292
560000	53	269	1497	11527	3	23	36526	207
561000	57	290	1449	11628	0	12	36961	34
562000	50	307	1503	11455	0	0	35680	8
563000	50	305	1547	11266	48	80	36182	402
564000	32	327	1520	11394	14	114	34945	237
565000	50	252	1674	11165	27	98	34817	373
566000	25	331	1896	10749	69	75	35841	380
567000	47	312	1830	10879	2	89	33919	304
568000	34	286	1621	11378	0	22	35681	54
569000	42	284	1391	11616	147	7	35358	328
570000	30	297	1601	11119	213	65	35642	637
571000	46	302	1411	11500	203	32	35442	514
572000	46	281	1527	11347	85	92	36170	567
573000	27	269	1676	11086	135	126	33680	556
574000	43	308	1819	10741	159	93	35451	862
575000	61	296	1872	10550	204	138	35201	824
576000	44	264	1751	10669	356	199	33778	1565
577000	45	245	1708	10609	382	293	34955	2170
578000	51	280	1515	10731	575	198	35381	2129
579000	40	366	1537	10933	319	171	34487	1480
580000	51	266	1509	10996	388	218	33826	1568
581000	47	241	1482	10928	406	294	35421	2019
582000	58	299	1376	11079	335	261	33776	1865
583000	47	285	1336	11263	293	254	34775	1488
584000	38	379	1615	10756	149	364	34578	1585
585000	42	241	1993	10135	159	502	32627	1695
586000	42	261	1966	10241	198	388	32923	1231
587000	56	334	1806	10368	236	412	34140	1933
588000	51	316	1640	10415	148	680	34678	1966
589000	35	266	1574	10500	212	794	34035	2672
590000	46	296	1458	10658	318	647	32868	2406
591000	71	329	1674	10161	429	636	32120	2719
592000	56	293	1525	10263	419	743	33893	2547
593000	43	287	1422	10488	404	814	33074	3385
594000	28	301	1515	10238	281	1009	33532	4180
595000	41	323	1462	10376	401	817	32320	3566
596000	40	312	1388	10414	542	756	32438	3576
597000	45	254	1478	10128	578	928	32188	4150
598000	69	303	1401	10087	662	927	31934	4379
599000	50	308	1335	10270	776	761	31304	4531
600000	67	290	1501	9901	838	779	30723	4353
601000	59	292	1870	9473	645	844	31787	4130
602000	71	274	1906	9614	494	775	32113	3534
603000	51	279	1551	9972	556	948	31524	4037
604000	65	267	1597	10127	543	737	31398	3721
605000	58	320	1674	9995	560	771	31682	3399
606000	64	276	1814	9679	714	622	31379	3821
607000	40	319	1649	9734	618	970	31288	4085
608000	47	375	1914	9426	494	843	30967	4123
609000	81	264	2050	9474	609	500	30928	3136
610000	67	225	2194	9853	257	402	32937	1525
611000	62	282	2291	9803	77	340	32706	1467
612000	63	271	2150	9963	164	417	33535	1412
613000	67	276	2104	10219	54	245	35012	867
614000	58	326	1921	10419	7	334	35263	655
615000	44	331	1490	10847	64	646	33100	1467
616000	23	290	1278	11120	148	687	34636	2359
617000	28	278	1148	10795	236	1076	34892	3779
618000	38	288	1171	10908	229	945	32505	3024
619000	25	263	896	11587	125	849	33697	2693
620000	21	234	716	11967	76	864	34202	2552
621000	15	275	683	11987	70	843	35566	2516
622000	20	288	773	11803	108	829	34868	2629
623000	36	287	1139	11078	143	913	33431	2857
624000	17	315	1255	11320	48	666	34269	2046
625000	29	342	1121	11367	49	709	34147	2134
626000	30	332	994	11557	48	734	34776	1838
627000	24	305	1126	11583	43	552	35118	1783
628000	22	326	1165	11580	63	436	36141	1281
629000	41	293	1149	11461	89	546	35196	1703
630000	25	287	1304	11330	150	474	36767	1855
631000	35	292	1175	11349	147	610	34409	1981
632000	45	299	1242	11098	271	564	34733	2462
633000	47	315	1085	11429	366	335	33763	2124
634000	31	339	1125	11382	336	451	35429	2073
635000	73	292	1515	10798	249	394	33829	1554
636000	43	306	1231	11465	222	292	35255	1329
637000	40	282	1307	11362	179	324	35306	1618
638000	30	374	1347	11283	209	251	36183	1547
639000	44	301	1283	11242	263	357	35924	1817
640000	32	276	1605	10856	182	375	34441	1676
641000	56	311	1578	10758	336	320	35065	1985
642000	25	354	1494	10993	292	234	35631	1409
643000	54	297	1756	10579	252	256	33622	1572
644000	42	303	1459	10954	202	463	34042	2006
645000	46	275	1409	10808	322	543	34362	2264
646000	33	307	1618	10411	200	767	33161	2827
647000	61	298	1592	10489	257	653	32639	2216
648000	40	284	1596	10460	218	733	34074	2757
649000	58	288	1837	10197	55	680	34476	2613
650000	60	330	1514	10409	51	1012	34023	2605
651000	46	368	1403	10522	44	1091	30698	2551
652000	27	291	1060	10859	147	1256	33122	3593
653000	37	350	984	11029	213	1082	32493	3627
654000	32	363	903	11159	137	1138	33713	3555
655000	40	343	1005	11025	154	1092	33648	3586
656000	45	316	1093	10918	166	1079	32657	3778
657000	36	304	1082	10800	93	1326	32272	3605
658000	17	280	963	11105	142	1192	33246	3501
659000	49	294	997	11187	127	1031	33269	2985
660000	39	316	1344	10706	211	842	33820	3089
661000	38	319	1463	10603	238	712	32009	2587
662000	64	283	1451	10847	218	541	34903	2146
663000	41	267	1982	9977	174	648	33093	2077
664000	64	294	1649	10675	84	511	33529	2024
665000	63	324	1569	10820	39	423	34644	1405
666000	46	262	1624	10949	71	411	35185	1543
667000	34	329	1244	11253	100	536	35260	1675
668000	36	285	1256	11338	63	514	35495	1308
669000	22	325	1358	11259	67	494	33989	1593
670000	47	298	1463	11093	88	371	35831	1352
671000	34	320	1619	10952	87	329	33892	1115
672000	62	299	1853	10442	52	499	34167	1494
673000	66	265	1998	10090	155	527	32925	2013
674000	52	325	1716	10475	222	522	32903	1839
675000	37	297	1429	11014	175	494	34281	1628
676000	41	289	1267	11220	278	372	35313	1751
677000	56	281	1317	11229	303	353	35387	1723
678000	53	308	1573	10781	250	395	34832	1569
679000	55	305	1649	10671	213	413	34767	1828
680000	41	302	1462	10956	200	434	36039	1781
681000	48	312	1907	10199	245	456	32481	1861
682000	42	265	1333	11204	135	507	33523	2029
683000	45	242	1558	11000	128	391	35481	1440
684000	25	309	1454	11102	138	406	35544	1441
685000	29	308	1575	11008	56	412	34438	1514
686000	40	261	1635	10922	18	443	34814	1404
687000	68	305	1750	10374	9	699	35398	1708
688000	43	280	1507	11174	52	350	33964	1122
689000	41	298	1417	11028	75	534	34207	1694
690000	29	314	1701	10423	71	749	33243	2328
691000	44	299	1574	10458	77	925	33563	2904
692000	40	289	1548	10727	88	709	34326	2466
693000	34	251	1615	10627	186	564	34849	1880
694000	43	265	1609	10693	165	550	35734	1963
695000	58	330	1555	10710	131	543	33983	2103
696000	47	331	1629	10669	152	485	33161	1684
697000	57	333	1508	10689	102	673	33199	2048
698000	38	261	1671	10354	168	835	33059	2531
699000	65	267	1429	10530	148	935	32330	3086
700000	32	326	1432	10324	198	1171	33157	3644
701000	27	308	965	10786	310	1281	33023	4046
702000	34	276	1036	10858	319	1147	33643	3936
703000	41	262	1018	10885	359	1108	33632	4476
704000	27	329	994	11062	412	886	32682	3448
705000	66	287	1125	10810	507	822	32985	3666
706000	45	332	1406	10358	573	671	32707	3306
707000	33	333	1510	10247	386	901	33388	3406
708000	58	296	1295	10528	503	875	32421	4097
709000	22	265	1138	10993	239	934	33915	3505
710000	44	330	1107	11115	167	845	33569	2652
711000	36	315	944	11502	158	804	34719	2646
712000	31	297	1107	11039	317	806	33363	2949
713000	42	278	1114	11143	199	795	33581	2485
714000	31	336	1181	11015	150	860	34829	3255
715000	29	342	1267	10841	88	954	33703	2901
716000	35	325	1068	11137	159	912	34886	3080
717000	32	329	1179	11105	121	788	33440	2640
718000	46	360	1111	11395	132	532	33569	2114
719000	31	284	1393	11073	90	590	33220	2028
720000	58	290	1542	11096	55	319	35209	1038
721000	46	274	1381	11419	101	223	34339	909
722000	30	312	1538	11137	174	227	35329	976
723000	44	246	1302	11411	228	299	35501	1357
724000	49	251	1533	10951	282	329	35031	1749
725000	34	290	1618	10709	251	427	34552	1973
726000	38	270	1797	10490	262	341	34429	1394
727000	48	319	1866	10346	178	364	33798	1280
728000	50	262	1849	10347	219	460	33854	1808
729000	54	278	1474	10972	301	293	34393	1817
730000	43	255	1512	10911	249	387	35479	1585
731000	56	255	1409	11039	257	339	35647	1482
732000	43	271	1400	11241	221	286	35856	1502
733000	33	310	1325	11328	222	306	34930	1304
734000	41	316	1396	11187	110	410	34651	1363
735000	56	311	1469	11223	119	243	35627	1087
736000	38	290	1290	11643	106	139	36757	762
737000	56	338	1437	11403	31	142	37091	389
738000	38	266	1640	11003	55	254	34419	784
739000	28	347	1364	11373	51	325	35289	1176
740000	34	307	1304	11371	42	449	35627	1041
741000	41	306	1325	11495	17	345	35035	927
742000	61	293	1553	11069	19	380	35520	1049
743000	39	281	1552	11081	87	315	35640	1189
744000	44	315	1666	10861	98	296	33991	1277
745000	46	292	1709	10986	51	176	36839	735
746000	45	270	1735	10914	96	226	34941	825
747000	60	297	1324	11460	146	162	35301	770
748000	47	283	1193	11823	121	120	36372	532
749000	75	337	1477	11361	40	56	38061	426
750000	18	266	1372	11800	0	7	37345	97
751000	35	276	1231	11943	48	1	36757	113
752000	20	287	1304	11792	70	30	35401	172
753000	32	281	1488	11553	47	0	36962	153
754000	29	320	1191	11990	66	12	35984	164
755000	36	302	1210	11919	67	68	36015	354
756000	27	324	1132	12005	85	76	36960	302
757000	46	276	1375	11676	26	83	36589	264
758000	47	356	1723	10955	3	119	35748	187
759000	30	321	2099	10500	0	101	34868	194
760000	82	251	2421	9928	0	109	34845	308
761000	44	334	2279	10225	10	31	33947	160
762000	59	245	2005	10812	0	3	36362	104
763000	41	285	1799	10949	123	10	35534	451
764000	59	338	1724	10930	150	45	35302	574
765000	41	339	1526	11369	63	36	35669	280
766000	40	304	1302	11810	15	41	36711	79
767000	39	351	1501	11226	20	261	36039	785
768000	29	292	1615	11033	31	361	34089	924
769000	50	274	1584	10927	34	410	35170	1160
770000	24	324	1270	11589	70	286	35920	792
771000	19	312	1113	11780	68	323	36449	1202
772000	44	286	1385	11107	178	436	34888	1526
773000	26	234	1497	11277	142	272	36280	782
774000	51	258	1708	10769	55	340	36707	1124
775000	45	282	1482	11058	136	430	34369	1618
776000	33	330	1364	11272	242	241	34153	1621
777000	32	280	1466	11122	178	369	35810	1553
778000	33	247	1562	11117	234	145	33919	814
779000	50	290	1644	10984	238	139	34747	1319
780000	56	309	1510	11194	187	162	35548	955
781000	42	349	1436	11356	136	127	35803	788
782000	28	374	1149	11759	181	102	35610	820
783000	39	283	1436	11529	108	69	35715	466
784000	32	301	1483	11390	124	97	35513	501
785000	46	306	1345	11562	52	144	34451	450
786000	56	315	1319	11762	0	93	36296	408
787000	45	310	1256	11798	1	105	36750	374
788000	52	282	1625	11258	0	96	34662	184
789000	34	279	1703	11213	5	76	35256	137
790000	40	275	1498	11565	10	0	36815	60
791000	33	286	1326	11856	0	12	37280	12
792000	37	260	1307	11929	0	10	36818	29
793000	45	302	1372	11757	0	3	35668	3
794000	67	293	1837	10739	254	40	35170	773
795000	58	239	1911	10521	258	114	35004	993
796000	55	311	1931	10388	251	221	34160	1147
797000	55	282	1850	10627	167	224	36140	1175
798000	82	320	2130	9904	268	223	33275	1155
799000	74	241	2095	10102	240	223	34326	1146
800000	42	232	1932	10285	153	508	33568	1617
801000	61	311	1408	10893	242	522	33377	1796
802000	44	326	1471	10842	205	491	35939	2023
803000	52	258	1665	10564	209	583	34562	2309
804000	57	319	1329	11134	150	516	32792	1816
805000	43	279	1608	10939	108	400	34069	1662
806000	34	313	1954	10376	249	218	34094	1154
807000	63	296	1622	10751	254	311	34855	1428
808000	57	293	1435	11092	314	276	33833	1762
809000	52	288	1536	10886	329	322	34452	1650
810000	70	269	1594	10797	243	308	36566	1661
811000	38	341	1565	10965	218	236	34501	1366
812000	45	243	1472	11220	98	290	35395	1188
813000	46	299	1604	11023	106	242	34257	748
814000	39	354	1304	11486	132	204	34603	805
815000	31	289	1216	11707	70	220	36362	889
816000	44	312	1579	10974	71	321	35387	1077
817000	50	307	1299	11418	87	351	35394	973
818000	40	265	1365	11305	147	368	34565	1347
819000	44	308	1252	11458	230	227	33447	1101
820000	80	295	1324	11520	95	156	35039	859
821000	45	256	1432	11427	108	127	36603	635
822000	33	313	1196	11869	32	104	35695	434
823000	51	282	1238	11894	13	101	37430	236
824000	23	330	1128	12032	33	93	35481	284
825000	41	327	1424	11568	6	100	35683	181
826000	29	349	1600	11241	21	66	35397	163
827000	60	274	1594	11213	8	126	36385	358
828000	46	319	1680	11180	18	89	35376	289
829000	56	362	1376	11646	0	27	35998	35
830000	38	309	1161	11961	81	15	36012	252
831000	36	349	1199	11762	150	41	36208	427
832000	48	332	1520	11336	135	39	37316	494
833000	46	361	1327	11582	147	43	34664	558
834000	48	303	1486	11362	101	82	35224	472
835000	35	321	1994	10678	31	28	37271	169
836000	45	223	1888	10842	65	53	35800	351
837000	42	268	1391	11643	62	108	36841	428
838000	25	296	1185	11881	56	98	35648	470
839000	29	276	1278	11851	29	76	36615	403
840000	22	269	1348	11739	39	81	36640	470
841000	34	309	1476	11419	179	20	35382	573
842000	65	323	1690	10965	201	32	34783	636
843000	45	279	1463	11393	210	38	36078	800
844000	36	268	1633	11038	292	68	33538	1028
845000	45	319	1257	11340	294	300	36358	1484
846000	44	293	1041	11542	325	389	34274	1996
847000	36	306	1091	11406	344	438	35365	2327
848000	47	290	1302	11042	292	504	35632	2135
849000	45	311	1389	10815	300	564	33371	2142
850000	35	276	1268	11170	176	575	36031	1893
851000	22	317	1140	11501	117	509	33892	1977
852000	48	318	1308	11113	145	552	34566	2137
853000	39	304	1265	11345	102	478	35154	1503
854000	55	317	1552	10911	222	275	34653	1030
855000	58	279	1756	10490	298	320	33727	1830
856000	73	304	2058	10132	224	314	32946	1263
857000	59	252	1841	10298	247	487	34080	2104
858000	62	261	1769	10588	205	360	34885	1689
859000	45	335	1435	11063	211	344	36178	1360
860000	58	310	1665	10706	207	312	34053	1512
861000	62	364	1358	11061	179	343	33015	1722
862000	19	253	1320	11370	114	381	35232	1458
863000	31	300	1249	11585	37	340	34636	1399
864000	24	330	1206	11755	42	177	34268	827
865000	26	312	1131	11960	7	183	36328	369
866000	24	240	1283	11831	49	151	35383	534
867000	35	274	1251	11834	53	135	37001	552
868000	29	330	1290	11720	33	84	35710	327
869000	39	357	1519	11292	86	128	35520	611
870000	55	264	1477	11439	46	146	35869	562
871000	36	344	1469	11487	71	24	35814	222
872000	45	336	1400	11498	69	54	36384	395
873000	53	289	1723	11070	21	100	35854	419
874000	44	242	1635	11228	0	131	35183	270
875000	35	259	1634	11091	1	243	35761	680
876000	39	273	1574	11264	96	114	35043	548
877000	43	323	1126	11938	4	189	35594	433
878000	23	346	1279	11758	16	97	35403	240
879000	23	323	960	12257	4	97	37202	309
880000	23	326	936	12419	0	53	37133	204
881000	31	348	1100	12098	0	40	35787	47
882000	33	335	1020	12135	102	6	35784	263
883000	50	310	1167	11966	50	41	36035	327
884000	43	287	1273	11851	15	61	36569	170
885000	22	300	1287	11882	19	38	35144	187
886000	71	296	1478	11448	48	0	34950	106
887000	33	330	1494	11557	39	11	36026	123
888000	33	273	1545	11455	62	29	36509	166
889000	40	306	1482	11377	118	62	34965	433
890000	40	340	1436	11449	19	150	35501	397
891000	39	272	1378	11523	18	238	35493	744
892000	53	342	1532	11275	0	154	35115	428
893000	49	312	1695	11003	41	235	34960	598
894000	49	296	1738	10987	3	212	35297	781
895000	52	285	1864	10692	146	136	35025	705
896000	43	270	1810	10700	186	221	36292	1042
897000	59	331	1834	10390	253	266	34392	1685
898000	88	272	2104	10057	231	279	33753	1751
899000	76	233	2308	9981	82	266	33438	1261
900000	57	282	2220	10221	10	154	33408	605
901000	54	251	2018	10680	5	64	34616	188
902000	28	275	1621	11426	0	8	35233	2
903000	46	322	1835	10887	100	8	34807	155
904000	72	309	1805	10968	64	49	34944	347
905000	50	308	2244	10275	0	93	34738	264
906000	49	238	1736	11167	5	41	35847	173
907000	63	302	2130	10324	59	35	34909	281
908000	33	266	1810	10989	0	56	36029	222
909000	55	285	1546	11463	0	30	34681	96
910000	36	276	1546	11507	1	40	36488	84
911000	67	291	1631	11290	0	14	36125	43
912000	40	296	1525	11483	0	8	35331	32
913000	66	336	1601	11214	99	54	35482	482
914000	44	343	1393	11618	34	63	36487	428
915000	47	310	1455	11547	0	63	36493	220
916000	47	296	1574	11300	2	105	36971	290
917000	56	286	1852	10890	0	74	34855	244
918000	92	369	1801	10953	0	1	34863	10
919000	47	274	1711	11184	0	16	37110	14
920000	40	306	1479	11531	0	38	36121	79
921000	33	304	1405	11744	31	10	36429	154
922000	24	304	1301	11899	10	1	36625	89
923000	46	281	1284	11847	88	3	35903	280
924000	29	312	1304	11788	81	14	36477	307
925000	35	289	1484	11538	65	5	35193	151
926000	54	304	1495	11408	71	54	36016	439
927000	49	313	1411	11457	66	89	35267	535
928000	48	286	1300	11570	168	131	37124	905
929000	30	326	1235	11660	102	222	35115	784
930000	32	329	1359	11495	115	143	34851	858
931000	51	305	1391	11480	163	82	35386	627
932000	51	311	1437	11413	129	71	35081	424
933000	61	302	1666	10894	252	88	35094	943
934000	38	285	1624	11143	98	76	36580	648
935000	45	316	1646	11062	155	51	34117	600
936000	46	281	1542	11238	119	106	35391	629
937000	39	309	1625	11045	189	97	35896	955
938000	47	293	1490	11398	55	35	36201	354
939000	41	352	1585	11367	37	2	34844	176
940000	45	297	1706	11232	0	0	35886	11
941000	52	300	1606	11273	77	27	35795	241
942000	43	306	1528	11323	6	160	35958	295
943000	40	282	1892	10874	46	44	34964	489
944000	48	349	2085	10417	29	131	35189	278
945000	50	290	1756	11039	36	61	36136	264
946000	26	304	1885	10836	53	39	35432	224
947000	44	291	1802	11009	28	46	35896	63
948000	35	327	1705	11137	2	54	34060	261
949000	34	303	1674	11202	23	75	35877	356
950000	60	283	1645	11117	64	90	35241	482
951000	53	276	1785	10957	6	147	34755	319
952000	39	263	1575	11092	3	386	37223	942
953000	25	318	1623	10850	31	455	34833	1237
954000	38	365	1447	11210	15	365	35134	1146
955000	44	360	1332	11328	115	330	36291	1065
956000	34	325	1572	11059	109	294	36382	1283
957000	22	353	1470	11115	49	408	35828	1387
958000	24	293	1436	11005	55	594	36071	2299
959000	43	299	1445	11188	52	373	34893	1147
960000	44	320	1559	10964	94	296	34500	1294
961000	38	302	1366	11384	68	265	33962	924
962000	34	271	1686	10848	49	318	36429	1095
963000	28	335	1568	11001	39	413	33593	1344
964000	26	293	1332	11421	5	382	34452	786
965000	13	323	1067	11971	24	262	35159	777
966000	37	313	1115	11900	5	190	36420	684
967000	32	319	1420	11475	2	205	36173	550
968000	26	345	1369	11495	5	263	34649	673
969000	21	293	1251	11731	9	256	36603	828
970000	29	303	1725	10938	5	227	34670	644
971000	31	331	1416	11310	81	221	35224	731
972000	44	239	1422	11452	67	234	36634	846
973000	34	304	1519	11245	86	182	34096	732
974000	67	337	1793	10653	113	263	34164	998
975000	30	338	1490	11166	73	330	35137	1315
976000	51	324	1522	11229	59	173	35109	801
977000	42	327	1593	11222	32	140	34686	466
978000	38	319	1685	11197	9	85	35028	326
979000	52	286	1969	10620	4	142	35168	443
980000	29	314	1657	11113	12	203	35655	415
981000	51	282	1783	10873	112	97	36299	501
982000	34	299	2199	10207	67	171	35099	619
983000	46	262	1829	10707	26	305	34258	826
984000	62	317	1878	10708	79	154	34384	546
985000	61	293	2149	10305	52	165	34650	584
986000	42	273	2190	10141	91	297	34450	1107
987000	56	294	1778	10672	118	329	34783	1237
988000	63	286	1981	10504	157	116	34083	1043
989000	61	289	1763	10505	302	308	34826	1436
990000	55	285	1987	9943	504	342	32328	2691
991000	49	327	1965	10261	221	315	33251	1698
992000	64	268	2142	10078	237	211	33460	1330
993000	72	289	2458	9622	145	158	34320	726
994000	65	256	2237	10021	137	129	34643	673
995000	45	309	2077	10250	133	256	33435	829
996000	40	303	1626	11064	165	109	35634	1161
997000	42	309	1544	11201	102	137	35061	511
998000	37	249	1655	11100	118	199	35953	901
999000	43	259	1642	11018	96	213	36006	945
