0	0	0	0	14400	0	0	0	0
1000	11	326	468	13015	73	56	36501	392
2000	24	321	898	12387	56	56	36793	303
3000	30	259	1125	12111	31	59	36437	155
4000	38	265	1453	11596	46	40	36587	268
5000	41	263	2007	10649	8	122	34751	397
6000	37	323	1755	11063	0	100	35088	342
7000	65	303	2113	10364	5	75	34913	313
8000	41	262	2149	10413	0	126	34653	272
9000	38	277	1956	10629	18	170	34242	669
10000	34	279	1734	11107	11	118	35104	295
11000	42	294	1770	10998	2	148	36222	216
12000	76	275	2043	10551	74	78	35327	276
13000	50	279	1887	10844	81	6	35852	258
14000	58	281	1616	11290	88	13	36518	303
15000	46	301	1823	10998	18	19	34933	158
16000	56	257	1904	10860	16	76	35196	177
17000	56	289	1987	10688	0	112	33743	497
18000	43	292	2131	10263	0	228	34229	544
19000	91	280	2122	10222	20	208	32960	573
20000	40	309	1785	10887	0	147	35703	500
21000	51	254	1749	11006	0	112	36989	378
22000	47	277	1835	10911	0	70	35209	214
23000	57	312	2099	10418	0	129	34887	241
24000	75	240	2909	9243	13	54	34167	97
25000	96	241	3064	8785	0	7	33316	17
26000	58	220	2957	9217	96	6	33504	344
27000	65	282	3179	8717	7	17	33270	61
28000	80	283	3176	8660	0	46	32866	187
29000	53	244	2999	8981	0	203	32611	506
30000	126	278	3446	8050	2	145	31498	492
31000	66	324	3082	8913	0	65	32120	213
32000	67	247	2617	9548	5	174	33541	527
33000	95	299	2831	9250	3	79	33615	226
34000	64	249	2798	9451	1	15	33758	116
35000	61	280	2723	9352	105	1	33888	45
36000	86	288	2973	9079	41	0	33228	163
37000	73	274	2515	9863	28	0	34326	40
38000	108	255	2435	10036	0	0	34384	12
39000	46	270	2497	9932	3	10	34232	99
40000	100	240	2872	9184	56	0	32364	147
41000	108	178	3146	8810	36	5	34148	85
42000	95	297	2988	9013	86	15	34051	272
43000	73	259	3199	8755	65	1	33551	193
44000	102	206	2749	9326	116	60	33483	597
45000	104	275	2112	10355	65	24	33654	208
46000	102	293	2250	10216	31	34	33967	195
47000	75	269	3029	8813	105	3	33180	276
48000	76	242	3027	9048	24	0	34044	74
49000	98	323	2687	9391	29	0	33695	34
50000	67	306	2646	9582	110	1	34271	164
51000	99	219	3161	8667	88	50	32180	614
52000	87	237	3189	8571	55	35	32621	310
53000	101	287	2998	8843	59	47	32181	401
54000	81	271	2606	9482	82	70	33214	406
55000	92	306	2714	9494	57	28	34125	290
56000	88	227	2214	10259	67	33	34382	248
57000	68	294	2271	10181	63	35	34715	233
58000	40	370	2350	9932	43	154	35580	415
59000	56	230	2612	9516	2	238	33581	643
60000	50	304	2312	10069	17	155	35780	346
61000	86	251	2365	9909	3	178	34873	475
62000	70	317	2081	10365	19	223	34520	535
63000	39	333	2138	10353	3	239	34008	600
64000	54	221	2639	9475	34	160	35068	574
65000	61	305	2598	9652	8	51	34537	157
66000	101	304	2567	9762	11	17	33257	46
67000	95	259	2731	9552	0	0	33309	8
68000	126	241	2844	9123	116	18	32146	269
69000	61	250	2487	9981	46	25	34075	293
70000	64	250	2456	9864	96	63	34577	583
71000	56	318	2200	10254	69	83	34033	361
72000	59	277	2630	9525	74	93	34253	428
73000	123	244	2726	9317	45	93	32850	489
74000	63	305	2407	9996	31	98	32724	476
75000	68	357	1950	10623	2	98	34906	248
76000	76	273	2170	10260	24	167	34833	550
77000	78	242	2474	9833	8	182	32908	774
78000	134	296	2851	9042	0	160	33140	409
79000	142	295	2915	8894	62	214	32475	728
80000	94	259	2432	9864	63	53	34741	279
81000	56	264	2383	9968	32	74	34102	347
82000	73	231	2383	10006	71	34	33788	481
83000	83	228	2412	10003	35	50	34895	275
84000	55	274	2271	10321	0	4	35263	51
85000	122	275	2705	9452	2	27	33501	83
86000	80	311	3034	8867	0	0	32366	1
87000	102	312	2570	9592	85	9	33541	251
88000	70	291	2225	10220	76	0	34842	172
89000	74	215	2947	9277	13	0	34061	7
90000	104	255	3176	8624	23	0	34570	20
91000	76	229	3079	8892	63	11	32079	265
92000	73	288	3049	8786	220	9	33515	420
93000	98	244	3633	7833	118	0	31688	251
94000	84	267	3797	7579	59	55	30462	215
95000	146	202	3569	7977	14	0	32466	48
96000	95	263	3748	7576	68	0	31877	232
97000	80	214	3188	8572	122	6	33234	354
98000	78	291	3067	8846	44	50	31889	266
99000	72	289	2624	9402	154	54	31992	508
100000	72	296	2789	9162	86	154	33742	658
101000	77	262	2320	10064	145	37	34265	476
102000	96	244	2652	9401	177	47	33437	617
103000	69	338	2409	9701	187	88	33605	585
104000	71	335	2868	9171	105	63	34227	534
105000	121	252	3103	8605	85	107	31463	605
106000	101	269	3206	8594	39	86	32318	216
107000	85	223	2825	9159	181	49	33710	646
108000	74	198	3389	8265	166	36	33148	685
109000	126	248	3406	8033	188	40	31000	639
110000	92	207	3577	8000	89	89	33192	607
111000	92	258	3766	7665	109	51	31121	361
112000	81	179	4072	6992	300	15	30941	684
113000	92	262	3885	7258	259	2	30465	930
114000	136	216	3586	7969	88	0	31861	188
115000	104	204	3635	7692	208	2	30722	452
116000	134	259	3746	7248	296	17	31966	1031
117000	156	204	3948	7006	248	16	30408	758
118000	122	223	3689	7677	250	10	30251	829
119000	118	157	3561	7941	10	106	31915	167
120000	147	245	3837	7303	0	236	31624	585
121000	67	246	3544	7792	42	404	31817	885
122000	137	202	3481	7746	77	432	31525	1405
123000	81	194	3303	8308	0	379	31955	831
124000	83	257	3073	8789	78	178	33730	836
125000	118	254	3243	8509	0	87	32649	236
126000	77	259	3152	8739	62	0	32844	126
127000	71	278	2902	9033	132	14	33950	303
128000	78	258	2897	8981	245	4	33047	533
129000	120	257	3534	7999	180	22	32299	508
130000	96	303	2804	9195	172	41	32832	560
131000	95	211	3301	8530	91	3	33228	132
132000	89	255	3589	8002	54	31	32248	363
133000	96	202	4063	6933	150	22	30864	611
134000	101	169	3929	7285	122	54	31987	273
135000	124	217	4341	6469	30	66	31212	176
136000	167	189	4305	6427	5	109	28676	339
137000	144	249	3941	6885	9	277	30415	827
138000	157	327	3657	7521	9	239	31352	657
139000	103	240	3677	7624	39	140	30783	404
140000	114	242	3459	7961	7	167	32146	659
141000	117	276	3239	8427	65	203	32609	779
142000	72	252	3379	8178	51	307	32166	761
143000	71	270	3098	8415	9	477	31193	1162
144000	142	247	2928	8747	43	351	32486	1019
145000	69	306	2478	9590	95	254	33085	737
146000	70	257	2632	9264	90	420	33120	1727
147000	89	219	2798	8983	198	308	32061	1194
148000	94	215	2769	9078	220	189	32944	1465
149000	66	201	2763	9092	244	212	32861	1451
150000	120	223	3546	7864	121	156	31871	929
151000	106	238	3330	8092	299	165	32124	965
152000	107	341	3142	8312	266	148	32031	1310
153000	150	239	3290	7933	159	345	30995	1348
154000	130	214	3534	7808	50	155	31743	541
155000	125	213	3989	6871	230	107	31636	675
156000	106	255	3562	7723	158	154	31963	863
157000	112	241	3726	7400	55	370	31062	795
158000	75	202	3075	8582	120	421	33381	1507
159000	94	206	3714	7634	24	239	31873	565
160000	85	283	3590	7444	123	436	30654	1460
161000	112	273	3167	7878	440	369	31389	2165
162000	108	199	3116	7989	531	310	31337	2355
163000	98	271	2696	8673	586	259	31478	2433
164000	109	192	3125	8279	383	211	31637	1519
165000	117	312	2953	8565	208	204	32985	1183
166000	113	204	2688	9098	238	208	33552	1118
167000	92	276	2897	8907	170	77	33498	548
168000	122	190	3074	8822	108	44	33057	541
169000	79	251	3294	8644	6	0	33431	10
170000	117	274	3229	8545	0	20	32750	74
171000	86	199	3128	8900	40	0	32656	63
172000	96	268	3338	8531	14	0	32495	0
173000	80	358	2965	9040	33	2	32617	210
174000	65	243	2874	9241	103	4	33580	288
175000	151	228	3717	7800	71	12	32180	289
176000	158	236	4168	6785	36	34	30288	311
177000	187	236	4575	5976	56	0	28676	0
178000	142	263	4325	6464	80	0	30085	222
179000	115	207	4001	7260	14	0	32109	79
180000	99	210	4162	6892	131	1	31161	347
181000	128	199	3688	7624	130	30	31663	382
182000	76	264	3429	8205	69	86	31871	436
183000	106	214	3223	8481	26	150	32616	449
184000	97	186	3456	8022	26	286	32697	980
185000	75	239	3192	8404	139	271	31032	787
186000	110	222	2841	8816	220	423	32421	1965
187000	46	272	2566	9036	158	679	32221	2327
188000	71	278	2499	8690	382	805	30816	3102
189000	81	238	3010	8151	443	533	31682	2486
190000	98	261	2712	8527	596	429	30934	3050
191000	92	246	2709	8492	593	470	31217	2726
192000	90	262	2658	8538	503	607	30046	2939
193000	99	246	2432	8463	759	765	30890	3892
194000	78	309	2622	7913	563	1192	30020	4399
195000	103	259	2597	8146	573	1073	29931	4569
196000	114	276	2872	7474	618	1219	27837	4758
197000	122	261	2329	8333	913	793	30221	5124
198000	63	216	2721	7802	1013	748	30384	4801
199000	138	308	2715	7872	704	846	29002	4121
200000	110	254	3055	8110	282	518	31817	2459
201000	100	301	3023	8197	381	299	30267	2151
202000	119	240	3196	7503	513	639	30890	3538
203000	88	234	3286	7488	454	686	30329	3554
204000	93	291	2966	8104	425	574	30257	2983
205000	102	241	3405	7264	536	528	28643	2972
206000	85	282	2854	8173	642	581	29046	3162
207000	121	289	2677	7837	1007	598	29145	4363
208000	99	217	3038	7416	1122	425	29920	3833
209000	155	216	3033	7165	1248	559	28172	4332
210000	120	220	2742	7278	1392	824	28067	6077
211000	152	243	2698	7778	1113	590	28146	4499
212000	97	217	2541	7982	1160	662	28350	5281
213000	111	261	2291	7827	1308	1080	27744	6600
214000	91	205	2309	8239	1146	893	29426	5760
215000	59	278	2373	8397	1032	733	29449	4851
216000	86	209	2283	7967	1487	789	28258	5756
217000	118	236	2416	7637	1449	915	27306	6635
218000	94	296	2340	8038	1116	1002	27904	6040
219000	111	270	2139	8419	968	1129	28579	6101
220000	86	240	2554	7652	726	1419	28347	5970
221000	87	239	2478	7475	743	1648	27441	6143
222000	96	241	2677	7147	707	1803	26905	7192
223000	66	250	2286	7910	697	1658	29180	6345
224000	113	249	2515	7442	701	1698	28783	6507
225000	101	207	2637	7326	801	1617	28116	6319
226000	91	231	2751	7245	704	1584	26912	6542
227000	88	214	2788	7361	510	1558	28505	6115
228000	86	239	2556	7576	611	1638	27752	6134
229000	125	197	2868	6869	961	1315	26830	5879
230000	97	243	2407	7411	1038	1554	27208	7292
231000	86	253	2653	7227	928	1493	27562	7120
232000	65	235	2246	8078	1038	1298	28328	7713
233000	73	277	2373	7877	900	1371	29978	6261
234000	90	228	2278	7778	901	1717	27902	7223
235000	62	296	2018	7822	1077	1817	28333	8386
236000	85	270	1683	8258	1095	1835	27742	8147
237000	96	321	1745	7818	1488	1854	26714	9111
238000	87	276	2136	7073	1623	1790	26305	9231
239000	101	260	2013	7834	1203	1633	27084	8217
240000	62	264	2016	8077	921	1743	27818	7429
241000	71	235	2009	7763	928	2137	26073	8517
242000	87	242	2114	7535	892	2117	27305	8688
243000	80	267	2303	7302	921	2111	25342	7952
244000	91	243	2258	6940	1364	2003	26211	8945
245000	108	227	2451	6499	1498	2005	24872	9531
246000	100	238	2169	6590	1496	2345	24260	10699
247000	77	257	2181	6688	1146	2666	24266	10091
248000	136	280	1949	6758	1292	2590	24435	10329
249000	69	226	2036	6811	1398	2527	23523	11953
250000	126	218	2487	5970	1428	2556	24132	10744
251000	96	269	2307	6385	1256	2486	24460	10719
252000	115	264	2414	5901	1859	2262	23565	11366
253000	101	200	2539	5665	1790	2359	22748	11302
254000	150	171	3486	4850	1219	2172	23609	9957
255000	149	271	2945	5571	1687	1887	23898	10755
256000	123	246	2816	5590	1963	1760	23673	10518
257000	113	189	2602	5338	2306	2019	22067	11250
258000	138	162	2887	4973	2276	2061	21117	12374
259000	147	192	3499	4063	2197	1816	21203	12141
260000	193	182	3508	4014	2142	1874	20423	10690
261000	144	187	3471	4479	2601	1109	22218	10421
262000	189	176	3616	4162	2479	1372	21363	9654
263000	151	165	3109	4980	2150	1721	21862	11381
264000	181	219	3275	4595	2143	1687	23415	10410
265000	187	244	3634	4230	1634	1953	22033	10307
266000	181	175	3975	3804	1891	1607	21649	10673
267000	158	125	3421	4843	2117	1375	22829	9552
268000	168	221	3381	5533	1657	1185	23804	7734
269000	115	208	3573	5292	1537	1179	25382	7537
270000	148	220	3177	5432	1838	1388	24438	9073
271000	115	188	2812	6044	1864	1537	24267	9925
272000	121	244	3166	5711	1463	1487	23241	9122
273000	96	181	2858	6661	1530	1168	25852	7685
274000	128	191	3028	6068	1625	1314	26478	9004
275000	148	151	2911	6301	1846	1098	26293	9024
276000	145	190	2626	6257	2537	909	24181	10037
277000	115	241	2687	6432	2264	881	25490	8168
278000	121	219	2320	6895	2227	1002	26547	8604
279000	146	238	2380	6742	1918	1310	25415	8763
280000	173	156	2885	5787	2313	1137	24594	9251
281000	128	132	3586	4691	1540	1965	22469	10172
282000	171	206	3705	4199	2021	1486	21197	9422
283000	157	222	3333	4526	1498	2324	22132	10064
284000	142	184	3410	4019	1785	2626	20738	12873
285000	110	168	3440	3643	2290	2315	19897	13401
286000	194	226	3262	3932	2290	2269	20625	12504
287000	130	211	2967	4045	2760	2344	19161	14377
288000	178	183	3215	4164	2524	1853	21168	12705
289000	146	169	3278	4535	2831	1349	21638	11460
290000	200	163	3096	4910	2631	1283	21933	11422
291000	158	190	4084	4272	1847	1065	23626	8074
292000	182	131	4644	3478	1512	1059	22511	7218
293000	169	162	4375	4293	1402	715	23444	6417
294000	152	102	4437	3988	1826	763	23580	8031
295000	186	198	4484	3782	1556	866	23262	6147
296000	225	182	4728	3837	1260	596	22983	4970
297000	150	190	4165	5156	1380	324	25678	4850
298000	165	188	4076	5893	838	285	27102	3688
299000	156	201	4422	5461	489	468	27498	2138
300000	118	183	4319	5778	501	448	28314	2786
301000	140	158	4497	5278	540	393	26684	2429
302000	222	169	4634	4683	599	603	25902	3243
303000	210	161	4434	4942	893	487	26797	4108
304000	122	175	4101	5633	882	763	27345	4462
305000	192	209	4429	5134	674	588	26661	3633
306000	241	197	4320	4937	739	732	25070	4028
307000	168	177	3658	5922	1291	671	26933	4719
308000	140	210	3821	5648	1195	849	26597	5705
309000	109	183	3481	5853	1311	1168	25921	6722
310000	114	224	3407	6033	1269	1033	25540	6517
311000	165	272	2904	6682	1460	923	27637	6712
312000	113	239	2984	7007	1312	770	26662	6304
313000	127	225	2662	7494	1554	527	28112	5781
314000	108	179	2815	7438	1409	545	28039	5917
315000	141	214	3058	6957	1481	590	27042	5800
316000	96	182	3052	6954	1598	476	26986	5787
317000	96	280	2853	7724	1168	433	29332	4518
318000	119	205	2790	7901	1169	364	29075	4623
319000	110	212	2302	8514	1286	457	29268	4963
320000	113	278	2520	8203	973	589	29419	4646
321000	111	295	2858	7380	1231	619	28499	4814
322000	124	203	2716	7765	1109	663	29000	5541
323000	115	220	2201	8086	1295	1015	29523	6080
324000	89	190	2490	7741	914	1384	28754	6089
325000	136	227	2184	7630	1433	1347	27052	7533
326000	93	246	2305	8009	1035	1141	28894	6024
327000	122	244	2307	8277	886	1023	29796	5469
328000	89	249	2263	7909	964	1397	27862	6218
329000	81	253	1962	7968	1229	1508	28270	7153
330000	102	254	1980	8111	1096	1472	27068	7470
331000	116	286	2278	7078	1621	1457	25725	7713
332000	108	262	2657	6706	1257	1583	26375	8279
333000	136	225	2672	6333	1604	1581	25625	8585
334000	87	126	3167	5796	1805	1214	26855	8819
335000	176	212	3035	5236	2298	1362	22427	10005
336000	156	253	2912	5322	2118	1724	21913	10706
337000	168	228	2764	5423	1738	2127	23065	10674
338000	132	261	2724	5255	1919	2350	22242	10464
339000	139	184	2802	4946	2162	2332	21218	12809
340000	129	184	3037	4821	2033	2218	20453	12162
341000	123	185	2942	4579	1888	2746	21410	12950
342000	109	256	2431	5313	1946	2762	20442	13855
343000	128	211	2361	5400	1778	2918	21166	12997
344000	118	249	2575	5025	1587	3265	20175	13511
345000	137	189	2480	5109	1942	2743	20549	13702
346000	138	250	2364	5195	2287	2615	20404	13038
347000	146	189	2664	4664	2513	2350	20049	13001
348000	150	215	2423	4670	2954	2275	20396	15125
349000	195	174	1974	5142	3666	1892	19028	15581
350000	172	201	2385	4467	3666	1935	19272	15736
351000	198	214	2574	4659	3388	1559	19714	13687
352000	140	127	2528	5396	3127	1372	22157	13948
353000	196	192	2779	4645	3151	1542	20404	13240
354000	142	217	2928	4509	2996	1626	20835	12349
355000	140	191	3111	4705	2687	1465	21437	11461
356000	165	128	2774	4591	3264	1558	19579	13280
357000	141	182	2867	4630	2709	1902	21410	12812
358000	164	189	3038	5000	2282	1627	21473	11678
359000	171	187	3206	5066	2342	1187	22284	10713
360000	150	211	3301	4598	2054	1818	22339	9992
361000	114	254	2724	5288	1994	2241	21670	11618
362000	143	189	2993	4811	1833	2399	20941	12034
363000	131	229	2627	4690	2126	2827	19750	13232
364000	115	217	2638	5136	2034	2471	22259	12957
365000	115	241	2783	5184	2257	1979	21322	11775
366000	166	176	2722	5663	2336	1499	23972	10424
367000	209	193	3017	5044	2646	1261	21669	10634
368000	175	159	3341	4826	2543	1078	22309	9911
369000	196	93	3589	4061	2688	1210	21337	11051
370000	273	225	3516	3635	2420	1721	20430	11030
371000	159	223	2911	4151	2883	2054	19386	13438
372000	211	201	2791	4876	2589	1774	20711	10865
373000	105	228	3195	4448	2400	1789	20752	11798
374000	142	245	2949	4896	1977	2221	20666	12011
375000	143	252	2790	5234	1948	2220	22226	11647
376000	172	194	2549	5859	2052	1837	23142	10579
377000	133	183	2889	5148	2086	2001	22151	11531
378000	146	250	2554	5227	1997	2511	22219	12457
379000	126	217	2504	5251	2165	2474	22077	12754
380000	145	214	2091	5263	2583	2665	20131	14022
381000	139	234	2002	5100	2635	2965	19905	15525
382000	141	205	2102	4847	2852	2787	19235	15388
383000	200	173	2076	4943	2968	2562	19600	15278
384000	186	221	2417	5246	2460	2320	20373	14270
385000	142	204	2566	4875	2450	2390	21892	13061
386000	174	232	2604	4901	2303	2440	20626	13137
387000	103	189	2549	4945	2340	2572	21967	12666
388000	125	198	2694	5330	2345	1873	21271	12505
389000	119	189	2818	5389	2191	1785	21406	11061
390000	160	101	3776	4514	1678	1481	23557	8575
391000	173	249	3813	5231	954	1351	23842	6859
392000	197	236	4095	5087	976	971	25081	5083
393000	93	140	4152	5236	653	1277	25216	5482
394000	186	258	3620	5552	836	1356	25655	6112
395000	171	165	3860	5122	1162	1295	23551	7741
396000	182	149	3793	5109	1184	1390	25463	7664
397000	119	246	2801	6232	1508	1652	24406	8597
398000	132	187	2479	6081	1522	2281	24048	9462
399000	89	205	2219	6655	1207	2531	26041	10496
400000	92	210	2416	6562	1537	1998	26027	9991
401000	127	251	2743	6521	1296	1622	24930	8962
402000	93	301	2654	6421	1263	1905	24813	8737
403000	105	248	2039	6533	1781	2245	23205	11117
404000	123	224	2274	6061	1501	2696	23498	11995
405000	115	188	2833	5491	1650	2252	23946	10191
406000	118	193	2821	6359	1399	1629	26853	8777
407000	158	216	2947	5665	1879	1578	23565	9260
408000	118	205	2861	5927	1875	1494	24221	10030
409000	134	258	3018	5885	1536	1532	24447	8468
410000	85	242	2858	6563	1422	1291	26644	8072
411000	114	214	3327	5523	1484	1474	24601	8470
412000	89	168	3761	5074	1549	1295	23905	7135
413000	160	185	3613	5654	1284	1096	24275	7099
414000	147	192	3108	6027	1499	1303	25598	7620
415000	150	214	2916	6340	1552	1222	25837	7885
416000	144	178	3578	5406	1647	959	25844	7106
417000	185	199	3659	5512	1427	854	26687	6643
418000	104	227	3376	6619	855	903	27218	4990
419000	165	175	3658	6079	865	886	27310	5185
420000	140	191	4207	4770	570	1603	24576	5840
421000	117	208	3551	5830	1148	1184	26249	6211
422000	206	255	3640	5757	1308	698	26161	6686
423000	170	197	4283	4909	1011	723	25745	5066
424000	189	183	4253	5580	497	686	26796	3739
425000	174	160	4298	5668	351	685	27906	3229
426000	217	251	3895	5935	510	704	28093	2972
427000	148	230	3696	6274	679	796	27723	3847
428000	183	251	3724	6139	484	954	28010	4479
429000	122	240	3686	6646	352	768	28286	2769
430000	127	215	3312	6986	427	1040	29407	3819
431000	69	317	2959	7600	467	1058	28577	3858
432000	117	207	3134	7756	378	770	29981	3230
433000	108	208	2813	8395	223	801	29773	3338
434000	99	229	3132	7750	366	704	30513	3043
435000	63	250	3008	8183	165	756	31211	2494
436000	112	229	2901	8224	336	718	30951	2556
437000	120	271	3228	7858	270	501	30765	2181
438000	121	256	3356	7858	273	257	30612	1482
439000	68	328	2927	8682	103	265	31430	1172
440000	84	267	2742	9078	103	337	33873	989
441000	85	279	2719	9175	6	343	33825	1165
442000	95	279	3015	8599	0	426	32132	910
443000	129	278	3403	7915	20	399	30879	1210
444000	81	281	2600	9407	129	268	32509	1401
445000	61	268	2731	9129	83	305	33140	1072
446000	65	282	2220	9918	78	387	33669	1481
447000	83	262	2220	10095	113	158	33600	990
448000	66	331	2493	9717	90	98	33926	736
449000	78	266	2109	10380	2	97	34871	402
450000	66	302	2396	9817	10	210	34685	704
451000	48	276	2066	10567	0	96	35057	364
452000	72	281	2348	10210	0	8	33798	2
453000	79	256	2681	9601	25	0	34583	125
454000	114	261	3069	8846	13	26	33545	110
455000	85	269	4166	6982	0	60	30666	125
456000	136	251	3778	7342	0	191	31174	550
457000	149	273	3639	7300	14	292	31935	1141
458000	120	299	3031	8552	43	274	33302	852
459000	120	262	3192	8502	3	201	31381	473
460000	101	222	3435	8235	6	126	32694	409
461000	95	249	3465	8196	14	21	31873	196
462000	85	349	3199	8471	0	157	32786	290
463000	87	241	3426	8365	0	26	31826	48
464000	71	331	3149	8735	36	2	33473	185
465000	87	269	3187	8674	42	0	33043	126
466000	128	222	3816	7431	80	25	30728	387
467000	105	287	3115	8799	37	0	31556	104
468000	85	256	3082	8951	9	36	32896	152
469000	69	250	2728	9512	61	7	34180	60
470000	78	238	3248	8612	0	0	32609	14
471000	136	262	3461	8041	95	0	32570	260
472000	81	235	3864	7421	98	14	31476	269
473000	131	212	4039	7001	183	41	30143	794
474000	73	295	3636	7976	0	9	31541	31
475000	125	280	3649	7856	62	6	31890	136
476000	105	270	3606	8008	32	0	32256	120
477000	88	295	3749	7607	44	3	32701	159
478000	199	258	3948	7011	64	102	30564	375
479000	113	245	3634	7783	23	46	31143	277
480000	92	252	3421	8391	0	45	32859	126
481000	92	260	3377	8216	0	71	30859	279
482000	95	302	3378	8245	39	81	33103	309
483000	87	207	3730	7816	0	0	31539	1
484000	74	239	3386	8300	231	29	34024	736
485000	56	367	2963	8766	329	47	30573	818
486000	44	251	2673	9315	292	60	32894	897
487000	95	308	2811	9087	260	37	32702	673
488000	95	233	3103	8662	175	45	32494	654
489000	72	250	2777	9309	152	37	33293	655
490000	69	268	2440	9840	155	73	33352	702
491000	80	239	2732	9276	94	126	33999	774
492000	78	308	2400	9613	134	277	34630	869
493000	84	256	2601	9092	217	423	32296	1675
494000	61	278	2258	9589	227	517	32181	2166
495000	49	261	1998	9808	330	585	34194	2545
496000	81	277	2523	9063	144	659	31463	2261
497000	56	270	3005	8488	75	585	31920	2025
498000	118	252	3174	8142	90	384	31561	1601
499000	82	232	3217	8393	104	212	31430	978
500000	123	176	3306	7961	66	452	31119	1299
501000	114	221	3341	7903	31	501	32276	1610
502000	84	152	3971	7025	5	330	30867	961
503000	150	194	3819	7266	0	203	31945	478
504000	120	328	3950	7043	108	213	30297	742
505000	119	222	3659	7362	77	426	30231	1350
506000	117	289	4006	6359	129	598	27414	1985
507000	141	242	3848	6958	135	350	29842	1168
508000	154	259	4195	6701	26	99	29862	487
509000	51	188	4094	7312	5	0	30865	43
510000	135	240	4077	6927	159	1	30748	355
511000	110	210	4308	6193	425	40	28807	1563
512000	157	272	4607	5583	271	130	28329	1015
513000	144	203	4641	5690	104	223	27590	563
514000	158	200	4207	6487	210	183	29133	1366
515000	94	201	4258	6517	120	247	30164	933
516000	124	297	4126	6501	86	342	29683	956
517000	78	222	3604	7670	159	199	30290	1647
518000	73	280	3495	8050	56	140	31712	513
519000	107	258	3193	8337	164	152	32131	941
520000	151	246	3439	7954	103	187	31391	860
521000	61	251	3343	7863	108	428	30392	1601
522000	155	223	3493	7824	66	193	31339	773
523000	103	230	3985	7185	25	99	31580	378
524000	124	149	4117	7079	1	10	31306	76
525000	88	250	3815	7581	63	0	32440	76
526000	147	208	3588	7934	55	0	31918	158
527000	83	250	3610	7890	90	0	32964	78
528000	128	202	3513	7959	118	95	31116	597
529000	92	232	3062	8672	185	97	32812	827
530000	101	284	2937	8936	51	107	32696	352
531000	59	270	3486	8266	0	60	33786	165
532000	67	224	3793	7463	0	103	31775	237
533000	114	294	3671	7710	0	81	30449	183
534000	122	201	3586	7951	1	172	33445	563
535000	98	198	3670	7931	1	37	32486	69
536000	101	311	3405	8343	88	19	30863	219
537000	160	241	3716	7650	114	2	32483	287
538000	99	268	3422	8228	69	3	30967	269
539000	114	228	3323	8486	47	24	33354	161
540000	117	218	3775	7798	0	0	32181	1
541000	87	244	3590	8018	62	0	31347	129
542000	63	309	3243	8519	124	1	31866	361
543000	139	197	3126	8641	181	3	32869	576
544000	102	255	2777	9187	284	3	33291	860
545000	85	277	3100	8691	30	42	32981	165
546000	63	244	3398	8231	187	131	32446	777
547000	102	192	3404	8047	194	93	31366	679
548000	74	237	3662	7845	93	76	31622	487
549000	104	262	3445	8085	85	44	32065	459
550000	89	269	3352	8247	64	189	31516	693
551000	131	260	3695	7494	6	202	30234	544
552000	170	225	4120	6846	0	257	29355	784
553000	75	240	3620	7735	21	184	32057	519
554000	81	262	3324	8329	29	183	32267	488
555000	75	255	3156	8511	24	200	30850	629
556000	122	235	3238	8489	26	220	32514	679
557000	117	234	3170	8456	1	232	32655	542
558000	149	267	3301	8178	44	222	32038	653
559000	56	308	2874	9163	14	127	32056	366
560000	107	280	3479	8251	21	34	32664	76
561000	76	253	2864	9228	14	61	34065	167
562000	57	275	2653	9533	5	59	34475	220
563000	48	284	2656	9505	131	0	33391	78
564000	128	302	2768	9246	51	1	33526	155
565000	102	259	3140	8598	94	10	32616	233
566000	45	250	3204	8717	50	24	33305	150
567000	87	198	3140	8812	0	29	33934	123
568000	107	199	3303	8554	26	4	32474	119
569000	124	224	3467	8176	0	19	31070	51
570000	106	252	3460	8307	5	0	32951	82
571000	116	203	3837	7563	53	9	33146	59
572000	101	210	3497	8154	50	0	31950	140
573000	122	279	3521	8157	25	0	32019	45
574000	88	258	3375	8281	74	4	31112	240
575000	105	247	3264	8613	1	41	33244	99
576000	102	277	2758	9442	0	0	32950	9
577000	128	274	3296	8225	217	41	32406	596
578000	78	256	3759	7448	206	161	31082	1226
579000	101	312	3665	7488	117	214	30573	803
580000	69	325	2577	9441	43	200	33083	923
581000	85	227	2786	9131	62	332	32898	845
582000	63	264	2286	10001	12	342	33344	901
583000	47	209	2352	9895	19	293	33598	960
584000	65	234	2244	10010	99	216	35094	879
585000	85	235	2451	9850	50	137	33334	720
586000	59	328	2290	10006	5	223	33192	684
587000	85	242	2647	9413	35	235	32975	647
588000	87	273	2934	8838	114	197	32444	722
589000	106	236	2791	9213	73	105	34445	415
590000	95	247	2938	8757	215	122	33299	765
591000	89	254	3410	8124	53	40	32102	351
592000	130	248	3288	8380	0	46	32842	152
593000	107	267	3084	8904	6	0	32220	34
594000	72	251	3431	8336	63	11	31890	194
595000	79	263	3226	8624	0	115	31641	356
596000	106	299	3183	8666	0	14	34323	22
597000	74	213	3049	9075	0	2	33542	4
598000	83	239	3027	9025	0	0	34163	43
599000	67	286	2699	9402	107	1	33632	167
600000	88	283	2872	9207	105	0	33503	292
601000	126	285	3025	8806	157	5	31650	404
602000	82	266	2694	9327	246	6	32636	663
603000	102	226	2527	9550	260	84	32469	1007
604000	79	279	2626	9372	262	52	33020	813
605000	59	343	1979	10178	286	211	34810	1221
606000	45	323	2047	10208	214	228	34210	997
607000	68	250	2337	9903	118	183	34591	995
608000	53	243	2454	9787	62	204	31732	745
609000	48	323	2229	10202	2	172	35148	366
610000	76	271	2511	9611	41	285	34820	1014
611000	68	269	2223	10215	57	109	33824	618
612000	38	264	2214	10230	70	74	35472	557
613000	65	236	2652	9515	52	44	33302	222
614000	74	283	2836	9303	1	59	33318	78
615000	99	267	2637	9585	12	87	33288	268
616000	75	229	2781	9371	0	106	34372	219
617000	66	276	2871	9233	0	46	32795	113
618000	83	286	2722	9480	7	39	34619	93
619000	83	269	2571	9781	28	3	33024	76
620000	67	193	2554	9900	76	0	34936	205
621000	55	331	2677	9595	0	0	33327	1
622000	95	303	2711	9423	76	6	34826	131
623000	101	298	2646	9475	127	10	33726	353
624000	133	251	3201	8527	50	49	32604	191
625000	62	284	3018	8917	18	65	34502	304
626000	136	167	3711	7788	0	95	32261	324
627000	125	160	3981	7321	82	0	31709	104
628000	124	257	3816	7368	125	0	30747	399
629000	133	276	3312	8223	152	39	31111	467
630000	129	211	3269	8455	48	42	34310	360
631000	102	277	3056	8790	0	9	32874	6
632000	70	204	3291	8760	0	0	32590	7
633000	78	243	2963	9045	144	0	32243	300
634000	111	214	3765	7483	252	30	30588	559
635000	105	176	3471	8003	368	0	31271	1044
636000	152	261	3396	7831	334	62	30131	1156
637000	90	210	4083	7042	207	41	30719	759
638000	186	193	4801	5602	0	0	29240	6
639000	227	214	5059	4811	0	10	28392	34
640000	184	190	5051	5162	0	0	28717	16
641000	174	189	5067	5133	16	0	28344	44
642000	195	193	4671	5791	93	1	28552	168
643000	178	167	5318	4526	82	0	28390	197
644000	141	120	5018	5096	210	0	28011	530
645000	196	275	4494	5948	218	0	28891	624
646000	156	266	4418	6338	52	34	30427	178
647000	93	191	3784	7552	15	168	31061	655
648000	107	192	3587	7618	31	312	33049	513
649000	102	195	3600	7603	56	342	31958	968
650000	110	205	4053	7090	6	108	31190	442
651000	78	303	3619	7656	0	231	29609	713
652000	88	290	2974	8518	73	510	31965	1430
653000	156	269	3151	8268	35	401	30311	1358
654000	82	230	3286	8009	177	431	31151	1714
655000	76	210	2856	8669	166	519	32597	1584
656000	96	248	2551	8667	515	656	32114	2981
657000	83	232	2497	9063	366	552	32420	2486
658000	70	148	2745	8424	620	590	31380	3481
659000	147	197	2864	8040	639	608	29774	2864
660000	78	279	2898	7945	399	882	30963	3981
661000	107	215	2717	8207	534	757	30673	3583
662000	99	216	2892	8354	512	392	31300	2496
663000	85	248	3380	7406	510	384	30232	2688
664000	132	181	3385	7641	599	250	29219	2022
665000	131	291	3088	7952	581	264	30964	2395
666000	113	285	2798	8503	587	344	30610	2404
667000	71	251	2600	8759	444	494	31049	3027
668000	97	332	2678	8452	516	502	31944	2752
669000	113	194	2981	7910	820	493	31284	3381
670000	146	213	3247	6997	841	651	27797	3993
671000	103	249	3363	6913	959	571	28618	4382
672000	104	239	3361	7287	687	534	29233	3356
673000	74	261	2813	7585	830	986	27567	4819
674000	126	245	2940	7614	895	708	29761	4517
675000	86	302	2444	7863	1134	933	27996	5509
676000	106	293	2384	7927	1106	1000	28034	6160
677000	84	246	3000	7034	1145	790	27894	5428
678000	100	218	3031	7069	855	1087	28223	5723
679000	150	258	3145	6849	447	1411	28980	5247
680000	91	211	2859	7466	453	1390	27389	5115
681000	156	216	3519	6408	458	1125	27772	4101
682000	183	173	3551	6492	548	909	28934	4664
683000	152	182	2951	7405	858	820	28483	4802
684000	118	231	3323	7002	720	725	29206	3585
685000	131	229	3061	7204	861	782	28892	4302
686000	121	185	3195	7003	977	726	29900	4830
687000	123	249	2767	7855	970	507	30149	4017
688000	116	345	2522	8235	844	653	29601	4063
689000	84	236	2944	7805	861	472	30373	3554
690000	67	240	2345	9058	834	321	32249	3252
691000	79	190	2443	9090	503	528	32413	2689
692000	62	229	2448	8693	657	661	31772	3489
693000	75	277	2248	9473	352	436	33549	2166
694000	77	233	2419	8970	680	441	30027	3059
695000	91	226	2769	8776	334	333	31541	1549
696000	109	280	2779	8312	403	666	29652	3107
697000	88	217	2945	8101	570	521	30375	3250
698000	111	215	2852	8507	412	266	30932	2407
699000	131	228	3065	8097	702	161	30953	2611
700000	66	227	3078	8026	675	322	30957	2586
701000	82	201	2751	8510	771	189	31038	2242
702000	87	211	2583	8777	729	252	31391	2560
703000	123	233	3062	8111	492	438	30492	3040
704000	134	295	2947	7868	511	711	30314	3217
705000	77	221	2985	8035	281	815	29899	2910
706000	89	229	2822	7897	480	978	30832	3459
707000	110	209	2682	8264	530	885	30409	4137
708000	90	230	2658	8791	260	636	32296	2714
709000	83	269	2508	9058	151	695	32010	2256
710000	106	273	2323	9012	325	798	31826	3007
711000	68	304	1996	9636	332	750	31064	2864
712000	60	258	1763	9871	296	1025	32098	3361
713000	70	322	2278	8697	345	1154	30092	3666
714000	67	215	2476	8084	508	1406	30192	4678
715000	76	254	2552	7869	663	1273	29300	5211
716000	91	317	2241	8606	701	952	28509	4705
717000	62	257	2308	8800	583	896	30311	4698
718000	100	315	2575	8141	425	1129	29878	4207
719000	72	287	2194	8156	747	1499	28966	6267
720000	58	247	2074	8319	1137	1184	29082	6732
721000	52	253	2367	8189	827	1234	28810	5776
722000	85	194	2248	8594	912	826	29627	4461
723000	100	264	2383	8114	854	1052	29053	5375
724000	134	267	2238	7767	1044	1424	28145	5686
725000	92	251	2332	7727	1031	1400	28534	6465
726000	88	275	2714	6991	1121	1420	27578	6861
727000	85	277	2558	7800	973	1039	29316	5269
728000	72	266	2457	8089	601	1307	29402	4992
729000	94	266	2591	7970	648	1074	29897	4520
730000	100	286	2730	7797	541	1109	29118	4335
731000	90	208	2281	8683	504	1029	31292	4816
732000	98	330	2523	8277	759	791	31498	3950
733000	67	269	2752	8063	689	755	30031	4252
734000	143	275	2712	8037	922	512	29799	4016
735000	89	243	3062	7908	428	517	30535	3250
736000	99	319	2566	8652	457	678	30642	2946
737000	100	249	3153	7376	591	800	29792	3645
738000	127	211	3199	7089	890	708	29487	3583
739000	121	200	3273	7015	776	720	28654	4018
740000	154	180	3240	6943	882	762	29418	4657
741000	117	277	3120	7559	534	705	29727	3791
742000	100	276	2660	8690	540	382	30151	2285
743000	126	262	2805	8481	472	369	31917	3001
744000	79	290	3097	8112	337	309	30771	2153
745000	100	234	3216	8398	252	105	31900	910
746000	104	256	3046	8287	395	157	33061	1416
747000	83	298	3088	8434	328	124	32426	899
748000	67	266	2940	8895	298	41	33164	1116
749000	110	217	3294	8322	148	51	32296	560
750000	91	263	3105	8751	36	82	33278	310
751000	69	288	2741	9105	92	334	33235	1041
752000	64	249	2716	9249	0	277	33958	679
753000	122	303	3130	8490	1	315	33088	987
754000	58	307	2624	9331	82	358	32053	1199
755000	84	278	2975	8588	159	337	32027	1341
756000	96	276	2896	8420	201	455	32053	1759
757000	61	287	2764	8510	218	625	31739	2027
758000	83	257	3173	8222	76	448	32393	1592
759000	104	307	2892	8414	120	643	32280	1771
760000	87	281	2513	8936	306	558	31108	2356
761000	65	315	2773	8865	121	432	31870	1601
762000	82	251	2813	8962	85	270	33262	1241
763000	64	207	2918	9158	35	178	32683	491
764000	64	211	3099	8930	0	56	33302	179
765000	58	264	2692	9576	3	0	35241	31
766000	84	291	2540	9777	73	8	34261	184
767000	69	324	2442	9867	97	1	34125	194
768000	55	268	2275	10356	11	0	34726	44
769000	63	297	1993	10700	40	0	34415	58
770000	51	235	2721	9500	42	29	34259	192
771000	51	217	2880	9256	59	51	33883	275
772000	74	283	2837	9131	62	86	33531	504
773000	73	271	3113	8545	79	217	32422	945
774000	107	292	2875	8996	61	188	32974	638
775000	87	250	2889	8970	12	274	33955	552
776000	92	277	2805	9090	39	216	32929	763
777000	83	255	2733	9070	18	467	33583	1333
778000	119	344	2657	9002	56	522	31303	1479
779000	75	206	2650	9165	60	431	33780	1201
780000	92	326	2516	9348	82	453	31728	1315
781000	66	309	2575	9188	55	507	32535	1779
782000	79	268	2571	9263	75	394	33220	1245
783000	81	276	2979	8459	77	495	31504	1157
784000	51	210	2902	8748	85	502	33133	1523
785000	78	252	2873	8819	48	387	33396	1536
786000	84	273	3316	8190	34	245	30883	822
787000	96	319	3134	8363	157	272	32672	998
788000	73	220	3053	8725	57	319	32998	1135
789000	117	221	3640	7786	19	97	31179	379
790000	67	261	3401	8398	6	71	32339	196
791000	57	263	3580	8107	0	0	32609	1
792000	95	293	3297	8365	102	29	32128	320
793000	121	229	3811	7547	87	35	30307	252
794000	103	204	3660	7896	24	0	32562	48
795000	115	261	3488	8122	91	5	32033	276
796000	75	257	3380	8439	40	0	31984	194
797000	98	230	3868	7398	45	0	30235	114
798000	118	245	3858	7490	0	12	31041	19
799000	104	254	3236	8543	42	0	32657	114
800000	96	235	2994	9029	37	0	33247	122
801000	63	262	3002	9043	100	0	32780	67
802000	76	272	3332	8449	0	0	32838	5
803000	111	317	3363	8268	122	3	32200	364
804000	91	277	2995	8876	67	0	32509	126
805000	92	289	2732	9510	0	0	32926	9
806000	123	315	3241	8409	63	0	32215	256
807000	93	308	2640	9484	76	0	33494	108
808000	43	281	2665	9533	83	60	33547	231
809000	66	269	2847	9265	100	31	33246	335
810000	83	286	2715	9485	60	51	32433	281
811000	87	290	2894	8951	29	213	33278	808
812000	60	380	2549	9517	8	131	33574	344
813000	55	287	2366	10058	0	160	33733	595
814000	100	289	2410	9786	2	189	33261	372
815000	59	305	2287	10125	67	166	35621	554
816000	72	274	2356	9819	82	249	34107	636
817000	58	279	2080	10139	177	276	34098	1301
818000	77	257	2418	9780	101	129	34583	870
819000	65	312	2060	10193	179	202	33996	1066
820000	79	220	2489	9795	57	89	33542	360
821000	89	343	2886	9028	52	94	34150	363
822000	84	258	2987	8788	166	96	32919	700
823000	110	254	2748	9143	193	74	32128	887
824000	90	258	2508	9695	168	28	34255	599
825000	74	288	2300	10102	30	83	33836	473
826000	73	279	1816	10640	30	266	35214	644
827000	53	314	1765	10583	32	489	34908	1114
828000	48	253	2221	9873	105	476	34510	1634
829000	58	283	2149	9843	84	602	32808	2171
830000	70	282	2038	10208	87	411	34450	1352
831000	46	309	1873	10261	78	552	32578	1754
832000	53	258	1826	10327	147	602	33006	2164
833000	38	341	1845	10116	221	634	32476	2407
834000	62	250	1724	10220	194	801	32550	3090
835000	45	229	1918	10262	310	434	33585	2010
836000	63	326	2438	9566	256	188	33299	1333
837000	55	365	2628	9276	192	201	32543	675
838000	96	218	2815	9088	203	121	34189	932
839000	86	273	2599	9215	387	68	34295	1007
840000	76	264	2629	9340	193	198	34180	1094
841000	73	275	2533	9412	97	394	34376	1224
842000	88	268	2791	8813	201	421	32457	2287
843000	78	271	3191	8166	153	298	32306	1086
844000	125	242	3189	8593	31	106	32112	495
845000	120	266	3352	8110	83	180	32283	683
846000	102	278	3086	8708	37	98	31630	586
847000	41	300	2486	9920	0	43	34859	83
848000	45	257	2594	9864	0	0	33437	3
849000	42	227	2682	9530	84	24	33338	440
850000	85	256	2561	9631	172	3	33899	431
851000	86	283	2202	10220	137	15	34608	445
852000	77	357	2255	10168	53	1	34340	151
853000	39	312	2333	10190	38	1	33575	48
854000	94	293	2863	9346	26	0	34232	66
855000	116	286	3120	8656	41	0	32537	93
856000	93	210	3154	8819	0	0	33271	6
857000	62	221	2948	9156	55	0	34261	198
858000	85	238	3298	8448	35	20	32655	158
859000	154	214	3329	8275	5	49	32639	95
860000	109	302	3129	8567	0	124	33045	324
861000	90	254	2790	9295	0	51	35000	134
862000	85	206	2707	9473	23	114	33690	369
863000	73	224	2986	8923	31	168	32131	487
864000	91	269	2925	8949	0	169	32097	439
865000	117	253	2813	9192	4	157	33200	294
866000	53	270	2827	9410	0	35	34497	54
867000	72	265	2511	9782	30	11	35335	131
868000	49	265	2278	10201	121	2	35823	325
869000	76	253	2574	9563	77	73	33190	450
870000	71	289	2320	10024	33	72	34361	374
871000	69	279	2043	10471	33	188	34374	554
872000	63	237	2398	9944	0	211	34421	514
873000	85	261	2405	9678	53	280	34103	1201
874000	72	283	2321	9820	60	287	33369	983
875000	44	296	1963	10409	83	385	35121	1121
876000	53	257	1890	10617	106	242	34828	1254
877000	48	342	1773	10854	29	159	34341	526
878000	45	317	1943	10658	47	113	34981	478
879000	70	288	2500	9729	66	100	34375	806
880000	74	280	2501	9661	121	109	33867	708
881000	68	366	2097	10251	50	215	33098	869
882000	51	327	2190	10118	25	288	33669	999
883000	78	293	2595	9455	21	188	33778	537
884000	81	295	2818	9356	0	0	33430	4
885000	69	271	2889	9136	23	82	33996	299
886000	77	260	2545	9862	23	36	32502	150
887000	108	302	3050	8774	0	12	33233	40
888000	85	326	3290	8502	70	2	32854	322
889000	110	257	3111	8857	0	19	31598	27
890000	107	251	3089	8833	0	0	32362	2
891000	115	269	2994	9052	8	1	31883	99
892000	88	246	3201	8588	0	76	32621	276
893000	48	237	2973	9152	3	92	32808	280
894000	82	295	2834	9131	0	178	33007	634
895000	83	215	3308	8458	0	57	33316	129
896000	71	213	4075	7391	17	0	30744	101
897000	119	228	3734	7709	32	0	31438	172
898000	118	310	3511	7954	0	0	32341	1
899000	55	259	3824	7507	95	35	30937	283
900000	118	283	3446	8263	0	0	31708	8
901000	122	204	3496	8088	85	0	31473	214
902000	96	262	3520	8051	40	34	33167	201
903000	84	323	3026	8868	17	0	32037	116
904000	141	247	3402	8205	46	0	32328	139
905000	155	247	3736	7723	0	0	32489	5
906000	105	262	3768	7708	66	0	30088	64
907000	112	247	3353	8190	185	1	32752	487
908000	93	295	3038	8702	131	0	32528	519
909000	89	278	3079	8671	214	0	32174	477
910000	98	222	2829	9056	283	16	32499	970
911000	98	217	3570	7688	220	186	31945	1493
912000	130	323	3616	7512	161	172	31197	949
913000	113	275	3579	7633	149	243	31223	1207
914000	113	250	3789	7307	92	132	31181	622
915000	91	237	3661	7706	54	143	30934	597
916000	115	193	4198	6843	1	202	30009	632
917000	133	274	3813	7150	51	346	29508	1026
918000	98	245	3400	7909	52	382	32287	1430
919000	102	233	3733	7323	97	351	31613	1341
920000	114	194	3859	6841	200	512	31051	1591
921000	77	255	3811	6720	128	744	30450	2421
922000	125	209	3691	7067	67	659	30350	1990
923000	78	261	3541	7402	126	651	28891	2170
924000	87	260	3157	7762	52	925	31391	2656
925000	58	302	2892	8203	129	883	29759	3479
926000	77	276	2717	8454	255	764	31963	3060
927000	97	262	2752	8399	325	709	31639	3155
928000	88	242	2702	8601	313	730	30463	2850
929000	83	404	2658	8466	271	811	31610	2753
930000	85	284	2625	8785	252	629	31161	2815
931000	71	286	2358	9525	213	424	33296	1946
932000	76	298	2384	9425	148	497	31833	1922
933000	82	283	2320	9489	282	410	32650	2149
934000	91	286	2330	9623	216	271	33716	1369
935000	56	270	1991	10123	167	432	32765	2093
936000	89	245	2486	9601	78	337	32725	1094
937000	61	295	2606	9161	94	442	31694	1423
938000	95	219	2564	9333	106	365	32248	1211
939000	58	295	2376	9492	169	394	33221	1199
940000	68	279	2601	9201	219	305	32353	1340
941000	79	237	2705	8735	301	499	32888	2690
942000	67	248	2660	8878	338	461	32462	2265
943000	78	285	2696	8890	254	460	31009	2034
944000	79	282	2180	9182	555	647	32211	2961
945000	90	307	2177	9262	464	713	32334	3299
946000	64	254	2252	9336	487	553	32698	2818
947000	50	260	1708	10303	423	534	32973	2839
948000	70	295	1964	9885	262	600	33183	2416
949000	81	288	2177	9361	227	866	32012	2731
950000	75	237	2273	9318	250	795	31448	3240
951000	46	269	2183	9371	204	908	32567	3010
952000	70	323	2443	8399	193	1354	29717	3885
953000	68	218	2198	8975	170	1364	30570	4330
954000	74	278	2239	8660	238	1426	30971	4583
955000	52	303	2054	8848	474	1330	30401	5401
956000	56	307	2044	8956	338	1391	30505	4563
957000	59	332	2230	8661	271	1465	30614	4690
958000	75	296	2232	8989	306	1021	31938	3713
959000	95	308	2408	9046	238	760	31508	2699
960000	70	312	2793	8579	290	448	31918	2499
961000	92	211	3054	8256	240	399	32416	1857
962000	82	295	2690	8833	188	532	30803	1951
963000	48	305	2755	8741	108	588	31715	1998
964000	85	232	2351	9386	227	560	34351	2443
965000	59	241	2556	9118	217	572	31678	2052
966000	70	308	2419	9229	174	645	32207	2324
967000	36	311	2220	9220	315	909	31336	3878
968000	60	262	2229	9318	379	651	32582	2588
969000	88	302	2630	8460	245	967	31436	3372
970000	92	278	3054	7854	241	895	30190	2908
971000	166	222	3092	8095	185	467	31241	2468
972000	70	257	2804	8806	216	434	31824	1773
973000	93	228	2854	9051	47	330	32585	1023
974000	153	230	2756	9096	6	309	32335	778
975000	72	237	2810	9303	37	70	32536	464
976000	119	275	3074	8746	0	133	33771	217
977000	101	238	3022	8920	8	68	33470	189
978000	72	284	2937	9174	2	0	33503	11
979000	106	270	3268	8555	16	0	34037	52
980000	89	204	2834	9329	52	0	33367	253
981000	95	318	3141	8721	0	2	34337	46
982000	90	210	2907	9161	90	0	32726	361
983000	69	232	2784	9470	50	18	34281	127
984000	61	296	2866	9260	23	0	34347	160
985000	112	247	2651	9321	109	7	33458	441
986000	64	243	2595	9745	113	3	35093	387
987000	80	207	2698	9695	0	0	34605	25
988000	70	240	2705	9605	50	4	34518	220
989000	88	239	2858	9194	64	34	32503	271
990000	72	259	2812	9200	105	111	32901	464
991000	90	301	2793	9123	117	80	33087	556
992000	80	257	2910	8936	64	235	33221	858
993000	123	216	3327	8322	1	209	31675	727
994000	107	221	3426	8034	9	236	31303	854
995000	135	248	3060	8262	112	475	30859	1462
996000	78	278	2975	8417	205	433	32405	1444
997000	120	206	3483	7476	305	482	30913	2303
998000	97	221	3058	8014	383	672	30672	2585
999000	116	265	3167	7811	442	455	31161	2411
