0	0	0	0	14400	0	0	0	0
1000	21	295	621	12778	107	56	37768	403
2000	30	297	987	12202	37	85	37892	387
3000	33	248	1096	12131	54	90	34717	400
4000	22	295	1059	12221	38	37	37757	163
5000	28	314	1021	12245	23	54	36617	228
6000	39	350	1498	11512	9	17	36066	167
7000	62	315	1485	11490	0	12	36770	37
8000	45	314	1413	11604	46	12	37140	167
9000	44	285	1618	11320	1	48	34987	190
10000	37	299	1524	11540	0	0	37214	1
11000	29	253	1393	11588	119	15	36567	331
12000	51	271	1558	11175	156	134	35986	903
13000	44	247	1722	10889	113	237	35513	1020
14000	91	236	2060	10512	30	120	35527	439
15000	41	299	2094	10545	8	14	35628	248
16000	57	251	2317	10141	19	2	36064	65
17000	71	251	1923	10713	105	2	34997	269
18000	58	298	1756	10975	41	49	36848	264
19000	38	263	1589	11374	36	54	35449	247
20000	52	325	2050	10572	10	34	34966	169
21000	84	246	2145	10440	0	0	34942	3
22000	43	294	1531	11340	109	45	35042	451
23000	38	308	1471	11123	168	225	35363	958
24000	51	306	1656	10984	59	235	35331	799
25000	23	290	1338	11572	35	236	35109	814
26000	40	291	1478	11306	44	243	35655	458
27000	37	300	1611	11172	52	192	35125	604
28000	63	281	1657	10644	172	414	33585	1219
29000	48	280	1753	10742	72	352	34309	1518
30000	52	276	1520	11250	55	233	36080	794
31000	62	325	1755	10641	123	278	34379	1137
32000	32	322	1334	11231	45	512	35836	1610
33000	39	269	1419	11319	82	336	34146	1336
34000	45	295	2188	9981	115	395	34241	1479
35000	41	229	1945	10423	199	236	35744	1065
36000	64	250	1980	9693	324	794	32420	2785
37000	36	251	1678	10272	237	846	33510	3283
38000	62	319	1840	9862	171	893	31860	3051
39000	57	328	1587	10516	218	595	33429	2730
40000	44	274	1326	10947	389	512	33465	2597
41000	39	234	1160	11400	342	449	34940	2267
42000	35	319	1138	11197	341	596	33917	2733
43000	27	347	1008	11130	497	683	34998	3497
44000	23	301	982	11435	279	696	34408	2701
45000	20	273	1048	11427	97	775	34644	2517
46000	28	314	1049	11281	198	791	34548	2869
47000	40	329	1015	11396	135	745	34421	2109
48000	39	288	1398	10678	138	855	34725	2668
49000	39	291	1510	10373	207	989	32567	3456
50000	58	282	1665	10296	268	697	33969	2881
51000	40	304	1439	10730	112	798	34670	2667
52000	60	251	1364	10919	267	606	34221	2604
53000	54	293	1278	10703	451	766	32462	3175
54000	20	329	1355	10612	377	812	34022	3169
55000	35	363	1270	10741	239	905	32403	2893
56000	41	315	1299	10568	291	952	33751	3705
57000	34	321	1358	10733	245	743	34060	2083
58000	29	259	1534	10806	290	421	34973	2058
59000	42	286	1582	10807	237	346	33690	1558
60000	28	283	1745	10607	220	379	33424	1359
61000	51	257	1807	10597	253	277	34537	1446
62000	46	277	1484	11023	248	375	35705	1778
63000	40	269	1488	10984	362	317	34480	1722
64000	49	262	1267	11126	466	332	35095	2326
65000	28	248	1205	11262	530	294	34271	2387
66000	55	262	1338	10895	430	456	34231	2831
67000	60	334	1443	10651	377	555	33209	2388
68000	41	299	1448	10941	382	308	34247	2325
69000	42	333	1591	10550	425	378	32568	2258
70000	40	344	1697	10537	360	348	33839	2000
71000	51	266	1759	10571	182	399	34731	1529
72000	37	270	1408	11170	214	327	35471	1313
73000	36	321	1297	11539	105	194	35444	1012
74000	52	305	1195	11565	154	260	35662	1196
75000	43	327	1253	11595	112	196	36077	871
76000	46	320	1238	11587	119	213	36481	921
77000	31	286	1480	11350	104	168	35742	876
78000	27	291	1298	11629	86	145	35858	808
79000	41	317	1515	11474	57	63	35550	179
80000	52	309	1584	11380	10	71	35890	165
81000	60	315	1630	11168	150	3	37128	358
82000	48	274	1702	11168	52	22	35179	278
83000	42	298	1650	11264	0	0	36681	8
84000	54	287	1988	10699	74	27	36105	226
85000	60	357	1693	11108	57	40	36836	168
86000	61	296	1953	10761	34	31	37102	239
87000	45	300	1593	11342	67	55	37000	258
88000	39	288	1433	11600	23	32	36329	158
89000	32	308	1383	11689	8	58	35502	260
90000	37	310	1434	11568	10	66	35793	257
91000	43	285	1565	11385	0	21	36654	147
92000	28	316	1479	11546	0	11	35755	9
93000	33	276	1556	11409	57	27	35557	286
94000	33	308	1259	11866	1	78	36329	131
95000	68	301	1574	11300	0	90	36459	244
96000	42	335	1700	11133	27	17	36096	153
97000	60	316	1838	10738	92	107	34417	486
98000	51	305	1584	11195	71	98	36773	349
99000	67	331	1387	11523	14	105	36147	270
100000	49	310	1597	11273	0	91	36921	179
101000	42	261	1719	11174	0	73	34491	152
102000	39	304	1423	11650	13	69	36137	225
103000	33	305	1187	11822	66	137	36111	567
104000	24	312	1111	12023	80	61	36473	433
105000	32	300	1031	12144	34	82	36351	325
106000	16	292	915	12383	12	84	37005	301
107000	15	340	887	12417	1	92	36498	210
108000	32	320	1268	11939	0	11	37722	28
109000	54	287	1272	11947	0	0	36544	8
110000	49	278	1152	11987	96	0	36887	328
111000	17	272	1308	11785	111	27	37231	474
112000	18	330	1245	11799	83	41	36625	402
113000	35	323	1198	11890	17	84	36697	217
114000	32	307	1410	11645	16	25	36980	180
115000	44	315	1420	11558	0	19	36468	42
116000	47	286	1531	11447	6	0	37294	16
117000	67	273	1922	10747	71	17	35384	353
118000	45	288	1807	10847	181	28	34372	542
119000	33	249	1438	11414	159	50	36038	541
120000	32	289	1232	11873	123	16	37067	472
121000	47	333	1328	11649	67	54	35203	365
122000	30	290	1396	11602	74	87	36036	468
123000	20	309	1488	11597	0	46	34871	150
124000	44	316	1421	11628	4	14	36440	105
125000	31	357	1426	11594	1	51	35286	91
126000	36	308	1424	11593	88	5	35919	197
127000	52	239	1649	11274	15	37	34770	161
128000	62	280	1664	11221	0	132	35413	361
129000	42	289	1806	11002	8	63	33436	258
130000	55	263	2045	10563	11	81	34684	364
131000	55	323	2074	10554	11	51	36338	138
132000	41	327	1877	10895	2	0	34853	12
133000	45	320	1845	10946	36	4	34324	140
134000	81	249	1888	10826	68	32	34121	265
135000	48	245	1985	10839	21	2	35701	211
136000	96	311	1944	10594	89	27	35048	211
137000	57	323	2101	10529	0	36	34849	118
138000	50	312	1947	10628	8	73	34907	213
139000	37	334	1877	10811	49	67	35733	285
140000	65	281	1976	10682	27	136	36208	411
141000	36	304	1691	11123	1	134	34680	361
142000	43	252	1619	11277	0	144	35521	335
143000	41	294	1544	11234	0	228	35450	666
144000	29	296	1478	11394	5	284	34865	894
145000	58	301	1644	10986	42	253	34557	930
146000	55	290	1629	10996	24	269	35826	855
147000	58	270	1665	10942	11	285	35541	877
148000	41	319	1559	11044	76	261	36221	1003
149000	38	321	1398	11266	111	290	35572	993
150000	45	340	1503	11258	61	210	35293	601
151000	37	328	1295	11565	103	123	35570	754
152000	29	303	1095	12054	68	106	38227	440
153000	42	304	1200	11866	77	48	36500	454
154000	33	307	1318	11660	112	134	35808	446
155000	21	311	1296	11788	6	75	36345	219
156000	29	300	1184	11997	0	28	36931	83
157000	28	270	1216	12055	5	0	36796	16
158000	33	295	1590	11303	121	13	35743	273
159000	36	307	1293	11805	43	26	36644	244
160000	29	309	1330	11750	109	3	36390	266
161000	40	281	1487	11502	82	13	36847	186
162000	56	340	1507	11473	49	12	34893	228
163000	55	345	1475	11302	143	64	35119	492
164000	54	349	1311	11697	29	17	35519	202
165000	32	325	1065	12197	69	29	36758	430
166000	35	326	1134	12084	27	4	36791	206
167000	47	335	1319	11709	51	11	35954	207
168000	59	309	1572	11263	96	17	35758	266
169000	46	288	1519	11430	11	33	35023	209
170000	29	318	1672	11293	4	29	35654	68
171000	31	240	1773	11140	27	88	35414	180
172000	57	265	2061	10525	22	76	35892	269
173000	53	254	1918	10855	18	0	35852	26
174000	55	260	2123	10532	7	17	35653	42
175000	50	293	1861	10854	88	20	34880	298
176000	74	323	1868	10776	138	12	33800	513
177000	50	282	1636	11051	74	188	35794	823
178000	33	282	1566	11254	23	180	36725	563
179000	46	342	1364	11358	52	289	34792	703
180000	47	229	1366	11357	81	349	35300	1179
181000	45	329	1271	11490	93	285	34752	1062
182000	33	296	1173	11693	65	322	37482	1215
183000	34	296	997	12100	41	202	36218	691
184000	35	342	1143	11785	77	236	35708	785
185000	48	282	1585	11132	45	280	35520	1016
186000	51	259	1692	10949	80	251	33500	1185
187000	74	307	1862	10655	46	231	33388	651
188000	31	298	1713	10798	65	347	34810	982
189000	35	313	1812	10743	79	266	35036	785
190000	41	245	1715	10903	112	309	35163	1227
191000	33	275	1498	11337	15	203	36225	800
192000	20	299	1054	11983	7	284	35243	885
193000	22	318	1047	11964	103	164	36872	752
194000	51	301	1369	11496	145	106	34402	692
195000	36	270	1501	11374	117	120	37004	679
196000	55	276	1507	11139	213	173	35763	980
197000	65	293	1528	11154	131	157	33741	520
198000	23	307	1361	11523	102	163	35143	628
199000	49	363	1500	11223	58	196	33549	650
200000	58	258	1752	10748	125	305	34629	1005
201000	60	314	1613	10714	44	594	35162	1886
202000	62	299	1673	10777	11	419	33696	1297
203000	29	285	1385	11262	14	485	35566	1441
204000	23	353	1445	11151	24	479	33819	1387
205000	37	249	1666	10613	22	681	32783	1901
206000	38	285	1337	11149	66	607	34629	2193
207000	36	332	1228	11157	159	624	33867	2211
208000	31	316	1294	10857	155	872	33111	2919
209000	44	316	1109	11134	192	811	33660	2649
210000	28	322	1138	11226	86	819	33548	2650
211000	47	355	1024	11292	116	832	35246	2419
212000	53	295	1227	11105	242	618	34310	2196
213000	38	354	1408	10935	242	425	34512	1835
214000	50	281	1422	11053	282	370	34454	1758
215000	47	318	1708	10542	236	368	33842	1841
216000	33	324	1403	11263	119	301	36052	1250
217000	49	243	1879	10563	54	317	34397	770
218000	47	268	1675	10766	82	445	35485	1546
219000	43	274	1591	10847	30	556	34634	1631
220000	23	321	1507	10954	63	547	35259	1538
221000	33	269	1284	11304	74	569	35656	1471
222000	27	315	1106	11320	170	667	34889	2156
223000	31	298	1220	11186	230	557	34974	2742
224000	41	283	1567	10551	121	710	34276	2322
225000	31	295	1345	11034	170	591	34802	2243
226000	12	313	1291	11132	156	646	33926	2038
227000	42	293	1202	10875	299	798	33730	2554
228000	42	271	1313	10728	434	715	34560	3503
229000	39	266	1304	10794	399	673	36025	2945
230000	42	307	1302	10704	485	659	34215	3107
231000	40	341	1671	9970	474	760	32743	3416
232000	46	341	1663	10124	352	732	32694	3457
233000	35	330	1525	10531	337	591	33092	2913
234000	41	285	1703	10337	358	583	33074	3077
235000	60	275	2094	9787	267	525	32701	2449
236000	63	305	1811	10263	259	497	33475	2349
237000	49	305	2222	9648	224	472	33456	2180
238000	77	292	2066	9532	214	815	33041	3221
239000	54	278	1924	10093	173	643	32950	2414
240000	42	299	1807	10246	217	616	33400	2533
241000	49	298	1796	10345	188	590	34395	2127
242000	27	291	1326	11194	162	504	35081	1713
243000	38	311	1211	11263	279	441	35361	2212
244000	45	300	1481	10907	234	409	35695	1769
245000	67	268	1816	10239	269	512	32731	2113
246000	84	278	2069	9730	270	572	32339	2362
247000	44	331	2059	9670	327	638	32221	2454
248000	45	296	1911	9811	381	763	31245	3042
249000	53	279	1737	9828	297	1090	32106	3673
250000	54	310	1835	9514	254	1241	31517	4139
251000	66	309	1986	9284	175	1241	31150	3555
252000	68	294	2347	8999	152	977	33012	3248
253000	88	253	2526	8790	198	904	31306	3038
254000	58	286	2130	8991	346	1139	31308	3595
255000	66	227	1872	9490	336	1173	32041	4764
256000	51	308	1635	9409	388	1479	31925	4763
257000	37	299	1430	9546	707	1438	30510	5485
258000	54	263	1326	9767	546	1581	30434	5763
259000	40	286	1012	10183	403	1769	31092	6637
260000	20	323	852	10450	527	1613	30025	5986
261000	28	288	1075	10264	538	1456	30974	5489
262000	47	269	1335	10129	243	1464	32349	5056
263000	53	307	1234	10310	352	1339	30106	4607
264000	36	283	1158	10208	543	1342	31700	5241
265000	50	321	1113	10248	401	1424	32850	5662
266000	39	327	1237	9932	535	1476	30403	5647
267000	42	294	1400	9598	454	1703	31466	6091
268000	35	288	1271	9767	427	1711	30258	6475
269000	52	317	1209	9553	497	1901	31426	7161
270000	36	292	1536	9073	630	1834	28422	7183
271000	39	250	1622	9186	870	1351	30859	6443
272000	55	324	1513	9220	1001	1223	28765	6238
273000	60	252	1472	9356	924	1288	29672	5814
274000	54	347	1611	8735	976	1582	29509	7369
275000	56	306	1304	9300	847	1643	28584	6381
276000	47	257	1410	9089	737	1930	28937	7386
277000	56	305	1332	9166	838	1782	27443	7774
278000	51	242	1357	9152	866	1753	29837	7257
279000	62	269	1396	9283	930	1526	29808	6855
280000	39	287	1450	9450	742	1459	30636	6788
281000	59	334	1300	9806	698	1352	31681	5783
282000	71	316	1318	9345	721	1648	29421	6357
283000	65	294	1429	9225	700	1654	29741	6557
284000	61	272	1419	9366	800	1519	29903	6814
285000	63	245	1366	9250	896	1602	29759	6813
286000	63	258	1629	8802	872	1702	27496	7422
287000	63	261	1335	8801	964	2047	28233	8116
288000	71	239	1230	9090	1071	1885	28169	8503
289000	46	272	1467	8803	967	1864	29023	8179
290000	52	277	1309	8699	1043	2089	26836	8669
291000	40	276	1231	8886	1306	1820	28593	8716
292000	57	299	1213	8633	1242	2068	27327	8576
293000	83	302	1321	8712	1136	1933	27962	8671
294000	61	279	1200	8905	1038	2123	27477	8490
295000	52	268	1437	8763	890	2030	27850	7900
296000	56	274	1185	9128	1153	1796	28293	8563
297000	50	262	1279	8966	1149	1823	28429	7519
298000	97	293	1533	8633	1178	1573	28147	7747
299000	85	278	1740	8172	1335	1612	27345	7624
300000	89	266	1670	8124	1553	1554	27684	8775
301000	83	236	1690	8127	1565	1599	28064	9076
302000	113	230	1401	8607	1528	1532	26757	8402
303000	72	248	1518	8433	1481	1623	26867	8900
304000	80	264	1549	8495	1471	1478	26899	8565
305000	71	285	1646	8663	1141	1474	27724	7278
306000	87	280	1399	8830	1161	1634	27753	7918
307000	88	295	1550	8547	1252	1632	28770	8339
308000	50	290	1854	8813	926	1244	30044	5898
309000	47	268	1484	9098	811	1672	28594	6596
310000	45	320	1575	9091	702	1689	28867	6590
311000	75	248	1537	8460	919	2088	27979	8433
312000	70	303	1285	9140	872	1802	30500	7084
313000	38	268	1137	9263	951	1946	29436	8418
314000	58	272	1280	9150	907	1859	30789	7199
315000	45	300	1141	9024	1111	2005	28368	8060
316000	62	258	1608	8571	845	1939	28265	7934
317000	55	287	1323	9123	1087	1642	28282	7710
318000	47	280	1334	9152	794	1910	28310	7209
319000	69	284	1571	8809	876	1718	28722	7000
320000	76	268	1736	8532	827	1839	27408	7172
321000	77	291	1526	8796	840	1846	29067	7339
322000	47	229	1993	8318	690	1838	27413	6887
323000	45	292	1602	8670	649	2054	27733	7919
324000	44	289	1545	8565	784	2127	28299	7850
325000	70	317	1643	8540	736	2017	27803	7660
326000	68	282	1656	8589	844	1842	27988	7857
327000	79	287	1874	7916	990	2017	26443	7621
328000	85	263	1797	7763	1311	2001	26807	9089
329000	99	263	1585	8246	1462	1623	26907	8965
330000	60	230	1402	8590	1628	1508	27432	8509
331000	66	325	1333	8664	1461	1659	27359	8446
332000	81	242	1268	8741	1488	1696	28413	8459
333000	69	321	1377	8822	1392	1456	28181	7542
334000	77	261	1313	9072	1207	1465	29064	7058
335000	59	287	1520	9033	1041	1454	29039	6686
336000	53	251	1456	8875	1171	1673	27506	8152
337000	59	292	1334	8946	1132	1758	29517	8131
338000	103	238	1527	8548	1323	1561	27805	8094
339000	82	269	1936	8025	942	1887	26517	8073
340000	60	244	1722	8487	868	1892	27108	7778
341000	65	259	1837	8828	669	1514	29674	6316
342000	65	259	1742	8967	700	1418	30231	6051
343000	67	258	1777	8790	862	1414	29445	6263
344000	60	290	1653	8786	1136	1388	28647	6981
345000	103	333	1562	8496	1458	1342	28455	7372
346000	96	298	1641	8915	1081	1260	28232	6174
347000	59	291	1602	9233	1035	1176	30262	6373
348000	65	278	1379	9488	1247	963	29723	6149
349000	71	270	1705	8884	1031	1307	29397	6648
350000	77	276	1967	8377	859	1541	28832	6429
351000	95	294	2295	7961	814	1396	29527	6125
352000	59	266	1930	8701	757	1439	28659	6254
353000	75	256	1809	9047	816	1110	30671	5950
354000	50	267	1525	9621	833	1092	30676	5259
355000	85	282	1569	9353	794	1245	30109	5859
356000	48	311	1824	9315	444	1286	29826	5321
357000	63	271	1931	8741	658	1430	29700	5546
358000	70	246	1538	9676	655	1269	30054	4765
359000	39	298	1440	9854	570	1201	30794	5113
360000	71	267	1323	9643	611	1573	31023	6357
361000	43	257	1351	9799	486	1539	30884	5489
362000	46	287	1494	9845	403	1364	31782	4893
363000	65	295	1297	9850	409	1573	31092	5681
364000	35	266	1328	9907	516	1419	31511	5186
365000	35	311	1175	9994	510	1512	31025	5692
366000	41	254	1463	10077	471	1157	32157	4250
367000	45	296	1554	10039	451	958	32231	3729
368000	44	282	1378	10280	653	888	32349	4558
369000	56	262	1280	10350	467	1123	32178	4596
370000	82	271	1351	10187	442	1160	31684	4328
371000	28	317	1409	10442	437	885	31844	3939
372000	47	263	1303	10405	470	1044	33341	4425
373000	22	257	1271	10386	425	1169	33117	4548
374000	38	272	1164	10420	428	1234	31790	4575
375000	38	290	1428	10627	319	743	32577	2858
376000	31	379	1259	10783	335	780	33832	2937
377000	49	308	1460	10576	234	786	34132	2823
378000	69	318	1315	11117	228	419	34938	1890
379000	38	280	1305	11097	290	496	35001	2074
380000	65	330	1455	10878	281	383	34416	1550
381000	46	306	1440	11019	160	482	33724	1759
382000	36	262	1510	10999	181	396	35233	1413
383000	73	331	1603	10901	152	227	33968	1102
384000	88	336	1764	10656	51	256	34373	991
385000	49	272	1731	11124	1	104	36751	284
386000	44	292	1538	11410	3	79	36546	301
387000	37	320	1517	11362	8	132	35461	370
388000	20	303	1515	11316	6	122	35268	477
389000	40	289	1668	11184	0	126	35980	461
390000	42	325	1391	11466	29	200	35201	575
391000	40	249	1575	11315	68	109	34279	458
392000	38	269	1616	11214	82	84	35096	517
393000	49	296	2059	10493	63	112	35299	478
394000	59	287	1771	10924	35	125	34795	532
395000	34	317	1790	11028	33	21	34810	167
396000	49	273	1725	11136	0	61	36769	197
397000	25	368	1675	11200	1	37	35511	101
398000	48	312	1612	11243	0	61	37035	150
399000	65	305	1819	10879	8	87	34879	278
400000	50	286	1527	11499	26	1	36077	72
401000	23	282	1402	11708	4	35	36001	119
402000	28	303	1295	11867	0	33	36612	73
403000	22	312	1088	12167	0	118	35958	222
404000	21	276	1139	12158	1	37	36287	154
405000	28	324	1414	11679	0	6	34282	54
406000	23	329	1187	11984	53	0	35648	234
407000	36	253	1282	11951	1	0	36252	5
408000	22	302	1459	11676	0	0	38333	1
409000	55	273	1373	11691	27	34	38111	91
410000	44	323	1399	11617	61	6	37304	186
411000	33	276	1404	11655	59	57	36720	313
412000	39	282	1398	11605	148	14	35613	523
413000	87	275	1418	11541	40	46	34829	175
414000	26	275	1685	11078	46	146	35363	415
415000	47	310	1628	11116	36	215	35968	704
416000	42	268	1650	11051	4	308	34645	661
417000	49	254	1428	11265	5	371	34872	1151
418000	58	313	1435	11310	17	313	36854	941
419000	51	340	1223	11469	12	393	35142	1075
420000	32	288	1316	11544	39	301	35528	1023
421000	30	324	1297	11422	19	409	35422	1242
422000	20	359	1336	11413	30	376	34728	1002
423000	62	252	1270	11448	36	465	36223	1634
424000	42	311	1389	11235	17	475	35103	1723
425000	15	329	1132	11580	99	442	35281	1404
426000	24	331	1132	11668	125	332	37022	1159
427000	69	281	1481	11243	156	127	35227	832
428000	33	358	1670	10774	225	205	34039	1103
429000	52	302	1455	10951	273	376	33973	1820
430000	45	299	1579	10859	130	447	34535	1511
431000	44	298	1923	10113	120	650	32805	2201
432000	66	330	1568	10661	23	612	34638	1857
433000	33	311	1306	11087	17	756	35027	2217
434000	43	310	1233	11306	52	540	35815	1775
435000	24	301	1292	11281	40	665	34253	1932
436000	28	278	1196	11129	93	841	35109	2283
437000	27	308	986	11485	129	743	33607	2352
438000	24	324	1067	11427	150	633	35353	1978
439000	32	282	1163	11392	127	591	34583	1990
440000	44	336	1180	11248	134	650	34033	2104
441000	38	308	1225	11320	103	559	34360	2295
442000	35	304	1428	11181	98	424	34272	1141
443000	47	333	1367	11233	105	374	34847	1202
444000	28	272	1230	11442	98	461	35574	1721
445000	31	272	1431	11355	20	322	36285	999
446000	42	296	1645	10921	24	380	36069	1326
447000	55	320	1657	10860	33	387	34378	1491
448000	32	306	1257	11449	102	405	34903	1586
449000	20	323	1046	11613	184	466	35900	1638
450000	27	276	1166	11474	187	444	35629	1859
451000	44	320	1311	11234	197	379	35478	1567
452000	36	306	1261	11076	278	601	33562	2513
453000	27	295	1062	11190	410	623	35072	2744
454000	42	287	1073	11065	545	624	33277	3039
455000	57	299	1504	10357	580	607	34372	3713
456000	38	272	1316	10618	469	781	33463	3372
457000	56	307	1324	10731	372	741	33118	2713
458000	67	311	1353	10543	444	701	34026	3391
459000	70	315	1254	10858	363	629	33181	2972
460000	62	297	1138	11097	406	560	35269	2658
461000	46	277	1292	10980	408	498	33843	2251
462000	45	278	1701	10508	331	413	33793	2237
463000	48	272	1580	10702	351	372	32771	1840
464000	53	357	1501	10734	421	320	34471	1798
465000	54	279	1536	10603	430	445	32789	2447
466000	31	258	1336	11125	432	292	34125	1795
467000	42	281	1508	10877	316	323	34376	1810
468000	35	316	1530	10840	158	482	34617	2052
469000	58	285	1497	10710	93	780	34076	2534
470000	93	303	2042	9673	102	770	31740	2263
471000	36	356	1721	10246	301	602	34075	2615
472000	37	279	1529	10852	139	505	35293	1656
473000	54	288	1539	11042	136	324	34864	1357
474000	31	306	1522	11111	54	367	35382	1200
475000	36	331	1251	11469	37	391	35177	1200
476000	33	287	1272	11362	89	443	34631	1396
477000	32	314	1471	11301	88	215	36220	1134
478000	28	307	1489	11305	63	227	35984	611
479000	45	303	1578	11158	104	200	35564	839
480000	43	280	1553	11089	192	205	36183	1098
481000	41	359	1304	11495	136	166	36677	1042
482000	32	339	1266	11362	141	342	36996	1044
483000	66	296	1499	11097	156	232	32048	937
484000	40	321	1603	11109	125	165	34789	742
485000	36	319	1314	11424	169	230	35860	891
486000	36	269	1437	11105	167	369	35090	1452
487000	26	294	1327	11296	134	459	35363	1590
488000	31	277	1370	11259	27	484	34018	1438
489000	43	259	1184	11557	83	512	35039	2057
490000	34	293	1250	11274	53	603	34094	1753
491000	45	346	1110	11564	129	465	34763	1650
492000	24	301	1127	11505	38	571	34993	1519
493000	28	295	1273	11329	116	545	35524	2045
494000	47	306	1197	11348	145	506	35452	1588
495000	33	352	1062	11536	208	517	34803	1963
496000	46	248	1242	11239	395	370	35054	2047
497000	52	350	1130	11134	397	525	34257	2876
498000	55	301	1332	11007	366	453	33550	2493
499000	41	325	1354	11080	440	275	34629	1855
500000	45	356	1297	11066	329	435	33643	2013
501000	27	281	1227	11290	245	486	34463	1899
502000	33	314	1123	11469	205	485	34669	1924
503000	41	321	1421	11259	196	267	35016	1361
504000	38	294	1347	11385	174	249	35827	1505
505000	34	263	1259	11567	109	286	35804	1103
506000	46	314	1399	11187	43	437	35513	1498
507000	30	299	1276	11514	45	356	34474	1313
508000	32	305	1393	11212	30	518	35453	1406
509000	51	310	1314	11290	54	534	34146	1730
510000	36	335	1040	11903	39	361	36413	1199
511000	22	285	1337	11388	88	323	35520	1134
512000	27	329	1484	11110	90	378	33903	1214
513000	30	285	1606	10845	114	462	34188	1401
514000	42	298	1655	10486	101	696	34453	2322
515000	29	266	1828	10095	169	809	34489	2533
516000	69	286	1627	10039	310	981	32344	3554
517000	32	281	1583	9911	200	1311	31117	3307
518000	36	309	1795	9776	145	1134	32188	3329
519000	49	265	1616	10008	74	1339	32200	3820
520000	29	302	1315	10396	144	1315	33662	4287
521000	34	318	1473	10300	247	1073	33263	3434
522000	43	313	1270	10580	367	921	32965	3852
523000	30	276	1285	10668	291	933	33275	3310
524000	33	261	1644	10198	291	883	33060	3045
525000	51	305	1448	10313	375	915	32443	3739
526000	64	272	1653	10023	304	894	32829	3495
527000	60	330	1614	10297	265	731	33557	2948
528000	61	272	1896	9824	149	871	32599	2686
529000	52	330	1814	9693	237	1058	32285	3903
530000	83	285	1660	10058	303	873	33470	3561
531000	47	266	1850	9999	379	721	33135	2995
532000	33	306	1696	10056	481	759	32358	3286
533000	54	248	1686	10046	520	674	33751	3246
534000	80	274	1846	9593	683	705	32237	3478
535000	59	278	1586	9854	623	964	30912	4955
536000	39	249	1409	10136	551	1058	32490	4580
537000	44	333	1638	10042	488	775	31664	3798
538000	47	351	1444	10130	534	909	33494	3883
539000	87	211	1575	9441	787	1154	30995	5238
540000	60	270	1583	9564	1029	855	31162	4657
541000	75	287	1325	10175	834	741	31738	4231
542000	76	261	1325	10296	750	697	31926	4254
543000	41	279	1459	10206	814	606	32804	4047
544000	54	252	1271	10098	939	876	30788	5117
545000	50	261	1340	10204	918	675	32628	4465
546000	42	222	1537	10233	788	578	32206	3567
547000	40	274	1793	9799	622	710	31739	4007
548000	52	259	1945	9560	454	891	31758	3376
549000	66	230	1598	9610	862	940	32254	5033
550000	60	278	1490	9933	706	893	32773	4376
551000	64	266	1556	9759	723	919	31229	4354
552000	51	282	1455	10146	674	846	33002	4173
553000	71	275	1502	10145	676	683	32399	3731
554000	48	292	1656	9809	704	776	32947	4284
555000	77	272	1895	9499	582	804	31381	3435
556000	34	309	1596	10118	526	786	32161	3518
557000	63	288	1681	10120	436	673	32726	3140
558000	53	291	1445	10262	622	791	32411	3710
559000	47	269	1560	10072	588	816	31549	3275
560000	62	260	2089	9713	456	476	31488	3106
561000	64	264	1988	10006	528	281	32894	2504
562000	85	285	1809	10131	405	470	33162	2478
563000	54	289	1722	10237	326	585	32290	2805
564000	45	333	1422	10850	231	563	33360	2130
565000	50	358	1542	10595	143	614	33704	2282
566000	59	286	1657	10339	283	657	34331	2365
567000	29	317	1199	10877	354	835	33342	3337
568000	30	286	1376	10487	275	991	33786	3599
569000	57	333	1875	9628	305	905	32343	3567
570000	66	218	2024	9444	432	848	31777	3682
571000	57	237	2331	9340	346	655	32350	3013
572000	56	263	1839	9994	363	614	33258	2672
573000	61	312	1892	9929	434	534	32314	2467
574000	38	311	1268	10695	627	570	34626	3251
575000	43	304	1325	10574	584	643	33332	3699
576000	43	288	1138	10685	701	720	32756	3974
577000	39	313	1446	10202	678	705	30425	4138
578000	48	275	1405	10140	820	769	31842	3806
579000	45	300	1513	9932	850	790	31256	3997
580000	43	314	1404	10091	702	893	32897	4370
581000	52	326	1305	10237	618	959	33214	4443
582000	30	340	1130	10699	544	865	33014	3413
583000	50	280	1052	10955	460	809	33749	4045
584000	40	278	1374	10651	294	812	33082	2941
585000	21	317	1000	11316	351	681	34329	3143
586000	29	348	908	11333	329	815	34411	3102
587000	37	274	1189	10921	230	903	33663	3077
588000	39	245	1457	10437	303	949	32880	3456
589000	59	266	1383	10151	294	1255	31453	3830
590000	55	292	1254	10462	231	1239	32843	4491
591000	51	233	1082	10573	380	1347	32383	4692
592000	52	261	1456	9845	431	1378	31423	5494
593000	66	308	1346	9882	547	1346	29632	5546
594000	67	281	1355	9753	519	1478	29732	5545
595000	68	312	1303	9496	617	1700	29950	6112
596000	54	318	1278	9818	620	1387	31819	5982
597000	36	265	934	10610	559	1280	32251	4597
598000	54	335	1283	10153	702	982	30541	4256
599000	68	254	1252	10197	731	1066	33160	4748
600000	46	285	1294	10006	799	1150	31120	5789
601000	79	272	1548	9502	704	1184	30345	5528
602000	38	256	1488	9935	605	1084	32084	5357
603000	60	277	1449	9675	789	1195	30925	5452
604000	49	270	1551	9352	852	1261	30092	5803
605000	92	252	1529	9533	868	1100	32195	5575
606000	59	214	1664	9845	570	1047	31713	5055
607000	46	281	1127	10440	512	1201	32046	4094
608000	42	297	1269	10121	639	1182	30675	4822
609000	63	286	1366	10097	795	918	31240	4766
610000	37	271	1476	9633	607	1380	30716	4934
611000	71	291	1463	9603	362	1613	30556	5759
612000	49	308	1220	10249	382	1341	32220	4902
613000	36	268	1313	10255	395	1214	32632	5147
614000	41	268	1321	9980	467	1434	31138	5109
615000	66	290	1135	10087	487	1476	30035	6110
616000	31	256	1002	10478	474	1439	32713	5442
617000	57	290	1532	9586	292	1633	30252	5395
618000	47	257	1337	9961	498	1400	32225	5231
619000	43	311	1409	9673	624	1381	30124	5033
620000	62	299	1560	9267	606	1530	29211	6162
621000	61	305	1708	9300	545	1303	31158	4798
622000	60	308	1901	9275	600	972	30799	4262
623000	58	242	1957	9635	506	698	31425	3202
624000	77	234	1705	10037	456	709	32718	3962
625000	53	241	1662	9942	509	817	32989	3859
626000	55	321	1717	10242	453	494	33883	3449
627000	85	293	2063	9703	305	599	33074	2253
628000	93	298	2209	9348	153	731	33812	2090
629000	49	326	1759	9798	384	949	31570	3341
630000	47	349	1433	10204	268	1160	32598	3694
631000	46	298	1343	10381	264	1167	32262	3955
632000	24	265	1249	10386	402	1244	32760	4728
633000	27	361	1038	10543	391	1308	32950	5148
634000	27	330	1147	10348	598	1142	31655	4862
635000	57	324	1209	10332	570	1033	31541	4080
636000	45	250	1428	9970	621	1095	31745	4675
637000	54	321	1425	9572	753	1334	31117	5193
638000	58	249	1375	10068	623	1116	31539	5451
639000	52	304	1144	10503	666	892	32176	4162
640000	57	267	1430	10082	570	974	32016	3796
641000	73	306	1336	9766	668	1314	30361	5621
642000	55	281	1300	9902	619	1324	31420	5226
643000	55	308	1321	9980	656	1147	31946	4963
644000	73	282	1450	10033	606	921	32022	4102
645000	63	267	1681	10124	544	589	32885	3874
646000	48	272	1757	9887	682	584	31720	3483
647000	66	285	1497	10160	805	549	32909	3667
648000	40	284	1357	10037	739	968	29718	4748
649000	60	245	1384	9944	802	1011	31657	4759
650000	56	305	1286	10131	871	810	31460	4881
651000	39	245	1138	10321	932	945	30634	5130
652000	50	313	1146	10095	886	1055	31003	5803
653000	50	264	1156	10154	976	1045	31210	5517
654000	47	237	1216	9874	878	1328	31213	5982
655000	52	295	1166	9846	781	1437	30053	5474
656000	62	265	1348	9738	792	1299	30967	6451
657000	68	251	1469	9530	803	1245	30877	4945
658000	54	275	1568	9190	960	1225	30338	6287
659000	54	279	1701	9666	472	1073	31117	4491
660000	60	273	1541	10037	371	971	32799	4259
661000	57	273	1326	10345	432	1021	33997	4413
662000	36	335	1505	10656	295	601	33351	2756
663000	41	304	1347	10942	143	664	34335	2455
664000	26	281	1481	10936	98	626	33855	2491
665000	31	329	1746	10666	137	394	33079	1404
666000	48	302	1782	10336	123	642	34948	1784
667000	31	307	1645	10456	184	760	33455	2590
668000	63	276	1793	10218	121	744	33929	2177
669000	51	285	1864	10357	46	619	35785	2101
670000	67	325	1517	10531	58	825	33298	2140
671000	34	327	1727	10174	144	904	32146	2952
672000	51	363	1783	9979	195	836	32957	2861
673000	67	276	1927	9670	139	1039	32941	3455
674000	80	261	1988	9506	294	1029	31330	3796
675000	42	310	1725	9640	592	988	32550	4342
676000	47	277	1683	9482	530	1222	30350	4382
677000	46	312	1527	9786	483	1216	30589	4811
678000	64	295	1831	9192	699	1087	30942	5129
679000	55	288	1370	9975	698	1068	31097	5554
680000	42	312	1251	10448	584	881	31037	4360
681000	44	273	1477	10128	452	1046	32644	3652
682000	42	294	1363	10330	379	1079	31961	4010
683000	30	344	1279	10144	546	1223	32784	4782
684000	56	321	1552	9679	646	1105	31595	4626
685000	50	279	1666	9357	785	1165	31015	5483
686000	67	291	1354	9864	839	1000	31215	4969
687000	47	253	1390	9814	780	1187	30962	5476
688000	67	288	1371	9933	808	918	31495	4742
689000	67	269	1196	10055	931	1007	32410	5163
690000	44	250	1741	9387	856	1000	29931	4813
691000	67	284	1647	9367	921	1011	29849	5485
692000	58	283	1599	9388	1047	960	30287	4904
693000	48	235	1733	9425	963	829	29113	5273
694000	76	342	1910	8983	893	886	31097	4495
695000	57	265	1804	9260	1040	810	30454	5282
696000	56	260	1478	9458	1253	854	29972	5595
697000	66	256	1842	9060	1125	773	29685	5604
698000	70	243	1913	8899	1242	793	29938	5388
699000	68	257	2202	8245	1037	1162	28848	6081
700000	89	232	2050	8026	1360	1262	27353	7242
701000	90	235	1808	8423	1300	1216	28497	7348
702000	129	298	2034	8499	989	1132	30013	5730
703000	90	297	2110	8439	874	1230	27971	5379
704000	64	354	1990	8709	811	1161	29286	5356
705000	62	238	1840	8841	978	1228	31031	5793
706000	65	280	1730	9007	886	1299	30177	6343
707000	44	276	1523	9044	882	1629	29311	6324
708000	71	289	1561	8885	1025	1508	28940	6981
709000	79	251	1499	9226	853	1434	30372	6596
710000	68	242	1402	9150	751	1859	28995	6861
711000	62	328	1426	8877	785	1990	29779	7872
712000	64	297	1469	8707	647	2233	28161	8047
713000	64	266	1449	8766	567	2272	29443	7925
714000	51	300	1720	8532	739	1931	27794	8084
715000	66	264	1791	8434	759	1953	28615	7578
716000	73	318	1749	8669	716	1783	29207	7136
717000	67	281	1759	8675	574	1867	29258	6811
718000	43	273	1902	8909	535	1506	30984	5673
719000	65	276	1760	9405	700	1002	31462	4427
720000	91	287	1814	9303	853	779	30305	4672
721000	53	282	1455	9838	966	815	31702	4849
722000	62	332	1234	10220	771	1003	31366	4863
723000	49	256	1466	9884	856	868	31121	4851
724000	56	235	1965	9301	751	739	31526	4040
725000	67	306	1721	9557	798	847	30816	4743
726000	77	272	2207	8855	670	843	29514	4341
727000	48	260	2101	8967	803	896	31021	5045
728000	103	249	2437	8421	689	905	30415	4428
729000	95	289	2461	8241	737	889	29820	4462
730000	62	269	2040	8858	833	976	31497	4940
731000	47	284	2099	8558	1089	964	30139	5628
732000	88	200	1932	8927	1056	888	30060	5493
733000	78	291	1877	8994	1058	771	30118	5217
734000	67	239	1623	9405	875	1019	30868	5445
735000	51	263	1699	9220	735	1243	30214	5576
736000	45	381	1523	9694	362	1438	30544	5071
737000	66	298	1573	9685	544	1122	30801	4738
738000	87	320	1689	9710	312	1162	31900	3911
739000	56	331	1506	9993	212	1245	32557	4038
740000	54	298	1687	9511	469	1180	32345	4675
741000	54	314	1922	9298	343	1167	31715	4338
742000	70	278	1694	9661	380	1155	30868	4024
743000	74	260	1522	9975	449	1084	33693	3667
744000	42	347	1031	10733	320	1155	33408	3873
745000	43	305	1097	10691	362	1141	31990	4165
746000	53	306	1110	10427	206	1484	32007	4319
747000	30	306	1011	10673	185	1459	33385	4821
748000	47	319	1434	10159	154	1356	31469	4204
749000	36	296	1587	9866	319	1286	30618	4899
750000	69	281	1586	9681	339	1294	31854	4307
751000	64	305	1488	9778	347	1394	31230	5283
752000	65	268	1461	9902	391	1275	32056	4617
753000	26	347	1038	10598	377	1252	31790	4413
754000	25	288	905	10996	414	1109	32135	4297
755000	33	327	1098	11085	231	842	35034	3161
756000	27	307	1094	10841	365	926	33174	3515
757000	33	297	1058	11281	310	713	33240	3164
758000	29	294	1261	11094	223	648	33919	2717
759000	46	279	1429	11023	186	422	34088	1732
760000	39	327	1466	11087	102	432	34840	1571
761000	44	259	1437	11240	37	435	35120	1092
762000	55	297	1699	10602	56	510	33596	1481
763000	58	341	1588	10841	49	424	34216	1390
764000	63	313	1465	11103	115	296	35793	1088
765000	50	288	1500	11288	132	234	34105	1028
766000	61	273	1587	11118	173	186	35149	965
767000	45	290	1431	11304	132	230	35568	1016
768000	39	311	1611	10949	60	372	34779	1075
769000	48	336	1409	11264	0	363	34569	954
770000	53	281	1691	11066	2	219	34988	745
771000	31	287	1764	10856	1	250	35330	605
772000	40	316	1655	11142	4	173	35825	344
773000	66	334	1736	10839	7	252	34822	595
774000	38	305	1426	11448	15	229	35886	534
775000	43	341	1271	11546	45	209	35367	553
776000	29	280	1214	11687	57	246	36481	840
777000	40	328	1340	11441	15	283	35267	926
778000	35	288	1090	12077	27	138	37464	543
779000	25	263	1303	11699	19	140	35918	621
780000	17	285	1337	11767	22	92	36417	319
781000	30	267	1264	11943	3	38	36238	245
782000	45	244	1340	11768	0	57	36510	128
783000	42	342	1208	11954	0	40	36449	172
784000	26	278	1296	11922	0	0	37128	7
785000	38	296	1431	11552	20	38	36551	91
786000	58	300	1598	11305	0	10	35497	29
787000	45	352	1693	11160	51	13	35664	118
788000	45	321	1349	11630	41	41	35608	162
789000	34	320	1243	11903	7	24	35977	150
790000	36	274	1295	11887	0	0	35979	1
791000	42	323	1607	11317	50	6	36085	253
792000	35	314	1823	11061	25	0	35321	60
793000	64	289	2027	10478	165	11	34573	438
794000	44	251	2215	10338	43	84	35217	214
795000	35	307	1925	10790	47	87	35846	320
796000	28	305	1325	11839	69	13	36155	169
797000	40	322	1462	11582	74	11	35514	221
798000	35	294	1312	11761	57	0	35863	94
799000	31	325	1419	11641	31	14	35998	138
800000	74	290	1645	11208	74	45	35715	344
801000	60	315	1834	10817	104	28	36202	411
802000	82	293	2036	10612	27	39	34284	57
803000	45	339	1821	10921	37	50	34599	172
804000	34	280	1799	11054	27	3	35257	52
805000	47	340	1634	11166	0	50	35813	83
806000	57	277	1462	11546	0	99	35204	282
807000	44	291	1583	11274	1	208	35476	621
808000	21	300	1334	11521	37	256	36688	620
809000	49	293	1786	11032	26	100	35487	360
810000	35	379	1426	11414	36	127	35266	452
811000	51	248	1688	11058	73	106	34549	666
812000	66	241	1759	10966	95	67	35255	524
813000	49	288	1696	11147	64	47	36841	307
814000	63	316	1874	10908	27	6	35301	143
815000	49	297	1749	11160	0	0	36638	26
816000	51	273	1777	11043	56	2	36101	239
817000	75	254	2122	10459	19	1	35511	19
818000	70	257	2271	10176	49	10	35540	277
819000	67	286	2487	9883	56	0	33450	100
820000	39	303	2243	10304	36	4	36107	112
821000	52	274	1786	10983	71	0	36439	116
822000	41	252	1615	11359	26	0	36877	15
823000	40	329	1400	11585	55	3	36279	119
824000	46	300	1548	11460	0	0	34261	3
825000	61	263	1406	11592	70	14	35368	291
826000	28	315	1275	11888	3	28	37463	120
827000	43	310	1141	11975	93	2	35924	241
828000	29	336	1266	11837	42	24	36873	110
829000	53	256	1236	11941	23	30	35636	131
830000	24	303	1179	12005	34	46	35697	210
831000	42	329	1044	12184	4	45	37345	211
832000	26	371	993	12231	0	45	36791	82
833000	25	298	1057	12226	0	26	37635	52
834000	26	333	1196	12040	0	6	37428	20
835000	21	301	1112	12101	0	32	37806	58
836000	35	266	1205	11910	112	15	36372	358
837000	34	331	1494	11529	30	22	35832	140
838000	34	319	1388	11590	17	75	36697	234
839000	36	291	1404	11695	0	69	36641	198
840000	28	283	1631	11408	0	0	36299	3
841000	53	232	2040	10714	0	35	35453	175
842000	59	327	2144	10168	238	15	34260	622
843000	47	303	2240	10249	70	48	35464	329
844000	76	268	2223	10270	12	34	35607	107
845000	79	243	2251	10263	0	2	34890	13
846000	51	313	1633	11305	0	7	34083	68
847000	25	252	1786	10982	138	23	36237	443
848000	50	275	1678	11262	16	15	36310	103
849000	37	293	1575	11411	38	12	36124	140
850000	25	305	1499	11551	72	20	35360	184
851000	38	275	1517	11529	55	6	37206	230
852000	46	303	1236	11767	151	16	36367	412
853000	49	315	1349	11568	94	66	36315	532
854000	40	278	1435	11491	96	68	35473	594
855000	37	294	1567	11162	14	277	34782	867
856000	44	304	1393	11469	0	259	35400	820
857000	53	248	1642	11119	4	158	35715	750
858000	77	337	1415	11382	0	232	35871	714
859000	39	326	1258	11537	21	331	35665	869
860000	53	316	1627	10922	18	406	34941	1251
861000	36	280	1422	11134	27	504	36679	1606
862000	40	308	1210	11512	29	460	35579	1258
863000	27	267	1155	11676	39	408	35411	1533
864000	32	344	1196	11644	43	357	35400	1054
865000	25	323	1238	11635	90	231	35526	984
866000	24	287	1010	12144	29	190	36497	668
867000	41	323	1147	11804	57	229	35170	849
868000	37	318	1078	11753	131	276	37907	1143
869000	43	338	1166	11716	130	203	34881	1038
870000	46	361	1121	11771	132	215	35140	1166
871000	27	286	946	12134	76	284	36217	1020
872000	21	324	922	12090	28	329	36603	1198
873000	35	359	1212	11614	77	275	34948	1088
874000	37	315	1082	11826	72	307	36550	1094
875000	46	294	1161	11692	108	239	35468	938
876000	40	318	1380	11390	54	267	35379	1178
877000	25	367	1548	10950	16	476	34992	1192
878000	36	277	1262	11377	40	550	35207	1554
879000	41	285	1451	11068	92	521	34505	1740
880000	43	298	1272	11276	92	526	34954	1991
881000	34	276	1215	11427	89	504	35372	1879
882000	24	342	1254	11492	84	347	35798	1160
883000	26	263	1267	11539	82	385	35623	1309
884000	41	310	1224	11466	61	402	35591	1060
885000	39	306	1013	11882	65	369	36454	967
886000	23	282	1170	11732	55	345	35668	1356
887000	28	360	1082	11561	143	486	34300	1429
888000	50	301	1062	11425	133	653	36126	2335
889000	44	252	1269	11156	196	587	33956	2078
890000	39	315	1277	11268	138	454	35054	1586
891000	40	304	1354	11085	165	538	33571	1755
892000	52	293	1843	10251	146	668	32162	2281
893000	49	292	1698	10110	161	980	32244	3019
894000	43	269	1343	10641	199	972	32573	3383
895000	39	374	1369	10620	137	912	33401	2837
896000	49	304	1545	10394	168	951	32527	2724
897000	41	280	1463	10488	269	883	32833	3059
898000	22	360	1364	10636	213	929	33431	2834
899000	50	298	1518	10447	297	823	32138	2760
900000	49	351	1446	10439	325	780	34067	3236
901000	19	338	1303	10931	291	634	33491	2614
902000	62	317	1402	10911	224	586	33189	2384
903000	40	320	1401	11073	114	486	35101	1764
904000	45	330	1255	11233	113	542	33589	1846
905000	32	321	1023	11642	87	572	36126	1778
906000	7	301	1055	11773	40	469	36663	1461
907000	37	283	1237	11657	64	268	35531	1035
908000	41	275	1234	11561	77	400	34625	1339
909000	28	321	1290	11498	122	302	35728	1254
910000	30	318	1536	11119	104	179	36395	781
911000	53	299	1421	11453	33	154	36184	509
912000	45	291	1523	11326	30	145	35543	514
913000	34	318	1086	12081	1	108	37148	471
914000	33	297	1076	12105	7	110	37314	321
915000	20	270	1274	11905	0	111	35644	212
916000	17	335	1348	11606	26	129	34670	517
917000	39	278	1291	11702	6	242	34711	620
918000	48	311	1512	11444	5	102	35215	462
919000	38	292	1226	11878	1	116	36821	333
920000	40	347	1269	11774	0	134	36185	419
921000	31	268	1622	11284	1	91	34936	194
922000	37	306	1598	11267	0	86	35057	269
923000	53	322	1609	11176	6	222	35125	562
924000	34	293	1297	11674	122	69	35900	477
925000	31	241	1364	11703	51	122	36186	517
926000	41	264	1388	11711	24	48	36435	244
927000	44	307	1428	11607	8	42	36638	65
928000	44	312	1676	11115	138	1	35168	133
929000	59	324	1648	11138	68	27	35902	243
930000	66	349	1692	11181	13	4	36129	155
931000	61	256	1775	11038	113	0	35404	244
932000	45	269	1671	11207	75	8	36342	269
933000	46	311	1591	11263	41	56	34985	202
934000	39	295	1559	11310	15	142	36884	478
935000	23	320	1566	11274	9	128	36818	280
936000	43	280	1726	11160	13	65	36313	154
937000	36	308	1513	11476	0	106	35306	170
938000	70	287	1465	11511	5	100	36467	188
939000	35	309	1630	11343	0	53	36030	154
940000	29	287	1564	11450	13	59	34927	176
941000	50	321	1498	11356	9	89	35041	244
942000	52	278	1705	11045	24	132	35353	365
943000	40	272	1484	11516	16	41	35883	129
944000	37	339	1494	11462	7	50	36577	135
945000	44	257	1762	11220	2	38	35494	130
946000	45	363	1354	11705	0	14	35744	82
947000	40	341	1386	11671	45	3	37075	142
948000	26	322	1142	12107	18	0	37009	62
949000	19	323	1305	11883	49	7	35118	125
950000	34	290	1325	11781	53	0	36923	144
951000	42	280	1194	12030	8	18	36069	77
952000	36	282	1278	11863	145	3	36562	439
953000	47	332	1290	11710	39	34	35723	178
954000	49	305	1362	11816	0	7	35827	7
955000	45	328	1595	11220	112	3	35610	290
956000	45	299	1234	11825	52	49	35884	195
957000	41	305	1532	11301	18	73	36361	265
958000	29	367	1591	11259	19	64	36094	206
959000	37	291	1346	11816	23	8	36355	133
960000	34	382	1430	11591	0	27	35995	72
961000	37	276	1449	11642	2	75	36959	281
962000	29	282	1388	11693	0	143	36676	475
963000	25	309	1414	11656	0	72	36489	177
964000	40	318	1430	11614	0	27	35482	51
965000	32	307	1520	11516	1	12	36401	69
966000	38	260	1596	11363	106	8	35713	448
967000	30	302	1209	12047	19	17	36283	140
968000	33	349	1127	12017	0	4	36902	0
969000	68	249	1226	11948	99	1	36166	338
970000	33	298	1337	11710	16	73	36431	279
971000	28	280	1413	11681	18	62	37361	277
972000	18	307	1143	12055	3	112	36835	244
973000	21	287	1067	12178	2	99	35875	345
974000	18	349	1251	11867	1	61	35158	246
975000	37	300	1427	11621	0	97	36125	341
976000	32	316	1424	11500	0	176	36311	255
977000	67	256	1459	11419	14	207	35311	728
978000	56	327	1507	11211	6	281	35764	564
979000	30	301	1563	11270	4	213	34950	516
980000	33	302	1198	11902	38	151	35156	522
981000	36	289	1245	11769	61	130	36419	723
982000	33	310	1340	11595	63	208	36116	630
983000	28	282	1444	11282	59	320	37670	1130
984000	57	309	1570	11136	38	228	35782	609
985000	23	318	1420	11447	63	194	36176	480
986000	34	286	1239	11772	19	233	34999	608
987000	39	276	1592	11045	18	368	35774	1159
988000	59	296	1805	10689	29	269	34874	1015
989000	59	332	1982	10504	33	210	33429	643
990000	34	317	1960	10410	23	338	36096	799
991000	25	276	1600	10999	104	324	35714	1140
992000	54	355	1709	10729	170	270	32969	1159
993000	38	343	1760	10644	162	319	34807	1550
994000	58	327	1391	11025	249	393	35031	1749
995000	49	274	1656	10515	322	402	34392	1841
996000	66	298	1731	10407	321	438	34103	2108
997000	50	312	1822	10348	380	270	33067	1989
998000	48	331	1525	10717	513	182	33841	2159
999000	77	272	1568	10507	662	249	34101	2657
