0	0	0	0	14400	0	0	0	0
1000	10	316	331	13287	75	45	38797	213
2000	6	310	323	13301	91	41	36605	409
3000	12	352	362	13032	124	165	37169	711
4000	12	336	345	13033	94	222	37332	806
5000	1	356	352	12990	63	315	36129	1110
6000	11	389	345	12966	76	264	36133	713
7000	14	278	380	13045	22	306	38220	939
8000	7	362	301	13079	18	321	36591	1082
9000	12	342	411	12842	15	371	36339	1170
10000	3	299	289	13207	16	275	38252	713
11000	5	347	392	12989	5	262	35823	708
12000	9	366	451	12902	27	205	36465	483
13000	10	305	489	13012	54	107	36952	539
14000	13	302	398	13148	88	88	36429	607
15000	6	309	373	13072	88	193	36852	757
16000	15	329	438	12956	114	155	36256	921
17000	26	304	412	13055	106	108	37862	645
18000	8	330	406	13094	87	86	36573	662
19000	13	331	361	13096	86	159	37343	725
20000	16	282	401	13182	47	120	38752	463
21000	16	316	418	13079	40	127	38437	518
22000	6	305	265	13273	41	182	38200	514
23000	11	332	376	13121	15	183	37653	652
24000	5	286	317	13339	8	114	37863	462
25000	14	320	283	13301	18	111	37083	214
26000	8	300	383	13277	3	79	37653	316
27000	15	336	332	13296	1	75	37736	198
28000	8	353	372	13230	3	69	36622	160
29000	11	347	274	13389	17	40	37218	239
30000	5	367	324	13293	6	65	36909	158
31000	11	341	373	13229	4	50	38558	147
32000	8	330	362	13292	11	15	36002	137
33000	4	355	360	13257	1	56	39178	80
34000	2	296	325	13313	5	82	38790	209
35000	11	352	364	13203	0	76	37456	245
36000	11	319	325	13306	36	49	37943	265
37000	20	310	430	13180	57	25	36961	197
38000	9	325	334	13273	67	34	38244	198
39000	9	301	355	13282	82	20	37533	235
40000	10	347	360	13233	64	29	36903	263
41000	11	302	345	13313	61	13	39268	289
42000	11	328	308	13315	52	37	37803	335
43000	13	297	421	13087	67	93	37737	378
44000	9	321	429	13131	64	62	38695	388
45000	7	325	350	13199	96	67	38301	266
46000	10	284	390	13151	73	114	36651	808
47000	7	362	373	13078	49	129	36440	635
48000	11	317	313	13211	49	168	35954	515
49000	7	351	346	13177	33	150	38549	468
50000	3	308	389	13138	47	146	38583	407
51000	9	339	358	13110	16	197	37665	426
52000	8	309	319	13222	28	189	37831	503
53000	18	330	335	13178	25	150	37954	447
54000	4	316	370	13086	34	207	37755	659
55000	10	341	248	13275	12	203	36379	656
56000	6	335	327	13153	53	189	37333	722
57000	5	345	476	12946	66	166	36808	608
58000	9	355	345	13162	74	107	38120	443
59000	15	344	408	13110	42	97	37802	479
60000	10	348	378	13149	52	107	36944	332
61000	14	262	315	13335	60	88	39526	381
62000	5	301	372	13242	48	78	39548	373
63000	10	353	369	13252	4	56	38394	278
64000	2	307	297	13368	7	96	38261	388
65000	9	342	403	13153	16	78	37443	244
66000	6	319	348	13260	17	95	37477	284
67000	9	384	416	13102	5	95	37562	268
68000	8	287	401	13167	9	139	38035	388
69000	11	333	419	13072	31	123	37563	495
70000	19	325	386	13151	15	99	37019	563
71000	18	352	349	13199	29	88	37065	290
72000	6	350	391	13184	58	58	37591	305
73000	9	314	394	13099	50	101	36790	444
74000	4	332	337	13272	28	71	37120	324
75000	3	329	374	13229	4	89	38771	310
76000	8	367	325	13269	0	69	37376	166
77000	16	315	312	13307	0	107	38960	179
78000	10	331	403	13239	0	49	37355	161
79000	5	343	268	13456	0	38	37947	158
80000	8	321	266	13477	0	40	39395	45
81000	14	342	322	13363	0	12	38759	60
82000	8	316	336	13348	0	19	37316	12
83000	5	368	425	13157	0	25	36922	102
84000	6	309	380	13334	7	24	38855	84
85000	9	339	365	13305	20	21	38550	124
86000	22	383	401	13176	3	37	38039	125
87000	6	366	280	13410	0	9	39663	45
88000	12	298	306	13292	164	7	38528	442
89000	11	345	420	13018	117	75	39178	526
90000	13	338	309	13173	106	136	38287	742
91000	16	314	483	12777	46	319	37979	996
92000	11	314	414	12880	78	293	37556	1215
93000	10	329	480	12790	57	308	36840	1228
94000	9	333	406	12918	27	286	36632	845
95000	9	330	386	13016	19	265	37332	673
96000	11	357	395	13077	6	176	37530	538
97000	4	363	306	13242	0	149	37353	552
98000	9	332	308	13222	17	184	38633	466
99000	9	310	375	13212	20	115	38923	553
100000	8	370	276	13320	7	103	38298	239
101000	6	355	348	13199	2	115	38949	325
102000	7	322	340	13251	13	100	38710	423
103000	20	370	365	13076	25	185	37655	517
104000	1	311	298	13302	7	180	37834	572
105000	9	335	400	13081	35	129	37368	621
106000	16	318	439	13029	75	137	37082	624
107000	9	272	374	13210	33	130	38523	391
108000	7	310	348	13244	11	131	38897	441
109000	9	336	338	13212	7	168	37463	571
110000	16	310	308	13320	10	121	38596	354
111000	7	344	338	13214	11	108	38013	340
112000	18	330	440	13081	2	116	37435	246
113000	10	311	403	13257	0	55	37196	184
114000	10	303	419	13213	0	54	38297	148
115000	9	346	421	13137	1	73	38083	284
116000	10	350	468	13106	3	64	38402	226
117000	9	349	375	13235	0	55	38277	166
118000	7	322	388	13280	1	56	37552	157
119000	10	320	297	13380	0	53	37231	77
120000	16	326	359	13256	28	48	38180	208
121000	6	336	380	13213	56	45	38670	382
122000	4	313	388	13199	53	48	38240	308
123000	16	272	360	13277	82	50	37598	331
124000	16	325	395	13158	87	32	36996	334
125000	11	349	393	13220	25	46	38217	224
126000	5	297	361	13296	20	44	37999	199
127000	6	328	497	13068	11	52	37296	121
128000	6	332	414	13232	0	42	38967	83
129000	12	295	372	13289	1	63	36861	174
130000	11	320	331	13352	14	18	37958	126
131000	8	328	332	13350	5	28	38340	10
132000	14	351	278	13399	0	22	37741	74
133000	18	343	417	13175	0	50	37630	127
134000	9	327	375	13292	3	35	36813	134
135000	11	298	355	13364	4	46	38042	100
136000	9	348	306	13412	0	14	38249	70
137000	15	346	415	13128	97	19	37270	351
138000	10	354	411	12963	131	134	37500	551
139000	7	333	395	13081	143	97	37101	698
140000	9	309	354	13169	96	139	37510	647
141000	14	312	429	12972	154	124	35917	775
142000	13	317	422	13018	122	154	36807	698
143000	10	336	339	13030	154	207	37143	864
144000	10	354	477	12836	105	189	37049	751
145000	8	300	461	12879	84	256	37339	1017
146000	6	334	302	13135	77	236	37333	1157
147000	12	318	336	13103	42	243	35548	987
148000	10	319	443	12974	49	239	37229	735
149000	11	277	342	13121	83	208	37431	1031
150000	11	345	339	12906	132	299	34986	1139
151000	10	306	337	12963	121	264	37868	1177
152000	11	359	335	12989	153	214	36645	852
153000	13	330	410	12824	145	290	35832	1183
154000	13	321	392	12826	208	241	36909	1364
155000	17	313	364	12872	257	210	37392	1194
156000	20	315	420	12919	179	138	36845	1153
157000	12	389	349	13077	143	86	38136	602
158000	4	321	420	13035	89	142	36818	827
159000	20	293	420	13142	24	91	38233	389
160000	12	315	338	13357	16	38	37859	230
161000	11	353	411	13206	12	17	37825	40
162000	19	313	404	13254	41	0	37575	123
163000	10	292	415	13254	41	8	38796	179
164000	10	331	368	13274	21	32	37401	144
165000	11	350	378	13236	18	46	37496	77
166000	12	372	394	13168	31	55	38110	155
167000	9	349	356	13190	41	66	39456	184
168000	12	280	333	13292	60	85	38954	534
169000	12	306	411	13158	34	95	37531	367
170000	11	330	429	13180	10	62	39348	296
171000	12	329	357	13226	13	89	37404	313
172000	8	350	356	13151	28	110	37351	357
173000	18	296	335	13214	21	115	37261	346
174000	16	294	503	13019	35	103	37196	289
175000	13	329	353	13169	32	146	38215	324
176000	4	330	292	13301	53	162	36835	736
177000	11	360	380	13058	69	182	37473	768
178000	9	308	361	13149	17	161	37967	560
179000	4	365	333	13158	14	199	37492	627
180000	16	352	369	13084	45	151	36647	510
181000	12	293	332	13238	31	147	38126	501
182000	17	338	372	13087	12	194	37698	544
183000	8	328	375	13098	14	235	35595	680
184000	6	373	369	13084	16	198	38009	559
185000	13	317	422	13060	0	173	37588	602
186000	10	334	376	13143	1	140	35947	424
187000	12	305	368	13245	23	105	37081	338
188000	5	348	320	13228	12	147	37745	378
189000	5	338	333	13255	9	127	39076	332
190000	16	294	340	13199	28	166	40016	347
191000	6	309	357	13195	21	142	37667	407
192000	10	297	344	13261	10	140	37217	449
193000	7	352	390	13102	0	161	36551	439
194000	11	325	309	13292	22	113	37712	422
195000	3	313	246	13445	15	74	39446	221
196000	8	310	389	13236	23	28	38042	139
197000	11	293	404	13270	1	33	39453	123
198000	6	312	363	13336	0	23	36661	119
199000	4	306	360	13330	0	20	36263	45
200000	5	366	413	13214	0	30	37905	89
201000	4	317	326	13405	19	4	39287	42
202000	4	289	302	13472	1	21	38771	68
203000	7	339	256	13435	4	52	38407	111
204000	11	346	274	13440	0	13	36941	49
205000	6	281	356	13348	3	20	39203	66
206000	10	348	362	13292	0	0	38768	9
207000	10	374	315	13168	164	42	36411	571
208000	17	344	393	13056	139	111	36923	566
209000	13	310	403	13073	102	81	36607	423
210000	17	343	461	12914	68	177	37177	542
211000	5	273	348	13137	94	224	37124	777
212000	10	301	379	13006	87	270	37417	887
213000	20	316	427	12882	97	310	36462	1073
214000	6	300	326	13038	26	375	37142	1089
215000	7	333	315	13067	53	291	37543	762
216000	14	325	336	13067	74	259	35422	888
217000	11	315	363	12996	109	277	38119	1075
218000	5	309	327	13063	63	290	38007	1149
219000	9	332	299	13007	109	318	35305	1073
220000	13	304	338	12937	117	348	37457	1399
221000	17	288	396	12938	60	329	37076	1004
222000	13	324	374	12848	72	389	35724	1179
223000	7	314	307	13110	38	299	37284	1230
224000	6	317	326	13079	33	316	36685	983
225000	12	335	369	13091	23	194	36421	630
226000	9	344	369	13070	54	165	37077	580
227000	15	305	373	13091	74	157	38003	742
228000	11	318	391	13027	34	224	37019	794
229000	14	350	402	12970	45	216	37236	1042
230000	11	346	271	13161	82	158	36257	822
231000	5	344	291	13226	67	123	37080	641
232000	10	314	293	13264	71	123	38986	528
233000	6	337	311	13261	52	101	37772	486
234000	8	332	271	13253	49	149	37247	372
235000	11	289	336	13252	45	117	38604	505
236000	13	287	323	13245	61	133	38043	485
237000	15	359	387	13115	15	135	36227	478
238000	15	310	425	13090	6	160	38544	445
239000	5	361	318	13252	29	99	37555	378
240000	10	279	380	13214	24	111	36915	406
241000	12	323	409	13201	0	64	37809	171
242000	7	305	438	13181	8	40	38435	100
243000	7	305	380	13317	0	10	36596	9
244000	14	335	340	13233	101	0	38232	141
245000	12	339	384	13249	43	18	39716	161
246000	6	306	363	13332	22	31	38576	260
247000	9	327	398	13105	54	118	37998	489
248000	9	297	373	13041	58	229	36839	751
249000	2	341	378	13094	48	167	38249	537
250000	6	373	332	13104	24	194	36664	627
251000	8	359	366	13095	34	156	38180	634
252000	7	338	357	13083	83	167	37065	693
253000	10	329	385	13051	92	132	37348	608
254000	13	297	317	13255	57	98	38550	424
255000	13	367	336	13187	21	101	37354	295
256000	8	330	301	13302	13	110	39026	255
257000	6	349	350	13252	27	105	37059	324
258000	7	322	329	13272	23	108	36412	461
259000	12	326	379	13116	28	184	37654	556
260000	7	350	307	13142	28	241	38102	760
261000	5	326	464	12926	29	246	37587	980
262000	10	336	340	12939	55	368	35898	1197
263000	5	350	300	12946	29	449	37205	1296
264000	15	337	329	12954	20	391	37030	1003
265000	6	312	360	12947	28	410	36839	1073
266000	8	368	270	12958	12	472	36424	1231
267000	13	340	261	12966	35	476	35703	1492
268000	16	294	394	12851	33	447	35906	1401
269000	9	349	390	12821	105	309	35097	1278
270000	13	315	456	12795	112	288	37569	1228
271000	10	344	405	12941	44	285	37382	871
272000	25	331	398	12990	51	218	36852	837
273000	11	325	432	12908	71	246	36846	791
274000	8	324	335	13176	39	169	35134	581
275000	11	340	461	13039	29	84	37276	322
276000	10	331	377	13181	38	101	37367	303
277000	11	362	343	13211	29	74	37097	289
278000	9	306	271	13486	2	13	38508	85
279000	7	321	384	13325	8	2	38222	50
280000	8	360	343	13289	0	9	38160	91
281000	10	336	281	13464	0	0	36515	1
282000	8	330	269	13391	69	23	37082	274
283000	8	376	323	13278	18	49	36954	190
284000	8	309	428	13226	0	28	38367	98
285000	3	337	360	13320	0	15	38000	88
286000	2	322	327	13420	0	6	36093	6
287000	12	324	387	13136	160	7	38887	454
288000	8	340	330	13090	143	143	37599	849
289000	12	336	342	13023	110	221	37286	818
290000	10	345	303	13156	120	117	37458	776
291000	9	387	422	12950	121	105	36536	783
292000	15	323	326	13161	75	182	37937	566
293000	8	336	444	12885	97	210	36847	895
294000	5	338	315	13261	21	135	37592	489
295000	10	352	340	13067	37	201	37218	679
296000	3	310	374	13099	62	184	37654	701
297000	19	356	268	13136	138	193	36987	699
298000	16	336	322	13015	83	263	37427	982
299000	12	333	371	12887	116	295	36655	1093
300000	9	296	274	13166	126	207	36478	987
301000	11	330	420	12921	103	228	36362	908
302000	17	339	378	12796	130	378	36593	1194
303000	14	353	413	12742	143	361	38154	1484
304000	15	298	347	12901	151	327	37048	1289
305000	6	370	339	12954	112	278	35256	1247
306000	10	292	361	13005	52	268	36680	917
307000	15	310	351	13041	44	267	37143	831
308000	9	300	401	13052	73	173	38106	761
309000	16	329	409	13014	55	167	37001	512
310000	6	314	261	13239	46	217	38000	741
311000	8	324	396	12980	43	261	38987	937
312000	13	335	377	12930	71	270	36894	998
313000	14	350	349	13046	25	252	36182	802
314000	13	306	411	13027	66	236	37002	859
315000	16	317	358	12976	107	222	37355	985
316000	7	292	346	13056	35	322	36915	989
317000	12	366	392	12897	57	276	36779	1110
318000	9	324	283	13141	31	295	37906	807
319000	8	318	266	13126	30	364	37266	1099
320000	6	311	381	13139	44	186	38094	877
321000	5	318	276	13276	27	204	38594	630
322000	5	333	295	13186	27	230	38119	660
323000	6	295	328	13184	41	231	37235	692
324000	19	366	348	13024	85	187	36740	789
325000	8	380	312	13074	46	244	37225	853
326000	17	316	393	13029	28	235	37617	729
327000	12	334	315	13213	26	154	37455	364
328000	8	320	305	13190	67	147	38384	506
329000	6	337	357	13200	38	128	37397	516
330000	10	367	466	13015	28	112	37939	596
331000	14	355	417	13039	25	155	37546	569
332000	9	337	395	13119	23	139	37609	412
333000	5	342	340	13194	2	176	37006	515
334000	9	331	325	13250	5	166	37286	577
335000	7	310	374	13173	7	125	38142	441
336000	7	340	339	13147	0	176	38155	435
337000	6	337	423	13121	14	115	36774	350
338000	10	321	398	13201	0	89	36640	230
339000	4	328	324	13332	0	85	38549	307
340000	9	323	418	13153	5	77	37604	152
341000	5	315	344	13274	0	100	37470	276
342000	6	329	332	13351	17	53	37698	176
343000	8	321	422	13168	0	58	36538	222
344000	12	326	335	13319	2	19	38738	23
345000	11	258	412	13339	0	3	39004	4
346000	14	335	437	13116	113	4	38626	349
347000	14	342	383	13074	111	79	37956	493
348000	15	349	329	13100	144	109	37193	566
349000	5	289	268	13323	76	109	37591	533
350000	4	336	310	13222	91	102	37762	499
351000	10	280	321	13245	54	143	38250	620
352000	14	311	368	13158	33	139	36604	532
353000	12	321	304	13189	56	172	37123	500
354000	10	320	417	13073	32	138	36488	551
355000	6	349	486	12978	15	163	38365	513
356000	5	281	442	13111	10	124	37741	414
357000	7	324	357	13182	5	143	37315	354
358000	5	329	428	13083	7	173	37462	502
359000	7	321	495	12931	27	189	36726	633
360000	15	354	464	12891	34	246	37748	596
361000	5	324	291	13129	62	279	35428	921
362000	12	358	395	12866	41	331	34384	1071
363000	12	353	321	13138	25	230	37191	826
364000	13	328	363	13153	22	158	37912	527
365000	14	348	373	13056	44	164	36631	786
366000	12	340	333	13075	102	190	36300	844
367000	13	379	377	12884	150	203	36118	1113
368000	6	285	349	13020	125	233	36048	963
369000	16	330	308	13086	63	289	37645	994
370000	11	331	360	12936	61	327	36813	997
371000	8	329	274	13151	40	255	36725	824
372000	7	287	349	13138	52	194	37435	579
373000	6	334	405	13022	79	162	36707	669
374000	7	355	285	13231	66	155	36742	640
375000	15	381	344	12958	81	220	37646	756
376000	4	298	402	13032	127	184	36222	1118
377000	10	318	407	13015	75	197	36581	805
378000	15	290	380	13063	92	192	38709	972
379000	10	360	310	13120	37	252	35726	1016
380000	9	345	388	13074	64	142	37780	575
381000	8	304	327	13215	32	154	37577	579
382000	17	344	369	13083	18	193	37832	598
383000	4	338	390	13053	23	198	38134	563
384000	8	376	371	13004	5	238	36332	642
385000	9	325	379	13075	3	202	37253	488
386000	21	309	388	13153	12	199	37461	651
387000	3	309	320	13213	33	189	37254	696
388000	8	322	339	13157	14	204	38105	658
389000	7	337	369	13112	34	182	38245	708
390000	7	302	291	13269	8	189	38262	550
391000	9	344	441	13002	14	186	36220	501
392000	18	303	431	13035	21	198	38342	660
393000	11	310	353	13125	22	227	36621	757
394000	9	304	401	12949	59	290	38113	893
395000	14	404	343	12840	43	418	36351	1059
396000	13	316	342	12884	81	384	37706	1376
397000	11	371	435	12826	67	295	36822	1030
398000	10	335	475	12868	78	251	36829	841
399000	5	345	377	12866	124	321	36396	1381
400000	4	373	423	12663	107	448	35273	1627
401000	9	335	430	12641	78	526	35779	1562
402000	6	338	312	12869	63	466	37277	1676
403000	15	358	363	12758	90	458	36177	1641
404000	12	295	306	12750	142	551	36914	2068
405000	3	312	294	12565	224	687	36240	2233
406000	18	312	306	12334	280	814	34350	2759
407000	10	319	384	12081	366	868	35066	3393
408000	25	290	354	12027	441	852	35317	3813
409000	15	300	362	11830	555	975	34430	3552
410000	15	331	374	11605	596	1145	33857	4930
411000	25	315	303	11850	581	991	32659	4533
412000	30	309	420	11618	603	989	33427	4114
413000	17	303	408	11544	551	1177	32946	5041
414000	36	317	463	11304	653	1209	32900	4784
415000	29	312	384	11182	838	1265	31195	5967
416000	13	337	379	11048	914	1318	32267	5656
417000	36	280	362	11031	1013	1295	31406	6114
418000	38	357	381	10858	974	1370	30167	6343
419000	47	302	297	11054	779	1598	31597	6539
420000	20	322	307	10996	751	1651	30592	6687
421000	9	271	440	10858	761	1645	31352	6788
422000	34	250	452	10748	748	1753	31155	6513
423000	32	287	383	10648	645	2021	30903	7322
424000	27	364	332	10650	732	1961	29299	7026
425000	35	298	383	10577	690	2016	31230	7018
426000	20	386	318	10630	711	1944	29381	7522
427000	23	345	363	10475	895	1933	29633	7140
428000	20	261	411	10515	875	1892	29534	7508
429000	14	304	317	10711	735	1955	30347	7660
430000	18	287	355	10705	703	1991	31042	7815
431000	35	290	400	10749	566	1977	30763	6649
432000	21	330	503	10722	498	1886	30722	6496
433000	20	286	410	10871	639	1801	32182	6768
434000	14	307	293	11234	482	1733	31936	6260
435000	28	341	334	10920	500	1899	31126	6772
436000	10	298	384	11015	512	1775	31849	6637
437000	21	271	402	10947	498	1853	30178	6300
438000	30	300	438	10905	533	1787	31848	6576
439000	20	272	409	11158	471	1657	31560	5822
440000	19	345	359	11045	473	1760	32101	5962
441000	18	356	377	10982	485	1834	30942	5994
442000	15	306	362	11173	597	1580	31688	5858
443000	30	330	312	11122	475	1817	31779	6555
444000	17	304	376	10950	345	2047	32093	6018
445000	11	348	333	10837	394	2148	30562	6770
446000	20	350	373	10639	403	2212	30971	7949
447000	14	301	312	10742	418	2252	30918	7756
448000	11	351	305	10701	452	2231	30304	8120
449000	10	331	323	10674	362	2379	31505	7478
450000	16	336	258	10761	369	2365	30604	7779
451000	14	313	326	10727	421	2234	31237	7449
452000	24	366	281	10792	404	2199	30298	7936
453000	22	345	366	10389	577	2357	29109	7832
454000	18	319	362	10602	662	2073	29906	8166
455000	32	315	386	10274	718	2265	30493	8903
456000	28	329	287	9952	846	2612	29572	9006
457000	19	309	353	9830	979	2560	28567	9113
458000	23	342	378	9751	1139	2372	27371	9980
459000	32	277	369	9784	1027	2557	27398	9450
460000	23	316	325	9870	952	2579	28744	9813
461000	25	324	318	9822	1060	2518	27864	9364
462000	35	321	336	9892	949	2461	28224	9186
463000	29	333	339	9993	934	2409	27765	9972
464000	20	306	337	9881	895	2581	28067	8654
465000	17	349	441	9666	823	2697	27624	9602
466000	26	309	405	9602	908	2763	28658	9494
467000	13	271	360	9584	716	3072	28687	11603
468000	40	306	393	9694	711	2860	27537	9940
469000	29	357	354	9572	941	2782	27201	10017
470000	30	325	313	9461	905	3029	27019	10183
471000	30	329	438	9448	725	3023	26811	10890
472000	34	334	435	9486	783	2879	28361	10821
473000	33	333	350	9712	696	2926	28199	9995
474000	32	312	255	9870	770	2830	28480	9822
475000	26	265	390	9578	831	2898	28275	10590
476000	31	328	325	9543	874	2943	28251	10556
477000	24	321	377	9472	1006	2828	26468	10661
478000	32	301	355	9443	1007	2893	26499	11373
479000	34	288	327	9079	990	3308	26824	12607
480000	36	289	269	9407	890	3202	27438	11496
481000	18	334	266	9450	830	3169	27484	10803
482000	34	324	285	9410	960	3024	25990	11397
483000	28	297	262	9362	881	3255	27203	11231
484000	23	311	363	9223	852	3265	26588	11483
485000	17	325	341	9271	769	3332	26916	11407
486000	20	276	323	9829	625	3009	28338	9973
487000	10	325	383	9986	620	2673	28393	9397
488000	27	307	320	9949	585	2858	29732	9375
489000	16	359	349	9868	492	2969	27637	9319
490000	23	292	411	9847	573	2857	28964	9801
491000	24	299	390	10061	558	2678	30287	8805
492000	16	336	330	10136	505	2715	30332	9291
493000	24	290	340	10301	504	2601	29270	8703
494000	11	291	340	10169	458	2756	28990	8962
495000	26	297	415	10107	495	2667	29183	8706
496000	24	309	292	10384	570	2485	28957	8890
497000	13	332	271	10656	525	2278	30020	7810
498000	15	327	339	10608	506	2269	29561	7466
499000	21	341	349	10561	508	2251	29879	7810
500000	17	328	304	10557	477	2362	30140	7304
501000	24	305	281	10260	545	2686	29982	8159
502000	13	270	376	10519	430	2389	30278	7995
503000	19	297	343	10550	440	2400	30688	7888
504000	28	331	355	10770	523	2048	28707	7827
505000	27	314	303	10838	550	1993	31197	7268
506000	18	319	277	10798	581	2069	31735	7657
507000	19	300	261	10769	566	2204	30253	8031
508000	23	278	360	10454	622	2277	29784	7408
509000	18	294	483	10352	738	2106	30031	8233
510000	21	293	389	10417	592	2282	30740	8051
511000	17	291	415	10553	584	2151	30737	8358
512000	20	382	335	10649	670	1975	30880	7338
513000	24	330	367	11040	475	1754	31425	6344
514000	26	331	401	11008	530	1718	30850	6078
515000	24	306	352	11311	428	1616	31351	4772
516000	27	339	320	11344	496	1522	32293	5450
517000	19	326	294	11264	585	1565	31875	5962
518000	31	339	402	11121	611	1492	31709	5577
519000	10	282	344	11341	534	1541	33049	5442
520000	24	295	355	11369	597	1395	33343	5323
521000	18	313	361	11315	440	1560	33226	5497
522000	21	356	310	11271	430	1648	30808	5728
523000	22	298	371	11001	523	1817	33193	6313
524000	16	347	371	10751	405	2164	30239	6701
525000	23	330	375	10590	579	2110	29779	7132
526000	26	324	397	10421	578	2307	30473	8450
527000	32	317	385	10191	606	2460	29558	8819
528000	28	279	386	10065	743	2513	29147	8879
529000	26	324	416	10003	691	2537	30603	8757
530000	19	307	435	10317	787	2114	29726	8133
531000	26	326	350	10422	689	2254	27718	7851
532000	20	323	328	10288	699	2407	27773	7892
533000	32	322	306	10272	789	2342	30503	8013
534000	26	327	425	10562	794	1876	30125	7288
535000	26	317	370	10832	859	1611	31660	6371
536000	17	319	289	11067	769	1627	31506	6584
537000	18	269	320	10817	827	1785	31278	7278
538000	20	280	340	10841	771	1782	31515	6838
539000	21	370	346	10822	486	2001	30301	6296
540000	16	310	350	11150	429	1786	31911	6359
541000	15	326	367	10911	415	2001	32461	6391
542000	20	304	349	11048	392	1909	30950	6266
543000	15	335	301	10929	426	2079	32173	7046
544000	30	290	361	10782	444	2092	31054	6658
545000	27	296	393	10757	508	2072	32129	6818
546000	19	336	413	10668	494	2085	31096	6997
547000	20	315	450	10421	483	2295	31101	8129
548000	27	326	384	10543	534	2171	30690	7678
549000	14	276	365	10769	563	2039	30817	7406
550000	30	324	426	10671	642	1905	30110	6864
551000	27	291	450	10551	682	1947	30617	7684
552000	35	329	388	10478	658	2126	30062	7573
553000	17	320	336	10578	508	2316	29978	7767
554000	19	288	426	10722	633	1914	30860	6671
555000	19	304	471	10862	506	1820	33341	6815
556000	19	347	340	11285	488	1559	30040	5709
557000	16	347	395	11151	504	1592	31876	5909
558000	20	301	384	11395	505	1436	30747	5010
559000	15	340	318	11494	359	1515	31336	5720
560000	14	301	323	11402	290	1704	31537	5412
561000	24	341	349	11058	410	1851	32318	6227
562000	19	309	419	10995	371	1891	31781	6414
563000	13	302	511	10947	378	1809	32165	6246
564000	10	264	396	11137	339	1847	33183	6693
565000	14	334	365	11306	470	1558	32111	5877
566000	11	331	347	11264	413	1684	33507	6172
567000	18	288	301	11007	437	2010	31494	6697
568000	18	315	315	10871	430	2132	31944	7218
569000	19	287	289	10859	470	2150	30574	7721
570000	20	332	275	10663	427	2311	28970	7226
571000	17	322	383	10473	480	2305	29888	7863
572000	20	331	330	10763	505	2101	30738	6825
573000	22	311	367	10874	434	2030	31731	6917
574000	14	321	355	11000	531	1796	32092	6160
575000	13	304	318	11172	508	1759	31956	5670
576000	18	280	339	10958	546	1916	30660	6472
577000	10	327	365	11014	435	1905	29968	5739
578000	16	369	424	10696	387	2120	31200	6440
579000	11	317	343	10537	369	2442	31049	8043
580000	22	301	317	10793	458	2159	31025	7589
581000	26	334	296	10523	552	2334	29615	7650
582000	23	309	346	10533	570	2233	29841	8159
583000	17	306	367	10592	590	2183	31464	7723
584000	27	313	370	10480	770	2087	29528	7750
585000	20	327	292	10554	623	2227	30968	8246
586000	22	271	420	10254	705	2343	31366	8038
587000	38	308	427	10392	705	2096	30528	7147
588000	22	311	306	10774	826	1796	30416	7854
589000	24	334	336	10813	799	1719	31043	6809
590000	29	309	367	10691	858	1782	30247	7385
591000	26	308	349	10572	779	2005	31048	7723
592000	41	322	446	10069	920	2169	29675	8162
593000	35	284	356	10245	808	2300	29856	8324
594000	30	297	324	10400	877	2129	29706	7624
595000	28	332	375	10469	784	2029	30230	7663
596000	24	341	379	10261	752	2255	29796	8215
597000	17	346	428	10488	650	2073	29850	7453
598000	21	383	342	10371	728	2179	29732	7571
599000	25	297	340	10148	771	2452	29517	8883
600000	23	281	310	10380	704	2344	30249	8263
601000	27	275	342	10498	707	2200	29301	8289
602000	25	336	294	10491	728	2191	32007	8318
603000	41	297	329	10299	730	2335	28982	8552
604000	14	290	460	10283	692	2230	29189	8265
605000	25	301	405	9807	709	2738	29074	9943
606000	22	318	458	9727	802	2667	27499	9744
607000	24	321	427	9798	791	2639	28013	9519
608000	22	319	452	9540	858	2811	27173	9890
609000	21	297	395	9685	786	2802	27259	9947
610000	25	329	295	9723	834	2898	27027	9596
611000	28	281	305	9419	869	3167	27962	10761
612000	22	251	268	9674	872	3004	27812	10571
613000	32	326	298	9596	895	2905	27670	9766
614000	34	353	353	9370	972	2940	27163	10111
615000	33	320	415	9228	848	3175	27813	10446
616000	42	326	379	9165	1043	3056	25744	11334
617000	33	335	345	9153	1049	3122	26335	11389
618000	33	314	342	9049	1079	3233	26674	12041
619000	42	303	331	9036	1125	3230	25815	11448
620000	32	287	431	9021	1055	3189	26282	12136
621000	43	307	476	8737	1145	3244	25128	10849
622000	29	313	361	8902	1020	3406	25965	12264
623000	26	301	254	9090	1013	3413	25566	11777
624000	37	295	329	9232	856	3296	27145	11608
625000	31	314	359	9287	723	3300	26726	11369
626000	21	305	285	9443	815	3185	26410	11353
627000	42	281	322	9411	890	3093	26810	11106
628000	20	326	345	9396	933	3001	26435	11027
629000	29	334	351	9386	875	3019	25624	10500
630000	36	316	385	9367	742	3153	27163	11487
631000	26	278	354	9540	773	3059	28081	11229
632000	22	344	437	9359	775	3056	26957	10273
633000	43	314	369	9425	899	2944	28132	10795
634000	45	297	408	8959	1318	2941	25598	11330
635000	32	286	360	8941	1323	3120	24134	12537
636000	47	313	390	9105	1203	2947	25995	11589
637000	41	287	402	8809	1144	3354	26181	12101
638000	30	315	439	9130	1161	2926	26268	10308
639000	52	322	354	9024	1283	2990	26107	11401
640000	36	317	443	9377	1149	2643	27893	11248
641000	36	280	353	9253	1200	2925	26927	10857
642000	53	272	327	9274	1371	2749	26559	11210
643000	27	348	385	9245	1230	2811	25938	11697
644000	44	321	358	8956	1210	3145	27548	12160
645000	45	322	399	8756	1345	3150	26029	11586
646000	42	271	462	8998	1302	2884	25803	11861
647000	30	295	463	9368	1038	2786	26938	10177
648000	25	298	440	9581	783	2868	28748	9982
649000	34	316	383	9588	861	2804	29199	10473
650000	22	341	286	9801	988	2644	27960	9772
651000	31	337	318	9679	1017	2669	27780	10059
652000	23	265	398	9690	915	2731	28275	11111
653000	27	293	332	9608	1008	2758	26473	10373
654000	32	321	421	9280	994	2927	27468	10971
655000	35	293	349	9626	1027	2711	27487	10307
656000	43	328	371	9483	1160	2625	27911	10393
657000	29	296	477	9295	1190	2675	26708	10713
658000	37	288	337	9184	1330	2858	27552	10879
659000	31	283	356	9012	1398	2975	25970	12295
660000	45	324	401	9115	1176	2951	26269	11983
661000	34	324	392	9094	1218	2904	26181	10933
662000	40	309	345	9000	1206	3153	26396	11878
663000	44	279	374	9029	1064	3260	25886	11434
664000	25	321	337	9092	1143	3068	26268	11853
665000	33	303	345	9101	1152	3106	26551	11979
666000	34	264	369	9158	1105	3107	25299	11037
667000	38	342	360	9349	975	2917	27599	11084
668000	41	267	417	9141	1074	3072	27679	11629
669000	40	295	330	8995	1176	3202	26620	11857
670000	37	304	367	9064	1148	3086	26273	11631
671000	39	286	359	9118	1116	3102	25745	11130
672000	33	289	372	8988	1194	3177	25271	11568
673000	35	318	374	8864	1151	3296	24420	12102
674000	45	306	315	9239	1032	3129	27341	11577
675000	33	298	299	9218	1054	3168	27060	11662
676000	36	282	492	8842	898	3378	26400	11685
677000	23	302	317	9289	775	3372	26030	10930
678000	21	306	323	9327	796	3278	26459	11505
679000	13	279	305	9108	872	3493	25712	11902
680000	32	284	340	9032	1113	3226	26809	11689
681000	24	319	369	9195	1017	3146	26866	11395
682000	33	308	378	9001	1140	3164	25598	12440
683000	35	304	334	9298	1098	2957	26473	11424
684000	23	322	367	9311	1019	2995	26596	10825
685000	34	259	380	9291	970	3086	27539	11548
686000	21	286	388	9100	1002	3209	26581	12005
687000	32	338	287	9013	1172	3230	25924	12112
688000	35	281	286	9110	1240	3128	27294	12176
689000	41	288	325	9074	1305	3050	26800	12131
690000	34	316	400	8894	1196	3165	25886	11743
691000	31	285	486	8863	1165	3143	26547	11446
692000	42	272	332	8784	1320	3300	24607	12018
693000	41	318	310	8813	1131	3462	25722	12168
694000	26	294	361	8444	1242	3642	24755	12373
695000	28	301	369	8613	1184	3523	25103	13464
696000	35	288	413	8588	1168	3520	23617	13242
697000	23	305	299	9015	1239	3164	25894	11839
698000	38	312	368	8952	1253	3096	25346	11901
699000	29	295	419	8890	1383	2958	25638	12617
700000	52	291	388	8967	1454	2858	26252	12524
701000	49	328	441	9070	1453	2660	26796	11818
702000	54	283	479	9057	1501	2591	26891	11584
703000	44	324	474	9028	1448	2620	25624	11073
704000	45	323	396	9047	1483	2685	27395	11753
705000	36	282	377	9134	1460	2712	26603	13109
706000	42	284	381	9039	1352	2894	26543	12115
707000	34	309	424	9042	1283	2919	27230	11581
708000	41	298	337	9366	1127	2893	26227	11412
709000	45	293	296	9272	1147	2996	26922	11707
710000	39	321	377	9168	1342	2773	25735	11013
711000	19	315	383	8999	1430	2842	26412	11917
712000	33	287	282	9228	1341	2860	25818	11902
713000	39	284	283	9230	1260	2942	25978	11596
714000	30	311	386	8993	1404	2878	25611	12658
715000	48	296	449	8985	1312	2908	25824	12234
716000	45	268	413	8923	1250	3127	24390	12030
717000	55	296	528	8850	1293	2891	25362	11691
718000	47	331	454	9015	1403	2731	26604	10501
719000	41	312	360	8812	1523	2985	25696	11992
720000	47	328	400	8962	1287	2951	26183	11859
721000	45	280	372	9020	1407	2902	25546	11446
722000	27	262	416	8939	1416	2948	26560	11812
723000	44	298	372	8466	1446	3393	23961	14079
724000	49	284	442	8467	1339	3414	24374	12858
725000	45	305	434	8813	1214	3176	24446	11976
726000	29	313	434	9029	1265	2898	26564	11697
727000	37	249	374	9209	1372	2760	25116	11582
728000	32	320	379	9484	1245	2572	27181	11036
729000	43	322	355	9455	1113	2741	28603	10097
730000	28	313	369	9410	1129	2739	26222	10311
731000	38	304	339	9715	1137	2473	27996	9823
732000	32	350	382	9714	998	2557	26844	9834
733000	26	294	271	9564	901	3000	27608	10543
734000	32	306	315	9591	1034	2784	26536	10735
735000	33	275	445	9763	966	2470	29595	9600
736000	37	295	330	9791	968	2635	26370	10761
737000	49	333	329	9663	1211	2427	27743	9526
738000	30	302	320	9323	1288	2830	27176	11087
739000	39	278	286	9243	1302	2874	27661	11581
740000	28	310	316	9425	1394	2614	27309	11475
741000	34	288	294	9465	1387	2596	27858	10947
742000	34	302	317	9543	1386	2480	27551	10490
743000	45	278	340	9519	1299	2541	28371	10461
744000	44	321	457	9581	1185	2392	27461	9736
745000	45	261	472	9561	1110	2544	26839	10469
746000	27	308	340	9851	1152	2375	28270	10485
747000	52	329	336	9847	1162	2264	28169	8712
748000	31	281	342	9763	1038	2580	27714	9942
749000	20	311	256	10206	854	2474	28807	9303
750000	19	334	370	9978	782	2546	27563	9184
751000	25	311	334	9976	829	2573	28855	9443
752000	21	327	326	9959	836	2591	27112	10280
753000	34	309	289	9948	905	2564	28103	9449
754000	35	356	400	9587	937	2723	27765	10232
755000	41	297	335	9599	924	2850	28899	10065
756000	29	265	438	9285	1040	2925	27441	11038
757000	28	300	412	9254	1010	2974	27135	11346
758000	31	359	432	9080	1090	2970	26660	11359
759000	26	306	385	9305	964	3023	27178	11594
760000	29	347	270	9371	1065	2995	25735	10186
761000	29	304	298	9410	1149	2904	27340	10941
762000	26	277	430	9200	1302	2782	26617	11017
763000	33	289	421	8955	1248	3074	26098	12734
764000	42	299	329	9137	1087	3167	25781	11750
765000	18	301	347	9241	1001	3126	26015	11925
766000	42	341	395	9251	987	2966	26272	11404
767000	26	290	462	9333	1034	2818	26724	10453
768000	40	316	422	9166	872	3143	26207	10935
769000	29	322	369	9325	977	2955	27944	11254
770000	24	330	400	9330	1132	2828	27458	10724
771000	29	313	481	9496	1099	2557	27659	10888
772000	36	316	443	9514	866	2799	27835	10291
773000	16	306	280	9908	827	2718	29900	9593
774000	16	322	342	10007	731	2621	28238	9863
775000	21	296	326	9961	696	2746	28537	9630
776000	19	297	408	9890	807	2598	29259	10083
777000	14	284	421	9936	682	2679	28479	9652
778000	25	321	321	10010	816	2555	28999	9637
779000	21	290	332	9628	1004	2820	27328	10557
780000	27	317	343	9829	975	2547	27383	10237
781000	31	318	287	9888	877	2675	29170	9853
782000	17	295	353	9723	851	2781	29796	10339
783000	22	265	349	9699	734	2958	29026	10488
784000	27	268	368	9774	741	2834	28325	8659
785000	13	311	362	9932	639	2798	28746	9335
786000	31	340	348	10145	501	2670	29185	8555
787000	22	303	342	10236	736	2380	29884	8464
788000	33	280	294	10340	862	2259	30157	8538
789000	35	293	336	9998	1056	2320	28163	8976
790000	43	357	365	9759	1043	2468	27311	9509
791000	22	320	412	9669	1012	2568	28336	9593
792000	21	274	418	9866	936	2470	28492	9164
793000	29	309	355	9595	1178	2572	27883	10324
794000	32	321	285	9468	1175	2762	27133	10366
795000	65	323	360	9374	1284	2625	27117	10445
796000	19	315	362	9467	1182	2683	27682	10991
797000	33	316	463	9489	988	2704	26889	10451
798000	25	303	367	9606	933	2778	28361	10596
799000	33	296	366	9487	1042	2804	26667	11312
800000	31	277	357	9465	1083	2796	27647	11429
801000	47	289	360	9211	1193	2920	26397	11830
802000	36	295	370	9190	1202	2956	26059	12099
803000	41	321	323	9478	1033	2810	28082	11300
804000	28	318	281	9653	933	2915	27355	10130
805000	21	295	284	9507	862	3092	26324	10944
806000	29	319	412	9444	749	3031	26875	10227
807000	33	262	292	9468	877	3129	26958	10566
808000	39	331	431	9154	920	3090	27121	11183
809000	28	302	304	8732	918	3764	24841	12707
810000	30	268	372	8749	1079	3504	25797	12908
811000	39	308	289	8784	1150	3460	24850	13551
812000	29	289	266	8904	963	3611	25351	13341
813000	23	303	225	8742	957	3844	25024	14319
814000	38	310	382	8714	1027	3549	24966	12390
815000	36	236	307	8756	1051	3672	25425	13449
816000	20	345	302	8464	892	4037	24595	13755
817000	19	326	298	8464	942	3990	23684	13917
818000	37	295	427	8671	878	3687	24600	13162
819000	45	300	362	8897	947	3447	25968	12034
820000	26	281	373	9172	1032	3145	26283	12372
821000	25	283	384	8877	987	3450	25094	12599
822000	36	329	307	8961	1121	3305	25152	12244
823000	29	319	396	8847	918	3486	26350	12253
824000	29	310	378	9360	816	3085	27880	10674
825000	28	328	287	9468	974	2961	26196	11217
826000	31	301	319	9497	996	2902	27683	10444
827000	55	274	283	9529	905	3012	27986	11659
828000	31	276	373	9165	1194	2964	25216	12200
829000	46	290	328	9261	1242	2872	25495	11433
830000	37	337	374	9457	1160	2652	27559	11055
831000	31	278	327	9401	1093	2903	27129	11543
832000	27	271	418	9149	1116	2963	27031	11715
833000	44	309	299	9064	1050	3282	26826	12504
834000	35	288	441	8837	940	3422	26890	12703
835000	26	318	320	8755	1037	3599	25299	13463
836000	24	272	310	9015	1005	3456	26031	12556
837000	34	324	364	9332	783	3179	26617	10260
838000	31	294	330	9029	864	3480	25830	11874
839000	29	331	243	8948	887	3618	26413	12058
840000	21	271	371	8872	909	3582	25532	13166
841000	32	300	278	8951	1032	3492	23944	12491
842000	18	283	342	8917	931	3580	26939	13450
843000	36	289	389	8652	841	3792	25820	12484
844000	24	286	293	8386	1162	3896	24397	14334
845000	23	314	294	8488	1306	3646	23911	13744
846000	22	323	330	8401	1281	3710	22647	12922
847000	47	318	406	8523	1170	3531	25210	13557
848000	26	293	345	8551	1123	3617	24602	13686
849000	36	292	312	8632	1503	3291	24695	13238
850000	41	276	322	8439	1427	3550	24762	13426
851000	48	265	349	7837	1742	3771	22774	15992
852000	40	295	454	7788	1667	3788	23711	14366
853000	50	275	323	7638	1701	4021	23347	15138
854000	56	305	399	7494	1903	3847	21171	15792
855000	65	258	409	7234	1897	4098	21597	15761
856000	44	310	368	7225	1886	4233	20627	16831
857000	56	288	355	7381	2038	3888	21072	15969
858000	55	236	386	7257	2237	3814	21119	16099
859000	46	295	368	7084	2100	4103	20958	16898
860000	48	256	429	7069	2226	3956	19390	16978
861000	63	239	380	6964	2232	4126	20275	17948
862000	51	307	340	6756	2022	4538	20098	17942
863000	59	311	357	6776	1850	4630	20059	16810
864000	54	258	293	6815	2016	4629	18924	19150
865000	57	304	422	6582	1945	4647	19561	18028
866000	52	310	414	6954	1822	4435	19972	17416
867000	52	288	322	6923	1972	4459	19770	17825
868000	48	282	338	6769	2038	4549	19949	18016
869000	55	260	362	6692	2020	4607	19422	18393
870000	52	262	324	6348	2104	4958	18514	19737
871000	73	278	348	5972	2315	5007	17567	21471
872000	61	284	319	6096	2200	5047	18073	20309
873000	49	297	279	6104	2105	5229	17815	19430
874000	43	259	255	6451	1880	5159	18460	19177
875000	44	255	288	6359	2095	5002	19412	18841
876000	48	291	346	6451	1852	5058	18674	19865
877000	63	288	425	6226	2134	4885	17634	19019
878000	46	296	266	6138	2167	5150	18482	19798
879000	45	262	307	5871	2269	5316	18631	20582
880000	70	270	276	5737	2369	5328	16665	20140
881000	54	247	362	5398	2386	5566	16004	22563
882000	47	258	303	5503	2286	5680	16215	22635
883000	52	239	315	5384	2174	5866	14937	22690
884000	78	267	291	5430	2557	5428	16293	22296
885000	75	265	359	5324	2660	5330	16734	21691
886000	59	309	296	5268	2726	5417	15224	21609
887000	70	286	306	5372	2868	5151	15687	22775
888000	63	233	360	5441	2781	5145	15784	22258
889000	69	254	485	5649	2743	4759	16625	21722
890000	84	298	403	5807	2509	4875	16770	20407
891000	59	279	287	6065	2212	5140	17603	20290
892000	44	307	289	5948	1992	5490	17043	20465
893000	52	279	235	5972	2193	5287	17410	20192
894000	61	300	354	6300	2072	4933	18026	20018
895000	53	277	356	5870	2215	5239	18512	20909
896000	62	241	329	5749	2466	5212	17354	20661
897000	55	239	316	5819	2484	5129	16807	20669
898000	73	229	371	5869	2330	5103	17977	20951
899000	64	306	403	5829	2285	5069	18355	21078
900000	47	242	285	5723	2557	5213	16846	21608
901000	58	249	312	5863	2563	4985	17848	19665
902000	58	279	334	6145	2580	4616	17556	20449
903000	64	258	324	5986	2496	4893	17615	19949
904000	72	294	388	5922	2646	4670	17856	19793
905000	64	223	501	5958	2595	4585	17759	20451
906000	71	292	332	6261	2418	4650	17098	18539
907000	61	261	348	6396	2158	4812	18752	19522
908000	60	320	353	5943	1937	5389	17509	20054
909000	54	288	394	5904	1919	5435	17215	20575
910000	53	272	425	5723	1906	5580	16853	20459
911000	53	252	426	5685	2074	5531	16918	21928
912000	42	273	303	5870	1913	5655	16833	20833
913000	72	280	330	5916	2297	5136	16651	21130
914000	48	278	337	5924	2428	5023	15472	21077
915000	65	255	415	5822	2629	4772	17160	20362
916000	68	238	396	5668	2715	4917	16698	21409
917000	62	257	310	5682	2528	5195	16679	21554
918000	57	271	224	5534	2308	5709	16045	20997
919000	62	286	247	5373	2404	5714	15950	21641
920000	53	281	270	5304	2513	5624	15744	22646
921000	62	271	278	5478	2474	5522	15601	21863
922000	60	215	297	5748	2616	5111	17125	22210
923000	52	276	380	5419	2747	5132	16109	20824
924000	83	261	428	5249	2651	5307	17471	21040
925000	49	253	368	5570	2836	4904	15882	22157
926000	58	268	438	5358	3069	4787	16369	22094
927000	66	268	337	5440	3103	4795	16888	22265
928000	79	258	249	5283	3214	4962	15884	22622
929000	69	256	328	5212	3319	4824	15617	22629
930000	75	190	370	5250	3381	4760	16038	22531
931000	69	219	412	5305	3257	4710	15395	24052
932000	88	215	404	4980	3398	4909	14467	22792
933000	89	230	373	4896	3726	4646	14907	23968
934000	95	247	430	4716	3701	4776	13481	23516
935000	91	239	325	4485	3888	4987	13996	25011
936000	98	233	408	4358	3824	5031	13824	23962
937000	104	236	339	4002	3838	5462	11242	25382
938000	100	205	274	4016	4015	5431	12210	26003
939000	91	204	269	3977	4058	5447	12360	25490
940000	77	235	291	4372	4052	5017	12446	25787
941000	102	229	426	4532	4004	4646	14029	24245
942000	94	238	428	4845	3868	4466	14408	24211
943000	101	268	523	4397	3895	4720	13174	24022
944000	74	254	411	4580	4202	4432	14493	24318
945000	93	215	446	4619	4245	4327	13429	23364
946000	97	226	497	4967	4116	4030	14916	22573
947000	121	246	361	4799	4103	4345	14488	23936
948000	98	230	417	5202	3624	4394	15184	23034
949000	69	205	499	4889	3624	4674	15777	22185
950000	99	299	415	5050	3161	4944	14742	22535
951000	68	243	358	4951	3181	5212	14333	23029
952000	84	240	377	4754	3221	5320	14083	24491
953000	81	235	396	4531	3251	5481	14129	24332
954000	86	258	376	4562	3494	5217	13484	24313
955000	70	241	310	4583	3778	5090	13662	23672
956000	88	273	385	4417	3839	4972	12872	24633
957000	80	277	335	4949	3346	5059	14386	24093
958000	81	258	484	5183	3022	4926	16132	23666
959000	92	221	525	5087	2954	4980	15878	21749
960000	78	224	310	5348	3160	4903	15993	22895
961000	79	262	314	5565	3031	4790	16589	22030
962000	97	284	336	5513	3019	4767	17022	22194
963000	92	241	410	5677	2962	4600	15674	22001
964000	70	265	294	5476	2972	4995	16027	21311
965000	81	255	341	5494	2957	4865	16589	21847
966000	66	218	397	5378	2950	4970	16301	23275
967000	72	290	425	5332	2868	5020	16498	21586
968000	77	237	433	5468	2877	4851	16270	21757
969000	62	280	345	5293	3264	4758	16312	22047
970000	88	200	279	5317	3380	4802	14982	23267
971000	84	218	342	5574	3349	4431	15298	21921
972000	81	240	316	5502	3265	4652	15851	22394
973000	87	236	410	5583	3035	4595	16742	21347
974000	84	226	420	5571	3199	4459	16343	22344
975000	70	296	397	5392	3246	4593	15712	21560
976000	71	234	446	5228	3003	4955	15562	21556
977000	67	221	330	5455	3066	4899	17192	22221
978000	80	231	367	5297	3065	4934	15600	22722
979000	104	222	402	5248	3306	4713	15086	22631
980000	64	209	460	4900	3292	5007	14418	22617
981000	94	227	422	4837	3356	5025	15595	22680
982000	90	257	436	4807	3313	5051	13632	24013
983000	81	273	313	4658	3516	5187	13390	23611
984000	93	261	336	4859	3343	5137	14571	23744
985000	95	249	311	5233	3148	5010	15435	22133
986000	66	257	329	5238	3144	5031	16098	22928
987000	74	284	300	4905	3108	5362	14280	22772
988000	71	275	386	4645	3025	5571	14301	24743
989000	69	236	375	4968	3012	5339	14279	22499
990000	74	251	396	4943	3045	5267	15227	23842
991000	81	254	258	4889	2949	5622	13711	24118
992000	85	253	419	4610	3009	5563	14957	22420
993000	81	274	340	4627	2914	5786	14232	23840
994000	79	264	270	4568	3219	5653	13059	24663
995000	68	259	298	4508	3273	5628	12886	24119
996000	106	243	330	4523	3422	5348	13157	25227
997000	86	252	291	4570	3346	5520	14666	24498
998000	85	263	239	4443	3253	5791	13246	25069
999000	84	251	344	4732	3303	5281	13948	24309
