0	0	0	0	14400	0	0	0	0
1000	74	1513	449	11845	38	39	35587	342
2000	99	1268	968	11247	11	98	35292	188
3000	142	1084	1322	10734	15	97	36306	270
4000	144	856	1728	10381	45	60	35622	392
5000	142	784	2146	9754	0	76	35884	133
6000	258	778	2152	9637	0	88	35694	358
7000	141	792	2145	9746	46	105	34273	503
8000	210	562	2799	8732	45	100	33185	511
9000	263	501	3010	8284	52	118	33759	614
10000	193	522	3687	7330	21	101	31588	442
11000	345	443	3615	7281	1	101	32518	224
12000	274	544	3823	6896	111	46	32023	520
13000	191	434	4215	6462	36	3	30562	210
14000	257	383	4068	6681	0	0	30641	1
15000	332	422	4447	5759	4	0	29743	49
16000	310	342	4661	5419	45	0	29118	107
17000	228	291	5260	4321	0	16	28745	51
18000	331	207	5426	3892	59	0	27096	217
19000	349	361	4957	4621	40	18	27603	258
20000	434	169	5274	3849	22	0	26963	27
21000	281	170	5457	4081	24	0	29286	16
22000	259	166	5604	3528	19	0	26874	152
23000	321	353	4756	5283	59	0	29738	271
24000	308	388	4367	6088	55	4	29552	132
25000	286	284	4657	5471	64	0	29516	145
26000	302	196	5254	4291	0	0	28955	6
27000	305	329	5213	4234	138	0	26811	475
28000	429	282	4900	4666	140	38	27766	672
29000	418	214	5342	3383	356	37	25942	1341
30000	363	304	5185	4035	424	47	25505	1233
31000	450	167	5120	3823	638	124	25969	2375
32000	475	279	5233	3632	360	106	25348	1384
33000	362	325	5140	3383	585	197	24836	2033
34000	507	194	5238	3302	248	83	24995	988
35000	385	213	5693	2762	152	67	23764	771
36000	399	246	5596	2947	92	268	23739	1185
37000	451	313	5438	3049	168	287	24234	1522
38000	373	197	5663	2603	88	169	24145	733
39000	556	159	5957	1970	14	0	22275	13
40000	517	98	5992	1688	0	0	21756	1
41000	276	96	6328	1221	0	0	21208	1
42000	675	96	5943	1008	0	0	18822	2
43000	574	22	5941	578	0	0	19990	5
44000	532	43	6123	604	15	0	20023	27
45000	692	15	5708	123	111	0	17523	300
46000	456	0	5985	172	293	0	18047	861
47000	638	23	6013	130	278	0	16946	1049
48000	602	45	5810	553	369	1	19154	1121
49000	493	12	5987	366	365	8	18293	1359
50000	630	74	5927	421	329	1	18196	778
51000	449	108	6104	588	0	0	19086	13
52000	575	28	6023	523	30	0	19629	25
53000	482	45	5936	482	135	0	19026	466
54000	536	24	5784	299	60	0	19433	183
55000	768	74	5827	455	0	0	18654	1
56000	368	65	6205	556	6	0	19793	4
57000	747	53	5732	300	14	0	18012	29
58000	713	9	5618	36	0	0	16796	19
59000	726	2	5586	125	0	0	17253	6
60000	501	6	6039	189	0	0	18424	12
61000	607	0	5697	203	0	0	17778	3
62000	619	0	5784	0	28	0	16409	134
63000	663	0	5847	0	53	0	17405	311
64000	800	0	5685	0	47	0	17771	87
65000	650	0	5731	0	110	0	18126	216
66000	591	0	5676	0	0	0	16575	0
67000	533	0	5758	0	0	0	15399	0
68000	614	0	5793	0	0	0	17764	0
69000	974	0	5413	0	0	0	16081	0
70000	581	0	5748	0	0	0	16493	0
71000	631	0	5655	0	0	0	16472	0
72000	612	0	5760	0	0	0	16699	0
73000	682	0	5760	0	0	0	16138	0
74000	566	0	5788	0	0	0	17281	0
75000	579	0	5749	0	0	0	16935	0
76000	735	0	5634	0	0	0	16682	0
77000	778	0	5609	0	0	0	17060	0
78000	430	0	5951	0	0	0	17899	0
79000	443	0	5877	0	0	0	17612	0
80000	568	0	5888	0	0	0	16990	0
81000	652	0	5617	0	0	0	15277	0
82000	767	0	5440	0	0	0	17147	0
83000	658	0	5779	0	0	0	15886	0
84000	563	0	5563	0	0	0	16749	0
85000	858	0	5441	0	0	0	15478	0
86000	645	0	5774	0	0	0	16060	0
87000	579	0	5631	0	0	0	17180	0
88000	710	0	5474	0	0	0	16360	0
89000	606	0	5800	0	0	0	17212	0
90000	609	0	5684	0	0	0	16839	0
91000	741	0	5732	0	0	0	15709	0
92000	676	0	5674	0	0	0	15935	0
93000	815	0	5434	0	0	0	15974	0
94000	716	0	5755	0	0	0	16695	0
95000	590	0	5698	0	0	0	16785	0
96000	506	0	5740	0	0	0	16706	0
97000	466	0	5852	0	0	0	17923	0
98000	419	0	5788	0	0	0	17564	0
99000	476	0	6008	0	0	0	17565	0
100000	430	0	5953	0	0	0	16984	0
101000	517	0	5777	0	0	0	17160	0
102000	544	0	5962	0	0	0	17338	0
103000	717	0	5451	0	0	0	17203	0
104000	578	0	5712	0	0	0	16858	0
105000	483	0	5827	0	0	0	15937	0
106000	559	0	5638	0	0	0	17178	0
107000	469	0	5889	0	0	0	17083	0
108000	711	0	5631	0	0	0	16456	0
109000	752	0	5737	0	0	0	15018	0
110000	686	0	5568	0	0	0	16215	0
111000	955	0	5479	0	0	0	15314	0
112000	815	0	5473	0	0	0	17139	0
113000	638	0	5704	0	0	0	16845	0
114000	525	0	5934	0	0	0	16924	0
115000	786	0	5651	0	0	0	16883	0
116000	517	0	5927	0	0	0	17157	0
117000	819	0	5572	0	0	0	16123	0
118000	725	0	5700	0	0	0	15724	0
119000	576	0	5851	0	0	0	16434	0
120000	755	0	5659	0	0	0	16940	0
121000	686	0	5639	0	0	0	16000	0
122000	695	0	5712	0	0	0	16166	0
123000	617	0	5727	0	0	0	17106	0
124000	788	0	5493	0	0	0	17110	0
125000	593	0	5656	0	0	0	16816	0
126000	695	0	5550	0	0	0	16663	0
127000	844	0	5335	0	0	0	16740	0
128000	676	0	5523	0	0	0	16380	0
129000	612	0	5774	0	0	0	15896	0
130000	695	0	5647	0	0	0	16580	0
131000	830	0	5524	0	0	0	16049	0
132000	537	0	5854	0	0	0	17227	0
133000	554	0	5715	0	0	0	16468	0
134000	648	0	5646	0	0	0	15594	0
135000	844	0	5425	0	0	0	16035	0
136000	822	0	5553	0	0	0	16655	0
137000	523	0	5896	0	0	0	17064	0
138000	578	0	5585	0	0	0	16538	0
139000	747	0	5627	0	0	0	16269	0
140000	987	0	5359	0	0	0	15658	0
141000	615	0	5813	0	0	0	17093	0
142000	673	0	5641	0	0	0	15988	0
143000	470	0	5734	0	0	0	17148	0
144000	570	0	5768	0	0	0	16579	0
145000	564	0	5830	0	0	0	16568	0
146000	596	0	5719	0	0	0	17001	0
147000	696	0	5570	0	0	0	16093	0
148000	453	0	5724	0	0	0	17087	0
149000	405	0	5894	0	0	0	17018	0
150000	360	0	6058	0	0	0	16511	0
151000	909	0	5346	0	0	0	15391	0
152000	659	0	5798	0	0	0	16534	0
153000	596	0	5896	0	0	0	16149	0
154000	546	0	5855	0	0	0	16820	0
155000	489	0	5992	0	0	0	16746	0
156000	461	0	5845	0	0	0	17395	0
157000	821	0	5627	0	0	0	16324	0
158000	474	0	5759	0	0	0	16438	0
159000	543	0	5725	0	0	0	17024	0
160000	583	0	5798	0	0	0	16927	0
161000	575	0	5869	0	0	0	15917	0
162000	761	0	5615	0	0	0	16737	0
163000	581	0	5774	0	0	0	16778	0
164000	497	0	5725	0	0	0	16274	0
165000	727	0	5541	0	0	0	16196	0
166000	651	0	5809	0	0	0	16655	0
167000	748	0	5540	0	0	0	16290	0
168000	547	0	5841	0	0	0	17066	0
169000	786	0	5548	0	0	0	15799	0
170000	683	0	5614	0	0	0	17027	0
171000	770	0	5602	0	0	0	16704	0
172000	749	0	5666	0	0	0	15276	0
173000	953	0	5326	0	0	0	15347	0
174000	581	0	5957	0	0	0	16981	0
175000	470	0	5779	0	0	0	17012	0
176000	821	0	5651	0	0	0	16437	0
177000	688	0	5679	0	0	0	17097	0
178000	636	0	5645	0	0	0	16559	0
179000	701	0	5760	0	0	0	17356	0
180000	869	0	5556	0	0	0	16820	0
181000	705	0	5716	0	0	0	16439	0
182000	1010	0	5290	0	0	0	14697	0
183000	458	0	5971	0	0	0	17055	0
184000	1129	0	5206	0	0	0	14934	0
185000	571	0	5704	0	0	0	17622	0
186000	538	0	5989	0	0	0	16727	0
187000	576	0	5904	0	0	0	17100	0
188000	534	0	5818	0	0	0	16436	0
189000	526	0	5870	0	0	0	17010	0
190000	721	0	5523	0	0	0	16664	0
191000	670	0	5583	0	0	0	17200	0
192000	627	0	5690	0	0	0	16770	0
193000	726	0	5715	0	0	0	16638	0
194000	478	0	5887	0	0	0	16791	0
195000	672	0	5690	0	0	0	16745	0
196000	595	0	5695	0	0	0	17914	0
197000	558	0	5816	0	0	0	17229	0
198000	791	0	5730	0	0	0	16731	0
199000	553	0	5794	0	0	0	16445	0
200000	657	0	5616	0	0	0	16257	0
201000	658	0	5739	0	0	0	18360	0
202000	670	0	5662	0	0	0	16234	0
203000	617	0	5780	0	0	0	16857	0
204000	689	0	5641	0	0	0	16641	0
205000	510	0	5826	0	0	0	16285	0
206000	519	0	5778	0	0	0	17326	0
207000	594	0	5713	0	0	0	17412	0
208000	408	0	6008	0	0	0	17860	0
209000	687	0	5779	0	0	0	15622	0
210000	551	0	5743	0	0	0	16993	0
211000	504	0	5761	0	0	0	16054	0
212000	594	0	5686	0	0	0	16749	0
213000	723	0	5553	0	0	0	16842	0
214000	734	0	5413	0	0	0	16857	0
215000	459	0	5929	0	0	0	17132	0
216000	360	0	5984	0	0	0	18290	0
217000	658	0	5560	0	0	0	15044	0
218000	782	0	5525	0	0	0	16313	0
219000	629	0	5660	0	0	0	16144	0
220000	588	0	5608	0	0	0	16425	0
221000	734	0	5686	0	0	0	16718	0
222000	785	0	5653	0	0	0	15576	0
223000	696	0	5591	0	0	0	17124	0
224000	567	0	5814	0	0	0	15741	0
225000	556	0	5787	0	0	0	16975	0
226000	890	0	5488	0	0	0	16696	0
227000	752	0	5508	0	0	0	16231	0
228000	649	0	5629	0	0	0	16762	0
229000	528	0	5847	0	0	0	16892	0
230000	562	0	5955	0	0	0	17996	0
231000	422	0	5966	0	0	0	16504	0
232000	491	0	5847	0	0	0	18465	0
233000	477	0	5907	0	0	0	17789	0
234000	607	0	5679	0	0	0	16080	0
235000	561	0	5753	0	0	0	16777	0
236000	744	0	5678	0	0	0	16178	0
237000	605	0	5759	0	0	0	17506	0
238000	460	0	5835	0	0	0	18086	0
239000	701	0	5742	0	0	0	15797	0
240000	570	0	5670	0	0	0	16560	0
241000	1000	0	5529	0	0	0	15628	0
242000	631	0	5850	0	0	0	17078	0
243000	435	0	5821	0	0	0	17277	0
244000	601	0	5731	0	0	0	16033	0
245000	727	0	5562	0	0	0	16032	0
246000	698	0	5743	0	0	0	15598	0
247000	664	0	5660	0	0	0	15886	0
248000	475	0	5792	0	0	0	15900	0
249000	578	0	5877	0	0	0	16940	0
250000	548	0	5857	0	0	0	16614	0
251000	653	0	5799	0	0	0	16562	0
252000	640	0	5830	0	0	0	16399	0
253000	524	0	5967	0	0	0	16467	0
254000	672	0	5564	0	0	0	15892	0
255000	710	0	5795	0	0	0	16266	0
256000	647	0	5791	0	0	0	16614	0
257000	587	0	5798	0	0	0	16113	0
258000	735	0	5757	0	0	0	16911	0
259000	596	0	5623	0	0	0	16840	0
260000	594	0	5824	0	0	0	16769	0
261000	575	0	5803	0	0	0	17408	0
262000	588	0	5693	0	0	0	16961	0
263000	609	0	5725	0	0	0	16791	0
264000	852	0	5544	0	0	0	16109	0
265000	483	0	5927	0	0	0	17171	0
266000	655	0	5801	0	0	0	17178	0
267000	577	0	5831	0	0	0	16669	0
268000	468	0	5765	0	0	0	17247	0
269000	698	0	5568	0	0	0	17285	0
270000	399	0	5752	0	0	0	16889	0
271000	508	0	5738	0	0	0	17221	0
272000	478	0	5974	0	0	0	17249	0
273000	570	0	5950	0	0	0	16274	0
274000	401	0	5962	0	0	0	16174	0
275000	657	0	5701	0	0	0	16979	0
276000	562	0	5654	0	0	0	16990	0
277000	370	0	5877	0	0	0	18692	0
278000	663	0	5687	0	0	0	17424	0
279000	528	0	5705	0	0	0	17513	0
280000	515	0	5821	0	0	0	16837	0
281000	517	0	5869	0	0	0	17279	0
282000	973	0	5335	0	0	0	15575	0
283000	472	0	5789	0	0	0	16698	0
284000	544	0	5817	0	0	0	16399	0
285000	581	0	5773	0	0	0	17190	0
286000	541	0	5884	0	0	0	16850	0
287000	582	0	5673	0	0	0	16429	0
288000	735	0	5607	0	0	0	16041	0
289000	447	0	5906	0	0	0	16667	0
290000	435	0	5819	0	0	0	17401	0
291000	858	0	5599	0	0	0	15351	0
292000	532	0	5714	0	0	0	15701	0
293000	787	0	5598	0	0	0	16563	0
294000	572	0	5906	0	0	0	17830	0
295000	553	0	5726	0	0	0	16910	0
296000	803	0	5586	0	0	0	15878	0
297000	576	0	5712	0	0	0	16579	0
298000	793	0	5506	0	0	0	16639	0
299000	512	0	5758	0	0	0	16976	0
300000	663	0	5803	0	0	0	16930	0
301000	614	0	5768	0	0	0	16048	0
302000	468	0	5795	0	0	0	17282	0
303000	489	0	5620	0	0	0	17116	0
304000	1006	0	5371	0	0	0	16494	0
305000	689	0	5783	0	0	0	16159	0
306000	604	0	5755	0	0	0	16452	0
307000	621	0	5688	0	0	0	16626	0
308000	486	0	5815	0	0	0	17516	0
309000	767	0	5434	0	0	0	15799	0
310000	618	0	5497	0	0	0	16068	0
311000	612	0	5766	0	0	0	17220	0
312000	548	0	5799	0	0	0	16464	0
313000	649	0	5555	0	0	0	16782	0
314000	622	0	5797	0	0	0	16927	0
315000	514	0	5819	0	0	0	16793	0
316000	892	0	5530	0	0	0	16190	0
317000	745	0	5587	0	0	0	16256	0
318000	534	0	5714	0	0	0	18051	0
319000	692	0	5618	0	0	0	15696	0
320000	583	0	5686	0	0	0	17445	0
321000	795	0	5438	0	0	0	15871	0
322000	650	0	5699	0	0	0	16758	0
323000	558	0	5800	0	0	0	16513	0
324000	606	0	5822	0	0	0	16275	0
325000	520	0	5802	0	0	0	16500	0
326000	601	0	5743	0	0	0	16562	0
327000	454	0	6011	0	0	0	18002	0
328000	570	0	5728	0	0	0	17960	0
329000	1000	0	5432	0	0	0	14931	0
330000	551	0	5638	0	0	0	16664	0
331000	306	0	5829	0	0	0	17257	0
332000	649	0	5597	0	0	0	16375	0
333000	741	0	5680	0	0	0	16456	0
334000	718	0	5657	0	0	0	16956	0
335000	822	0	5564	0	0	0	16162	0
336000	460	0	5867	0	0	0	17162	0
337000	511	0	5811	0	0	0	17704	0
338000	509	0	5949	0	0	0	15932	0
339000	417	0	5754	0	0	0	16892	0
340000	620	0	5501	0	0	0	16871	0
341000	582	0	5825	0	0	0	17918	0
342000	645	0	5556	0	0	0	17252	0
343000	981	0	5559	0	0	0	16321	0
344000	605	0	5798	0	0	0	16754	0
345000	527	0	5862	0	0	0	16777	0
346000	675	0	5595	0	0	0	15661	0
347000	1043	0	5474	0	0	0	16135	0
348000	658	0	5573	0	0	0	16868	0
349000	686	0	5836	0	0	0	15910	0
350000	749	0	5670	0	0	0	16227	0
351000	688	0	5676	0	0	0	17087	0
352000	479	0	5703	0	0	0	17255	0
353000	883	0	5508	0	0	0	16250	0
354000	655	0	5657	0	0	0	15893	0
355000	854	0	5575	0	0	0	15564	0
356000	528	0	5878	0	0	0	15840	0
357000	339	0	5980	0	0	0	17757	0
358000	792	0	5573	0	0	0	16117	0
359000	856	0	5480	0	0	0	16288	0
360000	519	0	5896	0	0	0	16998	0
361000	690	0	5682	0	0	0	16431	0
362000	721	0	5510	0	0	0	17146	0
363000	386	0	5932	0	0	0	17421	0
364000	520	0	5832	0	0	0	16658	0
365000	791	0	5599	0	0	0	17272	0
366000	746	0	5753	0	0	0	15677	0
367000	629	0	5606	0	0	0	15749	0
368000	518	0	5837	0	0	0	16350	0
369000	735	0	5726	0	0	0	16979	0
370000	654	0	5672	0	0	0	16956	0
371000	812	0	5433	0	0	0	15664	0
372000	606	0	5838	0	0	0	17890	0
373000	579	0	5667	0	0	0	16204	0
374000	579	0	5720	0	0	0	16520	0
375000	854	0	5578	0	0	0	16264	0
376000	540	0	5790	0	0	0	17886	0
377000	437	0	6018	0	0	0	16948	0
378000	775	0	5582	0	0	0	16417	0
379000	437	0	5861	0	0	0	17679	0
380000	595	0	5851	0	0	0	16107	0
381000	525	0	5897	0	0	0	16476	0
382000	429	0	6073	0	0	0	17803	0
383000	569	0	5821	0	0	0	18009	0
384000	486	0	6046	0	0	0	16932	0
385000	524	0	5771	0	0	0	16747	0
386000	294	0	5963	0	0	0	18340	0
387000	632	0	5711	0	0	0	17537	0
388000	458	0	5704	0	0	0	16291	0
389000	654	0	5635	0	0	0	16726	0
390000	532	0	5810	0	0	0	16293	0
391000	578	0	5875	0	0	0	17646	0
392000	308	0	5965	0	0	0	17293	0
393000	494	0	5701	0	0	0	16704	0
394000	461	0	6167	0	0	0	16915	0
395000	703	0	5697	0	0	0	17130	0
396000	532	0	5976	0	0	0	18187	0
397000	941	0	5502	0	0	0	16079	0
398000	624	0	5718	0	0	0	16683	0
399000	551	0	5746	0	0	0	16627	0
400000	561	0	5760	0	0	0	16888	0
401000	428	0	5987	0	0	0	16902	0
402000	764	0	5689	0	0	0	15701	0
403000	618	0	5700	0	0	0	15838	0
404000	600	0	5609	0	0	0	16609	0
405000	666	0	5643	0	0	0	15587	0
406000	375	0	5958	0	0	0	15622	0
407000	700	0	5649	0	0	0	16719	0
408000	648	0	5763	0	0	0	16755	0
409000	624	0	5633	0	0	0	16757	0
410000	639	0	5691	0	0	0	16611	0
411000	520	0	5900	0	0	0	16521	0
412000	718	0	5700	0	0	0	16657	0
413000	782	0	5607	0	0	0	15997	0
414000	574	0	5808	0	0	0	15977	0
415000	703	0	5618	0	0	0	16748	0
416000	502	0	5943	0	0	0	16851	0
417000	729	0	5727	0	0	0	16649	0
418000	679	0	5731	0	0	0	16112	0
419000	644	0	5775	0	0	0	16959	0
420000	610	0	5728	0	0	0	17668	0
421000	615	0	5661	0	0	0	15237	0
422000	735	0	5665	0	0	0	17103	0
423000	716	0	5827	0	0	0	16579	0
424000	529	0	5850	0	0	0	16533	0
425000	576	0	5668	0	0	0	17191	0
426000	691	0	5769	0	0	0	16111	0
427000	360	0	6038	0	0	0	17615	0
428000	572	0	5815	0	0	0	17192	0
429000	716	0	5747	0	0	0	15911	0
430000	454	0	5903	0	0	0	17987	0
431000	530	0	5813	0	0	0	17253	0
432000	667	0	5664	0	0	0	15735	0
433000	699	0	5681	0	0	0	16359	0
434000	722	0	5633	0	0	0	16511	0
435000	567	0	5895	0	0	0	16114	0
436000	832	0	5637	0	0	0	16186	0
437000	606	0	5453	0	0	0	16985	0
438000	438	0	5882	0	0	0	16972	0
439000	526	0	5763	0	0	0	16954	0
440000	432	0	5828	0	0	0	16422	0
441000	857	0	5773	0	0	0	16555	0
442000	725	0	5670	0	0	0	16048	0
443000	584	0	5652	0	0	0	16264	0
444000	585	0	5813	0	0	0	16851	0
445000	851	0	5501	0	0	0	15691	0
446000	757	0	5529	0	0	0	17209	0
447000	663	0	5603	0	0	0	15699	0
448000	478	0	5752	0	0	0	16562	0
449000	633	0	5677	0	0	0	16760	0
450000	581	0	5823	0	0	0	16656	0
451000	381	0	5872	0	0	0	17897	0
452000	819	0	5459	0	0	0	16230	0
453000	663	0	5624	0	0	0	16536	0
454000	704	0	5727	0	0	0	15365	0
455000	591	0	5692	0	0	0	17029	0
456000	598	0	5660	0	0	0	17553	0
457000	793	0	5613	0	0	0	16103	0
458000	834	0	5482	0	0	0	15540	0
459000	465	0	6046	0	0	0	17626	0
460000	848	0	5329	0	0	0	15188	0
461000	667	0	5751	0	0	0	16772	0
462000	804	0	5606	0	0	0	15714	0
463000	747	0	5779	0	0	0	16273	0
464000	648	0	5712	0	0	0	17004	0
465000	394	0	5954	0	0	0	17533	0
466000	693	0	5638	0	0	0	16296	0
467000	601	0	5711	0	0	0	16837	0
468000	625	0	5626	0	0	0	16071	0
469000	670	0	5809	0	0	0	16298	0
470000	739	0	5462	0	0	0	16089	0
471000	579	0	5929	0	0	0	16387	0
472000	548	0	5912	0	0	0	16918	0
473000	738	0	5587	0	0	0	16366	0
474000	828	0	5480	0	0	0	15946	0
475000	493	0	5822	0	0	0	17324	0
476000	1046	0	5244	0	0	0	15703	0
477000	682	0	5685	0	0	0	16397	0
478000	561	0	5767	0	0	0	17020	0
479000	455	0	5905	0	0	0	17663	0
480000	529	0	5712	0	0	0	17504	0
481000	463	0	5829	0	0	0	17368	0
482000	523	0	5732	0	0	0	17076	0
483000	747	0	5636	0	0	0	17302	0
484000	464	0	5857	0	0	0	18117	0
485000	637	0	5586	0	0	0	16228	0
486000	861	0	5462	0	0	0	15514	0
487000	639	0	5687	0	0	0	16238	0
488000	628	0	5800	0	0	0	16257	0
489000	682	0	5662	0	0	0	16563	0
490000	614	0	5643	0	0	0	16342	0
491000	618	0	5768	0	0	0	16463	0
492000	691	0	5616	0	0	0	16294	0
493000	435	0	5790	0	0	0	16886	0
494000	787	0	5613	0	0	0	16095	0
495000	717	0	5599	0	0	0	16580	0
496000	456	0	6020	0	0	0	17195	0
497000	848	0	5474	0	0	0	15922	0
498000	670	0	5757	0	0	0	15899	0
499000	679	0	5486	0	0	0	17001	0
500000	660	0	5604	0	0	0	15855	0
501000	588	0	5854	0	0	0	17598	0
502000	677	0	5679	0	0	0	16599	0
503000	546	0	5818	0	0	0	17329	0
504000	797	0	5592	0	0	0	16296	0
505000	460	0	5902	0	0	0	16887	0
506000	730	0	5649	0	0	0	16478	0
507000	657	0	5849	0	0	0	16309	0
508000	705	0	5751	0	0	0	16708	0
509000	508	0	5693	0	0	0	16477	0
510000	514	0	5765	0	0	0	16685	0
511000	736	0	5718	0	0	0	16911	0
512000	772	0	5676	0	0	0	15425	0
513000	547	0	5755	0	0	0	17239	0
514000	572	0	5700	0	0	0	17162	0
515000	617	0	5795	0	0	0	16959	0
516000	673	0	5595	0	0	0	15527	0
517000	580	0	5808	0	0	0	16264	0
518000	669	0	5722	0	0	0	16998	0
519000	265	0	6002	0	0	0	16919	0
520000	604	0	5688	0	0	0	16252	0
521000	404	0	5990	0	0	0	17556	0
522000	589	0	5501	0	0	0	17458	0
523000	706	0	5605	0	0	0	15466	0
524000	476	0	5947	0	0	0	16972	0
525000	666	0	5630	0	0	0	16401	0
526000	476	0	5770	0	0	0	16294	0
527000	603	0	5660	0	0	0	16400	0
528000	688	0	5896	0	0	0	17010	0
529000	523	0	5745	0	0	0	16399	0
530000	587	0	5697	0	0	0	17545	0
531000	437	0	6008	0	0	0	17915	0
532000	406	0	5992	0	0	0	17970	0
533000	830	0	5464	0	0	0	15186	0
534000	557	0	5776	0	0	0	17231	0
535000	786	0	5701	0	0	0	15004	0
536000	896	0	5529	0	0	0	15110	0
537000	567	0	5764	0	0	0	16371	0
538000	623	0	5862	0	0	0	15967	0
539000	653	0	5888	0	0	0	16650	0
540000	679	0	5659	0	0	0	17062	0
541000	950	0	5348	0	0	0	15117	0
542000	775	0	5613	0	0	0	16158	0
543000	661	0	5582	0	0	0	16361	0
544000	582	0	5799	0	0	0	16306	0
545000	720	0	5540	0	0	0	16415	0
546000	764	0	5725	0	0	0	16504	0
547000	643	0	5920	0	0	0	16973	0
548000	619	0	5542	0	0	0	17024	0
549000	851	0	5549	0	0	0	16052	0
550000	746	0	5528	0	0	0	16274	0
551000	678	0	5646	0	0	0	16423	0
552000	781	0	5547	0	0	0	15845	0
553000	471	0	5855	0	0	0	17275	0
554000	500	0	5913	0	0	0	17905	0
555000	551	0	5870	0	0	0	16260	0
556000	761	0	5702	0	0	0	16602	0
557000	696	0	5620	0	0	0	15992	0
558000	605	0	5738	0	0	0	15755	0
559000	580	0	5794	0	0	0	17595	0
560000	470	0	5804	0	0	0	16886	0
561000	774	0	5511	0	0	0	15746	0
562000	528	0	5791	0	0	0	16818	0
563000	575	0	5791	0	0	0	17619	0
564000	659	0	5796	0	0	0	17089	0
565000	748	0	5687	0	0	0	16147	0
566000	754	0	5470	0	0	0	16654	0
567000	627	0	5857	0	0	0	15360	0
568000	781	0	5343	0	0	0	16124	0
569000	775	0	5406	0	0	0	15864	0
570000	477	0	5700	0	0	0	16977	0
571000	927	0	5487	0	0	0	14564	0
572000	469	0	5964	0	0	0	16313	0
573000	643	0	5828	0	0	0	15599	0
574000	545	0	5711	0	0	0	16528	0
575000	482	0	5933	0	0	0	17296	0
576000	541	0	5890	0	0	0	17049	0
577000	759	0	5601	0	0	0	16695	0
578000	570	0	5920	0	0	0	17989	0
579000	640	0	5682	0	0	0	16690	0
580000	464	0	5891	0	0	0	16848	0
581000	608	0	5669	0	0	0	16768	0
582000	563	0	5726	0	0	0	16045	0
583000	622	0	5716	0	0	0	17947	0
584000	618	0	5855	0	0	0	17307	0
585000	673	0	5845	0	0	0	17539	0
586000	509	0	6009	0	0	0	17632	0
587000	657	0	5875	0	0	0	16708	0
588000	713	0	5573	0	0	0	15578	0
589000	1058	0	5402	0	0	0	15831	0
590000	999	0	5243	0	0	0	16064	0
591000	809	0	5541	0	0	0	16732	0
592000	676	0	5660	0	0	0	16874	0
593000	608	0	5670	0	0	0	16781	0
594000	978	0	5313	0	0	0	15784	0
595000	837	0	5494	0	0	0	16044	0
596000	689	0	5520	0	0	0	16911	0
597000	466	0	5925	0	0	0	16862	0
598000	512	0	5886	0	0	0	17179	0
599000	721	0	5621	0	0	0	16040	0
600000	560	0	5645	0	0	0	17740	0
601000	928	0	5269	0	0	0	15748	0
602000	565	0	5889	0	0	0	16722	0
603000	525	0	5881	0	0	0	17195	0
604000	851	0	5650	0	0	0	15538	0
605000	606	0	5700	0	0	0	16327	0
606000	491	0	5817	0	0	0	16948	0
607000	375	0	6018	0	0	0	17137	0
608000	743	0	5571	0	0	0	15831	0
609000	835	0	5535	0	0	0	16585	0
610000	392	0	5995	0	0	0	17047	0
611000	660	0	5744	0	0	0	16322	0
612000	411	0	5862	0	0	0	16289	0
613000	535	0	5900	0	0	0	17408	0
614000	812	0	5545	0	0	0	16317	0
615000	588	0	5620	0	0	0	17284	0
616000	919	0	5530	0	0	0	15575	0
617000	626	0	5649	0	0	0	16835	0
618000	447	0	5881	0	0	0	17282	0
619000	798	0	5590	0	0	0	15351	0
620000	729	0	5633	0	0	0	16683	0
621000	590	0	5838	0	0	0	15419	0
622000	412	0	5969	0	0	0	18444	0
623000	698	0	5747	0	0	0	16364	0
624000	602	0	5719	0	0	0	17013	0
625000	848	0	5499	0	0	0	15639	0
626000	684	0	5598	0	0	0	16989	0
627000	409	0	5951	0	0	0	17426	0
628000	547	0	5845	0	0	0	16272	0
629000	566	0	5766	0	0	0	16947	0
630000	380	0	5972	0	0	0	16788	0
631000	564	0	5634	0	0	0	17038	0
632000	625	0	5854	0	0	0	16103	0
633000	903	0	5331	0	0	0	16066	0
634000	551	0	5784	0	0	0	16677	0
635000	566	0	5791	0	0	0	16862	0
636000	576	0	5746	0	0	0	17381	0
637000	447	0	5785	0	0	0	17764	0
638000	481	0	5975	0	0	0	17563	0
639000	697	0	5679	0	0	0	16076	0
640000	803	0	5489	0	0	0	16097	0
641000	662	0	5725	0	0	0	17177	0
642000	518	0	6013	0	0	0	16917	0
643000	785	0	5648	0	0	0	15243	0
644000	519	0	5867	0	0	0	16723	0
645000	338	0	6046	0	0	0	17634	0
646000	425	0	5837	0	0	0	16508	0
647000	633	0	5690	0	0	0	17163	0
648000	598	0	5828	0	0	0	16334	0
649000	618	0	5806	0	0	0	16934	0
650000	590	0	5684	0	0	0	17597	0
651000	521	0	5771	0	0	0	17556	0
652000	755	0	5755	0	0	0	15451	0
653000	785	0	5694	0	0	0	16587	0
654000	682	0	5682	0	0	0	16301	0
655000	685	0	5666	0	0	0	16454	0
656000	434	0	5896	0	0	0	18221	0
657000	467	0	5991	0	0	0	16888	0
658000	622	0	5687	0	0	0	16962	0
659000	800	0	5556	0	0	0	16019	0
660000	531	0	5811	0	0	0	17603	0
661000	665	0	5651	0	0	0	17521	0
662000	502	0	5824	0	0	0	16167	0
663000	523	0	5816	0	0	0	16796	0
664000	666	0	5700	0	0	0	16971	0
665000	878	0	5469	0	0	0	16063	0
666000	618	0	5667	0	0	0	16614	0
667000	374	0	6067	0	0	0	18134	0
668000	737	0	5613	0	0	0	16704	0
669000	580	0	5656	0	0	0	16794	0
670000	650	0	5782	0	0	0	16377	0
671000	607	0	5612	0	0	0	16730	0
672000	584	0	5755	0	0	0	17594	0
673000	683	0	5758	0	0	0	16069	0
674000	462	0	5836	0	0	0	16813	0
675000	616	0	5710	0	0	0	16050	0
676000	609	0	5735	0	0	0	17388	0
677000	674	0	5645	0	0	0	16514	0
678000	819	0	5570	0	0	0	15495	0
679000	530	0	5767	0	0	0	17184	0
680000	407	0	5994	0	0	0	17376	0
681000	719	0	5586	0	0	0	16744	0
682000	822	0	5532	0	0	0	16636	0
683000	590	0	5789	0	0	0	16580	0
684000	574	0	5822	0	0	0	16431	0
685000	546	0	5894	0	0	0	17294	0
686000	649	0	5711	0	0	0	16569	0
687000	667	0	5741	0	0	0	16820	0
688000	511	0	6001	0	0	0	16285	0
689000	830	0	5473	0	0	0	16500	0
690000	475	0	5825	0	0	0	16991	0
691000	693	0	5548	0	0	0	16482	0
692000	439	0	5800	0	0	0	16448	0
693000	860	0	5575	0	0	0	16407	0
694000	558	0	5872	0	0	0	15717	0
695000	615	0	5766	0	0	0	17166	0
696000	513	0	5876	0	0	0	17457	0
697000	584	0	5770	0	0	0	16363	0
698000	650	0	5732	0	0	0	17231	0
699000	735	0	5595	0	0	0	15405	0
700000	555	0	5745	0	0	0	16766	0
701000	498	0	5762	0	0	0	16506	0
702000	879	0	5496	0	0	0	15474	0
703000	793	0	5316	0	0	0	15644	0
704000	453	0	5834	0	0	0	16649	0
705000	517	0	5789	0	0	0	16911	0
706000	708	0	5615	0	0	0	15223	0
707000	557	0	5649	0	0	0	16493	0
708000	724	0	5796	0	0	0	16151	0
709000	456	0	6009	0	0	0	16858	0
710000	767	0	5511	0	0	0	15949	0
711000	689	0	5582	0	0	0	16953	0
712000	871	0	5461	0	0	0	16580	0
713000	612	0	5603	0	0	0	16874	0
714000	646	0	5712	0	0	0	17125	0
715000	558	0	5937	0	0	0	16137	0
716000	626	0	5558	0	0	0	17194	0
717000	679	0	5674	0	0	0	16078	0
718000	656	0	5725	0	0	0	16095	0
719000	609	0	5785	0	0	0	17047	0
720000	698	0	5802	0	0	0	16527	0
721000	619	0	5847	0	0	0	17360	0
722000	832	0	5560	0	0	0	15856	0
723000	675	0	5701	0	0	0	16519	0
724000	657	0	5762	0	0	0	17598	0
725000	818	0	5535	0	0	0	16291	0
726000	939	0	5529	0	0	0	15916	0
727000	709	0	5624	0	0	0	16018	0
728000	581	0	5786	0	0	0	15826	0
729000	994	0	5339	0	0	0	14541	0
730000	789	0	5533	0	0	0	16989	0
731000	582	0	5915	0	0	0	17533	0
732000	889	0	5474	0	0	0	16211	0
733000	641	0	5821	0	0	0	15494	0
734000	534	0	5692	0	0	0	16941	0
735000	532	0	5910	0	0	0	16163	0
736000	366	0	5950	0	0	0	16656	0
737000	609	0	5736	0	0	0	16746	0
738000	604	0	5702	0	0	0	16117	0
739000	728	0	5708	0	0	0	15816	0
740000	699	0	5700	0	0	0	16266	0
741000	818	0	5575	0	0	0	16793	0
742000	622	0	5830	0	0	0	15944	0
743000	476	0	5871	0	0	0	17690	0
744000	663	0	5630	0	0	0	16553	0
745000	590	0	5692	0	0	0	16705	0
746000	645	0	5783	0	0	0	17402	0
747000	609	0	5799	0	0	0	17155	0
748000	320	0	6059	0	0	0	17211	0
749000	491	0	5946	0	0	0	16554	0
750000	623	0	5624	0	0	0	16821	0
751000	786	0	5426	0	0	0	16544	0
752000	711	0	5527	0	0	0	15980	0
753000	422	0	6176	0	0	0	16842	0
754000	822	0	5509	0	0	0	15638	0
755000	497	0	5908	0	0	0	17471	0
756000	482	0	5974	0	0	0	16015	0
757000	564	0	5652	0	0	0	16446	0
758000	588	0	5889	0	0	0	16191	0
759000	739	0	5489	0	0	0	15717	0
760000	615	0	5809	0	0	0	17241	0
761000	654	0	5704	0	0	0	15995	0
762000	740	0	5517	0	0	0	15774	0
763000	1050	0	5361	0	0	0	15007	0
764000	677	0	5583	0	0	0	16142	0
765000	699	0	5859	0	0	0	16525	0
766000	648	0	5781	0	0	0	17697	0
767000	813	0	5629	0	0	0	16540	0
768000	815	0	5470	0	0	0	15708	0
769000	867	0	5591	0	0	0	16354	0
770000	690	0	5634	0	0	0	15806	0
771000	515	0	5889	0	0	0	16337	0
772000	379	0	5875	0	0	0	17335	0
773000	762	0	5480	0	0	0	16109	0
774000	703	0	5784	0	0	0	16998	0
775000	443	0	6066	0	0	0	17520	0
776000	561	0	5928	0	0	0	16730	0
777000	520	0	5668	0	0	0	17465	0
778000	497	0	5873	0	0	0	17835	0
779000	566	0	5696	0	0	0	17075	0
780000	469	0	5901	0	0	0	18312	0
781000	427	0	5921	0	0	0	17251	0
782000	702	0	5655	0	0	0	17310	0
783000	828	0	5520	0	0	0	15411	0
784000	989	0	5458	0	0	0	16310	0
785000	1016	0	5330	0	0	0	15760	0
786000	544	0	5823	0	0	0	16908	0
787000	614	0	5751	0	0	0	16938	0
788000	515	0	5807	0	0	0	16176	0
789000	731	0	5661	0	0	0	15884	0
790000	646	0	5813	0	0	0	16799	0
791000	703	0	5792	0	0	0	16035	0
792000	513	0	5758	0	0	0	16602	0
793000	687	0	5703	0	0	0	16042	0
794000	544	0	5861	0	0	0	16053	0
795000	678	0	5674	0	0	0	16826	0
796000	482	0	5809	0	0	0	16947	0
797000	786	0	5578	0	0	0	15945	0
798000	799	0	5502	0	0	0	16411	0
799000	608	0	5789	0	0	0	17677	0
800000	460	0	5913	0	0	0	17942	0
801000	729	0	5529	0	0	0	16043	0
802000	928	0	5287	0	0	0	15844	0
803000	860	0	5674	0	0	0	15298	0
804000	1046	0	5384	0	0	0	15291	0
805000	746	0	5623	0	0	0	15885	0
806000	621	0	5730	0	0	0	17017	0
807000	1064	0	5267	0	0	0	15527	0
808000	560	0	5743	0	0	0	16714	0
809000	615	0	5864	0	0	0	16125	0
810000	726	0	5756	0	0	0	17580	0
811000	569	0	5827	0	0	0	17601	0
812000	713	0	5686	0	0	0	15729	0
813000	805	0	5546	0	0	0	16080	0
814000	865	0	5394	0	0	0	15049	0
815000	601	0	5621	0	0	0	16475	0
816000	794	0	5494	0	0	0	16028	0
817000	952	0	5443	0	0	0	15438	0
818000	545	0	5696	0	0	0	17468	0
819000	1031	0	5058	0	0	0	15493	0
820000	526	0	5786	0	0	0	17070	0
821000	682	0	5742	0	0	0	15944	0
822000	669	0	5726	0	0	0	15573	0
823000	461	0	5963	0	0	0	15788	0
824000	626	0	5553	0	0	0	15506	0
825000	659	0	5676	0	0	0	16161	0
826000	453	0	5896	0	0	0	17211	0
827000	785	0	5324	0	0	0	15487	0
828000	779	0	5526	0	0	0	15756	0
829000	604	0	5582	0	0	0	15685	0
830000	449	0	5813	0	0	0	16272	0
831000	589	0	5829	0	0	0	16148	0
832000	754	0	5699	0	0	0	15564	0
833000	513	0	5871	0	0	0	16364	0
834000	853	0	5536	0	0	0	15596	0
835000	644	0	5737	0	0	0	15878	0
836000	813	0	5619	0	0	0	17341	0
837000	751	0	5566	0	0	0	15988	0
838000	911	0	5412	0	0	0	17505	0
839000	832	0	5509	0	0	0	15787	0
840000	859	0	5399	0	0	0	15751	0
841000	643	0	5767	0	0	0	15844	0
842000	667	0	5701	0	0	0	16360	0
843000	572	0	5701	0	0	0	16284	0
844000	551	0	5918	0	0	0	16881	0
845000	693	0	5501	0	0	0	15795	0
846000	446	0	5818	0	0	0	18285	0
847000	628	0	5706	0	0	0	16663	0
848000	443	0	5855	0	0	0	17043	0
849000	738	0	5682	0	0	0	16469	0
850000	498	0	5929	0	0	0	16078	0
851000	606	0	5851	0	0	0	16999	0
852000	605	0	5742	0	0	0	16886	0
853000	651	0	5713	0	0	0	17184	0
854000	887	0	5380	0	0	0	16260	0
855000	686	0	5865	0	0	0	16273	0
856000	621	0	5735	0	0	0	17252	0
857000	626	0	5643	0	0	0	16712	0
858000	669	0	5792	0	0	0	17839	0
859000	899	0	5458	0	0	0	15747	0
860000	934	0	5452	0	0	0	16226	0
861000	539	0	5870	0	0	0	16093	0
862000	850	0	5486	0	0	0	16084	0
863000	957	0	5212	0	0	0	15701	0
864000	584	0	5743	0	0	0	15599	0
865000	471	0	5854	0	0	0	17303	0
866000	452	0	5965	0	0	0	17181	0
867000	822	0	5568	0	0	0	17220	0
868000	735	0	5663	0	0	0	17136	0
869000	615	0	5648	0	0	0	16781	0
870000	558	0	5745	0	0	0	17273	0
871000	767	0	5593	0	0	0	17929	0
872000	668	0	5586	0	0	0	17184	0
873000	449	0	6017	0	0	0	17463	0
874000	645	0	5732	0	0	0	16167	0
875000	809	0	5622	0	0	0	16074	0
876000	521	0	5701	0	0	0	16651	0
877000	454	0	5798	0	0	0	16535	0
878000	684	0	5686	0	0	0	17304	0
879000	979	0	5309	0	0	0	16172	0
880000	738	0	5596	0	0	0	16701	0
881000	1083	0	5217	0	0	0	14913	0
882000	670	0	5708	0	0	0	15736	0
883000	832	0	5513	0	0	0	14477	0
884000	745	0	5631	0	0	0	16103	0
885000	586	0	5855	0	0	0	17260	0
886000	775	0	5509	0	0	0	15811	0
887000	609	0	5761	0	0	0	16031	0
888000	686	0	5580	0	0	0	16411	0
889000	502	0	5980	0	0	0	17060	0
890000	489	0	5807	0	0	0	16694	0
891000	525	0	5712	0	0	0	17262	0
892000	625	0	5853	0	0	0	17356	0
893000	578	0	5785	0	0	0	16281	0
894000	675	0	5665	0	0	0	17523	0
895000	572	0	5660	0	0	0	16205	0
896000	766	0	5519	0	0	0	16572	0
897000	635	0	5805	0	0	0	17854	0
898000	644	0	5615	0	0	0	16337	0
899000	487	0	5895	0	0	0	16649	0
900000	634	0	5722	0	0	0	16665	0
901000	560	0	5820	0	0	0	17048	0
902000	491	0	5808	0	0	0	17224	0
903000	741	0	5692	0	0	0	16951	0
904000	486	0	5814	0	0	0	15711	0
905000	646	0	5783	0	0	0	16868	0
906000	565	0	5767	0	0	0	17408	0
907000	521	0	5803	0	0	0	16586	0
908000	529	0	5683	0	0	0	17809	0
909000	560	0	5820	0	0	0	16405	0
910000	602	0	5751	0	0	0	16457	0
911000	490	0	5805	0	0	0	16982	0
912000	635	0	5856	0	0	0	16534	0
913000	554	0	5782	0	0	0	16979	0
914000	633	0	5697	0	0	0	16545	0
915000	738	0	5538	0	0	0	16647	0
916000	415	0	6009	0	0	0	17862	0
917000	523	0	5837	0	0	0	15767	0
918000	564	0	5858	0	0	0	17224	0
919000	590	0	5698	0	0	0	16008	0
920000	544	0	5730	0	0	0	16507	0
921000	873	0	5454	0	0	0	16434	0
922000	362	0	5968	0	0	0	17831	0
923000	530	0	5895	0	0	0	16950	0
924000	678	0	5662	0	0	0	15595	0
925000	661	0	5742	0	0	0	16032	0
926000	632	0	5643	0	0	0	17148	0
927000	641	0	5708	0	0	0	16756	0
928000	536	0	5835	0	0	0	16506	0
929000	819	0	5579	0	0	0	16141	0
930000	498	0	5880	0	0	0	17174	0
931000	715	0	5431	0	0	0	15760	0
932000	481	0	5802	0	0	0	17057	0
933000	649	0	5768	0	0	0	17105	0
934000	743	0	5584	0	0	0	16577	0
935000	622	0	5675	0	0	0	17014	0
936000	596	0	5619	0	0	0	16778	0
937000	500	0	5785	0	0	0	16327	0
938000	593	0	5664	0	0	0	17193	0
939000	542	0	5775	0	0	0	16384	0
940000	502	0	5832	0	0	0	16596	0
941000	639	0	5668	0	0	0	16898	0
942000	915	0	5400	0	0	0	16278	0
943000	513	0	6086	0	0	0	17484	0
944000	677	0	5765	0	0	0	16745	0
945000	658	0	5559	0	0	0	17023	0
946000	802	0	5498	0	0	0	16046	0
947000	690	0	5592	0	0	0	16764	0
948000	507	0	5990	0	0	0	16003	0
949000	770	0	5519	0	0	0	15830	0
950000	721	0	5496	0	0	0	15855	0
951000	498	0	5801	0	0	0	15714	0
952000	644	0	5730	0	0	0	16252	0
953000	655	0	5617	0	0	0	17182	0
954000	921	0	5358	0	0	0	15549	0
955000	713	0	5597	0	0	0	16305	0
956000	613	0	5784	0	0	0	17131	0
957000	931	0	5451	0	0	0	15325	0
958000	854	0	5364	0	0	0	16468	0
959000	592	0	5654	0	0	0	16755	0
960000	669	0	5583	0	0	0	16150	0
961000	619	0	5665	0	0	0	16829	0
962000	581	0	5709	0	0	0	16626	0
963000	626	0	5681	0	0	0	16637	0
964000	746	0	5755	0	0	0	16217	0
965000	478	0	5928	0	0	0	16731	0
966000	886	0	5302	0	0	0	16673	0
967000	463	0	5857	0	0	0	17428	0
968000	819	0	5581	0	0	0	16930	0
969000	616	0	5850	0	0	0	17160	0
970000	626	0	5678	0	0	0	16245	0
971000	717	0	5583	0	0	0	16316	0
972000	761	0	5568	0	0	0	15739	0
973000	741	0	5514	0	0	0	17140	0
974000	479	0	5886	0	0	0	16888	0
975000	629	0	5755	0	0	0	17551	0
976000	533	0	5852	0	0	0	17235	0
977000	772	0	5623	0	0	0	15390	0
978000	448	0	5805	0	0	0	17325	0
979000	622	0	5695	0	0	0	16143	0
980000	688	0	5807	0	0	0	16067	0
981000	675	0	5706	0	0	0	16257	0
982000	665	0	5753	0	0	0	16287	0
983000	525	0	5822	0	0	0	16168	0
984000	354	0	6225	0	0	0	18119	0
985000	514	0	5836	0	0	0	17199	0
986000	572	0	5845	0	0	0	17928	0
987000	655	0	5654	0	0	0	15982	0
988000	425	0	5822	0	0	0	17879	0
989000	717	0	5536	0	0	0	16310	0
990000	642	0	5945	0	0	0	17146	0
991000	552	0	5807	0	0	0	17418	0
992000	566	0	5731	0	0	0	17442	0
993000	387	0	5960	0	0	0	16508	0
994000	650	0	5741	0	0	0	16710	0
995000	682	0	5706	0	0	0	16812	0
996000	570	0	5816	0	0	0	16777	0
997000	712	0	5648	0	0	0	17572	0
998000	587	0	5759	0	0	0	16919	0
999000	642	0	5667	0	0	0	17036	0
