0	0	0	0	14400	0	0	0	0
1000	79	1642	312	11862	82	40	34785	337
2000	99	1563	449	11681	53	85	34534	333
3000	42	1351	521	11934	31	59	36543	299
4000	73	1583	522	11671	18	21	36740	166
5000	62	1534	606	11601	38	11	36297	224
6000	76	1670	557	11529	0	64	33690	272
7000	100	1366	585	11746	9	64	35537	174
8000	83	1406	617	11681	15	63	36271	181
9000	88	1431	643	11651	18	30	35639	234
10000	64	1388	636	11660	30	84	36823	338
11000	105	1225	662	11746	22	55	35972	186
12000	91	1243	730	11554	21	139	35542	588
13000	103	1233	606	11788	27	125	36114	355
14000	78	1294	580	11807	4	82	36617	202
15000	74	1419	575	11790	9	21	35080	98
16000	70	1324	590	11861	3	59	36335	165
17000	82	1541	621	11604	0	44	35755	95
18000	82	1446	678	11582	11	28	36532	86
19000	41	1482	551	11780	11	68	35347	191
20000	54	1388	485	11995	1	12	35926	36
21000	72	1475	576	11813	0	6	36023	48
22000	81	1379	620	11782	0	0	35287	1
23000	56	1282	795	11608	52	21	36370	260
24000	48	1226	734	11764	34	47	36742	182
25000	77	1291	690	11633	58	68	36672	269
26000	111	1252	920	11395	23	10	35825	123
27000	45	1336	868	11423	9	51	36040	94
28000	91	1308	611	11772	32	25	37152	168
29000	73	1331	735	11566	64	45	36396	375
30000	118	1360	631	11705	7	46	34811	240
31000	61	1398	744	11550	0	35	36412	207
32000	69	1599	564	11617	0	25	36421	72
33000	124	1343	506	11910	4	37	36532	114
34000	108	1331	661	11645	28	29	35303	143
35000	61	1508	654	11527	0	83	36405	238
36000	80	1286	872	11465	0	32	37541	145
37000	102	1253	841	11546	0	0	35737	6
38000	72	1272	955	11341	37	12	34573	84
39000	98	1320	948	11294	25	32	35305	71
40000	80	1237	778	11630	17	33	36236	217
41000	88	1369	898	11334	4	29	36692	156
42000	116	1212	743	11720	4	17	36180	35
43000	71	1376	690	11692	0	22	35999	58
44000	67	1389	662	11677	0	12	36227	20
45000	66	1331	755	11610	0	2	35260	22
46000	80	1404	658	11557	95	52	35049	398
47000	106	1397	688	11506	80	63	35462	546
48000	58	1313	594	11774	73	72	36546	465
49000	93	1544	586	11592	20	27	36297	168
50000	77	1321	706	11710	4	27	35918	108
51000	99	1263	880	11404	0	25	36992	52
52000	65	1340	792	11606	0	13	35228	29
53000	84	1383	689	11555	100	4	36588	150
54000	74	1444	639	11575	69	50	36733	340
55000	57	1327	705	11631	85	47	35560	265
56000	73	1355	670	11623	73	28	35886	290
57000	74	1574	658	11447	74	20	35291	190
58000	103	1345	863	11328	53	26	35676	235
59000	88	1303	748	11475	112	38	35163	387
60000	70	1318	721	11567	77	78	35187	414
61000	70	1417	694	11519	22	115	36939	397
62000	93	1324	717	11586	5	125	36821	316
63000	94	1385	880	11210	27	120	35006	494
64000	91	1222	921	11300	79	99	35536	512
65000	75	1454	688	11383	103	162	35425	803
66000	67	1485	520	11723	52	90	35155	448
67000	66	1498	534	11706	46	29	36172	259
68000	75	1442	589	11735	33	38	35889	162
69000	79	1374	690	11595	51	41	36162	339
70000	73	1374	707	11538	83	46	36412	308
71000	97	1382	638	11605	94	52	36456	361
72000	106	1518	657	11341	150	83	34891	533
73000	89	1377	651	11458	154	98	35540	750
74000	79	1377	702	11349	152	176	35186	1364
75000	73	1319	569	11666	132	156	36488	881
76000	88	1459	654	11301	107	222	33240	865
77000	70	1380	696	11313	166	196	35673	1117
78000	103	1344	608	11381	184	213	34225	1402
79000	110	1583	523	11346	100	248	35864	980
80000	79	1466	635	11260	90	317	34813	1240
81000	88	1457	684	11284	88	262	34356	1361
82000	73	1528	517	11490	40	281	33718	870
83000	78	1470	499	11581	28	276	36215	603
84000	47	1534	640	11255	77	329	34356	1243
85000	66	1675	455	11367	102	304	34080	1299
86000	74	1630	464	11448	93	236	34649	806
87000	78	1322	738	11329	57	297	34369	1117
88000	60	1253	704	11491	108	262	33599	1144
89000	91	1300	678	11253	79	416	34202	1595
90000	106	1358	719	11252	51	337	34792	1133
91000	88	1235	700	11383	52	348	34824	1157
92000	76	1214	921	11070	54	376	34084	1098
93000	111	1606	492	11280	21	374	34920	1159
94000	101	1411	744	11296	24	237	33880	765
95000	82	1396	717	11289	37	229	34880	892
96000	62	1309	663	11603	41	165	34678	727
97000	66	1403	701	11402	54	189	34695	759
98000	94	1501	564	11476	103	148	35775	626
99000	121	1286	656	11469	96	187	34425	1018
100000	97	1232	798	11439	82	84	35502	746
101000	120	1177	1029	11099	104	87	35827	599
102000	122	1091	1017	11165	77	119	35742	672
103000	117	1173	931	11236	132	87	34786	487
104000	77	1340	807	11272	58	189	34567	824
105000	118	1214	727	11459	51	244	35478	903
106000	130	1242	891	11296	13	155	35106	438
107000	82	1518	637	11404	22	150	34500	355
108000	93	1395	631	11563	42	126	35433	464
109000	89	1415	714	11478	46	74	35496	280
110000	122	1330	669	11449	83	162	33851	719
111000	98	1328	805	11226	48	248	36148	749
112000	106	1187	860	11155	72	345	36112	1195
113000	101	1327	661	11359	68	342	35606	1403
114000	93	1339	720	11199	82	365	34528	1484
115000	88	1286	904	11013	90	310	35741	1103
116000	66	1308	940	10983	133	263	35082	1277
117000	82	1288	716	11476	46	229	35346	904
118000	137	1247	786	11332	74	166	33870	846
119000	88	1328	605	11707	46	103	34956	497
120000	100	1226	809	11438	20	131	36425	500
121000	81	1439	617	11618	35	104	36591	420
122000	90	1441	768	11291	39	122	34438	438
123000	121	1248	812	11509	8	61	35462	290
124000	96	1231	846	11366	1	143	35593	352
125000	110	1298	768	11423	19	175	33606	600
126000	97	1280	757	11429	40	193	36004	769
127000	112	1278	817	11204	31	267	35848	752
128000	91	1309	678	11475	4	271	35616	844
129000	118	1376	450	11684	15	298	34931	647
130000	103	1548	513	11496	16	248	35280	869
131000	60	1824	555	11105	29	308	33652	1028
132000	77	1694	483	11169	128	396	33692	1481
133000	129	1249	803	11113	101	331	34380	1312
134000	118	1156	748	11201	232	318	34833	1479
135000	108	1202	820	11134	206	293	35295	1602
136000	141	1363	983	10515	325	315	34537	1824
137000	61	1386	732	10982	173	440	34676	1902
138000	86	1406	530	11035	270	536	34902	2100
139000	68	1436	502	11239	232	461	34303	1969
140000	118	1460	591	11059	201	443	33601	1800
141000	84	1417	559	11190	180	497	35487	1809
142000	105	1493	560	11061	205	473	34258	2082
143000	143	1288	688	10968	193	502	34278	1892
144000	114	1354	721	10861	149	524	33135	1948
145000	82	1420	538	11147	139	564	33352	2106
146000	77	1574	506	11043	196	521	34512	2048
147000	111	1506	465	11177	172	487	35120	1871
148000	116	1484	547	11083	188	473	34522	1760
149000	113	1520	509	10970	309	465	33823	2305
150000	78	1371	731	10688	323	613	32533	2364
151000	92	1392	711	10686	293	660	33905	2943
152000	65	1474	720	10494	269	841	32189	3237
153000	109	1467	632	10364	381	898	32139	3464
154000	129	1399	690	10092	406	1107	30740	4692
155000	110	1365	712	10164	342	1143	31234	3763
156000	83	1341	670	10176	328	1249	31271	4438
157000	76	1451	439	10314	390	1295	32355	4714
158000	89	1572	462	10119	301	1412	31272	4486
159000	121	1432	644	9954	439	1244	30304	5069
160000	94	1303	633	10113	421	1322	30690	5145
161000	117	1385	535	10063	441	1335	31903	4992
162000	104	1205	766	9674	588	1455	30408	5927
163000	188	1264	807	9327	556	1515	29757	5866
164000	91	1520	616	9465	348	1825	28824	7216
165000	99	1275	749	9572	326	1721	29489	6372
166000	105	1285	725	9448	353	1867	28943	5981
167000	122	1350	741	9445	474	1559	30224	6322
168000	127	1473	640	9606	293	1676	30316	6035
169000	157	1326	648	9505	443	1773	29151	6520
170000	101	1357	718	9445	537	1628	29497	6355
171000	95	1436	642	9375	554	1769	28760	6599
172000	139	1289	620	9493	567	1752	28407	7124
173000	109	1527	420	9759	509	1650	29700	6452
174000	80	1410	555	9550	649	1674	27993	6075
175000	101	1346	605	9592	448	1796	30811	6391
176000	108	1430	699	9300	360	1913	30774	6572
177000	115	1310	690	9499	473	1779	30656	6493
178000	112	1266	848	9532	486	1505	30469	6634
179000	162	1318	712	9642	515	1455	31018	5683
180000	128	1223	618	9903	549	1382	29932	6052
181000	69	1370	644	9745	666	1361	31395	5443
182000	148	1334	547	9704	704	1428	29095	5981
183000	111	1312	577	9816	522	1516	29509	5741
184000	103	1397	601	9799	607	1375	29337	5603
185000	137	1413	629	9749	404	1521	29791	5613
186000	157	1355	745	9591	504	1400	30077	5834
187000	103	1236	781	9543	434	1666	30197	5740
188000	105	1093	782	9692	345	1728	30332	6416
189000	97	1274	701	9554	359	1853	29254	6786
190000	133	1445	636	9556	407	1658	29947	6378
191000	86	1500	552	9778	413	1576	29852	5649
192000	134	1664	512	9609	500	1473	29980	5727
193000	104	1340	618	9894	400	1484	30332	5214
194000	166	1286	638	9803	408	1505	30370	5869
195000	159	1273	699	9552	539	1607	30143	5671
196000	120	1182	601	10244	415	1288	32545	4542
197000	142	1336	825	9804	320	1258	31132	5052
198000	99	1172	774	10131	324	1289	30452	4398
199000	121	1325	675	10272	195	1202	31678	4486
200000	82	1310	663	10401	225	1134	33329	3841
201000	100	1307	524	10280	373	1292	31441	4560
202000	95	1630	449	10188	386	1196	30493	4477
203000	114	1673	548	9884	396	1246	29268	4420
204000	88	1476	608	9779	582	1309	30221	5611
205000	134	1357	619	9841	588	1322	30680	5826
206000	107	1328	707	10009	508	1149	30657	5448
207000	109	1318	718	10287	358	1014	31824	4671
208000	153	1243	712	10289	366	1039	31196	4091
209000	154	1362	541	10411	304	1064	30767	4108
210000	109	1361	608	10543	221	1002	31951	3286
211000	98	1346	738	10310	236	1054	32111	3648
212000	113	1382	732	10298	243	1089	32835	3870
213000	91	1355	826	10097	111	1245	31783	3925
214000	98	1233	719	10409	195	1189	31571	3753
215000	104	1321	753	10403	171	1044	32185	3425
216000	141	1429	716	10332	173	1038	32170	3854
217000	85	1428	630	10319	176	1184	31920	4186
218000	81	1534	587	10313	265	1107	30757	4159
219000	100	1311	684	10239	222	1262	32432	4320
220000	88	1347	718	10449	248	954	32178	3552
221000	77	1558	448	10588	172	1119	31185	3870
222000	107	1412	637	10479	137	1062	32659	3775
223000	87	1285	719	10463	169	1069	32936	3443
224000	90	1325	779	10404	209	962	32078	3199
225000	74	1205	652	10757	184	984	33322	2877
226000	78	1335	685	10684	166	893	31355	2541
227000	92	1440	639	10669	167	834	34198	2965
228000	96	1374	706	10742	174	688	33124	2171
229000	120	1160	814	10816	165	724	33946	2469
230000	110	1352	567	10910	157	730	33692	2390
231000	87	1562	468	10975	205	656	33002	2792
232000	109	1501	551	10865	129	702	32433	2526
233000	58	1519	525	10944	195	717	33131	2458
234000	90	1338	727	10842	204	582	34143	2716
235000	121	1482	594	10916	216	509	32727	1986
236000	86	1251	723	10983	236	539	33689	2333
237000	112	1291	796	10910	190	508	33337	2179
238000	86	1459	602	10984	177	546	34206	2054
239000	84	1265	810	11063	67	476	34716	1689
240000	113	1245	731	11158	112	453	34573	1731
241000	142	1208	840	11021	99	423	33246	1436
242000	117	1268	921	11056	105	219	33614	965
243000	79	1342	722	11254	146	257	34579	1348
244000	76	1449	611	11394	47	299	36255	1276
245000	45	1564	575	11445	2	300	34925	727
246000	66	1570	561	11427	33	260	35537	818
247000	97	1308	674	11422	75	252	34721	901
248000	79	1491	488	11432	137	301	34863	1157
249000	76	1635	525	11223	136	334	33516	1325
250000	92	1316	654	11444	92	260	36374	1161
251000	73	1444	592	11375	96	304	35957	964
252000	79	1401	601	11443	106	200	36592	992
253000	77	1418	658	11336	74	271	35168	727
254000	81	1492	568	11460	47	274	34858	783
255000	62	1453	606	11430	68	269	33913	1027
256000	139	1586	520	11460	52	138	35432	712
257000	96	1373	472	11743	112	168	36430	838
258000	68	1623	509	11380	93	248	33972	963
259000	112	1403	677	11278	75	329	32844	1114
260000	73	1388	597	11513	74	255	34995	1078
261000	67	1385	497	11670	73	276	35915	1078
262000	74	1496	494	11539	75	237	34787	905
263000	77	1440	557	11477	92	229	36134	887
264000	117	1443	721	11164	123	215	34007	994
265000	127	1300	647	11529	97	165	35086	826
266000	84	1303	781	11393	99	131	35617	701
267000	65	1270	738	11478	48	202	35266	836
268000	117	1406	670	11369	60	180	36158	759
269000	54	1355	687	11610	22	150	35509	503
270000	79	1507	616	11581	11	74	34168	294
271000	71	1411	722	11463	7	135	35824	368
272000	125	1229	849	11349	8	138	35351	479
273000	90	1067	1048	11268	2	144	37209	420
274000	90	1267	775	11483	6	184	36094	479
275000	69	1418	629	11608	4	135	36353	447
276000	52	1446	726	11451	10	108	35023	328
277000	88	1285	755	11578	9	80	34832	356
278000	49	1370	694	11717	0	47	37140	259
279000	94	1357	638	11686	0	63	36746	258
280000	84	1467	649	11611	0	55	34928	119
281000	80	1323	611	11780	0	79	37593	280
282000	61	1088	697	11895	11	69	35251	170
283000	75	1609	519	11576	30	114	36303	504
284000	72	1417	642	11567	22	138	34987	656
285000	66	1469	664	11413	8	200	36693	497
286000	71	1401	659	11528	18	175	34668	607
287000	88	1307	519	11835	25	99	36562	435
288000	69	1503	699	11515	0	49	36617	146
289000	80	1451	869	11315	0	26	35744	72
290000	73	1250	646	11882	3	41	35174	190
291000	65	1363	658	11688	3	24	35788	16
292000	50	1467	654	11669	0	3	36477	20
293000	80	1411	654	11646	87	11	35522	297
294000	92	1425	640	11587	95	13	36335	329
295000	57	1307	701	11741	9	31	37143	101
296000	85	1460	581	11625	49	36	34888	180
297000	57	1624	574	11570	49	32	34429	204
298000	72	1367	550	11854	12	53	36138	126
299000	56	1406	673	11717	15	32	37019	183
300000	62	1251	657	11825	0	35	36271	149
301000	77	1404	725	11575	2	16	37504	91
302000	100	1398	613	11754	0	17	37135	75
303000	91	1411	591	11797	0	8	37730	22
304000	101	1363	678	11664	0	12	34671	1
305000	65	1473	534	11808	3	43	36341	161
306000	76	1418	587	11781	0	29	35542	47
307000	87	1541	578	11606	26	10	34214	40
308000	116	1250	918	11370	20	7	37007	35
309000	81	1312	751	11596	31	5	35543	98
310000	95	1393	737	11572	14	0	34658	2
311000	69	1491	774	11429	17	1	34870	65
312000	79	1407	706	11597	48	17	34137	172
313000	96	1522	523	11668	37	47	36557	246
314000	81	1445	550	11615	132	38	35353	528
315000	34	1539	634	11489	124	70	36013	506
316000	97	1183	925	11425	79	25	36876	311
317000	51	1290	840	11516	46	13	34986	129
318000	92	1264	760	11599	56	6	35706	216
319000	68	1485	778	11356	84	7	35406	287
320000	99	1491	772	11374	63	25	33775	221
321000	121	1205	736	11586	116	5	36524	419
322000	69	1338	700	11582	117	25	36124	427
323000	98	1411	680	11535	79	37	35926	260
324000	88	1311	630	11698	83	35	36937	354
325000	91	1173	706	11673	129	53	36084	680
326000	73	1411	787	11347	95	71	35237	416
327000	91	1535	570	11525	77	95	34682	313
328000	55	1451	696	11457	69	109	34142	575
329000	89	1492	550	11585	73	112	36270	449
330000	70	1413	645	11466	50	225	35054	541
331000	107	1326	766	11282	39	253	35635	785
332000	82	1252	895	11362	58	62	35376	466
333000	73	1230	774	11571	31	107	35467	263
334000	68	1291	673	11695	19	107	34630	379
335000	76	1420	753	11272	68	207	34062	845
336000	87	1444	655	11309	45	295	33681	1255
337000	86	1483	774	11082	48	289	35374	988
338000	95	1406	610	11452	16	293	35614	894
339000	100	1251	805	11342	8	275	35279	840
340000	77	1334	712	11406	1	288	34312	748
341000	89	1184	745	11457	4	285	35640	699
342000	65	1423	574	11539	36	265	36660	888
343000	82	1505	755	11229	22	168	34930	508
344000	49	1212	767	11633	27	71	35360	261
345000	68	1493	603	11569	57	108	35245	484
346000	83	1524	488	11688	88	99	37071	578
347000	47	1606	540	11598	64	82	34931	338
348000	112	1399	650	11476	54	115	35447	520
349000	69	1405	646	11595	80	100	34921	600
350000	58	1542	579	11622	25	100	35548	524
351000	108	1479	552	11657	9	90	36620	402
352000	61	1391	701	11564	20	92	36673	279
353000	52	1569	647	11476	23	55	36222	161
354000	97	1424	658	11535	74	61	33790	353
355000	79	1152	760	11596	74	121	35869	687
356000	105	1201	913	11199	50	208	35493	782
357000	103	1215	742	11383	64	288	35635	938
358000	96	1304	751	11307	107	235	35518	997
359000	65	1352	674	11247	81	393	34725	1281
360000	110	1361	695	11254	41	296	35035	820
361000	89	1264	724	11461	39	200	35111	708
362000	60	1393	549	11728	4	199	34580	489
363000	89	1520	619	11489	11	142	34991	490
364000	77	1490	653	11515	0	107	35138	438
365000	96	1374	647	11637	1	73	36227	210
366000	48	1445	704	11549	1	61	35903	164
367000	70	1532	534	11693	0	60	36127	331
368000	73	1531	624	11630	6	41	34793	286
369000	73	1410	640	11686	2	14	37002	83
370000	84	1317	661	11735	0	15	35887	34
371000	82	1325	724	11627	0	28	35749	65
372000	69	1323	875	11254	0	152	35035	297
373000	96	1316	704	11523	0	147	35349	555
374000	87	1261	689	11599	22	177	36427	400
375000	90	1340	687	11553	0	178	36225	612
376000	52	1294	640	11708	1	186	34860	598
377000	98	1570	676	11348	5	122	34646	356
378000	87	1459	678	11435	27	138	33424	487
379000	103	1392	777	11194	61	216	34898	802
380000	92	1276	770	11375	66	218	35205	859
381000	71	1363	656	11596	37	122	36473	466
382000	66	1251	745	11548	22	124	36218	335
383000	91	1330	842	11359	0	120	36356	198
384000	94	1285	932	11269	0	102	35154	280
385000	103	1306	749	11513	3	111	34754	327
386000	88	1422	626	11517	41	126	36269	468
387000	108	1370	725	11446	48	103	35911	364
388000	85	1336	733	11490	57	104	35414	387
389000	71	1279	730	11480	68	176	35746	757
390000	90	1496	550	11458	91	213	35111	985
391000	76	1364	734	11209	124	288	34112	1162
392000	106	1471	697	11050	140	315	35131	1424
393000	118	1197	793	11107	177	359	34975	1416
394000	87	1355	747	10975	289	341	33735	1558
395000	102	1343	620	11190	264	302	34395	1612
396000	95	1242	847	10980	262	335	34985	1392
397000	102	1375	726	10984	293	340	33606	1891
398000	94	1436	592	11121	314	310	33994	1541
399000	98	1486	634	10945	275	425	34792	1856
400000	57	1286	661	11097	204	521	34590	1833
401000	74	1244	662	11095	202	576	34711	2286
402000	98	1326	629	11106	176	539	34046	1790
403000	80	1416	701	11043	177	376	33988	1710
404000	133	1177	776	11072	166	403	34835	1388
405000	136	1193	837	10980	168	410	34929	1778
406000	83	1140	846	11399	65	238	36119	1104
407000	67	1177	852	11376	16	253	36209	891
408000	113	1443	630	11409	13	234	35919	799
409000	118	1347	846	11166	30	227	34461	869
410000	96	1277	728	11415	50	250	34634	882
411000	76	1366	628	11513	101	191	34724	781
412000	74	1348	624	11489	191	159	34823	895
413000	104	1410	496	11544	184	134	34527	625
414000	80	1283	654	11556	116	165	36336	814
415000	96	1371	726	11240	213	147	34007	948
416000	71	1248	798	11282	168	225	34404	1114
417000	90	1327	696	11172	278	251	32831	1503
418000	91	1398	707	11183	198	188	34189	1160
419000	107	1430	574	11386	176	232	34936	1184
420000	115	1434	721	11160	177	187	34711	1051
421000	66	1418	687	11285	121	237	35179	1122
422000	85	1368	686	11382	75	226	34576	939
423000	108	1229	766	11391	79	178	34964	853
424000	73	1376	837	11038	65	316	34421	1297
425000	60	1252	702	11317	71	437	34430	1396
426000	96	1459	727	11224	91	194	35150	1123
427000	88	1335	801	11313	15	181	34549	770
428000	76	1332	662	11527	6	243	36087	693
429000	127	1439	745	11184	24	253	34559	770
430000	99	1259	861	11087	51	300	34370	1263
431000	93	1279	848	11147	50	354	35256	1148
432000	100	1147	758	11356	25	391	35322	1240
433000	83	1352	653	11384	45	296	36172	1071
434000	72	1509	555	11486	48	198	35995	689
435000	56	1545	547	11507	59	166	35176	942
436000	81	1437	566	11617	52	144	34530	425
437000	68	1435	586	11566	53	170	35873	449
438000	70	1519	618	11505	22	130	34879	322
439000	58	1384	626	11684	60	71	36280	367
440000	70	1429	605	11728	0	29	35822	138
441000	94	1390	832	11451	0	31	35312	195
442000	85	1278	870	11406	0	58	36231	192
443000	80	1065	809	11736	0	75	36932	195
444000	93	1321	844	11396	1	74	35593	208
445000	47	1211	729	11653	1	202	35735	476
446000	106	1281	757	11373	28	166	35592	652
447000	83	1244	708	11557	16	153	35689	662
448000	69	1226	870	11352	58	148	36303	522
449000	86	1488	718	11380	43	128	34478	603
450000	64	1526	550	11463	81	200	36198	592
451000	63	1515	664	11364	82	158	35532	576
452000	64	1493	601	11478	98	160	33245	612
453000	47	1376	577	11631	21	254	35778	556
454000	77	1363	530	11704	29	212	35033	676
455000	107	1492	562	11547	39	110	34456	431
456000	83	1406	579	11636	77	130	35301	524
457000	51	1418	715	11592	29	89	36332	369
458000	80	1433	702	11455	5	95	35538	258
459000	56	1397	624	11706	7	79	36388	253
460000	40	1469	657	11674	0	11	36246	42
461000	83	1604	636	11535	0	2	34631	0
462000	74	1417	783	11480	0	2	35810	9
463000	96	1515	588	11540	133	6	35583	375
464000	60	1519	560	11540	127	85	34620	573
465000	79	1446	517	11671	69	136	35599	671
466000	48	1467	450	11863	78	54	36246	385
467000	51	1767	511	11458	24	104	35485	320
468000	67	1621	505	11634	9	129	35172	417
469000	52	1650	416	11807	7	57	35563	256
470000	99	1601	582	11579	0	15	35178	60
471000	93	1313	577	11859	0	3	36157	20
472000	91	1684	634	11305	123	24	34544	410
473000	99	1376	756	11406	89	56	35852	329
474000	82	1346	714	11460	119	51	35706	422
475000	89	1404	594	11705	76	29	34964	256
476000	85	1389	597	11682	57	62	35472	322
477000	44	1543	616	11564	59	43	34385	315
478000	35	1417	665	11681	35	25	35707	204
479000	58	1503	581	11673	5	84	34794	268
480000	49	1420	670	11626	20	54	35690	321
481000	100	1330	779	11455	35	74	35703	291
482000	86	1258	789	11550	34	44	35821	272
483000	80	1291	704	11621	15	67	36763	429
484000	61	1394	676	11641	16	59	35657	261
485000	69	1667	548	11480	6	128	35371	520
486000	64	1447	627	11643	0	131	35039	413
487000	99	1420	659	11527	20	99	35363	440
488000	68	1374	794	11380	6	124	34771	435
489000	96	1381	800	11369	38	50	35615	145
490000	80	1513	711	11438	37	38	33772	426
491000	92	1344	692	11665	0	45	36286	243
492000	66	1384	469	11978	9	10	36182	97
493000	109	1377	575	11777	0	12	36321	42
494000	55	1360	661	11807	1	18	37086	46
495000	111	1402	788	11456	0	0	35649	6
496000	102	1309	637	11645	127	44	36182	554
497000	73	1390	640	11423	121	189	36120	917
498000	64	1420	570	11509	48	258	35754	980
499000	66	1497	530	11598	32	188	35423	908
500000	67	1418	717	11435	59	169	35880	503
501000	78	1457	578	11482	33	227	35680	758
502000	82	1485	486	11596	33	304	35525	696
503000	43	1530	557	11445	14	311	33929	1136
504000	53	1552	553	11506	23	242	34536	862
505000	107	1402	590	11547	16	259	34906	792
506000	88	1526	590	11403	22	248	35000	712
507000	44	1442	566	11544	41	274	36506	919
508000	90	1283	739	11399	14	277	35189	803
509000	106	1222	829	11262	6	358	36559	800
510000	77	1480	593	11320	16	375	34382	1121
511000	88	1414	709	11259	32	329	34938	956
512000	110	1512	654	11159	1	439	34864	1338
513000	132	1287	726	11176	11	451	35010	1410
514000	84	1340	743	11162	26	429	35794	1210
515000	58	1466	683	11276	35	343	35024	1213
516000	69	1437	575	11374	66	411	34789	1115
517000	70	1358	630	11302	40	468	35183	1787
518000	89	1566	553	10991	105	606	33046	2191
519000	107	1503	600	10782	161	709	34480	2560
520000	128	1379	624	10877	187	619	33703	2197
521000	89	1287	396	11430	181	650	33471	2455
522000	80	1470	539	10731	221	839	32168	3094
523000	120	1568	526	10772	198	763	33380	2859
524000	115	1483	516	11043	103	652	33478	2216
525000	58	1449	478	11202	148	621	34249	2345
526000	69	1585	540	11046	147	559	34169	2666
527000	71	1395	602	11262	109	426	34687	1712
528000	60	1586	615	11352	43	221	34963	851
529000	62	1549	574	11377	35	285	33258	915
530000	121	1222	663	11480	103	254	35536	1064
531000	88	1334	765	11164	158	295	34297	1408
532000	91	1089	720	11497	143	265	35839	1085
533000	96	1403	638	11270	106	329	33077	1276
534000	113	1286	711	11115	166	371	36129	1695
535000	112	1277	673	11201	136	406	34394	1538
536000	88	1349	738	11074	81	456	33716	1646
537000	121	1379	801	10966	88	381	34939	1331
538000	106	1265	819	10827	149	576	34604	1856
539000	83	1447	667	10772	85	772	33820	2284
540000	84	1483	510	10887	27	937	32354	2786
541000	77	1404	580	10845	84	880	33960	2827
542000	89	1242	735	10611	149	966	32388	3180
543000	66	1139	596	10864	210	1003	34273	3944
544000	83	1286	614	10462	361	1039	32190	3900
545000	143	1394	603	10512	426	808	32236	3901
546000	117	1232	726	10523	472	698	32700	3419
547000	131	1126	718	10503	437	911	32408	3855
548000	123	1253	798	10151	498	922	32913	3859
549000	139	1241	947	10159	473	706	32997	3339
550000	118	1171	833	10355	349	869	32430	3497
551000	128	1192	807	10292	384	944	32917	4028
552000	82	1180	775	10453	322	959	32304	3794
553000	96	1265	677	10363	434	958	31690	3858
554000	103	1490	676	10017	436	1118	31078	4257
555000	77	1338	620	10388	329	1136	31481	4347
556000	97	1496	740	10163	328	945	31977	4086
557000	92	1055	895	10414	397	812	32541	3414
558000	110	1282	855	10218	350	879	32926	3401
559000	70	1467	557	10512	367	957	31811	4477
560000	105	1569	475	10330	292	1139	32464	3738
561000	65	1567	434	10569	153	1184	32922	3661
562000	70	1577	522	10140	179	1416	31896	4724
563000	82	1555	568	10181	245	1252	31796	4287
564000	123	1470	534	10312	203	1260	31690	4409
565000	99	1341	543	10296	402	1229	31808	5213
566000	106	1525	586	10089	427	1115	30968	4523
567000	149	1168	745	10072	461	1132	32361	4907
568000	218	1427	616	9863	510	1181	30112	4831
569000	100	1318	595	9982	439	1428	31244	5434
570000	93	1520	477	9944	379	1502	31779	5132
571000	87	1443	455	10422	256	1287	31947	5229
572000	100	1570	629	10065	315	1186	30410	4169
573000	90	1347	484	10410	335	1265	30124	4992
574000	95	1419	558	10102	445	1284	30369	4768
575000	105	1474	498	10148	440	1223	30536	4831
576000	105	1464	640	10148	373	1136	31086	4311
577000	80	1589	617	10133	333	1127	31795	3931
578000	97	1441	554	10505	252	1057	32169	3745
579000	116	1337	550	10675	199	973	33272	3083
580000	67	1381	688	10476	82	1131	30764	3459
581000	98	1379	649	10213	97	1418	31649	3839
582000	75	1328	672	10321	186	1278	31437	4402
583000	92	1383	702	10345	239	1044	33015	3691
584000	95	1459	585	10369	260	1152	31615	4033
585000	81	1444	506	10542	270	1115	31885	4223
586000	101	1331	540	10625	298	997	32013	4247
587000	94	1294	622	10667	294	891	33047	3607
588000	97	1428	631	10591	319	846	32228	3007
589000	95	1473	596	10760	273	667	33555	2472
590000	125	1340	645	10860	254	617	33354	2291
591000	111	1187	742	10504	457	772	33062	3446
592000	164	1206	803	10384	367	809	32728	3700
593000	108	1181	746	10455	582	706	31242	3823
594000	81	1511	684	10384	501	699	32107	3380
595000	120	1477	631	10110	650	858	32275	4456
596000	87	1454	672	10474	436	751	32583	3650
597000	85	1488	641	10563	201	889	31378	2953
598000	101	1500	436	10867	230	785	33421	3183
599000	97	1397	606	10976	228	574	34863	2170
600000	72	1326	673	10927	224	609	33858	2736
601000	106	1255	800	11033	145	456	34337	1579
602000	97	1321	710	11145	167	383	35112	1429
603000	85	1397	764	10992	147	376	34290	1502
604000	70	1353	735	11045	95	554	33986	1848
605000	75	1152	890	11171	70	380	34684	1159
606000	80	1256	754	11286	70	300	34449	931
607000	78	1291	609	11483	61	366	35540	1262
608000	70	1466	595	11348	51	319	34111	1054
609000	48	1434	659	11312	35	401	34542	1404
610000	90	1464	768	11033	63	359	34056	1234
611000	115	1156	797	11224	66	393	34880	1208
612000	82	1285	663	11258	78	430	33986	1322
613000	83	1237	614	11284	117	573	34159	1960
614000	81	1449	608	11103	93	563	35136	1813
615000	61	1448	682	10999	121	549	33604	1811
616000	85	1350	780	10936	134	520	34561	2129
617000	74	1272	801	10971	72	549	34285	1854
618000	83	1337	666	11116	103	548	33509	1927
619000	79	1333	626	11282	52	503	35651	1264
620000	94	1198	687	11391	3	424	35984	1274
621000	109	1293	779	11190	4	398	34439	1266
622000	97	1379	653	11344	14	365	35801	1076
623000	74	1338	847	11327	15	208	33778	721
624000	53	1199	729	11532	34	251	34889	966
625000	79	1526	523	11469	26	281	34499	744
626000	83	1393	476	11734	52	203	35492	819
627000	74	1428	569	11591	136	93	34603	603
628000	79	1503	510	11695	69	83	35367	545
629000	82	1456	690	11444	60	127	34172	635
630000	61	1445	503	11818	10	93	36659	317
631000	63	1399	475	11948	23	61	37028	142
632000	72	1366	593	11791	36	56	35845	240
633000	77	1288	768	11577	17	76	35751	386
634000	83	1416	550	11780	1	71	35571	142
635000	94	1449	623	11641	2	49	34640	128
636000	93	1543	739	11336	4	66	33517	114
637000	54	1451	744	11541	0	50	35979	127
638000	35	1522	566	11747	6	61	35240	167
639000	79	1471	530	11761	7	92	35971	254
640000	70	1654	520	11618	9	41	36090	158
641000	85	1300	658	11766	0	38	37653	207
642000	46	1368	624	11721	3	108	35945	393
643000	70	1461	452	11829	6	152	36490	436
644000	70	1315	618	11710	35	102	35509	383
645000	75	1351	739	11541	0	79	36291	264
646000	116	1299	818	11415	28	62	35320	200
647000	97	1430	672	11569	20	44	35267	197
648000	105	1376	637	11696	25	25	36301	251
649000	44	1676	571	11624	0	19	35279	67
650000	125	1386	694	11515	86	8	34846	265
651000	79	1319	732	11626	32	21	36544	197
652000	110	1438	644	11583	57	3	35766	208
653000	72	1302	818	11420	76	47	36228	341
654000	87	1356	710	11538	77	71	35036	371
655000	70	1500	763	11292	82	98	35677	563
656000	97	1398	646	11512	43	134	36343	655
657000	103	1335	669	11625	51	64	36290	402
658000	67	1510	850	11300	23	52	34910	163
659000	59	1419	758	11506	27	20	34506	66
660000	73	1362	616	11767	0	22	36023	44
661000	63	1390	646	11746	0	5	36186	27
662000	63	1448	570	11854	0	7	36384	80
663000	123	1605	591	11462	0	36	34750	76
664000	99	1591	601	11556	2	23	33713	45
665000	97	1556	661	11391	141	0	35946	189
666000	67	1327	624	11660	105	51	36157	535
667000	84	1266	746	11474	121	98	35721	621
668000	80	1185	806	11501	102	68	35687	634
669000	66	1405	840	11446	22	29	36060	149
670000	92	1466	704	11488	29	42	35807	313
671000	47	1501	508	11850	6	60	34740	154
672000	34	1476	647	11644	1	65	34809	148
673000	58	1348	603	11854	3	32	35778	66
674000	86	1189	757	11703	5	8	35768	53
675000	106	1492	564	11740	1	2	36776	3
676000	81	1436	682	11591	41	18	36016	188
677000	72	1257	825	11608	4	28	36229	100
678000	73	1366	695	11636	4	40	35916	96
679000	64	1390	614	11767	0	1	35680	10
680000	89	1269	781	11541	68	4	36033	218
681000	74	1386	844	11440	12	14	36584	103
682000	73	1429	722	11504	1	7	34249	30
683000	79	1315	769	11654	0	14	35450	124
684000	101	1342	570	11740	126	0	35786	332
685000	94	1340	671	11660	78	15	35603	368
686000	51	1298	556	11910	54	64	37807	234
687000	64	1379	648	11516	63	153	36405	582
688000	65	1318	623	11675	55	139	34884	612
689000	69	1115	846	11480	39	179	35385	793
690000	94	1284	775	11380	21	240	33980	552
691000	76	1265	773	11460	107	92	34694	545
692000	90	1307	799	11386	71	106	35699	428
693000	74	1440	566	11770	27	59	36145	250
694000	45	1626	455	11814	8	39	35503	187
695000	58	1551	536	11747	0	11	35510	3
696000	64	1576	564	11626	94	4	35318	176
697000	59	1538	506	11728	51	30	35328	132
698000	110	1650	604	11425	37	45	34425	266
699000	68	1334	637	11762	12	47	34635	130
700000	62	1295	751	11572	52	50	35466	247
701000	55	1401	692	11581	19	65	35452	385
702000	94	1335	695	11593	15	100	37134	294
703000	84	1377	713	11621	9	22	35180	20
704000	93	1444	642	11525	57	95	35537	385
705000	109	1211	682	11590	41	140	35543	708
706000	99	1365	619	11608	46	125	36097	381
707000	60	1390	615	11647	47	86	34519	479
708000	99	1580	552	11559	5	93	35361	420
709000	83	1366	614	11750	3	29	35693	125
710000	85	1406	671	11630	0	8	35648	65
711000	76	1581	460	11769	71	8	36122	255
712000	65	1546	578	11609	35	62	35768	249
713000	72	1363	678	11662	2	118	33618	288
714000	74	1536	686	11452	1	88	34885	276
715000	73	1494	607	11649	5	64	35774	220
716000	63	1496	584	11654	12	102	34511	467
717000	71	1354	626	11689	10	134	35492	475
718000	55	1518	577	11702	8	22	35644	155
719000	57	1531	456	11933	0	0	35359	2
720000	74	1513	517	11651	148	32	36043	330
721000	93	1476	591	11608	116	24	34396	386
722000	98	1272	697	11679	30	59	36627	108
723000	48	1288	679	11711	17	115	37890	266
724000	76	1511	591	11639	0	86	33920	219
725000	81	1486	597	11615	3	63	36247	200
726000	71	1442	631	11664	0	36	34774	159
727000	82	1414	661	11631	0	40	34393	133
728000	120	1341	619	11748	0	11	36058	10
729000	94	1324	823	11402	120	13	36379	416
730000	163	1234	939	11152	101	55	34684	353
731000	87	1310	913	11212	98	48	36314	347
732000	81	1217	757	11574	96	90	37392	457
733000	95	1284	768	11566	29	70	35386	298
734000	84	1218	762	11649	51	41	36680	393
735000	68	1379	717	11518	62	55	35448	390
736000	58	1436	480	11885	50	80	35739	347
737000	58	1405	609	11684	33	79	36418	225
738000	50	1458	599	11654	39	88	34839	299
739000	69	1643	595	11463	9	122	34672	371
740000	68	1473	540	11690	13	118	35969	296
741000	85	1498	665	11518	12	59	33521	220
742000	62	1347	566	11893	0	23	37129	52
743000	54	1633	476	11800	0	0	35510	1
744000	67	1553	646	11413	78	69	34818	306
745000	55	1430	749	11427	91	60	35447	468
746000	78	1344	860	11235	61	140	35381	681
747000	63	1435	616	11571	24	155	34297	390
748000	54	1419	602	11544	20	227	35279	497
749000	71	1357	603	11587	1	294	35954	740
750000	68	1313	590	11655	0	257	35338	720
751000	68	1254	734	11525	26	198	35420	777
752000	51	1391	644	11628	14	162	36469	428
753000	61	1492	557	11508	70	219	34445	856
754000	96	1554	502	11482	79	201	34829	926
755000	80	1308	804	11198	50	297	35865	878
756000	86	1351	702	11146	107	357	34433	1248
757000	82	1418	690	11193	152	263	34597	1326
758000	48	1471	544	11548	90	287	36028	1049
759000	89	1622	563	11182	63	351	34149	1070
760000	85	1560	522	11207	37	523	33665	1555
761000	87	1547	573	11309	43	328	34229	1262
762000	80	1407	754	11178	39	291	36801	1096
763000	89	1485	639	11426	38	195	35631	774
764000	104	1301	753	11353	85	210	34984	736
765000	96	1290	869	11222	45	173	35051	730
766000	91	1331	675	11435	14	271	34515	1102
767000	79	1344	617	11502	77	239	35331	755
768000	79	1458	614	11399	23	299	35300	888
769000	52	1525	571	11516	28	199	33553	770
770000	70	1512	549	11610	18	147	34343	460
771000	57	1381	551	11789	3	116	35682	359
772000	49	1569	625	11531	9	143	35574	394
773000	72	1384	714	11535	8	111	35352	286
774000	76	1334	678	11586	0	157	36327	654
775000	109	1330	631	11553	8	167	35151	574
776000	55	1581	546	11488	1	269	36261	683
777000	111	1293	738	11281	1	340	35579	1110
778000	87	1492	548	11469	11	330	34410	892
779000	69	1473	637	11404	1	289	34125	712
780000	95	1448	576	11376	42	329	34802	949
781000	99	1478	611	11298	26	398	32927	1230
782000	53	1458	482	11570	25	362	35455	1405
783000	93	1490	562	11370	18	363	34423	1231
784000	71	1640	540	11404	34	224	34817	784
785000	96	1582	633	11174	111	229	36201	1118
786000	62	1327	540	11633	122	246	35525	1110
787000	72	1472	611	11288	103	288	35593	1357
788000	63	1295	712	11410	89	286	35967	983
789000	87	1275	743	11296	61	344	35977	985
790000	116	1325	865	11057	68	311	34530	949
791000	46	1267	786	11137	121	425	35258	1207
792000	130	1347	705	11005	166	424	33714	1794
793000	111	1217	766	11023	222	451	33638	2277
794000	102	1143	748	10955	288	520	34571	2169
795000	99	1165	746	11030	260	491	34417	2241
796000	97	1234	809	10822	277	488	33703	2302
797000	91	1378	651	10960	180	615	33247	2080
798000	109	1563	575	10878	266	498	32478	2359
799000	120	1351	719	10829	245	544	32920	2320
800000	51	1436	668	10894	195	628	34257	2473
801000	90	1517	525	10972	243	593	32523	2290
802000	91	1335	651	10702	312	722	33048	2934
803000	99	1314	856	10505	280	680	33158	2724
804000	84	1308	681	10667	344	747	33040	3282
805000	178	1221	696	10577	359	736	32391	3475
806000	125	1330	841	10388	467	583	31693	3259
807000	131	1237	702	10464	483	737	33825	3743
808000	165	1277	767	10093	601	831	31441	4211
809000	154	1084	775	10263	544	925	31956	4217
810000	102	1181	609	10134	618	1187	31897	4719
811000	149	1256	590	9836	710	1339	30736	5998
812000	130	1524	611	9647	677	1284	28775	5509
813000	131	1230	640	10079	547	1208	31457	4842
814000	170	1379	527	9970	499	1307	30208	5690
815000	111	1316	722	9952	387	1347	32024	4559
816000	131	1417	725	9654	495	1371	30128	5442
817000	87	1248	596	9898	564	1484	30898	5445
818000	120	1261	536	9774	616	1575	30857	6082
819000	111	1384	592	9514	624	1627	28510	6833
820000	109	1360	584	9805	466	1554	29678	6237
821000	136	1433	558	9840	374	1503	30537	5935
822000	87	1322	566	9997	446	1482	31213	5490
823000	94	1659	452	9756	442	1510	29420	6138
824000	98	1455	707	9929	365	1243	30084	5014
825000	123	1523	543	10091	300	1286	30768	4701
826000	94	1482	501	10318	199	1330	32133	4391
827000	111	1373	571	10150	238	1445	31342	4347
828000	86	1458	591	9842	344	1535	31438	5233
829000	85	1594	499	9795	426	1550	29017	5769
830000	77	1578	530	9844	439	1429	29545	4875
831000	113	1545	437	10106	310	1449	31271	4960
832000	117	1530	437	10198	307	1362	29988	5592
833000	102	1466	456	10281	312	1314	31037	5008
834000	69	1555	482	10314	341	1157	30851	4579
835000	77	1543	545	10158	351	1222	30444	4832
836000	90	1574	395	10143	382	1425	31283	4642
837000	149	1422	589	9842	442	1409	30088	5589
838000	83	1462	585	9896	415	1442	29650	5740
839000	98	1400	619	9895	374	1439	30452	5573
840000	126	1432	502	9975	360	1491	31007	5544
841000	104	1405	655	9828	336	1525	31105	5584
842000	170	1377	452	10037	328	1552	31151	5806
843000	102	1324	728	9700	448	1498	30440	5941
844000	89	1299	659	10063	259	1464	30988	5313
845000	99	1417	616	10077	279	1390	30284	4794
846000	88	1353	691	10135	179	1421	31116	5107
847000	88	1140	777	9853	278	1598	30106	5173
848000	106	1271	594	9820	332	1699	30385	5754
849000	112	1277	554	10012	395	1556	29214	5474
850000	111	1568	588	9769	410	1378	29785	5856
851000	118	1516	589	9813	526	1319	30079	5630
852000	114	1415	543	10135	456	1273	31248	4753
853000	76	1501	575	10192	298	1208	31521	3786
854000	96	1516	521	10120	347	1325	29925	5055
855000	99	1616	442	10001	485	1320	30580	5099
856000	99	1434	575	10024	367	1365	31157	4885
857000	104	1434	591	10004	308	1446	31189	5236
858000	102	1370	435	10076	298	1685	31306	5546
859000	48	1473	412	9996	369	1697	29334	5552
860000	77	1578	383	9851	392	1678	30029	6146
861000	98	1504	399	9828	369	1767	30324	6159
862000	110	1636	429	9521	452	1822	29126	6459
863000	81	1301	593	9591	509	1767	28651	6334
864000	115	1400	554	9431	622	1800	28222	6987
865000	85	1486	496	9390	524	1948	28614	7156
866000	135	1416	487	9742	465	1678	30052	6140
867000	104	1587	522	9506	474	1717	30392	6556
868000	144	1382	625	9853	425	1436	31176	5537
869000	112	1425	679	9900	300	1374	30410	4753
870000	122	1358	613	9996	374	1384	30729	5061
871000	139	1402	553	9817	577	1398	29692	5581
872000	137	1412	655	9956	503	1141	30747	4484
873000	71	1442	584	10183	469	1103	30192	4717
874000	99	1497	570	10182	453	1086	30720	3983
875000	117	1375	554	10315	437	1074	30554	4316
876000	87	1476	520	10428	525	873	31567	4341
877000	88	1343	643	10409	479	872	32484	4277
878000	141	1265	661	10334	437	995	31596	4128
879000	145	1226	676	10199	372	1211	30985	4985
880000	84	1395	605	10221	337	1230	30356	4641
881000	83	1336	661	10389	272	1057	32403	4176
882000	98	1329	705	10454	250	989	32521	3429
883000	117	1166	672	10713	271	821	34449	3450
884000	99	1367	506	10494	349	1072	32314	4015
885000	79	1419	627	10224	455	1028	32108	4519
886000	106	1370	632	10542	357	839	32027	4032
887000	82	1461	599	10565	170	972	33214	3064
888000	107	1292	612	10598	295	970	33422	3525
889000	98	1431	608	10383	346	1023	31811	4051
890000	101	1356	690	10280	305	1076	32902	3925
891000	71	1377	595	10519	255	1094	32187	4508
892000	64	1567	428	10538	243	1166	31241	3721
893000	87	1627	615	10026	140	1338	31415	4222
894000	68	1388	591	10473	143	1293	33699	4229
895000	88	1381	517	10318	237	1386	31604	4803
896000	89	1316	792	10054	229	1306	30529	4092
897000	107	1523	588	10182	266	1255	31468	4205
898000	101	1546	592	10241	225	1158	31901	4102
899000	92	1314	607	10476	329	1040	31989	4361
900000	75	1400	536	10708	212	995	32222	3487
901000	67	1510	553	10636	249	874	32305	3539
902000	100	1584	564	10505	329	795	32860	2982
903000	95	1501	775	10175	342	878	31620	3407
904000	87	1493	531	10589	309	892	32671	3768
905000	85	1209	541	10869	230	976	32464	3276
906000	101	1359	711	10398	213	1046	31432	3783
907000	98	1186	796	10230	167	1282	31884	4312
908000	139	1413	642	10354	96	1124	33016	3787
909000	86	1297	676	10461	88	1216	33451	3647
910000	126	1186	707	10742	90	963	33636	3159
911000	64	1457	693	10696	129	780	33685	2562
912000	78	1242	785	10801	132	738	34409	2657
913000	93	1196	748	10873	141	753	33711	2841
914000	40	1270	812	10960	93	594	34898	1961
915000	63	1359	751	10867	155	635	33231	2509
916000	91	1361	646	11048	101	629	32877	2045
917000	105	1292	601	11128	82	664	35079	2109
918000	70	1396	608	11132	41	642	33527	2168
919000	87	1371	643	11135	5	592	35095	1773
920000	84	1299	734	11263	4	432	35107	1168
921000	87	1244	765	11295	15	387	35239	1198
922000	59	1352	573	11497	2	444	35391	1155
923000	75	1408	599	11375	12	419	35289	1307
924000	47	1406	562	11396	37	454	36098	1479
925000	69	1647	543	11136	79	433	34983	1600
926000	62	1333	540	11484	29	443	35006	1502
927000	71	1521	554	11249	79	426	32863	1361
928000	100	1459	547	11117	64	594	33888	2234
929000	59	1561	525	11129	28	588	34603	1760
930000	74	1619	538	11095	47	554	33625	2144
931000	71	1382	660	10987	116	637	34360	2113
932000	85	1450	614	11125	62	535	33801	2001
933000	79	1318	604	11287	109	431	34911	1894
934000	92	1536	722	10820	138	492	32908	1882
935000	122	1393	719	10817	117	603	34111	1921
936000	92	1267	670	11265	123	476	35426	2001
937000	133	1398	717	11018	94	450	34991	1630
938000	90	1324	762	11031	67	477	34388	1716
939000	109	1347	760	11045	132	399	34458	2007
940000	95	1388	688	11070	76	525	33857	1501
941000	70	1578	618	11018	42	569	33132	1774
942000	49	1431	553	11224	40	594	32845	1642
943000	87	1514	608	10935	50	621	33515	1801
944000	64	1441	514	11104	27	753	33811	2285
945000	82	1358	742	10827	66	749	34352	2367
946000	122	1511	584	10858	59	739	34220	2075
947000	75	1274	696	11037	116	633	33994	2305
948000	128	1317	656	10898	161	672	32809	2347
949000	92	1177	698	11105	127	609	34950	2091
950000	74	1453	644	10960	112	622	33643	2547
951000	70	1441	468	11373	85	473	35812	1652
952000	89	1495	575	11168	186	370	35013	1885
953000	117	1198	692	11259	169	362	35468	1648
954000	82	1367	698	11151	184	325	34045	1505
955000	55	1372	542	11330	163	450	33820	1833
956000	112	1248	584	11331	113	447	33983	1483
957000	77	1535	676	10913	130	484	34832	1823
958000	79	1497	603	11024	139	515	34360	2057
959000	65	1460	556	11244	117	462	34668	1423
960000	110	1348	712	11215	112	319	35558	1259
961000	83	1317	601	11580	104	221	36023	969
962000	66	1416	441	11573	154	332	34349	1319
963000	91	1384	638	11288	228	232	35331	1301
964000	95	1411	639	11145	257	314	34085	1401
965000	102	1223	703	11127	211	454	34063	2100
966000	123	1224	830	10729	286	508	34967	2437
967000	100	1216	696	10923	292	560	33804	2493
968000	121	1390	754	10594	239	635	32924	2705
969000	60	1508	497	10967	188	705	33337	2536
970000	93	1625	409	10839	172	854	33145	2318
971000	87	1390	545	10827	135	933	32004	3390
972000	87	1551	578	10517	88	1110	32367	3144
973000	60	1678	407	10910	97	848	32619	2885
974000	88	1560	540	10793	105	823	32657	2640
975000	84	1523	495	10860	139	833	32551	2558
976000	62	1394	624	10903	133	745	33631	2641
977000	115	1268	696	11075	129	540	32778	1976
978000	91	1384	655	11056	231	472	33938	1952
979000	97	1301	568	11335	128	451	34862	1634
980000	98	1414	578	11147	159	424	34425	1803
981000	83	1495	527	11308	146	382	35472	1779
982000	110	1393	714	11067	107	415	35646	1434
983000	76	1232	609	11332	91	544	35785	1881
984000	100	1233	620	11262	98	527	35720	1725
985000	47	1354	525	11351	90	549	36607	1843
986000	55	1386	560	11303	61	607	34170	1919
987000	98	1420	770	10777	54	664	34969	1997
988000	81	1406	737	10949	65	536	34003	1622
989000	104	1385	710	11064	70	433	34346	1682
990000	93	1472	554	11272	40	444	33092	1560
991000	79	1577	494	11346	35	375	34185	1318
992000	72	1588	637	11203	46	317	34452	1043
993000	80	1451	521	11561	26	264	35715	1001
994000	65	1510	521	11574	2	270	35671	779
995000	68	1327	629	11561	31	242	35351	777
996000	63	1332	682	11593	18	173	35648	628
997000	68	1287	837	11437	20	99	35759	320
998000	46	1287	731	11533	41	119	36275	376
999000	64	1240	800	11560	24	99	35673	277
