0	0	0	0	14400	0	0	0	0
1000	18	417	640	12706	69	37	22909	218
2000	33	405	940	12151	36	148	23429	296
3000	39	432	967	12031	28	147	21908	372
4000	46	410	1150	11780	38	126	22668	255
5000	66	417	1061	11988	2	119	21159	204
6000	34	372	1141	11941	1	105	22780	275
7000	33	434	1038	12024	4	94	22711	155
8000	37	391	1248	11693	2	150	22477	266
9000	27	381	1353	11670	15	60	21568	234
10000	46	454	1380	11550	7	31	20245	44
11000	56	363	1452	11470	1	63	21934	96
12000	44	380	1277	11798	0	11	21405	40
13000	50	414	1085	12024	0	39	22515	61
14000	42	376	1141	11919	0	123	22327	133
15000	35	433	1438	11435	0	132	21622	260
16000	44	419	1384	11472	0	86	21882	189
17000	59	322	1468	11495	0	84	23130	283
18000	44	409	1662	11059	103	0	22821	99
19000	51	367	1646	10907	259	74	21402	560
20000	81	319	1703	10783	228	119	21920	460
21000	75	425	1669	11002	66	113	21554	303
22000	45	429	1518	11120	63	193	20858	446
23000	39	459	1566	11028	33	146	21570	326
24000	58	366	1318	11501	50	224	21898	545
25000	32	380	1344	11441	9	251	21665	418
26000	46	455	1483	11225	2	177	21639	242
27000	45	401	1395	11294	12	292	21332	453
28000	51	462	1317	11371	55	239	22213	488
29000	65	354	1431	11322	89	145	21501	437
30000	56	430	1054	11703	127	259	22216	750
31000	42	412	1105	11543	133	357	21053	833
32000	63	429	1240	11579	128	135	22188	330
33000	38	444	1419	11270	111	204	21753	481
34000	57	433	1241	11569	89	143	21767	475
35000	35	349	1471	11288	18	240	22705	339
36000	47	357	1346	11319	48	339	22267	610
37000	47	409	1368	11118	34	478	21641	746
38000	75	363	1443	10995	170	366	21323	1029
39000	41	408	1245	11235	156	430	21569	1068
40000	61	388	1183	11471	115	369	22036	940
41000	39	428	1062	11483	90	600	21523	890
42000	67	399	1172	11275	73	575	20942	994
43000	57	453	1149	11564	41	284	21430	582
44000	31	404	1310	11544	20	198	21836	327
45000	43	424	1381	11438	13	177	21882	495
46000	59	423	1817	10631	18	243	21932	409
47000	104	266	1788	10618	99	290	21235	872
48000	75	393	1986	9931	155	522	20048	888
49000	80	377	1947	9720	192	739	19374	1662
50000	94	455	1825	10128	74	609	20381	1146
51000	51	352	1550	10811	84	507	20865	1038
52000	69	403	1279	11167	88	505	21427	1150
53000	57	402	1043	11584	13	471	22220	973
54000	39	472	1049	11803	38	243	20800	490
55000	44	385	1133	11913	8	115	21967	270
56000	43	412	1322	11526	7	107	22617	259
57000	46	385	1199	11977	0	16	22422	71
58000	68	409	1456	11500	0	21	21820	4
59000	45	373	1564	11281	64	17	21238	260
60000	70	405	1288	11654	7	68	22820	206
61000	56	437	1545	11222	5	62	22120	80
62000	43	416	1357	11643	0	61	21555	116
63000	44	334	1354	11544	30	123	21846	159
64000	47	429	1261	11639	57	112	20900	260
65000	37	461	1257	11633	51	67	22194	157
66000	54	398	1238	11724	61	21	22141	100
67000	67	468	1431	11415	18	24	21013	43
68000	68	401	1421	11504	3	0	20802	3
69000	72	427	1645	11078	32	28	21254	89
70000	60	438	1599	11048	5	180	21039	180
71000	69	381	1327	11553	3	126	21376	62
72000	73	409	1527	11145	5	151	21804	304
73000	55	434	1795	10757	56	105	21109	365
74000	44	346	1945	10618	43	76	21274	216
75000	53	383	1565	11142	82	131	20913	347
76000	46	444	1262	11528	89	174	22062	472
77000	62	403	1422	11289	97	99	21987	348
78000	88	327	1427	11258	94	271	22269	420
79000	73	373	1652	10865	51	211	21167	413
80000	64	396	1328	11350	51	252	21464	429
81000	57	403	1365	11313	43	267	21420	566
82000	37	420	1242	11663	34	190	22078	291
83000	34	392	1320	11530	34	186	21676	322
84000	52	415	1337	11448	76	182	22473	420
85000	49	381	1415	11511	5	67	22618	139
86000	38	404	1255	11669	23	111	21827	195
87000	72	395	1347	11497	44	70	22103	245
88000	32	425	1121	11890	31	170	20710	342
89000	57	399	1137	11915	21	92	22009	113
90000	27	432	924	12180	28	110	21713	248
91000	43	368	1212	11890	18	63	22019	194
92000	47	474	1252	11584	13	137	22186	201
93000	38	407	1093	12015	2	39	22399	50
94000	54	378	1281	11733	0	62	22470	94
95000	38	392	1226	11789	0	83	21309	44
96000	61	368	1304	11772	0	8	21730	0
97000	43	404	1053	12016	109	0	21333	54
98000	37	431	1147	11857	96	17	21863	323
99000	46	412	1236	11762	42	36	22014	130
100000	38	401	1200	11950	27	1	22344	18
101000	45	375	1271	11702	41	26	21775	165
102000	33	431	1388	11521	61	17	21861	159
103000	72	418	1418	11424	120	15	20444	255
104000	32	382	1280	11672	94	76	21995	208
105000	64	450	1514	11176	132	60	20502	426
106000	68	358	1320	11589	126	39	21703	270
107000	74	403	1771	10599	172	148	21539	632
108000	54	462	1723	10808	111	98	21677	416
109000	65	392	1947	10386	83	227	20706	562
110000	92	318	1935	10471	137	195	21180	660
111000	96	382	1777	10420	119	355	20160	793
112000	78	373	2110	10030	185	260	19985	854
113000	57	354	1877	10662	136	142	21110	430
114000	87	354	1941	10415	142	159	20567	717
115000	80	426	1947	10334	96	240	20032	503
116000	67	401	1876	10484	91	201	20555	516
117000	46	384	1503	11216	20	184	21594	327
118000	57	357	1553	11243	44	94	22105	259
119000	67	332	1761	10977	6	94	21270	195
120000	85	354	1734	10904	0	113	21613	267
121000	69	423	1970	10411	17	168	20449	248
122000	76	432	1736	10755	18	185	21930	351
123000	56	387	2181	10271	0	59	20171	82
124000	83	352	1971	10689	0	0	21767	1
125000	84	340	2298	10052	85	1	20865	129
126000	96	425	2779	9177	5	43	20471	24
127000	101	378	2928	9043	33	4	20785	53
128000	114	356	2562	9411	129	52	20044	350
129000	69	394	2503	9531	92	122	20281	275
130000	102	391	1926	10632	47	15	20613	72
131000	54	358	1640	11223	0	25	21835	69
132000	49	434	1664	11175	0	0	22089	5
133000	70	357	1803	10718	182	78	21329	415
134000	70	371	1726	10912	103	85	21965	318
135000	52	357	1437	11512	48	35	22466	149
136000	40	398	1382	11635	0	1	21626	0
137000	29	383	1234	11866	22	7	23036	84
138000	40	414	1510	11343	30	34	21602	144
139000	70	378	1438	11449	48	83	22748	217
140000	50	344	1658	10993	83	125	21614	380
141000	65	380	1712	10706	193	224	20858	571
142000	86	376	1830	10552	158	194	21881	546
143000	69	379	1719	10729	102	245	21460	518
144000	73	399	1774	10646	69	257	21334	561
145000	42	387	1649	11026	24	174	20661	369
146000	45	361	1633	11116	43	99	20119	271
147000	40	396	1515	11218	31	181	21384	267
148000	40	385	1411	11494	14	107	20842	273
149000	63	421	1581	11110	40	99	22127	141
150000	70	422	1797	10875	0	49	21174	125
151000	58	437	1671	11081	17	1	21962	22
152000	41	479	1341	11551	85	2	21069	73
153000	31	380	1515	11310	90	14	22262	95
154000	52	408	1314	11638	67	17	22599	119
155000	36	407	1405	11503	48	44	22037	188
156000	77	417	1417	11456	31	6	21440	142
157000	85	364	1895	10746	0	1	21167	0
158000	58	352	1592	11269	16	79	21308	173
159000	57	441	1369	11511	2	51	21267	131
160000	29	377	1622	11269	0	28	22279	52
161000	57	365	1490	11441	0	3	20866	13
162000	36	468	1170	11669	143	22	22525	232
163000	42	403	1471	11441	12	43	21540	55
164000	48	441	1107	11918	51	69	22124	184
165000	38	460	1096	11926	11	109	22450	169
166000	22	427	1198	11795	5	103	22336	341
167000	38	398	1120	11871	19	133	21709	324
168000	18	452	1015	12081	58	79	22580	211
169000	41	382	1089	11992	58	25	22344	189
170000	58	348	1465	11502	5	33	22908	68
171000	63	384	1510	11334	9	83	21329	91
172000	61	426	1420	11293	105	156	20023	592
173000	54	398	1542	11129	38	214	21341	472
174000	61	411	1723	10910	90	43	21186	187
175000	59	422	1475	11196	138	73	20587	417
176000	32	432	1199	11871	70	2	24371	193
177000	49	370	1467	11509	57	51	21292	207
178000	44	354	1306	11697	31	49	22322	182
179000	54	392	1528	11377	58	9	22284	109
180000	45	386	1548	11446	19	0	22352	8
181000	50	330	1636	11267	19	6	22477	22
182000	62	336	1504	11425	5	16	22467	26
183000	39	423	1298	11775	13	10	22993	28
184000	52	433	1361	11596	0	0	22579	2
185000	25	446	1151	11875	73	19	22339	130
186000	36	428	1015	12041	140	24	23052	343
187000	28	422	1185	11876	23	38	22039	105
188000	59	357	1629	11246	0	52	20875	86
189000	52	395	1318	11690	4	29	22967	73
190000	35	397	1342	11681	56	7	22247	80
191000	47	378	1589	11313	1	3	22266	31
192000	63	364	1639	11113	92	11	22162	280
193000	81	470	1805	10760	9	26	21995	43
194000	55	395	1576	11248	0	3	22531	3
195000	41	385	1582	11185	124	18	21932	326
196000	44	356	1548	11226	131	100	21629	416
197000	39	400	1513	11218	94	127	21312	279
198000	43	395	1541	11274	22	85	21732	280
199000	82	347	1744	11076	20	0	21150	47
200000	68	374	1504	11369	75	14	22062	190
201000	34	456	1459	11477	53	0	21128	191
202000	27	387	1218	11931	0	15	22858	35
203000	30	457	1292	11716	0	31	22297	46
204000	36	400	1243	11793	0	41	22808	38
205000	44	452	1556	11259	0	28	21169	52
206000	65	371	1672	11208	0	10	21830	2
207000	67	358	1680	11024	141	0	21608	139
208000	68	345	1638	11027	104	106	21783	466
209000	42	433	1360	11483	6	161	21111	279
210000	51	448	1350	11469	0	178	22885	202
211000	42	433	1646	10896	18	276	20500	488
212000	74	435	1590	11011	3	233	20640	470
213000	64	405	1539	11184	13	131	21360	171
214000	37	455	1521	11168	26	142	20842	241
215000	43	403	1440	11287	6	178	22476	330
216000	58	430	1219	11745	0	42	21380	114
217000	30	467	988	12162	2	37	23038	66
218000	38	467	1002	12168	1	38	21880	13
219000	22	355	1175	11970	2	44	21979	73
220000	51	485	1146	11882	0	17	22238	23
221000	36	482	1206	11800	0	25	22854	12
222000	23	349	1190	11921	94	1	21913	201
223000	38	432	1137	12009	25	12	21590	64
224000	49	422	1241	11772	24	18	22307	51
225000	57	462	1296	11622	0	43	21835	34
226000	45	395	1306	11615	3	151	22139	203
227000	39	378	1209	11570	38	314	21150	511
228000	35	377	988	12053	6	191	22303	522
229000	22	335	1114	11887	30	204	21558	375
230000	27	395	1163	11811	13	201	22471	303
231000	32	428	1201	11684	34	183	22098	427
232000	60	379	1510	11174	21	243	21602	485
233000	45	471	1275	11619	14	102	22113	148
234000	37	396	1179	11970	0	44	22027	106
235000	64	403	1513	11360	0	41	22710	85
236000	44	461	1423	11460	0	51	21269	42
237000	54	436	1805	10822	12	99	21526	373
238000	68	359	1638	10978	60	153	22222	392
239000	47	315	1605	11027	78	231	21289	435
240000	48	403	1442	11293	85	157	20635	364
241000	73	443	1400	11152	104	248	20706	470
242000	46	417	1418	11183	105	251	21883	535
243000	75	436	1502	10952	32	375	21272	554
244000	68	367	1553	10822	70	467	21275	1005
245000	56	378	1482	10960	129	397	21381	974
246000	42	377	1548	10670	81	678	21146	1216
247000	47	400	1436	10845	133	559	20400	1329
248000	72	346	1299	11006	179	588	21078	1571
249000	63	381	1388	10622	150	849	21005	1754
250000	35	375	1320	11284	148	370	21869	807
251000	34	403	1058	11533	159	446	21877	939
252000	28	472	998	11419	139	602	20436	1267
253000	36	411	1186	11147	163	659	21760	1260
254000	63	442	1164	11022	132	726	21020	1389
255000	47	419	1343	10973	138	542	20624	1236
256000	48	421	1287	10887	83	795	20675	1665
257000	74	400	1515	10223	126	1019	19669	1869
258000	77	445	1513	9981	99	1235	20322	2215
259000	64	388	1845	9996	119	766	20582	1391
260000	68	414	2078	9743	240	431	19522	1018
261000	68	370	1960	10094	183	478	19997	963
262000	71	434	1481	10902	83	470	19984	888
263000	84	381	1636	10687	99	371	20862	763
264000	38	425	1842	10293	113	433	21377	1028
265000	71	391	1792	10513	111	258	21812	755
266000	55	428	1733	10813	17	209	20951	284
267000	48	373	1771	10882	19	127	21883	343
268000	43	352	1658	11083	37	156	22399	382
269000	55	449	1731	10744	69	174	20411	345
270000	49	413	1301	11634	75	38	22414	310
271000	51	401	1541	11182	96	80	22417	322
272000	78	437	1432	11283	113	99	21933	268
273000	53	441	1645	10885	48	264	21742	591
274000	53	408	1720	10867	8	187	21037	505
275000	65	481	1869	10457	59	247	21141	584
276000	48	376	1400	11380	61	169	21465	433
277000	46	374	1304	11366	77	258	22442	668
278000	64	423	1562	11006	97	181	20953	395
279000	56	464	1584	10978	104	112	20450	397
280000	59	387	1638	10992	118	132	21508	296
281000	82	428	1737	10690	50	244	20700	407
282000	47	458	1798	10603	24	311	21409	713
283000	66	372	1515	11085	74	279	20332	697
284000	54	411	1492	11145	25	261	21658	562
285000	45	392	1815	10561	21	289	20014	452
286000	65	335	1720	10739	60	320	21191	511
287000	81	368	1665	10862	119	178	21067	497
288000	83	412	1724	10638	126	327	20265	715
289000	66	418	1852	10325	139	363	21130	585
290000	89	358	2179	9905	69	365	20444	649
291000	100	415	1960	10134	65	378	20815	737
292000	76	467	1777	10146	121	640	19263	1224
293000	55	318	1579	10702	193	554	20659	1209
294000	45	392	1541	10715	168	559	21354	1250
295000	71	349	1586	10241	258	844	21699	1810
296000	57	368	1460	10286	359	859	20085	2098
297000	68	390	1398	10538	345	709	20091	2089
298000	69	394	1534	10454	336	560	19798	1381
299000	78	386	1514	10588	148	642	21033	1327
300000	59	423	1258	10961	138	668	21076	1403
301000	30	395	1333	11157	133	518	21036	1068
302000	76	403	1480	10832	149	423	20579	1128
303000	74	399	1636	10448	216	504	20909	993
304000	85	420	1762	10281	246	434	20437	1069
305000	71	405	1682	10458	158	536	20293	1231
306000	86	359	1866	10104	150	629	19449	1465
307000	89	368	1717	10358	104	645	20765	1598
308000	52	455	1442	10673	180	631	21437	1206
309000	41	373	1477	10578	183	706	19424	1357
310000	76	398	1511	10246	131	989	20139	2178
311000	70	372	1560	9983	121	1222	20094	2101
312000	51	373	1541	9926	253	1241	19826	2641
313000	64	356	1617	9855	254	1161	19443	2532
314000	59	346	1683	9834	302	1037	19447	2126
315000	78	339	1604	10154	514	644	20104	1713
316000	61	392	1361	10416	374	890	20305	2264
317000	54	378	1189	10266	244	1403	19420	2968
318000	62	405	1184	10319	163	1416	19524	2246
319000	64	437	1122	10656	160	1141	19373	2203
320000	59	398	1212	10713	99	1031	20094	2404
321000	45	415	1317	10967	123	648	21143	1288
322000	53	425	1387	10869	108	587	20943	1113
323000	76	363	1748	10140	208	625	22122	1588
324000	51	352	1851	10013	124	806	19831	1442
325000	32	482	1443	10671	139	696	20345	1677
326000	71	371	1626	10321	236	712	21429	1955
327000	57	392	1711	10118	302	703	20206	1948
328000	59	396	1588	10378	269	630	20310	1595
329000	53	369	1850	10064	390	505	20641	1522
330000	84	387	1708	10145	318	646	20004	1709
331000	86	397	1952	9738	272	617	20619	1369
332000	58	419	1563	10388	231	668	20666	1516
333000	67	348	1533	10418	286	648	21020	1636
334000	65	381	1596	10518	211	497	20727	1220
335000	58	347	1430	10667	135	799	20247	1651
336000	50	361	1478	10185	153	1158	20090	2006
337000	48	353	1305	10204	117	1423	20099	2454
338000	31	360	1240	10201	99	1621	18397	2746
339000	36	412	961	10378	195	1786	19620	3248
340000	42	433	948	10539	137	1582	19821	2772
341000	69	401	860	10518	240	1656	20016	3047
342000	40	426	855	10397	260	1785	19107	3276
343000	54	343	800	10772	273	1527	19539	3021
344000	43	469	854	10589	199	1610	19656	3325
345000	59	388	1145	10293	241	1487	18863	2715
346000	46	426	1073	10110	355	1637	18730	3373
347000	39	421	1318	9882	273	1587	19460	2874
348000	41	391	947	10858	211	1241	18907	2388
349000	60	421	1395	10030	196	1406	19515	2820
350000	52	392	1552	9734	216	1431	19606	2652
351000	42	345	1618	9777	196	1358	19002	2683
352000	42	415	1443	9912	329	1236	18807	2552
353000	74	427	1584	9696	257	1247	19339	2637
354000	37	464	1638	9765	128	1260	18122	2380
355000	69	429	1319	10018	227	1375	19160	2941
356000	67	371	1511	9515	362	1561	18936	3562
357000	47	375	1606	9627	293	1363	20011	2721
358000	67	366	1621	9983	310	995	19974	2129
359000	59	475	1486	9979	292	1094	20051	2416
360000	46	398	1483	10064	393	1053	19266	2406
361000	67	360	1451	10101	379	1064	19724	2141
362000	53	371	1439	10092	371	1107	20196	2432
363000	49	417	1698	9375	375	1351	18925	3204
364000	71	379	1577	9350	422	1586	18764	2902
365000	87	399	1810	8801	479	1616	17245	3208
366000	68	373	1680	9195	325	1585	18775	3093
367000	79	373	1436	9623	337	1557	18481	3113
368000	66	350	1261	9410	394	2039	19153	4287
369000	76	418	1411	8692	375	2456	17138	4493
370000	75	369	1380	8455	500	2655	16574	5193
371000	95	395	1260	8946	579	2182	17001	4437
372000	133	340	1844	8566	728	1589	17757	3940
373000	116	363	1765	8328	945	1691	17812	4370
374000	101	358	1669	8061	966	2101	16551	4408
375000	101	333	1334	8247	1030	2404	16023	5645
376000	74	434	1199	8256	1093	2488	16272	6364
377000	92	334	1479	8509	910	2023	17380	5238
378000	63	335	1309	8500	1010	2281	16265	5647
379000	68	378	1286	8295	1107	2369	16211	5806
380000	76	458	1460	7668	1075	2677	15691	5958
381000	77	397	1329	8020	1239	2405	16370	5780
382000	73	391	959	8463	1114	2681	15508	6815
383000	67	405	1133	8074	1141	2784	15557	6880
384000	107	333	1229	7492	1189	3158	15406	7870
385000	92	341	1188	7344	941	3651	14215	8354
386000	64	324	1178	7048	945	4057	14336	8525
387000	69	346	1135	7056	1135	3849	14051	8714
388000	85	362	1150	6407	1482	4081	13240	9260
389000	150	364	1348	6380	1395	3732	13026	8453
390000	138	337	1519	6440	1296	3591	12862	8403
391000	107	353	1389	6396	1642	3421	13837	8921
392000	131	360	1436	6280	1705	3482	13443	9087
393000	124	380	1508	5848	1941	3536	12474	9613
394000	94	346	1452	5346	2082	4077	11750	10232
395000	121	324	1549	5353	2334	3696	11791	9599
396000	137	295	1424	5224	2356	3927	11349	10204
397000	118	321	1306	5175	2372	4120	10798	11176
398000	112	284	1123	4793	2453	4784	10619	13003
399000	102	305	1143	4736	2617	4662	9966	12357
400000	170	319	1093	4949	2566	4460	10003	11557
401000	133	367	1351	4718	1917	4949	10234	11619
402000	103	297	1339	5048	2060	4601	10386	11796
403000	80	348	1265	5694	1746	4406	11382	10226
404000	111	347	1352	5866	1780	4060	12226	9745
405000	119	347	1381	5795	1796	3983	12189	9863
406000	121	314	1585	5601	1713	3921	12432	9964
407000	94	307	1386	6199	1684	3751	12661	9456
408000	99	321	1540	6378	1435	3623	13429	8185
409000	76	378	1533	6217	1260	3912	12755	9350
410000	114	315	1410	6268	1198	4141	12391	9197
411000	79	351	1151	6562	1328	4111	12867	8694
412000	115	314	1272	6361	1454	3946	12546	8983
413000	113	339	1370	6688	1466	3445	13872	7682
414000	85	341	1352	6757	1520	3405	14224	7949
415000	74	328	1515	7088	1554	2804	15049	7540
416000	115	403	1516	7199	1266	2839	14321	7378
417000	104	364	1536	7110	1084	3145	15042	7241
418000	87	363	1235	7753	1056	3024	14584	7167
419000	80	334	1174	7569	1226	3151	14729	7405
420000	96	400	1345	7252	1283	3035	15291	7496
421000	121	291	1875	7261	1110	2464	15725	6192
422000	115	354	1825	7567	1006	2340	16098	5637
423000	94	375	1479	7918	1124	2375	16409	5660
424000	77	352	1725	7743	952	2365	15078	5330
425000	106	341	1775	7986	800	2256	16904	5262
426000	89	409	1606	7830	794	2634	16220	5679
427000	110	320	1425	7871	1090	2552	15390	6445
428000	91	430	1653	8116	987	2042	16396	5073
429000	103	375	1797	7883	1259	1743	15542	5379
430000	107	389	2270	7753	788	1511	17891	4154
431000	122	420	2347	7475	768	1682	15840	4661
432000	85	328	2215	8013	845	1477	17945	3791
433000	91	364	1756	8886	758	1381	18303	3336
434000	95	253	2137	8773	617	1100	17946	3196
435000	106	405	1903	9030	571	1079	18674	2909
436000	87	352	1988	9146	403	1095	19037	2736
437000	95	377	1808	9420	566	920	19314	2721
438000	44	336	1490	9654	536	1303	18784	3009
439000	55	432	1449	9963	347	1175	19326	2774
440000	49	393	1248	9787	517	1537	19384	3299
441000	57	384	1111	9929	363	1790	18639	3441
442000	62	359	1261	9599	386	1834	18049	3976
443000	41	329	1396	9422	484	1799	18531	3642
444000	103	342	1394	9223	607	1763	18656	4448
445000	68	397	1577	9537	544	1255	19284	3114
446000	67	370	1446	10149	664	752	18834	2308
447000	59	434	1458	10233	516	718	19624	2268
448000	72	338	1846	9602	487	841	19731	2084
449000	93	392	1626	9987	505	685	18896	1913
450000	103	361	1845	9320	592	926	18833	2465
451000	87	374	1950	9256	323	1116	19451	2208
452000	69	393	1549	9831	451	1091	20173	2856
453000	73	386	1239	10118	533	1204	18761	2954
454000	54	440	1357	10270	391	1013	18906	2259
455000	69	430	1081	10943	324	757	20642	1899
456000	71	375	1380	10448	378	814	20376	1643
457000	48	422	1354	10454	275	890	20653	2319
458000	57	415	1727	9678	312	1083	18718	2102
459000	59	391	1774	9558	349	1059	19396	2726
460000	49	405	1566	9928	294	1093	19298	2568
461000	72	371	1816	9719	229	988	18931	2028
462000	48	380	1630	10138	152	959	19094	1701
463000	92	391	1545	10236	226	836	20389	1776
464000	42	415	1803	10373	44	570	21501	1311
465000	75	424	1426	10518	174	753	20370	1607
466000	37	386	1326	10545	157	1075	20301	2241
467000	39	435	1573	10312	132	840	19334	1716
468000	62	445	1250	11043	103	630	21075	1168
469000	57	429	1583	10458	87	653	20539	1370
470000	52	393	1539	10457	215	700	20635	1522
471000	48	399	1359	10596	164	906	20371	1421
472000	62	438	1403	10541	174	796	20632	1818
473000	38	382	1410	10497	173	917	20623	2005
474000	51	371	1463	10222	140	1135	20097	2054
475000	58	397	1480	10050	366	1014	19498	2342
476000	96	324	1704	9522	592	1033	17947	2662
477000	84	399	1858	9438	442	982	19791	2642
478000	91	370	1907	9403	525	813	18760	2257
479000	72	438	1966	9376	468	747	19251	2370
480000	111	372	1914	9620	333	864	19241	1949
481000	40	420	1443	10130	454	941	20098	2324
482000	49	408	1448	10231	334	917	19774	2268
483000	78	371	1680	10230	221	717	20074	1751
484000	69	417	1595	10306	239	618	19708	1504
485000	79	384	2058	9744	166	620	21002	1189
486000	115	348	2138	9634	166	535	20030	1136
487000	85	348	1951	10057	199	432	20237	973
488000	78	327	1881	10137	251	380	21067	1054
489000	83	353	1931	10115	292	292	20556	756
490000	64	358	1947	9731	408	564	21292	1891
491000	57	476	1653	9903	316	826	19885	2317
492000	90	340	1622	9972	368	893	19395	2327
493000	55	415	1796	9807	385	801	19241	1869
494000	61	366	1744	9674	486	1004	20378	2154
495000	54	387	1609	9976	277	1103	20522	2183
496000	69	316	1706	9808	332	1018	18173	2070
497000	77	378	1337	10468	299	892	20674	2034
498000	67	426	1219	10789	209	816	21198	1414
499000	47	429	1300	10991	116	635	20703	1161
500000	55	378	1171	11049	169	737	22063	1456
501000	59	386	1228	11098	151	661	21457	1385
502000	27	361	1318	10755	268	742	20245	1935
503000	45	401	1291	10926	208	640	20276	1409
504000	44	377	1244	11153	249	500	21110	1595
505000	50	427	1344	11004	96	547	19805	1285
506000	60	425	1321	11066	96	563	22466	1030
507000	43	474	1229	11300	110	369	21376	786
508000	36	362	1476	10954	109	485	21193	999
509000	56	435	1552	10983	139	273	20805	686
510000	60	366	1610	11127	70	188	21128	306
511000	55	326	1617	11140	82	106	21838	349
512000	39	398	1258	11568	15	208	22521	464
513000	41	426	1124	11866	7	165	21913	184
514000	47	423	1121	11944	8	62	21897	98
515000	51	414	1386	11366	61	215	21233	278
516000	34	405	1193	11647	36	334	21508	774
517000	46	405	1098	11717	38	286	21813	490
518000	56	475	1190	11431	96	282	22177	643
519000	38	413	1167	11682	33	201	21489	375
520000	37	404	1192	11667	49	222	21810	452
521000	45	406	1062	11894	123	181	22074	535
522000	46	420	1084	11874	72	135	22180	264
523000	59	412	1175	11752	66	102	21053	383
524000	54	409	1365	11461	60	122	21712	366
525000	45	462	1203	11737	0	98	20431	200
526000	66	357	1597	11224	7	17	21285	123
527000	72	412	1526	11281	1	75	22493	148
528000	56	370	1309	11616	6	80	22288	98
529000	40	434	1410	11538	0	70	22334	104
530000	44	425	1285	11631	8	132	22553	257
531000	49	436	1331	11519	9	136	22296	278
532000	43	437	1391	11454	62	39	21778	173
533000	32	412	1531	11344	35	7	21292	127
534000	36	351	1725	11063	101	6	22574	177
535000	85	397	1675	11115	0	3	22361	35
536000	54	430	1728	10964	27	15	21941	72
537000	51	362	1877	10857	0	3	22721	0
538000	56	398	1556	11223	87	65	22294	139
539000	35	396	1058	12030	93	65	21539	328
540000	36	404	1029	12057	71	51	22355	187
541000	41	386	1253	11791	8	70	21542	196
542000	49	355	1672	11156	0	7	21981	6
543000	43	353	1362	11591	117	31	22283	250
544000	49	406	1162	11810	72	114	22636	287
545000	31	424	1153	11913	38	87	21688	209
546000	41	411	1305	11483	4	288	21619	397
547000	42	449	1363	11408	17	163	21381	357
548000	50	487	1899	10670	2	84	21431	200
549000	64	325	2551	9605	10	147	20572	338
550000	80	437	2240	9813	9	273	20003	437
551000	77	379	2327	9964	21	65	20531	125
552000	105	373	1928	10402	76	148	20627	340
553000	86	373	1646	11114	6	74	21579	184
554000	46	388	1547	11349	26	35	21116	74
555000	41	454	1264	11728	46	5	21874	49
556000	37	435	1558	11298	57	13	22193	158
557000	46	399	1563	11280	18	52	21240	150
558000	56	354	1440	11598	20	35	21507	23
559000	39	411	1709	11079	0	22	22660	7
560000	98	462	1750	10881	8	26	20881	20
561000	78	354	1882	10838	8	54	21443	123
562000	69	439	1665	10992	108	3	22021	165
563000	51	393	1655	11153	87	32	21118	209
564000	73	347	1879	10788	70	7	21274	187
565000	71	307	1856	10914	23	4	21545	61
566000	62	380	1633	11112	105	0	22083	26
567000	47	456	1224	11686	63	63	22218	148
568000	43	457	1208	11755	45	41	22585	280
569000	49	432	1515	11344	6	10	21160	58
570000	31	360	1317	11839	0	3	22684	14
571000	53	433	1376	11627	0	3	21100	0
572000	54	371	1309	11460	194	87	22385	552
573000	47	351	1328	11452	209	101	22028	551
574000	50	350	1349	11524	84	100	21931	452
575000	53	457	1475	11267	47	70	21262	328
576000	49	403	1546	11157	74	99	21498	213
577000	40	333	1570	11279	32	102	21131	321
578000	42	375	1504	11330	22	75	22268	281
579000	38	383	1485	11348	31	143	22253	406
580000	37	394	1280	11708	39	31	21836	37
581000	44	467	1245	11738	21	2	21527	39
582000	55	404	1207	11668	119	4	21957	294
583000	37	388	1320	11660	71	62	22890	335
584000	51	363	1357	11441	94	172	22667	423
585000	32	413	1230	11518	113	206	20589	561
586000	76	431	1427	10901	320	256	20215	838
587000	45	367	1676	10729	248	231	20839	812
588000	46	423	1607	10928	105	211	21165	548
589000	36	303	1481	11382	89	149	21907	385
590000	46	371	1309	11465	107	183	22856	511
591000	56	333	1696	11059	39	87	22793	268
592000	90	368	1586	11101	34	82	20935	183
593000	60	370	1554	11182	67	111	22235	302
594000	71	410	1747	10875	57	59	20947	226
595000	42	341	1143	11981	42	32	22471	112
596000	33	385	1262	11842	14	13	21995	36
597000	39	373	1247	11873	0	32	22736	26
598000	32	430	1348	11631	0	49	21203	60
599000	45	381	1413	11535	10	62	21770	148
600000	28	381	1191	11924	0	58	21101	82
601000	39	410	1299	11744	0	10	22826	32
602000	68	425	1425	11544	0	2	22150	16
603000	39	451	1350	11481	90	46	21132	261
604000	62	460	1587	11060	67	37	20631	217
605000	63	388	1658	11024	119	18	20775	184
606000	115	376	2194	10195	56	44	20622	207
607000	84	278	1997	10611	3	62	22194	155
608000	44	504	1779	10722	31	185	20727	492
609000	46	353	1747	10792	73	256	21173	459
610000	35	429	1377	11455	135	125	21554	402
611000	66	365	1535	10970	141	289	20394	747
612000	44	411	1496	11158	41	284	20904	762
613000	29	380	1314	11514	33	210	21351	334
614000	77	436	1563	11053	5	164	21453	329
615000	54	336	1816	10896	0	121	21103	162
616000	55	383	1798	10891	16	86	21289	112
617000	68	358	1654	11048	15	64	22260	128
618000	60	408	1786	10889	1	45	23037	96
619000	68	418	1921	10495	2	146	20916	261
620000	83	413	1897	10638	55	129	21282	278
621000	65	411	1672	11020	8	35	21814	83
622000	59	370	1835	10839	102	39	21123	149
623000	66	353	1847	10671	82	138	21651	270
624000	56	405	1626	11092	43	116	20886	184
625000	84	353	1997	10536	0	32	21266	40
626000	63	370	1857	10881	0	19	20707	58
627000	56	337	1619	11168	0	85	22930	142
628000	65	385	1474	11418	0	35	22858	65
629000	86	366	1715	11017	0	29	21341	33
630000	71	408	1709	11046	0	5	21706	5
631000	72	401	1934	10687	0	3	21744	0
632000	79	427	1526	11158	96	14	21970	216
633000	43	383	1722	10997	52	5	21011	109
634000	33	339	1805	10921	81	0	21397	32
635000	59	302	1484	11539	5	22	23417	18
636000	61	481	1536	11297	0	0	20992	4
637000	45	413	1409	11476	64	8	22361	135
638000	38	444	1475	11403	52	16	21704	155
639000	48	390	1333	11683	0	29	23105	81
640000	55	425	1410	11447	9	51	21855	87
641000	26	430	1400	11564	0	13	21590	11
642000	60	386	1466	11428	0	2	21252	5
643000	76	372	1585	11208	52	62	22346	65
644000	60	390	1580	11243	14	79	21375	207
645000	19	421	1096	11873	8	238	21532	317
646000	69	394	1380	11417	5	177	21723	287
647000	37	404	1257	11595	15	254	21661	475
648000	60	351	1215	11597	31	257	21852	552
649000	45	405	1416	11301	2	300	21374	554
650000	57	405	1314	11359	59	303	21435	605
651000	59	403	1436	11097	106	323	21365	618
652000	57	394	1393	10952	121	496	21337	1083
653000	92	383	1485	10499	272	563	20180	1492
654000	80	397	1434	10698	222	531	21423	1355
655000	51	424	1270	10818	308	731	20429	1700
656000	64	414	1311	10714	185	774	21035	1701
657000	59	431	1363	10713	187	743	19387	1727
658000	42	403	1380	10886	116	639	20528	1277
659000	47	366	1092	11497	151	474	21709	1152
660000	29	405	1057	11623	81	452	21286	834
661000	37	410	1152	11568	123	341	20728	918
662000	42	393	1109	11664	123	292	22310	821
663000	67	384	1453	10918	176	381	20764	782
664000	40	375	1506	11045	157	308	21254	759
665000	82	341	1556	10850	239	333	20957	927
666000	64	358	1573	10496	377	365	22195	1269
667000	63	361	1458	10751	281	438	20611	1193
668000	74	349	1833	10298	227	445	20954	1373
669000	106	363	2054	9385	488	649	19881	1716
670000	100	355	2140	9494	368	547	19513	1626
671000	107	420	1928	9800	317	489	19235	1352
672000	89	361	1920	9792	255	678	19329	1505
673000	76	384	1632	10313	172	732	20691	1609
674000	54	374	1672	10320	170	721	20406	1330
675000	67	385	1776	10150	166	718	20588	1387
676000	76	398	1643	9944	149	1118	19446	1995
677000	47	404	1564	10244	235	926	19773	2130
678000	80	353	1597	10058	423	803	20068	1760
679000	56	369	1648	9817	499	850	19996	2582
680000	60	332	1472	9879	469	1250	19094	2728
681000	56	404	1548	9801	315	1240	18497	2506
682000	49	434	1565	10017	347	932	19839	2061
683000	35	335	1538	10200	354	910	20572	2229
684000	65	395	1840	9827	380	660	19047	1825
685000	68	371	1816	10020	195	754	19481	1526
686000	51	434	1658	10093	180	851	20549	1766
687000	41	442	1037	11205	110	857	21167	1660
688000	60	445	1057	10767	170	1104	20606	2301
689000	33	443	843	11092	154	1186	20423	2388
690000	47	403	886	11138	254	1047	19155	2069
691000	47	390	989	10905	328	1024	19430	2290
692000	53	439	1231	10524	331	944	20516	2053
693000	78	385	1682	9902	384	818	19677	2256
694000	67	406	1448	10270	274	939	19996	2122
695000	67	416	1416	10519	76	888	20556	1403
696000	52	438	1252	11020	73	696	21069	1460
697000	33	418	1118	11389	63	641	20886	1196
698000	32	330	1143	11257	63	772	21014	1598
699000	34	473	1085	10890	115	1013	21197	1878
700000	31	464	1184	10632	240	1030	19774	2043
701000	47	430	1217	10381	219	1268	18031	2495
702000	67	406	1103	10462	280	1274	19497	2557
703000	49	410	1353	10126	378	1120	20099	2216
704000	43	412	1408	10027	263	1313	20943	2675
705000	62	378	1260	10227	252	1313	19639	2413
706000	53	420	1279	10076	377	1347	19157	3021
707000	57	387	1591	10028	280	991	19850	2366
708000	78	394	1588	9880	327	1103	19067	2422
709000	60	363	1480	10088	271	1123	19081	2323
710000	56	372	1138	10730	374	955	20511	2149
711000	45	385	1210	10717	341	897	20347	2414
712000	34	423	916	10775	252	1281	20071	2731
713000	44	398	997	10803	222	1214	20433	2372
714000	59	440	1080	10600	203	1278	20601	2478
715000	56	416	1144	10359	293	1332	18827	2581
716000	27	400	1132	10737	207	1126	21088	1917
717000	58	416	1322	10720	162	820	21347	2382
718000	50	379	1437	10575	141	859	20581	1686
719000	53	360	1442	10413	137	1021	20621	1925
720000	41	439	1335	10492	174	944	20849	2065
721000	46	426	1321	10434	174	1045	20012	2124
722000	70	383	1554	10010	315	1027	19631	2053
723000	41	386	1476	10368	305	802	19621	1679
724000	76	390	1358	10618	287	728	20093	1885
725000	72	405	1873	9902	264	688	19664	1385
726000	51	364	1473	10747	157	610	19938	1222
727000	58	422	1393	10925	18	656	20664	1228
728000	73	416	1408	10742	43	715	20425	1314
729000	57	371	1368	11007	96	554	21607	1099
730000	51	417	1565	10670	97	515	21403	1042
731000	70	359	1601	10589	249	450	20702	1132
732000	65	352	1533	10580	165	647	20039	1277
733000	87	412	1788	10280	192	424	20752	1243
734000	78	382	1907	10568	17	165	21855	244
735000	66	363	1977	10408	78	162	20472	169
736000	75	383	1757	10603	203	155	19578	722
737000	38	415	1784	10641	71	218	20352	574
738000	67	397	1610	10664	44	521	20709	797
739000	44	435	1281	11333	45	398	20916	768
740000	53	418	1090	11599	25	442	21222	807
741000	34	372	1233	11551	30	354	21585	739
742000	41	439	1411	11153	45	286	21069	551
743000	39	398	1553	11080	4	255	21488	424
744000	58	420	1555	11148	1	106	21787	122
745000	48	417	1291	11486	0	251	21123	440
746000	19	438	1162	11722	9	289	20908	781
747000	40	454	1072	11661	29	353	20994	644
748000	44	376	1261	11565	9	348	22141	579
749000	53	426	1362	11359	64	228	21030	350
750000	43	455	1241	11396	45	312	20603	691
751000	48	441	1005	11827	34	317	20731	515
752000	62	375	1157	11533	42	367	22052	745
753000	40	363	1269	11172	115	586	21187	1438
754000	44	433	1284	10881	109	809	20221	1536
755000	41	411	1235	11245	93	508	21100	1185
756000	42	483	1214	11293	47	457	22132	817
757000	49	350	1053	11911	25	189	21860	331
758000	36	441	1277	11593	92	121	21303	394
759000	41	393	1393	11452	102	99	22744	452
760000	57	342	1336	11581	83	93	22523	459
761000	56	418	1325	11528	66	100	21852	308
762000	61	428	1642	10990	36	77	21757	194
763000	55	409	1655	11094	27	88	22086	210
764000	27	392	1317	11605	15	139	21984	203
765000	48	481	1470	11202	105	66	21621	284
766000	60	416	1352	11551	26	41	22535	163
767000	68	375	1445	11517	62	29	21902	95
768000	53	471	1199	11840	51	2	21865	120
769000	60	358	1598	11240	49	1	22172	36
770000	36	337	1565	11365	76	7	21308	176
771000	76	287	1724	11113	21	0	22125	32
772000	48	400	1596	11271	44	29	22335	79
773000	41	433	1499	11284	87	67	22139	143
774000	49	364	1635	11247	10	39	22041	125
775000	67	362	1836	10743	113	8	21392	311
776000	49	428	1483	11265	117	64	21745	458
777000	44	394	1472	11355	36	116	22267	303
778000	66	412	1530	11314	29	60	22175	110
779000	57	390	1890	10815	14	55	21367	160
780000	39	464	1451	11384	0	47	21892	71
781000	58	365	1316	11667	13	56	22155	100
782000	69	420	1695	10902	2	146	21291	168
783000	43	420	1481	11360	15	60	21778	128
784000	40	443	1377	11419	97	39	21551	263
785000	55	428	1338	11527	71	11	22222	51
786000	52	380	1364	11573	116	33	22328	168
787000	46	373	1673	10993	48	135	21689	363
788000	55	412	1525	11085	82	216	21294	517
789000	37	353	1517	11364	35	155	21266	273
790000	59	407	1427	11118	93	334	21426	825
791000	50	429	1477	11142	92	253	20808	661
792000	40	387	1598	11001	23	265	21370	576
793000	57	357	1663	10920	94	244	20634	729
794000	45	382	1214	11510	36	380	22482	616
795000	30	464	1062	11889	35	192	21780	333
796000	49	433	1356	11390	47	222	21939	250
797000	37	434	1086	11696	16	315	21119	711
798000	43	437	1083	11846	7	227	22425	402
799000	59	373	1450	11428	27	80	21795	120
800000	75	399	1754	10871	34	93	21578	162
801000	55	418	1660	11002	17	115	21179	296
802000	54	388	1659	11192	23	86	21591	186
803000	44	398	1255	11648	12	165	22157	242
804000	35	415	1393	11307	70	204	22015	442
805000	56	398	1472	11235	13	183	20924	287
806000	43	391	1329	11549	3	213	22004	450
807000	49	317	1513	11289	3	219	22070	336
808000	36	389	1085	11866	3	251	21948	343
809000	33	343	1207	11847	5	125	23226	266
810000	57	368	1124	11967	53	113	21767	237
811000	51	398	1117	11848	79	118	21471	281
812000	46	403	1214	11774	15	97	22377	269
813000	47	394	1382	11426	43	186	21892	426
814000	58	369	1254	11532	59	196	21264	505
815000	87	372	1937	10456	33	179	20765	385
816000	106	326	2289	9816	5	327	20241	786
817000	112	331	2211	9726	72	425	19762	780
818000	100	366	2286	9756	40	383	19696	663
819000	77	353	2390	9561	68	355	20729	868
820000	89	380	2025	10273	24	323	20626	570
821000	81	393	1637	10748	112	385	21071	841
822000	82	411	1866	10426	44	336	20730	669
823000	50	411	1810	10603	28	298	21250	439
824000	76	324	2264	10043	1	176	20788	274
825000	78	339	1790	10791	0	179	21922	318
826000	92	430	1597	11101	19	52	21497	198
827000	62	377	1496	11259	93	10	21308	159
828000	76	326	1938	10625	80	15	21821	156
829000	52	380	1627	11098	52	78	21569	228
830000	58	437	1338	11525	0	81	21358	212
831000	48	423	1404	11541	0	49	21504	26
832000	48	408	1334	11630	0	57	21663	130
833000	42	387	1303	11775	0	7	22997	45
834000	41	406	1408	11477	66	49	22001	160
835000	69	413	1646	10998	72	103	20750	227
836000	46	434	1589	11126	23	99	21542	186
837000	37	446	1478	11472	2	44	21745	87
838000	48	419	1280	11701	1	60	21200	54
839000	33	421	1168	11902	0	0	21935	1
840000	25	367	1267	11827	52	21	22835	94
841000	54	394	1457	11402	63	70	22230	248
842000	51	438	1472	11303	123	43	21575	237
843000	54	373	1622	11002	72	194	20454	556
844000	39	423	1578	11036	49	202	22124	414
845000	61	394	1889	10574	13	210	20774	290
846000	51	339	1902	10713	1	116	21645	151
847000	62	371	1823	10830	10	97	21807	249
848000	75	420	2375	9882	12	122	20864	205
849000	78	436	2167	10177	6	116	20063	160
850000	51	376	1531	11213	73	157	20539	341
851000	40	362	1407	11345	84	189	22517	593
852000	65	425	1338	11321	77	195	21693	439
853000	58	347	1436	11429	103	121	21013	310
854000	51	394	1705	11010	69	30	21329	187
855000	81	400	1675	11136	8	2	20693	14
856000	70	420	1698	11070	50	0	21209	53
857000	69	364	1523	11347	5	10	21370	52
858000	71	383	1633	11152	1	3	21216	16
859000	98	355	1682	10947	164	9	22258	218
860000	30	368	1455	11487	23	37	22577	60
861000	49	385	1485	11438	40	9	21156	75
862000	37	401	1501	11436	33	2	22004	85
863000	51	470	1515	11287	109	2	21997	202
864000	40	343	1186	11794	166	53	22319	325
865000	53	348	1290	11641	62	69	21906	234
866000	55	365	1453	11371	61	113	22502	322
867000	73	476	1501	11243	10	59	21178	186
868000	64	394	1501	11476	0	8	22409	12
869000	56	370	1230	11686	193	24	21286	362
870000	41	398	1432	11306	147	137	21158	516
871000	50	388	1444	11163	79	287	21526	639
872000	88	416	1462	11029	60	385	20816	648
873000	47	427	1562	11016	39	303	22163	480
874000	46	438	1638	11064	0	128	22662	130
875000	39	375	1749	11041	47	33	21417	48
876000	86	373	1544	11343	6	2	20693	5
877000	68	434	1474	11428	5	0	22109	2
878000	40	501	1337	11546	114	5	21151	145
879000	28	416	1357	11593	65	29	22164	223
880000	29	387	1159	11887	30	97	21928	298
881000	42	422	1364	11540	4	70	22354	114
882000	53	370	1447	11493	27	0	21641	39
883000	47	356	1373	11562	109	29	21184	134
884000	53	369	1397	11461	106	21	21266	313
885000	45	397	1631	11001	212	57	21684	440
886000	75	421	1623	10981	176	58	20876	436
887000	51	387	1503	11156	100	121	21026	482
888000	48	416	1136	11729	61	191	21804	395
889000	60	351	1221	11729	14	140	22317	273
890000	65	462	1259	11644	2	174	21662	361
891000	39	391	1408	11560	0	6	22595	10
892000	61	395	1520	11299	40	49	22020	93
893000	48	377	1284	11648	41	109	21128	185
894000	49	392	1367	11344	54	250	22184	477
895000	35	388	1274	11351	33	415	21478	709
896000	52	425	1292	11057	112	550	20681	1210
897000	60	391	1498	10929	80	441	21164	760
898000	70	400	1609	10803	100	353	21357	605
899000	48	382	1240	11319	99	481	21583	1071
900000	22	366	982	11684	88	522	22491	977
901000	53	421	1149	11129	239	601	20838	1738
902000	71	362	1492	10744	244	504	20332	1404
903000	88	322	1513	10655	317	463	20124	1052
904000	60	374	1641	10808	197	247	21116	895
905000	63	368	1501	10936	202	247	22345	831
906000	68	339	1449	11179	206	216	21937	800
907000	58	393	1715	10461	219	403	21794	1035
908000	45	377	1254	11014	224	625	20869	1452
909000	43	425	1256	10698	324	758	19845	1837
910000	49	421	1311	10656	343	719	20038	1806
911000	57	440	1272	10503	303	971	20222	2346
912000	66	380	1429	10467	217	785	19713	1880
913000	38	370	1466	10339	228	972	20313	1867
914000	43	297	1484	10438	257	883	21626	1813
915000	76	409	1476	10549	198	679	19611	1409
916000	52	380	1509	10692	130	614	20711	1473
917000	57	427	1589	10194	114	949	20208	1585
918000	43	423	1208	10807	124	942	20801	1764
919000	43	366	1380	10910	92	672	21368	1214
920000	58	389	1269	10778	130	851	20166	1748
921000	42	451	1198	11073	66	763	20616	1500
922000	45	415	1197	10996	75	839	20827	1559
923000	67	414	1390	10703	109	777	20754	1259
924000	74	415	1437	10536	107	855	20634	1575
925000	45	411	1426	10464	141	930	20109	1759
926000	63	469	1223	10525	165	1076	20128	1921
927000	39	393	1111	11008	223	827	20326	1746
928000	45	342	1291	10794	171	919	19762	2043
929000	64	333	1434	10701	222	630	20201	1513
930000	94	389	1448	10677	219	596	20644	1391
931000	40	372	1411	10969	175	517	21335	1251
932000	40	349	1335	11146	120	471	21077	1018
933000	41	391	1060	11472	113	581	21773	1171
934000	66	385	1423	11044	177	350	19666	1025
935000	43	366	1423	11229	61	300	20785	801
936000	27	393	1215	11667	27	231	21964	436
937000	46	420	1136	11693	16	321	22539	655
938000	64	340	1384	11230	31	357	21423	670
939000	49	375	1280	11462	14	291	21154	555
940000	57	357	1385	11391	69	199	21578	451
941000	42	395	1410	11093	158	359	21586	967
942000	45	341	1248	11465	161	331	21540	735
943000	78	402	1154	11401	99	441	21510	1298
944000	49	310	1407	11146	86	399	21082	858
945000	46	435	1012	11687	185	321	21342	982
946000	36	410	1399	11204	56	325	21816	549
947000	40	463	1573	10768	47	445	21243	825
948000	38	447	1223	11250	68	558	21410	1090
949000	35	400	1067	11458	88	539	21706	913
950000	34	366	1195	11276	66	636	20918	1181
951000	45	389	1197	11345	123	481	21584	1152
952000	17	338	1213	11630	87	327	21965	685
953000	52	402	1278	11314	94	296	21766	683
954000	62	406	1498	11084	33	290	21950	659
955000	40	435	1316	11419	16	281	21660	556
956000	41	364	1202	11696	17	207	22032	422
957000	27	455	1362	11386	14	255	21751	436
958000	57	372	1584	10924	33	329	21352	494
959000	34	402	1481	11206	57	255	20928	661
960000	54	395	1423	11320	52	188	22737	392
961000	51	371	1523	11210	73	108	21523	156
962000	50	393	1503	11250	65	151	21504	295
963000	39	372	1202	11694	27	268	22748	409
964000	39	355	1224	11599	28	312	21501	716
965000	45	383	1077	11769	76	279	21055	680
966000	32	452	1229	11476	52	332	20579	736
967000	43	426	1062	11672	130	357	20934	593
968000	53	406	1134	11529	31	354	21363	625
969000	49	427	1099	11807	36	198	21627	248
970000	45	422	1127	11809	27	158	21979	263
971000	63	385	1346	11610	3	26	21745	80
972000	42	447	1273	11792	1	30	23382	161
973000	46	472	1479	11304	0	60	22322	40
974000	55	333	1414	11561	0	81	21364	148
975000	52	384	1331	11705	0	85	22358	119
976000	35	402	1159	11891	13	93	22816	121
977000	52	384	1119	11884	19	77	21921	186
978000	59	396	1459	11399	0	67	21514	114
979000	77	352	1340	11634	0	51	21681	61
980000	57	380	1430	11473	4	102	23192	140
981000	53	406	1218	11749	31	113	21718	215
982000	27	430	1364	11482	6	194	21398	410
983000	99	401	2062	10330	3	136	20942	148
984000	69	421	1791	10774	25	129	20664	269
985000	66	403	1653	10746	47	415	20888	1011
986000	55	363	1791	10452	171	403	20995	1042
987000	55	315	1449	10870	147	641	20397	1461
988000	67	405	1815	10212	163	527	19768	1146
989000	32	378	1782	10353	125	551	21208	1047
990000	74	343	2190	9632	186	508	20359	1131
991000	65	298	1663	10337	220	689	20302	1579
992000	53	360	1388	10530	232	911	20997	1985
993000	58	398	1464	10413	194	861	20081	1915
994000	50	417	1456	10269	288	908	19361	2106
995000	47	411	1129	10809	266	995	20452	2517
996000	51	433	917	10934	306	1105	20267	2485
997000	61	391	1184	10523	354	1018	19991	2387
998000	40	417	1062	10429	342	1297	19873	2769
999000	54	402	1197	9965	436	1507	19087	2875
