0	0	0	0	14400	0	0	0	0
1000	63	1575	466	11686	69	46	35696	288
2000	41	1434	642	11671	52	69	36029	401
3000	53	1584	554	11694	19	31	35321	142
4000	87	1420	555	11790	2	43	35028	170
5000	80	1342	685	11754	0	21	34626	97
6000	50	1297	647	11807	0	36	36809	112
7000	50	1570	572	11664	0	23	35909	106
8000	58	1447	598	11775	0	26	37472	138
9000	83	1377	581	11790	0	8	35838	25
10000	81	1411	696	11541	110	25	34505	422
11000	68	1399	757	11446	80	42	36093	309
12000	98	1357	614	11611	41	101	36921	391
13000	69	1477	570	11590	5	163	36882	502
14000	43	1546	630	11509	0	156	34781	413
15000	90	1369	646	11606	13	142	34089	465
16000	66	1466	596	11712	0	61	35651	109
17000	63	1552	656	11512	23	36	35604	161
18000	112	1315	674	11728	9	12	34818	97
19000	65	1353	726	11646	0	1	35642	5
20000	134	1179	812	11451	118	17	37133	470
21000	102	1350	714	11422	94	59	33803	347
22000	81	1270	705	11625	83	33	35604	408
23000	104	1343	754	11452	108	49	35790	434
24000	95	1265	706	11579	72	73	34033	495
25000	109	1213	698	11649	63	71	36132	338
26000	102	1473	657	11385	14	135	35178	588
27000	67	1584	711	11407	0	99	35753	297
28000	67	1247	475	12080	0	97	35968	224
29000	79	1392	626	11598	13	109	36394	285
30000	95	1178	782	11609	25	93	36830	287
31000	106	1318	734	11565	24	67	36179	244
32000	82	1403	805	11412	3	67	35916	218
33000	52	1421	601	11775	6	30	36603	192
34000	103	1393	683	11598	0	22	36861	32
35000	44	1344	720	11722	0	2	35956	3
36000	83	1336	714	11559	99	1	35739	302
37000	111	1355	693	11478	119	52	35758	406
38000	120	1405	774	11374	75	51	35482	419
39000	88	1172	778	11593	115	29	34786	246
40000	123	1370	729	11433	68	51	36229	365
41000	72	1527	548	11659	31	47	35741	112
42000	72	1621	412	11759	6	103	34924	421
43000	62	1538	655	11502	6	49	36318	95
44000	71	1423	735	11487	0	62	34483	278
45000	76	1374	850	11399	17	12	36286	93
46000	87	1370	725	11597	0	16	36748	38
47000	89	1391	602	11792	0	5	36447	10
48000	71	1332	645	11710	100	28	35693	474
49000	84	1411	580	11594	94	89	35135	637
50000	95	1357	705	11434	79	104	35387	377
51000	93	1123	994	11258	102	144	36315	622
52000	113	1234	770	11446	82	123	35119	408
53000	84	1158	735	11603	56	154	35197	543
54000	59	1370	664	11650	26	73	36094	436
55000	113	1382	683	11562	28	60	35549	345
56000	73	1318	649	11687	54	48	36427	378
57000	89	1488	617	11601	56	53	35167	306
58000	32	1362	622	11719	11	90	35714	289
59000	53	1319	648	11838	0	42	36674	224
60000	75	1422	592	11768	0	38	36062	75
61000	87	1390	668	11562	0	103	35731	170
62000	50	1282	630	11782	7	75	36796	169
63000	84	1411	537	11824	0	51	36580	105
64000	87	1305	663	11771	0	21	36420	53
65000	80	1315	593	11870	0	0	36118	1
66000	111	1448	668	11499	82	16	36620	196
67000	102	1284	837	11403	60	50	36604	308
68000	140	1243	733	11524	100	63	35576	431
69000	79	1317	865	11315	137	31	36115	383
70000	78	1272	972	11135	158	52	34812	564
71000	141	1369	689	11379	94	102	35543	695
72000	87	1245	701	11720	7	61	34036	171
73000	65	1455	623	11708	14	1	36122	56
74000	56	1417	578	11858	0	9	36636	3
75000	89	1547	623	11512	62	42	35016	279
76000	117	1396	625	11655	0	79	36036	220
77000	50	1420	588	11746	14	97	35253	315
78000	115	1435	728	11235	102	144	35278	662
79000	88	1380	632	11546	65	141	35089	550
80000	82	1422	701	11318	100	178	34474	946
81000	96	1317	788	11232	105	168	34871	873
82000	78	1477	749	11353	46	90	34452	335
83000	58	1418	640	11568	54	100	34458	484
84000	57	1440	616	11619	10	118	34226	360
85000	89	1518	482	11703	1	153	34638	467
86000	66	1654	579	11363	4	180	35416	448
87000	66	1345	769	11320	21	295	34762	1022
88000	98	1396	604	11330	61	328	36819	902
89000	81	1349	737	11256	79	287	34567	929
90000	111	1447	689	11226	88	243	34933	994
91000	93	1379	665	11356	100	218	33218	919
92000	78	1362	676	11351	141	235	34989	1272
93000	93	1379	665	11272	164	295	35331	1330
94000	116	1350	574	11395	129	334	34985	1441
95000	75	1462	599	11412	105	221	34527	993
96000	99	1442	641	11294	129	253	35180	1085
97000	66	1438	641	11389	164	172	34986	1292
98000	75	1422	689	11164	187	299	33672	1389
99000	100	1284	814	11086	84	375	35251	1201
100000	133	1261	870	10870	144	438	34291	1838
101000	95	1262	816	11114	52	453	34981	1529
102000	97	1389	660	11252	36	421	34984	1415
103000	86	1390	662	11177	24	498	35182	1431
104000	102	1332	577	11321	91	475	34118	1775
105000	89	1638	560	11003	123	474	33465	1787
106000	71	1361	763	11098	70	419	35901	1458
107000	97	1339	617	11301	49	463	34968	1723
108000	86	1535	739	10893	37	518	34345	2029
109000	73	1390	608	11278	40	495	34946	1565
110000	59	1451	522	11350	46	489	36040	1783
111000	62	1623	574	11137	122	362	33934	1161
112000	59	1552	538	11250	82	407	33521	1382
113000	97	1355	588	11331	68	457	34984	1336
114000	81	1401	588	11213	144	452	34649	1940
115000	125	1373	692	11039	96	508	34062	1528
116000	120	1271	742	10916	79	625	34124	1866
117000	94	1349	661	10899	120	705	34314	2378
118000	75	1281	666	10984	120	723	34666	2189
119000	80	1402	534	10936	206	778	33340	2906
120000	113	1384	572	10727	167	893	33932	2739
121000	102	1312	688	10820	158	717	33560	2533
122000	71	1296	613	11095	163	635	33868	2401
123000	74	1492	555	10901	84	783	33760	2800
124000	69	1529	471	10913	130	816	32533	2554
125000	100	1388	569	10888	167	749	34468	2859
126000	96	1450	605	10930	125	656	33504	2107
127000	77	1386	633	11016	207	478	33354	2184
128000	114	1441	662	10930	90	576	33197	1729
129000	105	1226	747	10933	81	686	34157	2231
130000	95	1385	660	10770	59	828	33965	2489
131000	93	1485	565	10807	72	893	32921	2625
132000	128	1336	663	10740	140	810	32935	2737
133000	112	1288	695	10573	215	922	32664	3520
134000	80	1359	725	10457	162	1053	32434	3082
135000	98	1382	689	10553	183	922	33675	2646
136000	132	1338	742	10581	320	645	32754	3043
137000	113	1068	992	10647	296	540	34106	2364
138000	185	1115	795	10717	370	525	33671	2532
139000	118	1331	721	10861	233	509	34388	2193
140000	56	1438	566	11187	158	520	34906	2062
141000	116	1325	703	11021	195	474	32523	1997
142000	89	1447	754	10842	122	552	33929	1571
143000	95	1232	748	11020	68	621	34619	1966
144000	129	1312	722	10890	100	601	33668	1975
145000	99	1473	644	11038	104	492	34315	2031
146000	78	1395	635	11123	103	497	34840	1490
147000	106	1258	641	11253	132	417	34777	1482
148000	73	1334	720	11115	139	422	33293	1733
149000	129	1301	728	10723	220	694	32431	2479
150000	113	1412	653	10681	321	664	31726	2891
151000	95	1277	845	10497	286	695	32436	3099
152000	110	1164	842	10557	418	631	32563	2912
153000	93	1316	661	10612	464	675	32325	3541
154000	136	1291	840	10295	458	705	32124	3254
155000	109	1221	892	10171	359	956	32532	4171
156000	160	1416	725	10093	525	814	31511	3709
157000	114	1398	652	9970	528	1137	30524	4812
158000	102	1335	665	10194	402	1166	30731	4580
159000	124	1464	735	9617	544	1238	30863	5286
160000	104	1229	650	9985	482	1382	31447	5421
161000	121	1489	435	9907	562	1401	31366	6051
162000	112	1347	526	10249	417	1272	31445	5096
163000	99	1362	566	10423	362	1072	32320	4132
164000	115	1312	624	10553	268	953	31682	3642
165000	120	1393	701	10480	264	832	32297	3189
166000	76	1423	627	10670	221	837	32306	2901
167000	90	1591	558	10735	153	796	32889	2798
168000	89	1287	658	10934	140	742	33788	2549
169000	102	1483	592	10668	142	863	33538	2401
170000	86	1203	730	10902	110	746	33334	2496
171000	126	1424	721	10790	119	591	32425	2451
172000	93	1190	878	10862	157	543	33199	1886
173000	95	1214	736	11139	179	460	34928	1959
174000	80	1391	771	10897	187	460	34003	1723
175000	123	1224	678	10887	236	648	33367	2388
176000	83	1368	560	11146	174	564	32988	2296
177000	70	1356	587	11458	72	386	35769	1622
178000	117	1322	703	11254	47	377	35439	1349
179000	85	1253	688	11388	42	363	34918	1220
180000	46	1190	791	11459	25	237	36283	544
181000	97	1166	811	11495	6	171	36432	721
182000	101	1209	768	11500	20	188	37695	689
183000	89	1174	965	11239	53	153	34257	857
184000	78	1133	865	11470	3	156	35431	458
185000	92	1138	780	11499	17	212	35667	690
186000	65	1377	548	11591	27	294	34957	882
187000	55	1466	616	11396	25	294	34824	825
188000	82	1325	621	11454	18	366	35733	979
189000	56	1375	584	11534	52	315	34541	1102
190000	86	1277	811	11186	81	325	34685	1192
191000	77	1434	674	11300	54	312	34052	965
192000	77	1242	850	11209	69	284	35238	1195
193000	92	1297	846	11272	44	246	35264	898
194000	111	1411	756	11328	43	161	34472	870
195000	80	1304	882	11293	57	145	34691	730
196000	80	1334	748	11401	76	171	35393	840
197000	100	1560	608	11392	37	162	35584	513
198000	89	1373	782	11200	40	281	35244	924
199000	56	1231	655	11671	24	267	35717	772
200000	114	1433	647	11480	23	126	34895	453
201000	117	1122	831	11535	14	96	36847	434
202000	74	1335	647	11631	75	73	35023	470
203000	94	1309	661	11598	76	76	36030	353
204000	82	1490	787	11260	67	102	35356	555
205000	110	1417	801	11298	25	80	34617	255
206000	91	1255	694	11706	34	46	34904	320
207000	117	1250	677	11656	40	71	35292	213
208000	116	1266	886	11362	26	40	35152	134
209000	109	1262	843	11470	40	39	35623	303
210000	108	1264	749	11588	37	25	35768	127
211000	93	1367	700	11617	30	21	36441	242
212000	82	1288	625	11768	30	38	35657	206
213000	110	1417	639	11695	19	22	34956	112
214000	59	1290	738	11718	0	2	36590	17
215000	92	1329	739	11596	20	5	36972	47
216000	82	1466	691	11453	131	45	35547	392
217000	79	1322	750	11441	87	109	33971	553
218000	90	1485	628	11467	47	99	34422	438
219000	83	1422	559	11709	49	73	36020	271
220000	63	1545	461	11720	37	101	35538	380
221000	74	1459	565	11654	34	118	35675	541
222000	81	1541	601	11492	21	125	35732	379
223000	74	1441	563	11594	15	243	34801	665
224000	75	1488	574	11469	50	222	35167	863
225000	71	1441	687	11307	96	213	34517	934
226000	90	1358	778	11276	140	187	34557	977
227000	92	1396	693	11304	136	177	34334	810
228000	77	1587	456	11534	138	186	34134	759
229000	87	1517	478	11549	61	244	34519	1074
230000	90	1505	478	11604	5	229	35150	535
231000	63	1493	598	11563	12	171	35611	726
232000	97	1334	697	11361	16	274	36420	884
233000	52	1552	610	11445	12	208	35463	690
234000	65	1476	604	11497	20	202	34729	641
235000	59	1469	561	11598	11	180	35309	469
236000	90	1466	528	11688	29	144	35772	370
237000	96	1368	637	11546	5	180	35364	586
238000	83	1386	660	11542	19	136	35058	547
239000	75	1390	606	11608	51	149	34352	395
240000	77	1461	515	11718	53	112	36260	606
241000	62	1395	528	11721	36	171	35859	547
242000	91	1451	608	11331	81	274	34562	889
243000	116	1472	619	11270	21	315	33626	658
244000	101	1511	505	11556	12	218	35791	604
245000	61	1583	576	11461	38	182	34852	647
246000	55	1533	729	11264	35	171	34912	554
247000	73	1378	687	11558	49	144	37118	705
248000	101	1479	723	11380	7	119	35836	453
249000	69	1565	593	11475	43	99	35352	306
250000	97	1418	524	11700	43	110	36745	436
251000	56	1588	502	11670	37	75	35568	274
252000	74	1463	568	11627	59	109	35231	485
253000	73	1513	585	11578	21	114	35938	432
254000	90	1356	523	11802	64	85	37423	285
255000	54	1603	503	11436	125	215	34546	1039
256000	57	1554	589	11339	111	204	35871	970
257000	82	1469	539	11421	172	228	34312	1177
258000	100	1378	668	11261	151	222	35645	892
259000	59	1453	600	11374	151	244	34798	985
260000	84	1601	567	11192	133	309	33056	1624
261000	83	1562	626	11095	171	354	34790	1575
262000	103	1445	629	11288	123	294	36142	1291
263000	91	1272	754	11362	86	267	33579	1119
264000	73	1333	755	11264	76	313	34934	1127
265000	81	1257	635	11604	41	242	35576	982
266000	95	1496	727	11186	24	224	34370	907
267000	105	1178	711	11548	30	221	36341	689
268000	106	1276	620	11661	34	153	34858	634
269000	60	1442	602	11637	15	111	35895	547
270000	69	1524	509	11698	44	107	34366	372
271000	55	1459	575	11688	10	107	37484	470
272000	85	1251	790	11569	26	78	35337	341
273000	83	1311	647	11668	39	85	35528	424
274000	95	1586	608	11453	28	67	34662	376
275000	97	1341	653	11644	25	70	35234	365
276000	92	1519	634	11563	6	33	35577	117
277000	88	1392	603	11695	0	84	34563	293
278000	83	1376	685	11642	0	24	34793	121
279000	94	1333	724	11634	27	26	35429	148
280000	101	1508	695	11443	9	61	37394	213
281000	97	1481	690	11472	5	87	37015	292
282000	93	1524	642	11540	0	43	36087	172
283000	94	1377	547	11811	0	68	36067	112
284000	48	1606	596	11552	5	79	35132	288
285000	70	1421	579	11687	8	126	35203	392
286000	50	1336	620	11687	19	138	34747	439
287000	71	1416	587	11638	48	106	34455	442
288000	83	1568	597	11565	0	64	34821	266
289000	74	1421	593	11785	0	24	36872	80
290000	78	1394	553	11832	1	38	36314	88
291000	81	1442	786	11391	0	31	35134	99
292000	60	1368	643	11774	0	31	35586	62
293000	96	1382	567	11826	0	33	36112	153
294000	68	1485	641	11663	0	11	36245	36
295000	102	1450	702	11499	0	39	35119	112
296000	82	1370	796	11459	3	34	34194	95
297000	100	1081	760	11824	0	13	36106	75
298000	59	1395	615	11712	101	0	35507	174
299000	89	1483	661	11449	112	37	35218	387
300000	66	1426	650	11614	79	65	34775	317
301000	67	1350	597	11716	61	101	35725	486
302000	84	1365	779	11313	54	186	35201	544
303000	105	1192	682	11430	76	307	35060	786
304000	91	1295	594	11597	68	197	34932	989
305000	64	1339	621	11558	91	173	36034	814
306000	91	1467	610	11560	28	129	35271	467
307000	76	1407	631	11655	19	71	34865	335
308000	74	1530	525	11709	7	103	34975	327
309000	121	1453	565	11567	38	146	36049	566
310000	86	1381	766	11456	20	88	35706	354
311000	74	1307	675	11634	21	104	35745	382
312000	97	1290	910	11260	8	164	35126	452
313000	68	1345	626	11726	22	109	35167	407
314000	107	1349	747	11304	53	218	35836	920
315000	67	1471	537	11554	70	207	33871	795
316000	88	1557	591	11214	161	237	33945	889
317000	117	1383	644	11235	147	312	34898	1091
318000	91	1509	608	11203	140	267	35032	920
319000	63	1401	627	11351	132	271	34067	1324
320000	57	1482	661	11236	223	202	34607	1310
321000	94	1400	633	11318	201	211	34097	1001
322000	87	1409	622	11250	172	314	33840	1294
323000	109	1282	648	11317	171	316	34276	1583
324000	86	1393	639	11232	130	389	34735	1457
325000	117	1461	581	11000	172	517	35130	1571
326000	73	1418	551	11121	137	594	33460	1967
327000	66	1420	590	11181	143	470	34483	1748
328000	135	1360	651	11161	136	366	34604	1456
329000	69	1486	612	11183	127	393	34228	1721
330000	62	1522	457	11308	162	458	34416	1871
331000	81	1427	643	10996	201	498	34178	1745
332000	83	1459	655	10903	126	640	32448	2017
333000	72	1438	564	10878	111	812	32189	2860
334000	56	1536	435	10989	143	796	32742	2792
335000	66	1494	562	11014	129	600	33324	2138
336000	83	1431	508	11266	158	482	34869	1816
337000	90	1424	674	11171	99	391	34671	1567
338000	100	1413	637	11285	91	323	34882	1252
339000	88	1331	688	11352	60	272	35083	980
340000	82	1151	887	11259	31	341	35219	942
341000	115	1253	802	11185	67	303	35057	871
342000	94	1367	735	11210	113	293	33966	1035
343000	100	1344	712	11260	107	279	34887	1074
344000	112	1508	623	11133	99	418	33785	1407
345000	91	1300	547	11517	78	397	35212	1560
346000	66	1448	729	11194	40	314	34910	1164
347000	74	1524	743	11255	7	227	34081	823
348000	94	1201	860	11484	4	99	35989	363
349000	106	1268	747	11598	0	71	35465	271
350000	96	1236	821	11527	0	82	35605	221
351000	92	1294	702	11655	0	56	37072	83
352000	70	1281	812	11569	0	42	36443	52
353000	132	1342	650	11683	0	12	35878	45
354000	61	1343	639	11688	87	9	36568	248
355000	49	1519	495	11805	33	72	36194	516
356000	68	1522	560	11682	23	61	35521	389
357000	46	1584	624	11460	33	89	35245	231
358000	58	1381	711	11440	54	172	35051	661
359000	134	1313	766	11383	35	115	37200	522
360000	98	1311	832	11289	72	154	35856	647
361000	120	1228	807	11483	34	69	36466	369
362000	90	1273	635	11691	64	166	37003	565
363000	96	1549	547	11532	52	106	36349	308
364000	87	1554	637	11390	19	141	34754	437
365000	58	1250	766	11547	36	111	37129	462
366000	84	1449	691	11450	42	73	35543	319
367000	50	1474	768	11373	34	89	34531	262
368000	132	1229	917	11164	14	184	34215	595
369000	53	1302	677	11544	0	260	35793	537
370000	89	1484	534	11459	5	351	34136	1046
371000	85	1391	608	11434	29	344	34261	1246
372000	83	1461	791	11195	19	249	35180	645
373000	131	1266	629	11570	45	220	35432	978
374000	64	1343	672	11468	60	249	36691	1017
375000	65	1368	700	11482	26	245	35169	892
376000	70	1413	642	11374	77	266	35446	1094
377000	117	1381	813	11089	53	260	34101	1011
378000	87	1243	807	11195	109	370	33512	1680
379000	97	1434	617	11217	54	438	33461	1377
380000	69	1526	578	11244	68	371	35114	1303
381000	70	1306	668	11162	103	523	33879	1777
382000	75	1250	899	10853	59	590	33595	1994
383000	124	1264	721	10995	121	527	34574	1999
384000	144	1280	725	11115	90	472	34792	1325
385000	66	1369	635	11247	88	430	34582	1415
386000	79	1454	757	10931	53	528	33730	1662
387000	96	1350	660	11084	16	605	33715	1868
388000	97	1438	596	11159	36	520	33092	1704
389000	86	1372	545	11560	13	345	34384	1081
390000	75	1267	771	11313	7	365	35783	1151
391000	83	1425	949	11028	5	191	35807	501
392000	69	1401	722	11387	0	250	36495	631
393000	76	1413	674	11466	5	209	35242	779
394000	46	1401	549	11765	0	135	35648	311
395000	83	1372	487	11880	1	84	35931	228
396000	83	1384	508	11793	7	128	35912	337
397000	87	1512	550	11464	2	276	34580	629
398000	83	1551	666	11259	7	295	35355	1108
399000	93	1342	791	11362	0	181	35631	461
400000	88	1333	747	11516	1	104	35113	471
401000	74	1411	643	11529	25	155	35304	461
402000	53	1371	544	11784	3	181	34822	407
403000	42	1407	618	11578	11	217	35792	555
404000	98	1364	611	11642	25	155	34583	456
405000	76	1278	852	11394	0	161	34776	372
406000	77	1299	782	11418	32	159	34597	395
407000	74	1267	839	11481	13	105	36335	363
408000	67	1413	753	11376	6	181	35680	439
409000	48	1600	526	11574	2	197	35693	608
410000	86	1516	531	11673	1	131	34758	397
411000	46	1594	542	11692	0	70	35958	161
412000	58	1539	521	11716	15	105	34620	229
413000	95	1437	637	11587	25	77	35641	196
414000	121	1316	901	11215	37	85	35120	344
415000	87	1235	738	11627	7	130	36199	460
416000	63	1564	662	11385	1	154	34419	359
417000	55	1530	625	11509	14	125	35728	476
418000	55	1269	707	11594	5	176	37069	607
419000	87	1320	664	11644	4	122	35559	563
420000	47	1378	614	11734	34	97	36482	388
421000	67	1319	738	11592	2	67	35575	258
422000	97	1341	684	11638	0	73	35006	235
423000	82	1369	585	11735	0	98	35831	274
424000	84	1310	707	11622	11	90	36016	285
425000	70	1505	566	11660	0	113	37076	524
426000	72	1303	618	11730	1	132	36942	351
427000	48	1575	501	11734	0	93	35978	255
428000	75	1494	498	11738	0	141	35312	272
429000	54	1500	538	11685	10	141	36431	388
430000	66	1438	728	11455	0	174	34998	537
431000	99	1281	603	11714	4	170	36339	437
432000	61	1507	701	11396	8	185	35617	609
433000	61	1347	518	11784	70	133	36420	515
434000	89	1473	716	11267	79	155	35308	559
435000	61	1500	571	11567	41	169	33878	872
436000	37	1442	499	11766	23	215	36048	739
437000	63	1468	450	11702	38	247	35137	976
438000	58	1650	454	11535	29	243	33678	945
439000	54	1474	584	11593	17	176	35016	721
440000	72	1633	475	11550	12	198	35993	421
441000	45	1694	370	11672	7	233	34869	859
442000	77	1603	426	11690	24	157	35915	565
443000	94	1430	623	11563	21	146	36357	585
444000	97	1283	681	11573	23	185	36557	822
445000	126	1249	649	11558	65	168	35872	542
446000	83	1436	600	11606	19	138	35660	430
447000	75	1516	652	11526	26	101	35695	419
448000	66	1427	766	11481	3	73	35599	190
449000	105	1366	707	11588	0	20	36461	54
450000	54	1432	522	11892	0	3	35503	27
451000	89	1573	471	11684	117	7	34768	388
452000	84	1370	605	11620	134	79	35608	679
453000	54	1347	601	11645	86	136	34915	726
454000	59	1591	515	11562	86	103	34204	510
455000	67	1531	501	11644	78	135	34573	616
456000	79	1497	563	11538	113	127	36449	662
457000	92	1435	671	11263	115	274	34539	1110
458000	103	1292	676	11381	114	234	35674	1064
459000	80	1331	670	11417	76	266	35208	1125
460000	73	1339	651	11530	37	214	35907	664
461000	55	1513	566	11497	76	173	34965	684
462000	86	1348	728	11466	137	92	33825	740
463000	83	1289	756	11469	139	92	35280	644
464000	122	1110	808	11577	78	82	36431	467
465000	85	1229	636	11722	133	63	35395	486
466000	66	1463	692	11479	84	54	35700	396
467000	104	1354	744	11387	121	47	35508	537
468000	86	1330	675	11499	203	62	34850	979
469000	120	1418	637	11447	188	43	36375	835
470000	115	1458	576	11469	167	89	36802	784
471000	98	1502	541	11573	84	101	34847	492
472000	88	1418	569	11627	14	177	35323	395
473000	86	1408	672	11583	30	58	34415	484
474000	72	1587	661	11428	44	20	34323	193
475000	103	1477	662	11521	23	23	35119	106
476000	102	1591	698	11402	19	0	34770	79
477000	67	1432	890	11345	32	6	33795	53
478000	82	1403	791	11440	55	1	35528	178
479000	93	1175	996	11278	99	40	36709	326
480000	102	1257	865	11365	117	23	35119	255
481000	73	1316	700	11639	36	57	35977	194
482000	71	1413	489	11874	16	94	35634	178
483000	48	1629	503	11618	38	99	35698	408
484000	64	1227	676	11719	56	60	34801	390
485000	77	1435	706	11582	22	24	35146	176
486000	79	1380	745	11514	3	74	36385	178
487000	62	1354	672	11652	24	70	37321	303
488000	75	1309	831	11384	5	91	34943	219
489000	78	1200	818	11597	0	65	37358	225
490000	92	1329	694	11498	2	171	34856	454
491000	132	1488	612	11423	30	158	35816	653
492000	63	1400	716	11368	38	223	35015	869
493000	59	1253	776	11455	10	254	35829	582
494000	96	1282	842	11403	9	140	35860	616
495000	62	1284	718	11581	1	166	35784	551
496000	60	1375	501	11862	5	124	37390	431
497000	72	1117	722	11795	0	110	35426	377
498000	75	1270	828	11441	8	118	36145	332
499000	103	1382	870	11232	17	95	35004	262
500000	100	1375	855	11328	43	15	35731	237
501000	97	1357	667	11687	0	4	36524	9
502000	108	1324	567	11820	64	0	36172	194
503000	86	1457	599	11576	106	56	36503	444
504000	61	1492	494	11777	61	36	35387	258
505000	74	1397	608	11589	89	100	35486	598
506000	103	1527	581	11375	123	147	34133	670
507000	61	1395	637	11462	86	198	36242	890
508000	89	1324	607	11460	128	247	36168	817
509000	74	1438	670	11400	85	201	34712	1049
510000	63	1628	507	11492	80	135	34359	731
511000	70	1401	627	11568	40	169	36421	667
512000	76	1404	566	11643	25	154	34586	481
513000	73	1399	617	11625	7	141	37104	402
514000	72	1419	787	11314	10	158	35866	479
515000	123	1461	699	11330	0	147	35284	518
516000	72	1233	940	11172	11	227	35270	664
517000	101	1237	844	11430	2	130	35950	382
518000	67	1275	773	11601	9	99	35355	312
519000	74	1283	772	11568	0	50	36418	179
520000	93	1521	558	11608	1	111	36802	334
521000	118	1528	615	11496	17	89	36038	345
522000	88	1491	575	11630	0	96	34868	280
523000	65	1460	739	11393	3	147	35439	590
524000	102	1358	715	11471	1	173	34980	633
525000	71	1457	500	11815	2	81	35933	356
526000	59	1557	578	11649	22	76	36652	335
527000	102	1450	654	11542	18	78	35493	274
528000	66	1468	569	11665	32	73	37060	517
529000	108	1339	663	11598	78	30	34937	274
530000	112	1330	659	11639	57	56	37063	403
531000	92	1441	676	11463	55	75	33938	364
532000	97	1448	723	11389	39	85	33903	317
533000	93	1413	676	11445	93	83	35965	583
534000	97	1466	584	11658	60	39	36327	394
535000	62	1355	617	11737	37	68	36312	392
536000	110	1243	720	11531	37	108	36168	337
537000	74	1214	708	11539	35	250	35303	872
538000	88	1451	677	11386	13	232	35549	676
539000	72	1461	577	11509	9	267	35712	713
540000	70	1337	653	11411	4	379	35183	766
541000	49	1616	588	11290	34	316	35141	1353
542000	52	1482	608	11434	21	289	34341	1030
543000	108	1352	647	11522	2	210	34907	734
544000	96	1324	644	11542	29	186	35302	531
545000	106	1321	772	11289	56	213	34090	850
546000	118	1266	717	11361	93	181	36197	829
547000	101	1173	761	11451	149	149	35235	996
548000	89	1302	653	11410	167	168	35206	709
549000	130	1155	835	11369	65	176	36718	778
550000	132	1229	704	11430	89	225	36103	840
551000	94	1267	686	11388	40	320	36202	1129
552000	108	1297	685	11556	41	163	35566	855
553000	92	1201	822	11370	51	169	37182	687
554000	86	1148	991	11186	48	191	36325	738
555000	109	1266	789	11360	36	190	35441	595
556000	87	1335	763	11395	13	198	33882	551
557000	92	1529	707	11244	8	257	35727	885
558000	49	1368	587	11588	19	320	35693	985
559000	97	1444	613	11483	36	228	35529	821
560000	49	1531	538	11435	62	297	33874	948
561000	75	1744	494	11317	61	237	35626	1028
562000	83	1593	516	11356	107	220	34348	761
563000	78	1313	677	11423	117	198	33837	1012
564000	105	1298	788	11227	99	228	35130	1026
565000	97	1301	794	11246	73	278	35494	1150
566000	95	1212	841	11412	25	141	35521	392
567000	105	1340	889	11103	10	242	35200	499
568000	110	1105	880	11391	9	203	36019	433
569000	97	1295	926	11121	34	187	36558	686
570000	110	1277	962	11102	75	180	35212	681
571000	116	1243	819	11302	115	150	34580	765
572000	89	1333	719	11440	94	142	35070	811
573000	65	1344	824	11357	72	129	33699	632
574000	69	1278	663	11621	40	187	35407	777
575000	92	1513	707	11282	46	202	34399	596
576000	134	1196	688	11496	50	161	35503	514
577000	99	1324	826	11395	40	90	34686	403
578000	103	1417	735	11477	0	84	36210	219
579000	78	1375	672	11532	5	158	36835	508
580000	105	1465	621	11523	0	152	35114	462
581000	105	1395	636	11642	17	110	35800	277
582000	108	1414	657	11508	0	113	35985	379
583000	83	1246	790	11542	0	81	37316	343
584000	89	1374	660	11650	0	77	36183	148
585000	86	1387	544	11764	1	96	35160	294
586000	81	1467	571	11612	0	123	37706	308
587000	90	1372	703	11636	2	68	35338	87
588000	103	1362	847	11360	0	72	34777	228
589000	118	1412	733	11471	0	76	36524	189
590000	65	1600	608	11592	0	24	35809	73
591000	81	1311	681	11779	0	17	37642	65
592000	83	1417	673	11660	0	7	35462	49
593000	55	1522	669	11585	0	5	35208	7
594000	115	1367	747	11552	0	3	35132	0
595000	56	1381	609	11811	0	8	36619	20
596000	72	1365	523	11950	0	27	35013	170
597000	53	1342	560	11948	0	2	35633	51
598000	91	1488	575	11748	0	2	35962	1
599000	76	1577	471	11805	0	42	35248	16
600000	65	1469	565	11712	7	63	36608	144
601000	87	1448	666	11586	0	38	35816	25
602000	96	1435	573	11772	1	9	35990	90
603000	90	1347	622	11767	0	3	35800	6
604000	87	1288	635	11740	119	13	35484	313
605000	70	1568	696	11384	72	26	35435	220
606000	96	1446	654	11545	39	23	36877	177
607000	86	1261	656	11760	24	14	35761	71
608000	85	1516	639	11628	0	1	36962	1
609000	59	1537	586	11529	107	38	35746	383
610000	76	1471	589	11629	76	58	34910	370
611000	101	1463	634	11587	48	46	36606	215
612000	70	1451	549	11694	75	25	37015	247
613000	110	1281	601	11830	47	7	36280	129
614000	78	1443	649	11584	60	30	36233	274
615000	84	1384	683	11674	17	1	36848	78
616000	78	1212	841	11604	20	0	36585	2
617000	83	1250	674	11777	8	36	36253	76
618000	95	1289	633	11727	0	113	35582	407
619000	71	1467	714	11517	26	60	34796	270
620000	78	1446	667	11591	12	51	35291	192
621000	67	1308	927	11331	34	70	34682	331
622000	117	1239	836	11425	68	77	36301	313
623000	85	1297	780	11472	70	85	36938	642
624000	125	1221	999	11059	118	79	36198	512
625000	75	1381	733	11383	157	73	35558	828
626000	75	1436	551	11653	64	104	36204	488
627000	97	1381	615	11693	23	83	35922	332
628000	67	1415	629	11660	10	55	35634	216
629000	89	1472	649	11578	6	67	34704	257
630000	98	1364	801	11433	0	31	34557	116
631000	63	1389	506	11929	0	63	35244	122
632000	103	1421	581	11689	0	38	37064	170
633000	74	1422	419	11984	3	89	37319	362
634000	55	1412	614	11696	2	108	35041	314
635000	65	1336	533	11959	0	44	36152	107
636000	62	1414	651	11631	4	60	36226	259
637000	42	1630	435	11848	0	15	36491	43
638000	61	1607	527	11726	0	0	35301	1
639000	54	1473	485	11783	76	46	35780	308
640000	83	1322	614	11758	36	52	35517	237
641000	86	1485	480	11719	55	75	35612	282
642000	62	1392	447	11957	79	61	36647	536
643000	41	1394	586	11819	9	90	36377	345
644000	119	1374	613	11626	3	106	35876	240
645000	100	1459	582	11641	5	99	34776	209
646000	112	1396	733	11393	0	142	36099	424
647000	90	1335	633	11546	12	238	35307	776
648000	48	1387	639	11635	12	191	34981	572
649000	74	1573	589	11407	61	161	33284	498
650000	96	1269	552	11781	69	88	35715	432
651000	82	1449	677	11514	62	48	36677	427
652000	89	1149	860	11499	24	71	36128	259
653000	79	1412	751	11470	0	101	34727	332
654000	78	1319	753	11577	10	83	37092	122
655000	102	1443	729	11402	20	144	36042	525
656000	92	1370	749	11429	4	132	36117	395
657000	111	1190	957	11312	1	124	35240	303
658000	87	1234	815	11521	0	66	36090	214
659000	75	1240	765	11590	0	105	35248	169
660000	69	1571	618	11495	9	136	35924	336
661000	68	1550	593	11506	0	119	34923	354
662000	75	1462	565	11599	4	151	35324	464
663000	89	1526	471	11623	29	177	34312	393
664000	84	1620	547	11488	47	133	33295	689
665000	76	1446	566	11697	34	128	35444	456
666000	51	1394	529	11707	48	144	35721	535
667000	56	1476	608	11569	77	115	36788	462
668000	123	1463	698	11351	70	139	34495	682
669000	101	1441	699	11282	75	189	35467	708
670000	71	1301	571	11643	85	192	35711	746
671000	62	1433	535	11640	37	209	36536	678
672000	85	1512	559	11601	17	119	35326	454
673000	77	1349	755	11530	42	68	35589	340
674000	55	1313	760	11515	64	116	35274	621
675000	100	1258	814	11397	75	123	35157	458
676000	89	1171	844	11391	70	161	35931	688
677000	116	1332	739	11283	69	232	34777	944
678000	78	1420	859	11183	59	163	33899	750
679000	82	1232	766	11473	100	90	36687	475
680000	73	1270	906	11367	43	43	36131	166
681000	136	1004	1050	11355	11	56	36559	329
682000	93	1128	847	11526	15	112	36922	223
683000	112	1198	966	11310	6	54	36339	80
684000	53	1268	790	11641	0	49	36157	51
685000	70	1492	719	11412	0	119	35397	363
686000	100	1259	605	11806	0	71	34898	234
687000	89	1706	539	11472	17	68	34074	230
688000	77	1549	633	11432	23	135	35312	497
689000	116	1403	604	11511	24	203	34511	739
690000	69	1421	732	11328	23	244	36698	667
691000	93	1166	701	11630	34	190	36274	707
692000	68	1382	608	11498	47	238	35838	749
693000	63	1479	525	11505	53	289	35497	878
694000	74	1582	586	11292	63	315	34087	1191
695000	82	1300	792	11143	103	348	33165	1122
696000	97	1286	894	11084	59	347	34849	1312
697000	73	1169	882	11170	75	371	34993	1115
698000	109	1226	844	10814	128	541	33705	2242
699000	80	1352	802	10990	94	458	35259	1593
700000	80	1494	735	10907	76	491	34407	1669
701000	84	1419	757	10950	100	447	33236	1385
702000	86	1142	844	11144	87	430	34752	1757
703000	79	1146	854	11086	189	382	34664	1589
704000	66	1475	776	10980	79	411	34098	1172
705000	114	1263	793	11043	69	471	34708	1347
706000	104	1359	698	11287	18	395	34607	1175
707000	93	1311	797	11173	52	348	34827	1310
708000	119	1344	730	11372	92	166	36109	641
709000	93	1330	739	11324	21	292	34851	753
710000	48	1185	941	11177	31	354	35578	1129
711000	90	1179	890	11322	37	215	36875	677
712000	75	1314	975	11083	102	141	33410	644
713000	85	1176	874	11107	115	343	34922	1232
714000	100	1418	814	10972	114	335	34217	1194
715000	96	1476	710	11168	34	285	34404	990
716000	89	1382	658	11293	44	358	36842	1184
717000	66	1482	590	11303	70	390	33862	1285
718000	67	1336	717	11165	76	408	35852	1689
719000	81	1448	633	11161	40	461	35664	1328
720000	104	1405	661	11368	76	221	34204	646
721000	102	1342	642	11501	60	193	35008	836
722000	107	1479	618	11452	19	212	35672	720
723000	70	1371	650	11618	51	117	36585	421
724000	97	1479	641	11479	37	96	34604	388
725000	70	1502	545	11667	37	76	34698	162
726000	76	1351	519	11834	40	121	36247	441
727000	49	1528	500	11753	8	109	35474	356
728000	48	1400	671	11551	2	175	35913	438
729000	80	1371	752	11459	3	155	35173	451
730000	106	1259	827	11347	24	188	35042	595
731000	92	1493	766	11090	41	296	33963	1227
732000	96	1352	677	11434	30	238	35333	775
733000	100	1493	640	11369	25	202	35676	839
734000	58	1427	624	11376	29	353	34768	1016
735000	70	1490	503	11417	48	426	34718	1346
736000	126	1333	571	11420	25	362	35019	1138
737000	75	1373	702	11357	36	288	34173	829
738000	107	1336	727	11323	9	284	34018	782
739000	89	1242	752	11480	18	219	37131	822
740000	103	1466	704	11307	51	135	35376	425
741000	81	1375	681	11419	116	154	36884	851
742000	85	1357	851	11205	80	162	35495	596
743000	114	1351	741	11459	60	109	34879	302
744000	69	1441	557	11675	41	127	35685	518
745000	65	1300	545	11808	69	83	36396	520
746000	92	1456	619	11537	94	43	36112	453
747000	62	1378	710	11586	22	41	35383	214
748000	98	1492	708	11513	5	9	34970	53
749000	122	1357	709	11625	0	0	36338	6
750000	85	1259	838	11409	122	35	34871	392
751000	85	1285	855	11346	116	65	36121	523
752000	82	1271	808	11455	84	62	35819	369
753000	80	1137	937	11444	35	87	36073	580
754000	105	1159	977	11233	41	106	35319	433
755000	71	1191	850	11460	51	112	35575	434
756000	71	1549	648	11374	17	124	36610	538
757000	131	1419	594	11567	9	78	36136	267
758000	94	1542	587	11556	3	97	34284	355
759000	44	1427	538	11841	0	66	36488	141
760000	82	1275	667	11788	5	8	35745	53
761000	75	1517	639	11534	65	2	35628	220
762000	95	1225	802	11448	106	22	36758	353
763000	92	1346	747	11454	47	89	36395	231
764000	88	1593	620	11351	145	90	34196	632
765000	79	1329	659	11432	187	143	34919	898
766000	110	1410	703	11148	134	292	34163	977
767000	67	1133	821	11331	92	293	35565	1204
768000	76	1279	695	11286	151	312	35935	1449
769000	74	1205	810	11094	148	438	35733	1592
770000	88	1396	678	10920	125	616	33950	2144
771000	91	1257	714	10999	183	545	33821	2115
772000	56	1380	641	11114	204	438	34585	2163
773000	84	1528	546	11175	109	441	34139	1567
774000	88	1388	781	11039	106	390	34977	1402
775000	79	1525	609	11038	119	477	33637	1481
776000	97	1553	558	11025	80	585	34177	2072
777000	112	1358	601	11060	112	601	34449	1950
778000	83	1440	559	10976	117	686	33629	2409
779000	77	1449	580	10970	161	692	32885	2655
780000	90	1545	556	10751	290	629	33635	2804
781000	94	1216	652	11007	278	610	33596	2900
782000	99	1216	679	11017	240	577	35375	2327
783000	89	1438	726	10770	147	637	33833	2484
784000	67	1182	631	11092	133	759	33670	2533
785000	102	1220	685	10768	170	855	33005	3120
786000	64	1426	593	10671	213	924	34135	3238
787000	103	1373	607	10773	170	814	32629	3353
788000	66	1607	618	10557	158	873	32437	2863
789000	118	1575	699	10388	267	760	32848	2922
790000	109	1320	622	10920	202	672	32356	2782
791000	60	1509	526	10900	199	734	32943	2899
792000	67	1504	479	10981	292	628	33189	3054
793000	108	1716	429	10842	278	566	32966	2409
794000	117	1534	617	10767	174	604	31792	2167
795000	98	1592	466	11083	157	581	34102	2306
796000	70	1583	548	10768	144	782	32005	2534
797000	64	1383	495	11152	155	665	35290	2214
798000	103	1483	575	11000	36	645	33766	1806
799000	120	1411	556	11178	78	550	34294	1965
800000	61	1555	560	11150	87	503	34703	1529
801000	79	1434	506	11438	96	394	34775	1314
802000	73	1474	573	11397	48	358	34776	1161
803000	93	1342	591	11334	56	430	35765	1421
804000	105	1263	845	10863	91	581	35161	1876
805000	73	1280	735	11016	64	604	34645	1919
806000	116	1397	857	10662	115	565	33932	1963
807000	114	1289	787	10848	110	620	32994	1711
808000	75	1311	600	11195	231	518	33426	2718
809000	105	1540	619	10801	220	599	33496	2341
810000	117	1167	700	10792	305	729	33732	3044
811000	87	1281	605	10800	286	771	32039	3176
812000	131	1270	754	10468	341	783	31763	3445
813000	105	1461	659	10396	421	782	32586	3135
814000	85	1367	663	10429	463	830	32536	3541
815000	148	1425	635	10308	521	782	32415	3891
816000	127	1384	650	10381	469	783	31332	3829
817000	103	1407	668	10162	403	1068	31811	4911
818000	80	1461	705	10295	351	974	32062	3819
819000	94	1381	575	10573	343	906	32694	3854
820000	83	1388	547	10558	256	1028	33410	3678
821000	97	1393	509	10615	161	1120	33386	3756
822000	79	1496	448	10604	153	1213	32992	3761
823000	65	1545	399	10763	177	1043	32570	3688
824000	73	1499	521	10520	268	992	33844	3615
825000	108	1389	624	10436	166	1090	31936	3538
826000	93	1420	629	10582	187	951	32519	3180
827000	140	1351	806	10202	313	907	32622	3620
828000	155	1256	698	10366	375	927	32357	3737
829000	125	1335	752	10185	344	991	31699	4184
830000	114	1293	622	10650	289	889	33681	3436
831000	73	1439	618	10649	291	770	33500	3029
832000	85	1438	723	10517	252	764	33033	3675
833000	72	1250	630	10917	167	839	33463	2900
834000	82	1326	608	10882	200	758	34770	2682
835000	93	1484	579	10689	249	819	34019	2721
836000	89	1436	684	10603	144	868	33663	2763
837000	82	1420	665	10539	110	960	33123	3157
838000	76	1388	572	10926	165	761	33340	3136
839000	83	1338	580	10973	223	659	33471	2718
840000	68	1311	632	11026	126	690	34067	2571
841000	101	1432	807	10489	144	766	32624	2650
842000	57	1380	666	10869	131	770	33578	2576
843000	65	1432	587	10897	127	759	32623	2577
844000	65	1425	514	11232	88	654	34477	2136
845000	76	1451	497	11198	98	602	34866	2038
846000	115	1490	633	11151	91	389	33505	1226
847000	96	1452	591	11096	35	564	33636	1345
848000	75	1465	606	11071	46	654	33267	1794
849000	74	1483	548	10949	139	724	33611	2323
850000	72	1403	611	10910	99	821	32470	2582
851000	81	1453	633	10740	126	813	32426	2930
852000	80	1515	578	10832	143	724	32948	2423
853000	93	1462	582	11033	114	592	33879	2074
854000	87	1394	712	10771	148	712	32910	2719
855000	100	1343	630	10994	211	587	33808	2122
856000	77	1128	869	10845	88	711	34705	2075
857000	90	1200	733	10963	69	719	34264	2414
858000	62	1435	606	11004	109	637	34806	1985
859000	71	1307	698	10932	92	684	33999	2371
860000	63	1459	534	11063	236	534	34800	2211
861000	138	1496	594	10697	228	668	31858	2767
862000	80	1416	779	10788	248	497	33422	1624
863000	85	1379	731	10925	242	467	34424	2485
864000	94	1356	555	11336	173	396	34605	1825
865000	102	1418	746	11049	135	344	34755	1422
866000	54	1393	689	11118	173	421	33318	1503
867000	102	1389	609	11265	144	345	34089	1407
868000	86	1433	540	11360	136	371	34995	1450
869000	89	1480	636	11133	33	482	33999	1278
870000	55	1368	648	11333	63	412	35129	1337
871000	137	1239	768	11071	80	474	35363	1427
872000	127	1161	901	10856	108	562	33404	1752
873000	89	1291	796	11061	76	504	35800	1507
874000	110	1250	732	10953	133	622	33338	2158
875000	100	1369	654	10988	130	650	32675	2233
876000	73	1415	720	10984	107	483	34390	1832
877000	103	1328	601	11342	101	420	34863	1653
878000	79	1443	558	11257	81	492	35060	1787
879000	62	1238	862	10926	79	572	34740	2184
880000	111	1218	540	11187	54	800	34984	2611
881000	101	1411	723	10733	103	724	32324	2575
882000	72	1387	657	10868	115	705	34056	2558
883000	91	1372	551	11088	165	601	33971	2134
884000	92	1359	763	10888	126	549	34688	1628
885000	91	1233	722	10972	118	658	34806	2264
886000	84	1532	470	11121	158	570	33590	1919
887000	66	1480	659	11003	72	569	34800	2183
888000	111	1312	641	11298	73	446	34353	1424
889000	114	1443	650	11134	68	477	34645	1685
890000	90	1324	664	11240	103	389	34843	1244
891000	115	1346	734	11241	51	318	32958	1011
892000	105	1529	630	11137	47	358	33667	1353
893000	65	1393	543	11462	28	387	35635	1097
894000	103	1528	738	10986	15	420	33429	1488
895000	94	1318	664	11402	5	361	35809	1181
896000	77	1381	699	11269	17	360	36139	1241
897000	45	1345	603	11548	25	325	34101	1076
898000	71	1508	670	11329	53	258	34509	884
899000	81	1497	645	11316	49	300	34404	1160
900000	58	1463	572	11480	41	288	34189	838
901000	99	1392	600	11372	80	301	34154	1130
902000	100	1325	682	11414	43	268	34438	806
903000	82	1306	746	11291	67	346	35210	1088
904000	89	1336	733	11158	147	336	33714	1577
905000	63	1556	699	11080	117	352	33160	1406
906000	82	1260	587	11537	82	362	33784	1488
907000	67	1461	639	11270	78	355	35984	1295
908000	79	1475	593	11352	96	296	34881	1049
909000	94	1299	718	11292	130	210	36007	726
910000	75	1326	786	11368	104	132	35994	774
911000	70	1289	746	11464	44	180	36877	650
912000	90	1195	863	11397	36	144	35473	553
913000	186	1272	1003	10920	22	211	34746	894
914000	68	1214	927	11288	17	181	35468	642
915000	98	1401	788	11205	14	227	35829	732
916000	87	1277	891	11359	8	153	34958	490
917000	69	1391	829	11282	0	210	35032	530
918000	89	1173	892	11183	7	343	35732	780
919000	104	1156	828	11405	0	238	35547	722
920000	106	1113	850	11469	5	218	35597	749
921000	84	1250	773	11392	47	222	36150	779
922000	85	1418	622	11531	45	183	35954	622
923000	98	1401	658	11395	75	173	35654	858
924000	83	1486	632	11517	93	80	35728	405
925000	86	1418	770	11294	106	111	34709	539
926000	97	1459	623	11466	72	119	33564	710
927000	69	1607	583	11450	25	165	33987	758
928000	81	1331	732	11439	21	198	34776	764
929000	119	1290	864	11264	8	159	36233	414
930000	86	1323	621	11697	0	144	35517	354
931000	110	1382	583	11651	0	112	36807	380
932000	51	1355	651	11652	0	144	36787	485
933000	118	1371	610	11587	5	159	35673	413
934000	93	1492	568	11606	24	98	34729	432
935000	70	1639	572	11470	31	72	36572	255
936000	79	1484	547	11707	17	79	35689	140
937000	64	1371	625	11734	0	71	35021	218
938000	77	1470	775	11376	4	53	34893	155
939000	96	1288	678	11717	6	36	36269	179
940000	66	1439	637	11689	0	8	35034	50
941000	87	1367	738	11586	0	20	35773	90
942000	67	1608	521	11701	20	31	35837	99
943000	88	1454	664	11605	28	28	35061	135
944000	85	1355	638	11707	24	46	37607	343
945000	73	1412	660	11592	34	66	35785	190
946000	95	1372	617	11649	36	72	33903	231
947000	54	1620	560	11590	10	44	34842	181
948000	74	1527	629	11551	13	60	34150	181
949000	80	1455	610	11554	16	126	36258	417
950000	88	1398	602	11653	40	104	34017	461
951000	114	1211	694	11665	9	103	36215	226
952000	91	1282	671	11660	9	122	36580	386
953000	35	1400	675	11597	13	121	36353	258
954000	50	1528	547	11704	1	75	34931	321
955000	104	1419	639	11610	1	82	35627	202
956000	93	1290	624	11828	2	66	36740	257
957000	94	1248	721	11688	0	28	37027	115
958000	83	1484	531	11809	0	10	35443	32
959000	58	1471	635	11655	0	33	35638	68
960000	84	1347	595	11769	3	44	36554	106
961000	100	1315	744	11550	11	59	35692	217
962000	62	1339	790	11533	27	24	35723	210
963000	73	1250	672	11724	52	90	35660	511
964000	102	1358	652	11598	63	73	37176	438
965000	101	1457	634	11601	9	73	35427	145
966000	71	1533	626	11547	6	79	35691	191
967000	69	1418	577	11753	0	81	35310	245
968000	81	1486	514	11710	5	105	35477	244
969000	65	1307	633	11701	6	131	35068	269
970000	52	1287	627	11753	13	165	37053	426
971000	74	1416	644	11448	13	171	36451	597
972000	92	1454	534	11619	22	188	37675	705
973000	73	1505	492	11637	27	202	34113	595
974000	94	1419	645	11533	14	157	33870	492
975000	77	1320	697	11557	44	101	36144	503
976000	129	1280	727	11425	64	143	34588	408
977000	75	1285	657	11570	79	203	36122	974
978000	54	1359	600	11657	91	132	35440	703
979000	82	1486	735	11326	116	72	35192	417
980000	98	1496	719	11281	68	147	35012	537
981000	96	1431	661	11457	86	104	34394	623
982000	60	1594	481	11586	124	103	36156	674
983000	58	1491	549	11616	51	139	36318	463
984000	49	1382	636	11515	9	244	35327	759
985000	77	1488	734	11251	9	201	34907	644
986000	69	1406	732	11367	0	266	34637	788
987000	110	1389	703	11327	9	263	34733	703
988000	75	1344	567	11764	14	145	35666	480
989000	65	1522	551	11575	11	138	35698	576
990000	69	1588	532	11633	19	104	35010	429
991000	66	1432	600	11720	2	51	35138	109
992000	94	1544	567	11659	24	28	37675	187
993000	72	1386	563	11814	69	9	35815	193
994000	123	1393	710	11422	104	9	34585	270
995000	94	1352	741	11401	194	12	36205	568
996000	120	1387	631	11545	101	43	35718	431
997000	68	1412	796	11349	109	36	35056	494
998000	88	1310	718	11594	34	78	35996	345
999000	102	1441	762	11285	69	98	34926	493
