0	0	0	0	14400	0	0	0	0
1000	38	1586	387	11872	41	47	36797	260
2000	65	1660	565	11499	29	75	36110	224
3000	105	1459	731	11376	45	63	34390	337
4000	83	1305	667	11658	21	86	36020	336
5000	85	1357	556	11791	56	53	36471	414
6000	71	1619	566	11545	10	104	34554	433
7000	85	1485	580	11608	0	103	35154	201
8000	87	1231	749	11596	16	143	35882	451
9000	59	1486	646	11440	27	171	35945	486
10000	79	1176	922	11328	0	190	35512	494
11000	99	1055	944	11469	2	110	35770	463
12000	63	1167	721	11787	43	46	35593	199
13000	93	1272	693	11653	25	70	37278	245
14000	83	1235	738	11639	26	60	36805	137
15000	65	1241	734	11737	22	51	35225	167
16000	94	1175	815	11651	8	35	37803	77
17000	57	1270	919	11344	9	83	35312	218
18000	75	1247	921	11317	18	116	36599	266
19000	132	1065	863	11541	2	97	35784	310
20000	92	1055	1017	11357	0	114	36193	335
21000	108	1316	832	11408	8	66	36114	221
22000	64	1231	629	11817	22	134	36961	238
23000	75	1436	625	11579	11	100	35530	260
24000	78	1394	701	11460	23	183	35394	653
25000	83	1425	590	11559	19	230	33737	586
26000	80	1310	565	11661	1	245	36589	657
27000	86	1513	622	11340	38	191	36577	530
28000	72	1287	699	11660	24	109	35909	477
29000	51	1473	665	11570	29	75	34290	189
30000	82	1310	719	11617	17	60	36631	253
31000	92	1309	650	11687	30	25	36120	169
32000	80	1456	554	11773	39	24	36070	111
33000	74	1414	718	11504	36	30	35860	156
34000	86	1235	854	11559	13	0	36061	110
35000	82	1298	829	11517	8	14	35105	52
36000	71	1308	679	11728	0	1	34975	88
37000	99	1371	721	11474	90	0	37284	78
38000	116	1221	837	11495	48	6	35234	115
39000	72	1204	813	11561	25	56	35522	194
40000	86	1224	905	11477	27	35	36444	124
41000	124	1276	984	11281	41	33	36277	179
42000	93	1492	673	11468	115	30	34983	444
43000	101	1388	663	11463	128	27	35686	334
44000	103	1383	621	11545	123	101	34684	634
45000	87	1302	741	11449	132	53	35136	454
46000	110	1063	790	11604	113	66	35069	433
47000	69	1404	688	11405	164	80	35002	666
48000	80	1495	769	11136	80	158	34831	688
49000	73	1307	680	11488	59	204	36819	653
50000	84	1312	721	11427	69	147	36159	595
51000	70	1460	673	11442	24	154	34650	377
52000	65	1404	672	11572	8	85	36226	282
53000	82	1444	682	11552	2	97	35998	224
54000	118	1413	742	11430	0	82	34732	319
55000	79	1574	640	11496	2	112	35005	461
56000	85	1558	530	11581	1	128	35461	462
57000	48	1616	553	11580	5	127	34327	329
58000	79	1442	489	11871	0	67	35863	262
59000	73	1482	656	11539	1	68	36420	131
60000	92	1562	579	11629	0	35	34512	92
61000	134	1413	672	11578	0	12	36043	58
62000	48	1597	609	11635	0	17	37062	54
63000	62	1465	553	11658	124	8	35446	404
64000	108	1396	647	11461	144	46	34987	558
65000	151	1309	682	11435	163	77	34991	664
66000	97	1430	666	11258	161	194	35247	1009
67000	168	1271	728	11338	145	131	34506	778
68000	96	1403	615	11422	80	260	34408	917
69000	95	1481	552	11344	164	216	33694	915
70000	74	1575	600	11274	177	190	35143	1118
71000	88	1535	646	11177	110	304	33694	1179
72000	94	1385	795	11020	113	333	34730	1282
73000	65	1106	752	11396	88	397	36093	1696
74000	137	1195	679	11351	140	282	35157	1203
75000	80	1188	765	11454	75	197	36044	915
76000	87	1338	667	11249	200	282	36525	1213
77000	100	1514	597	11220	122	315	34416	1357
78000	62	1510	585	11411	74	259	35033	1248
79000	90	1410	555	11472	71	270	35397	1095
80000	107	1391	541	11523	49	301	34845	925
81000	64	1513	508	11445	47	306	34838	928
82000	92	1597	498	11478	41	249	34929	791
83000	89	1383	560	11550	12	248	35908	950
84000	66	1508	668	11261	54	305	35047	949
85000	78	1274	527	11571	125	284	35877	1165
86000	52	1390	604	11437	47	335	35189	1073
87000	68	1317	650	11393	77	318	34938	1293
88000	123	1296	678	11286	36	397	35537	1450
89000	70	1297	752	11054	132	521	35907	1816
90000	82	1517	536	10957	146	646	34277	2311
91000	88	1361	621	11068	144	601	34624	2430
92000	99	1240	693	11097	146	545	36598	1591
93000	83	1406	584	11172	115	511	34560	1693
94000	87	1280	630	11113	158	548	33739	1899
95000	53	1519	420	11312	162	548	34712	2342
96000	59	1543	479	11387	130	359	35040	1438
97000	81	1607	704	10933	51	398	34012	1452
98000	61	1410	705	11147	54	425	33689	1454
99000	99	1410	719	11000	68	485	33785	1543
100000	72	1629	621	11098	46	453	34214	1545
101000	48	1589	437	11402	23	496	34568	1703
102000	98	1691	511	10903	65	642	33915	2459
103000	107	1548	545	11115	65	551	33714	1662
104000	85	1386	670	11051	157	483	33449	1724
105000	82	1266	698	11081	105	597	34396	2047
106000	90	1347	586	11181	160	529	35425	1966
107000	57	1296	782	11136	117	383	34658	1470
108000	67	1330	695	11247	132	365	35574	1253
109000	81	1426	757	11249	66	219	33886	1141
110000	66	1336	769	11395	79	164	35508	749
111000	89	1432	851	11160	99	177	35988	952
112000	91	1309	689	11466	133	154	34651	843
113000	101	1295	541	11552	239	156	36684	1247
114000	82	1304	770	11205	269	178	34540	1238
115000	105	1474	664	11153	244	251	34711	1392
116000	95	1260	656	11331	212	329	33999	1470
117000	66	1230	684	11291	253	307	36177	1316
118000	98	1446	712	11087	185	292	34211	1256
119000	88	1477	608	11443	42	186	35039	621
120000	56	1139	901	11386	114	89	35953	669
121000	79	1477	657	11389	109	110	35846	820
122000	78	1311	684	11564	129	110	33888	845
123000	74	1437	639	11423	131	144	35139	788
124000	94	1383	657	11452	110	148	34366	800
125000	60	1541	626	11448	73	158	34604	689
126000	125	1419	695	11436	27	117	35809	430
127000	70	1240	686	11738	22	127	35059	507
128000	63	1264	790	11496	33	115	36887	253
129000	61	1301	722	11649	3	80	35225	228
130000	71	1405	683	11650	13	43	36042	249
131000	76	1324	599	11846	37	23	36272	222
132000	67	1412	659	11640	56	19	36666	241
133000	87	1512	541	11750	32	11	36173	112
134000	67	1434	625	11716	4	51	36975	171
135000	90	1199	829	11641	0	15	35304	22
136000	106	1275	759	11545	137	0	36361	159
137000	150	1419	638	11464	98	27	35510	437
138000	64	1163	708	11845	40	4	34731	50
139000	68	1399	598	11742	51	18	34248	139
140000	86	1414	698	11554	12	30	34691	148
141000	75	1488	593	11722	0	9	36866	36
142000	64	1401	681	11653	61	2	36726	179
143000	124	1300	688	11638	10	27	36345	94
144000	71	1479	722	11545	0	44	35147	117
145000	64	1437	623	11669	1	51	37245	137
146000	67	1500	564	11737	0	19	36830	66
147000	57	1670	552	11633	9	11	35969	34
148000	90	1442	488	11827	75	3	34916	100
149000	59	1398	576	11839	24	12	36795	111
150000	70	1365	597	11836	14	13	36005	52
151000	110	1196	754	11709	1	9	36895	36
152000	83	1319	697	11635	133	0	36252	225
153000	122	1348	710	11469	92	19	35835	407
154000	88	1296	758	11485	139	61	36434	655
155000	103	1185	739	11642	17	120	35120	488
156000	62	1282	735	11574	12	152	35090	475
157000	54	1271	600	11782	9	170	36621	438
158000	62	1560	589	11456	25	201	34892	529
159000	63	1398	540	11742	27	123	35816	570
160000	108	1280	612	11693	38	92	36603	322
161000	43	1601	623	11533	25	65	34629	271
162000	116	1404	717	11406	51	79	35290	321
163000	92	1350	763	11489	11	96	35176	372
164000	117	1309	648	11720	2	78	36143	284
165000	64	1313	678	11658	1	71	37141	257
166000	95	1187	790	11533	1	101	36147	436
167000	99	1347	819	11436	22	30	36672	252
168000	64	1213	742	11679	12	94	36586	272
169000	93	1311	576	11742	16	116	35143	359
170000	67	1463	610	11591	22	137	34218	475
171000	63	1377	585	11705	0	153	35154	366
172000	86	1332	637	11631	11	154	35847	489
173000	81	1241	708	11569	23	175	35926	721
174000	92	1201	854	11460	5	140	36940	554
175000	70	1427	721	11396	3	195	37122	561
176000	59	1427	580	11641	37	178	35467	672
177000	89	1384	593	11663	18	150	35709	568
178000	83	1528	547	11598	5	120	35880	295
179000	96	1506	539	11674	24	41	35548	165
180000	58	1696	554	11598	35	16	34852	142
181000	43	1576	389	11963	52	20	35181	171
182000	66	1714	487	11611	45	23	35737	180
183000	65	1378	581	11715	79	60	34990	308
184000	62	1327	683	11627	74	20	34854	309
185000	124	1321	836	11331	76	51	35914	451
186000	91	1244	804	11454	87	101	34688	573
187000	87	1289	740	11462	76	112	34564	614
188000	98	1331	714	11499	38	138	35765	369
189000	73	1174	875	11435	41	110	35443	492
190000	82	1171	875	11448	60	73	35398	274
191000	88	1286	762	11501	17	99	35938	412
192000	127	1438	734	11392	21	69	35979	208
193000	71	1381	727	11548	14	60	35885	102
194000	108	1478	579	11613	41	53	36654	304
195000	80	1514	616	11580	17	89	34276	238
196000	53	1576	568	11611	10	62	34789	206
197000	66	1527	606	11615	14	45	34648	167
198000	58	1404	633	11713	27	42	36062	147
199000	76	1540	593	11590	29	35	34860	275
200000	96	1342	654	11594	36	104	34821	346
201000	56	1439	663	11530	14	163	34884	470
202000	51	1329	654	11651	16	161	35839	417
203000	77	1231	669	11669	5	181	37639	565
204000	125	1432	584	11580	2	137	36298	448
205000	69	1437	581	11550	47	191	35000	756
206000	81	1316	659	11387	129	314	34788	1352
207000	109	1335	718	11370	84	213	35729	901
208000	81	1267	548	11748	27	261	35246	966
209000	74	1433	623	11406	57	314	34170	977
210000	83	1351	621	11296	41	467	35109	1733
211000	73	1490	612	11380	26	314	34534	1113
212000	79	1414	610	11480	18	275	35947	876
213000	84	1412	528	11529	42	355	34517	1160
214000	74	1599	514	11220	41	467	34956	1403
215000	87	1465	503	11418	7	451	36267	1392
216000	54	1564	552	11366	11	403	33886	1318
217000	78	1566	579	11261	9	381	35422	1298
218000	58	1372	560	11404	31	435	35943	1341
219000	102	1297	738	11150	44	448	34830	1536
220000	110	1192	813	11161	55	418	35381	1577
221000	110	1210	773	11254	81	335	34382	1173
222000	129	1369	757	11077	44	415	35058	1542
223000	77	1512	544	11369	21	382	33561	1257
224000	82	1350	659	11354	111	297	34535	1527
225000	73	1300	747	11223	121	353	35298	1340
226000	119	1318	680	11166	99	443	33719	1688
227000	120	1303	725	11042	76	546	32865	1787
228000	130	1514	576	10945	84	621	33931	1999
229000	92	1198	834	10741	152	712	33085	2533
230000	112	1358	685	10874	178	579	33391	2654
231000	98	1326	562	11214	158	557	35365	2504
232000	91	1486	591	10866	256	597	32006	2213
233000	130	1333	667	10773	188	716	33796	2189
234000	65	1380	578	10818	155	880	32594	2742
235000	102	1459	593	10808	130	811	32470	3112
236000	72	1500	738	10529	56	870	34218	2570
237000	101	1441	668	10856	98	723	34342	2232
238000	96	1436	605	10829	176	679	32888	2456
239000	92	1366	560	10661	209	972	32568	3040
240000	73	1360	598	10653	317	882	32272	3815
241000	89	1440	522	10575	244	1037	30482	3705
242000	125	1230	667	10408	340	1021	30867	4589
243000	127	1375	603	10337	406	1032	30760	4219
244000	135	1252	773	10320	387	905	32794	3507
245000	96	1342	506	10554	387	1059	31934	4220
246000	79	1309	664	10578	247	995	32654	3051
247000	124	1287	545	10822	289	827	32195	3291
248000	113	1561	499	10710	275	791	32632	3285
249000	100	1392	607	10774	215	753	33319	2837
250000	108	1347	679	10715	168	854	32184	3255
251000	79	1487	744	10539	183	754	34605	2639
252000	97	1462	618	10793	236	678	33134	2737
253000	105	1465	542	10952	175	657	34011	2661
254000	107	1314	790	10563	110	851	33701	2802
255000	75	1596	681	10679	68	753	33507	2438
256000	90	1266	717	10987	72	706	33273	2394
257000	69	1326	706	10787	127	779	33626	2775
258000	77	1345	817	10812	103	572	34379	1965
259000	102	1371	720	10770	96	708	35552	2212
260000	95	1280	711	11172	29	544	34137	1699
261000	104	1397	661	11188	31	451	34767	1348
262000	91	1352	702	11073	84	512	33329	1711
263000	72	1356	645	11307	104	390	35332	1287
264000	98	1283	741	11178	58	430	35959	1309
265000	85	1260	716	11344	25	375	34210	1239
266000	63	1417	471	11512	46	440	34692	1327
267000	52	1426	505	11264	92	573	33075	1885
268000	124	1383	577	11100	136	567	33795	2223
269000	89	1370	682	10760	171	762	32670	2105
270000	125	1454	540	10907	221	675	33185	3242
271000	128	1324	626	10721	212	826	33101	2836
272000	64	1284	694	10598	350	882	32328	3703
273000	84	1239	667	10691	271	883	32690	2798
274000	79	1329	641	10735	77	1010	32544	3486
275000	62	1312	700	10417	141	1160	34834	3619
276000	92	1351	647	10384	96	1265	33596	4058
277000	128	1264	579	10567	132	1219	33028	4122
278000	75	1442	695	10150	139	1335	31852	4263
279000	128	1405	532	10268	254	1299	31284	4059
280000	79	1269	752	10223	242	1245	32633	4086
281000	77	1347	684	10410	265	1084	31647	3750
282000	133	1312	695	10357	246	1047	31201	3938
283000	99	1305	586	10631	357	874	32236	3669
284000	107	1331	567	10466	344	1050	32609	3911
285000	113	1403	736	10263	394	915	32269	3532
286000	88	1332	656	10374	314	1095	32878	4115
287000	69	1209	807	10339	180	1146	33000	3897
288000	124	1397	709	10453	240	871	32301	3313
289000	74	1278	653	10697	195	943	33508	3663
290000	128	1356	695	10178	336	1101	31993	4265
291000	99	1284	729	10548	224	927	33903	3000
292000	86	1426	738	10358	225	967	31908	3278
293000	77	1327	755	10519	330	803	32896	3127
294000	97	1365	636	10720	186	841	33653	2982
295000	96	1258	645	10984	149	723	33472	2421
296000	75	1485	481	11098	100	744	34128	2266
297000	89	1551	463	11175	53	640	34324	2056
298000	89	1509	555	10857	43	801	33420	2446
299000	82	1595	576	10697	186	792	32166	2378
300000	66	1453	673	10852	183	663	33487	2515
301000	55	1337	641	10906	237	689	33611	2676
302000	130	1470	511	11024	189	595	33510	2090
303000	69	1390	562	10962	282	638	33886	2526
304000	79	1436	572	10910	245	643	32563	2365
305000	102	1341	753	10838	205	529	33397	2127
306000	104	1287	629	11228	230	384	34712	1687
307000	78	1260	821	11129	240	260	35123	1565
308000	82	1250	797	11230	259	169	35969	1384
309000	148	1226	808	11127	185	199	34915	1005
310000	117	1037	1145	10928	98	255	33843	1005
311000	89	1213	1019	11026	37	294	34800	1033
312000	118	1270	853	11166	10	296	35372	1060
313000	42	1395	637	11500	6	258	34821	769
314000	76	1390	567	11583	4	266	35584	783
315000	62	1439	610	11592	11	189	36119	628
316000	75	1347	671	11583	13	114	35802	420
317000	112	1479	711	11378	32	110	35672	463
318000	79	1531	677	11383	11	177	35809	752
319000	55	1402	766	11372	36	172	35505	442
320000	106	1212	981	11153	36	161	35672	735
321000	70	1239	951	11365	6	38	36318	81
322000	106	1181	998	11330	13	3	36185	72
323000	83	1129	900	11586	9	22	35730	126
324000	80	1432	816	11344	2	51	33902	132
325000	86	1399	720	11551	0	31	36607	131
326000	51	1440	627	11763	0	13	34771	55
327000	85	1657	534	11586	0	21	35683	12
328000	82	1684	395	11806	0	32	33867	66
329000	56	1537	525	11760	2	40	35321	170
330000	63	1557	701	11481	0	14	35334	109
331000	109	1370	657	11631	61	2	35240	313
332000	95	1400	580	11731	54	15	36070	174
333000	83	1399	700	11602	70	11	34170	203
334000	67	1397	599	11753	16	34	34629	226
335000	126	1425	890	11271	1	6	36619	53
336000	66	1351	574	11784	97	23	35262	417
337000	94	1422	612	11617	49	94	34612	340
338000	48	1388	605	11761	34	62	36610	412
339000	102	1382	710	11449	14	108	35269	343
340000	107	1500	657	11404	11	139	34160	397
341000	103	1435	672	11516	4	124	34864	399
342000	64	1358	625	11728	1	96	36246	367
343000	64	1340	625	11783	0	85	34982	222
344000	82	1444	718	11432	0	130	35486	241
345000	58	1485	614	11629	1	88	35904	245
346000	90	1502	649	11503	0	97	36162	228
347000	74	1405	658	11660	0	66	36066	138
348000	76	1427	553	11736	8	79	36103	203
349000	74	1411	624	11658	37	64	34717	349
350000	86	1417	636	11598	41	66	35704	386
351000	73	1412	692	11619	7	62	36228	244
352000	79	1527	608	11599	2	53	35926	202
353000	58	1274	675	11788	0	47	36767	218
354000	78	1352	725	11630	0	29	35056	44
355000	76	1326	597	11857	0	13	38388	29
356000	91	1442	679	11636	0	0	36546	4
357000	73	1184	847	11503	76	18	35699	216
358000	102	1241	760	11588	30	43	35875	158
359000	110	1449	695	11458	25	98	35632	393
360000	70	1297	635	11652	13	131	34697	375
361000	86	1265	668	11750	0	80	35464	197
362000	40	1421	626	11645	1	153	34924	530
363000	62	1383	640	11548	0	194	36177	404
364000	78	1444	651	11400	4	239	35785	578
365000	61	1356	721	11430	5	234	34752	611
366000	60	1280	623	11615	29	232	35422	856
367000	68	1469	590	11530	17	207	36612	877
368000	69	1774	425	11382	68	251	34480	1140
369000	71	1595	450	11483	19	301	35362	956
370000	70	1831	409	11384	24	249	33878	1107
371000	64	1597	537	11423	14	280	34541	868
372000	103	1542	623	11313	12	248	34798	893
373000	73	1421	556	11737	3	149	34639	453
374000	47	1388	582	11730	10	128	36376	447
375000	49	1567	538	11603	4	156	35423	550
376000	88	1487	577	11506	8	191	36060	487
377000	92	1455	645	11438	34	202	34574	658
378000	118	1428	681	11367	39	204	34236	579
379000	99	1387	762	11284	37	173	34232	806
380000	76	1421	695	11479	44	162	35953	384
381000	52	1351	596	11794	14	109	35751	346
382000	142	1311	714	11498	3	106	35496	385
383000	93	1283	841	11453	33	24	35566	183
384000	82	1200	857	11566	9	12	35670	118
385000	59	1297	721	11676	0	70	36990	218
386000	53	1404	613	11670	0	141	35896	307
387000	39	1340	617	11706	5	169	36320	587
388000	88	1480	535	11617	0	194	36475	500
389000	96	1467	657	11449	4	171	34049	459
390000	75	1413	574	11649	11	153	34637	517
391000	63	1457	475	11801	1	135	33639	603
392000	85	1544	515	11678	2	81	35656	224
393000	72	1365	665	11512	53	158	35855	426
394000	83	1335	619	11652	22	153	34365	546
395000	77	1440	601	11580	27	161	34927	405
396000	53	1389	513	11736	29	213	34671	733
397000	92	1229	619	11748	30	121	36808	513
398000	101	1296	613	11725	12	148	35358	536
399000	118	1288	709	11431	3	213	36018	543
400000	89	1443	727	11221	19	277	35048	617
401000	59	1173	785	11437	27	244	36234	913
402000	74	1352	592	11585	77	211	35838	943
403000	90	1147	901	11224	73	260	34373	834
404000	108	1198	814	11173	106	310	34222	1145
405000	110	1336	679	11326	115	305	33776	1127
406000	74	1329	597	11513	41	348	35786	1148
407000	97	1274	669	11318	28	469	34519	1566
408000	80	1325	684	11134	12	617	35296	1693
409000	66	1316	721	11088	62	530	35372	1526
410000	88	1485	603	10994	60	658	33821	1955
411000	95	1622	551	10805	85	734	32302	2475
412000	48	1506	617	10954	67	701	32866	1830
413000	60	1626	531	11045	47	592	33402	1958
414000	112	1410	596	11057	113	544	32167	2030
415000	78	1361	627	11087	121	581	35237	1865
416000	68	1542	422	11271	97	586	34740	2210
417000	67	1571	471	11098	172	554	34201	2256
418000	119	1488	548	10969	157	604	33221	2441
419000	78	1306	691	10948	146	668	32412	2600
420000	60	1359	613	10984	179	680	34393	2802
421000	92	1390	659	10865	136	707	34265	2490
422000	115	1327	856	10643	137	673	31769	2610
423000	117	1295	718	10797	205	630	33518	2724
424000	83	1405	626	10943	195	640	33824	2425
425000	98	1366	672	10673	174	804	32778	2789
426000	109	1285	701	10616	188	936	33958	3476
427000	100	1457	673	10670	193	751	33216	2604
428000	82	1495	554	10840	170	735	32704	2593
429000	109	1527	641	10748	149	629	32801	2483
430000	88	1563	656	10790	138	633	33895	2040
431000	99	1558	545	10857	231	614	32658	2349
432000	98	1336	631	11066	131	618	34068	2389
433000	83	1510	602	10715	281	669	32275	2415
434000	64	1405	720	10705	248	661	33288	2776
435000	72	1557	750	10633	233	559	33814	1946
436000	86	1348	677	10912	185	595	33268	2318
437000	104	1254	751	10767	175	681	35366	2475
438000	115	1321	629	11012	175	592	32780	2563
439000	101	1324	707	10783	169	712	33957	2895
440000	92	1318	889	10419	106	873	33854	2841
441000	103	1252	776	10662	157	879	33256	2539
442000	94	1251	860	10371	170	948	33794	3114
443000	83	1490	613	10346	102	1238	31660	4126
444000	48	1421	610	10420	111	1330	30431	4588
445000	101	1466	588	10299	120	1346	33174	4062
446000	74	1479	545	10516	132	1177	30975	3776
447000	54	1502	575	10366	154	1227	31507	4321
448000	71	1529	568	10365	130	1210	32296	3891
449000	107	1456	650	10313	135	1198	30747	4176
450000	104	1305	763	10410	218	1004	33855	3789
451000	82	1204	642	10575	235	1081	32580	4267
452000	91	1214	683	10474	229	1135	33064	3657
453000	102	1397	569	10443	428	948	32226	4030
454000	92	1316	704	10273	272	1122	32863	3954
455000	73	1259	721	10164	355	1193	31982	4468
456000	80	1379	558	10141	376	1399	30454	5241
457000	120	1330	639	10300	331	1112	31449	4521
458000	140	1278	788	9964	328	1251	30729	4547
459000	100	1401	682	9835	430	1361	29601	5177
460000	133	1199	671	9949	325	1525	31148	5646
461000	157	1239	727	9865	378	1376	31165	5394
462000	67	1348	739	10216	336	1039	32081	3755
463000	134	1293	641	10489	319	950	32999	4182
464000	105	1382	645	10404	180	1097	32030	3578
465000	130	1245	725	10406	219	1066	32169	3876
466000	99	1341	660	10479	242	1015	32928	3612
467000	138	1361	693	10339	227	1011	31398	3670
468000	88	1257	707	10502	286	1003	32193	3883
469000	108	1444	526	10484	336	1005	32304	4058
470000	128	1338	673	10309	354	994	31875	3547
471000	134	1401	561	10540	270	947	31183	3931
472000	73	1328	699	10608	301	821	32564	3112
473000	107	1417	573	10754	222	772	34041	2928
474000	78	1500	617	10678	141	893	32764	3198
475000	56	1240	780	10895	121	713	34223	2636
476000	111	1353	647	10812	148	740	32914	2426
477000	77	1396	650	10740	70	914	34133	3058
478000	93	1518	630	10694	77	894	32874	3104
479000	52	1306	600	10828	191	906	33145	2866
480000	90	1280	628	10688	201	986	32278	3541
481000	107	1432	579	10693	207	879	33072	3232
482000	96	1413	637	10677	224	799	33072	2851
483000	69	1558	535	10664	229	848	32605	2707
484000	133	1660	591	10413	161	925	31013	3487
485000	126	1535	508	10615	159	959	32164	3105
486000	69	1248	536	10954	166	936	32972	3383
487000	87	1481	551	10809	176	812	32544	2820
488000	51	1568	495	10782	130	947	33556	3344
489000	61	1489	513	10761	172	965	33890	3098
490000	73	1368	601	10847	264	713	33548	2974
491000	101	1486	573	10568	249	900	30890	2717
492000	102	1295	773	10537	212	862	33424	2907
493000	120	1338	669	10677	157	874	32884	2743
494000	100	1374	600	10808	130	822	33359	2752
495000	107	1571	548	10619	175	865	33821	3042
496000	112	1507	619	10598	130	855	32047	2655
497000	70	1212	773	10832	83	815	34170	2997
498000	74	1329	792	10715	142	725	33335	2606
499000	89	1284	693	10997	116	664	33426	2040
500000	115	1403	721	10822	127	635	34324	2048
501000	123	1315	839	10716	169	576	34370	2013
502000	80	1223	559	11229	139	642	34557	2509
503000	56	1550	517	11137	112	528	33091	1884
504000	71	1456	669	11131	112	404	34762	1288
505000	70	1328	836	10986	178	404	34685	1735
506000	104	1221	874	11132	93	294	34961	1065
507000	104	1243	868	10941	89	474	33772	1857
508000	74	1499	566	11195	107	450	34810	1556
509000	102	1307	701	11210	39	491	34734	1627
510000	85	1334	676	11023	137	589	35437	2264
511000	86	1354	612	11179	131	460	34905	1579
512000	82	1257	770	11105	91	452	35210	1868
513000	83	1256	854	11195	38	320	33794	1003
514000	76	1295	761	11454	0	223	34900	807
515000	72	1232	692	11641	9	146	36092	607
516000	103	1341	704	11502	7	158	35078	477
517000	102	1407	727	11445	0	108	35334	493
518000	59	1238	679	11695	0	143	35544	301
519000	88	1418	655	11585	4	85	35039	291
520000	112	1402	655	11606	17	17	36988	81
521000	98	1370	711	11626	0	23	36700	40
522000	77	1259	836	11575	0	7	36580	11
523000	60	1310	866	11504	0	8	35528	73
524000	85	1303	743	11637	9	3	36019	51
525000	115	1320	662	11633	96	2	34152	332
526000	93	1265	880	11366	70	55	35149	316
527000	71	1316	769	11558	54	25	36834	228
528000	126	1265	771	11462	121	22	35334	399
529000	100	1248	803	11524	88	10	36384	209
530000	86	1206	860	11518	89	17	36655	177
531000	73	1315	647	11702	48	21	36681	274
532000	88	1424	620	11699	10	14	36336	133
533000	60	1431	590	11710	4	74	35900	268
534000	70	1373	595	11745	6	103	37288	370
535000	65	1281	931	11372	0	100	34999	186
536000	95	1273	707	11596	19	124	36681	363
537000	69	1387	636	11585	21	159	35401	434
538000	83	1323	679	11593	52	110	35545	399
539000	101	1251	732	11496	68	156	35087	536
540000	70	1307	752	11451	90	93	34538	503
541000	89	1254	598	11646	103	180	35774	702
542000	58	1359	561	11608	52	250	34867	863
543000	75	1485	601	11359	71	307	33991	959
544000	120	1388	661	11236	148	306	35170	1255
545000	97	1368	649	11301	158	290	34486	1492
546000	88	1282	825	11190	106	264	34030	981
547000	86	1225	803	11142	105	371	33416	1557
548000	116	1436	681	11184	121	251	34473	883
549000	68	1433	670	11198	127	344	34411	1499
550000	67	1349	586	11541	94	306	35188	1354
551000	111	1489	642	11184	92	293	36268	735
552000	69	1342	723	11257	127	327	34132	1363
553000	57	1434	668	11324	70	287	34188	1095
554000	48	1547	480	11498	32	340	36132	1152
555000	98	1646	559	11261	12	298	34825	822
556000	77	1508	598	11388	32	233	35516	588
557000	83	1435	644	11485	51	140	36605	431
558000	89	1427	787	11332	71	100	34612	492
559000	129	1496	742	11234	94	115	35641	572
560000	91	1185	861	11409	109	109	35863	502
561000	71	1337	709	11431	81	153	36067	816
562000	70	1398	797	11205	89	220	34285	977
563000	99	1179	798	11250	117	326	34847	1582
564000	78	1213	754	11310	84	394	34290	1232
565000	62	1375	609	11487	104	265	35742	1200
566000	74	1560	590	11213	57	380	35835	1048
567000	79	1648	631	11134	34	360	33532	1175
568000	58	1407	586	11422	28	390	34705	1171
569000	58	1383	570	11524	60	317	34911	1095
570000	89	1558	538	11304	80	351	34148	1210
571000	92	1297	748	11262	73	339	34818	1168
572000	73	1342	660	11213	64	480	34394	1668
573000	110	1219	751	11176	71	490	34141	1308
574000	77	1409	523	11375	34	505	34271	1439
575000	54	1584	560	11208	55	445	34586	1536
576000	90	1362	709	11197	50	415	35201	1198
577000	115	1445	685	11297	16	278	34896	1005
578000	50	1419	646	11319	124	258	33684	1121
579000	75	1547	564	11391	84	235	34549	1002
580000	106	1659	533	11163	73	308	34237	1048
581000	67	1223	593	11568	76	357	35688	1281
582000	54	1617	444	11375	46	419	34801	1309
583000	82	1683	588	11110	16	414	31967	1321
584000	64	1472	623	11275	4	418	35270	971
585000	69	1325	597	11455	12	450	35192	1562
586000	76	1452	532	11503	10	340	33847	1294
587000	83	1417	408	11700	43	335	36509	1293
588000	93	1483	563	11395	18	379	35108	1183
589000	78	1411	697	11235	38	392	34788	1168
590000	63	1372	652	11460	4	324	36088	912
591000	90	1389	720	11408	10	165	35480	657
592000	63	1358	768	11450	18	153	36002	547
593000	102	1353	709	11534	14	86	36992	183
594000	97	1708	569	11446	0	76	35635	127
595000	86	1432	759	11507	0	35	37088	106
596000	116	1287	827	11431	0	63	36433	138
597000	102	1203	868	11509	0	21	35785	51
598000	73	1231	745	11723	0	26	36809	39
599000	100	1265	1084	11128	0	36	36363	125
600000	54	1130	977	11474	0	75	34947	172
601000	90	1148	749	11683	0	105	35039	347
602000	57	1339	712	11681	0	56	35533	253
603000	78	1512	535	11732	0	30	36017	160
604000	75	1554	642	11556	0	28	35340	70
605000	70	1599	566	11621	0	10	37213	22
606000	85	1419	584	11804	0	5	37470	22
607000	75	1524	586	11596	93	19	34157	348
608000	74	1389	673	11617	41	7	35742	80
609000	66	1382	465	11982	52	30	36030	191
610000	91	1508	422	11935	10	32	36980	101
611000	90	1636	474	11709	21	13	34799	137
612000	96	1313	511	11987	1	1	37643	0
613000	78	1412	532	11875	15	0	35437	25
614000	79	1563	539	11666	1	13	35365	57
615000	68	1427	687	11643	0	23	36767	64
616000	113	1296	779	11538	0	26	36544	82
617000	99	1394	889	11177	87	7	36373	199
618000	142	1290	855	11365	38	28	35382	227
619000	64	1515	672	11477	33	88	34854	285
620000	69	1452	544	11705	35	80	36118	478
621000	66	1321	615	11779	17	79	36512	320
622000	87	1244	794	11566	22	59	35692	421
623000	69	1445	658	11545	29	47	35139	297
624000	74	1405	696	11611	32	40	36343	168
625000	65	1306	680	11733	29	17	36453	151
626000	86	1423	533	11819	3	54	35312	173
627000	65	1444	537	11850	0	20	36415	73
628000	94	1661	563	11614	0	6	36295	8
629000	66	1357	780	11613	0	1	36232	0
630000	68	1354	788	11561	0	3	36286	15
631000	97	1191	1019	11257	91	0	36165	262
632000	63	1176	804	11620	58	16	36434	235
633000	109	1421	641	11661	17	7	35835	143
634000	71	1490	588	11731	0	21	35471	89
635000	40	1410	633	11778	0	19	37886	68
636000	64	1440	651	11577	114	19	34608	302
637000	79	1355	672	11560	88	47	35743	491
638000	86	1240	679	11678	91	78	35714	611
639000	81	1498	564	11508	105	97	34859	455
640000	93	1405	675	11559	85	64	35638	425
641000	72	1194	845	11475	111	63	35804	563
642000	102	1266	671	11615	77	92	36730	412
643000	89	1249	773	11488	63	100	34576	505
644000	78	1353	630	11583	110	77	35258	643
645000	135	1425	651	11438	61	115	35448	721
646000	98	1311	775	11437	99	100	36429	410
647000	88	1302	651	11657	120	53	35470	512
648000	52	1294	648	11725	140	28	35802	517
649000	116	1205	704	11568	151	88	35355	729
650000	62	1275	651	11567	126	171	35356	788
651000	70	1473	546	11534	91	168	34799	1077
652000	76	1513	596	11444	78	154	35216	736
653000	65	1307	592	11732	40	164	36493	658
654000	109	1482	716	11308	85	139	35399	679
655000	118	1393	605	11459	63	213	35862	856
656000	80	1408	877	11258	24	147	36141	392
657000	92	1139	768	11664	22	38	36905	258
658000	108	1320	812	11544	0	10	36607	36
659000	76	1342	650	11779	0	1	35888	19
660000	88	1209	724	11672	82	29	35752	325
661000	118	1203	854	11528	0	30	35105	85
662000	87	1379	653	11714	0	0	36119	3
663000	77	1554	650	11493	30	44	35306	137
664000	81	1392	550	11784	70	43	35704	395
665000	49	1473	539	11771	52	34	35708	369
666000	114	1472	609	11600	44	33	34895	296
667000	77	1251	697	11695	87	18	36556	145
668000	59	1332	654	11793	23	20	36270	179
669000	73	1378	718	11586	0	87	35325	299
670000	58	1316	665	11713	0	152	35367	298
671000	59	1369	574	11770	0	180	35865	383
672000	69	1334	609	11645	25	233	35019	519
673000	121	1380	679	11377	38	241	35516	796
674000	96	1344	643	11360	21	372	34753	1008
675000	72	1539	436	11594	42	320	35515	1192
676000	69	1700	542	11222	64	328	32416	1101
677000	113	1451	638	11301	30	283	33999	668
678000	48	1335	652	11508	47	281	35783	912
679000	82	1496	565	11473	68	227	35548	894
680000	90	1367	696	11320	101	261	35090	955
681000	48	1412	676	11390	85	263	35539	1035
682000	75	1313	631	11631	38	166	36570	603
683000	79	1181	813	11522	20	166	35000	509
684000	81	1424	798	11350	26	122	34850	306
685000	101	1361	736	11468	50	66	36632	435
686000	83	1409	679	11618	49	34	35104	313
687000	94	1342	820	11424	30	21	37274	177
688000	102	1316	693	11668	10	26	36005	137
689000	80	1328	679	11692	23	21	36245	174
690000	96	1363	626	11696	33	47	35333	194
691000	95	1436	606	11674	39	18	36539	99
692000	96	1357	686	11673	16	17	36104	124
693000	113	1426	733	11493	22	6	36173	69
694000	60	1512	574	11729	0	13	35961	73
695000	108	1195	874	11435	89	17	35510	239
696000	82	1362	848	11337	70	36	35750	344
697000	84	1454	812	11290	28	80	35275	266
698000	116	1369	688	11444	22	178	36446	583
699000	142	1352	830	11220	18	138	36860	466
700000	69	1342	718	11476	37	189	35274	562
701000	78	1425	719	11449	15	103	34484	462
702000	131	1447	675	11410	25	120	34479	287
703000	63	1469	613	11604	11	150	35935	322
704000	78	1449	652	11577	16	104	34752	301
705000	80	1493	478	11713	27	142	35361	526
706000	59	1510	488	11664	17	215	35807	748
707000	77	1540	594	11551	3	110	34443	472
708000	101	1548	697	11396	7	76	35258	279
709000	53	1540	594	11660	20	44	36328	92
710000	106	1447	589	11704	1	21	35311	95
711000	101	1422	702	11585	8	0	36521	6
712000	81	1318	813	11399	121	2	36240	236
713000	139	1341	731	11354	157	51	35042	390
714000	53	1298	742	11529	123	89	35473	524
715000	82	1421	597	11615	44	117	36255	422
716000	65	1288	748	11590	30	113	37122	384
717000	90	1166	854	11514	0	101	35342	206
718000	89	1342	837	11278	4	180	34887	778
719000	90	1349	785	11351	11	200	35351	569
720000	110	1472	669	11377	15	159	35799	600
721000	59	1194	730	11619	19	194	35983	516
722000	69	1256	785	11311	25	290	34901	908
723000	77	1384	620	11466	85	236	33511	962
724000	76	1435	598	11498	79	186	36039	779
725000	95	1529	557	11434	83	203	34267	826
726000	112	1454	607	11471	103	178	35407	859
727000	122	1646	458	11525	34	146	35746	559
728000	56	1584	626	11480	8	153	35501	429
729000	39	1485	559	11744	5	107	36305	185
730000	57	1261	683	11724	60	31	37713	225
731000	116	1426	672	11394	10	168	34095	401
732000	80	1433	593	11510	24	213	34511	637
733000	75	1367	550	11675	23	189	35903	826
734000	48	1504	533	11565	48	192	35319	493
735000	75	1346	645	11558	60	224	36576	689
736000	69	1377	793	11387	19	127	32931	459
737000	87	1147	791	11468	3	260	36089	833
738000	78	1588	553	11348	22	326	34420	949
739000	81	1389	686	11344	16	333	34130	855
740000	114	1392	670	11241	4	365	34858	1096
741000	75	1330	569	11592	10	324	35340	760
742000	83	1449	722	11289	36	250	34615	692
743000	93	1388	556	11526	6	274	36197	725
744000	65	1305	722	11446	5	271	34840	682
745000	92	1139	777	11442	11	288	35898	819
746000	72	1366	622	11381	17	440	35417	1192
747000	101	1587	616	11184	32	345	35014	1378
748000	83	1206	753	11327	71	390	35513	1187
749000	107	1200	827	11169	63	427	35092	1378
750000	119	1175	626	11406	78	450	34541	1598
751000	77	1502	600	11179	166	306	35143	1594
752000	93	1437	712	11181	173	233	36049	1331
753000	75	1401	648	11346	98	295	35855	959
754000	90	1455	594	11246	99	419	33745	1245
755000	67	1284	691	11168	190	414	34314	1493
756000	75	1460	578	11250	134	386	35404	1660
757000	81	1373	534	11282	165	455	34438	1912
758000	76	1359	678	11020	149	542	34798	2216
759000	79	1304	717	11034	237	498	33054	2220
760000	89	1152	663	11138	171	630	34033	2446
761000	103	1390	529	11079	158	672	34185	2393
762000	83	1516	521	11005	158	625	34238	1983
763000	73	1517	540	10983	176	635	32637	2176
764000	118	1444	675	10677	253	638	33490	2628
765000	78	1455	630	10903	204	589	33634	2574
766000	97	1321	731	10935	153	549	33891	2017
767000	132	1200	831	10784	141	613	33747	2440
768000	97	1299	693	10879	215	656	33593	2601
769000	83	1257	703	10810	250	721	33448	2815
770000	91	1277	853	10704	161	676	33234	2932
771000	81	1261	793	10756	161	766	33776	2912
772000	57	1427	524	11007	78	833	33584	2610
773000	72	1374	727	10961	84	597	32690	2028
774000	74	1390	665	10995	146	581	34702	2177
775000	127	1264	513	11350	203	447	34488	1550
776000	97	1490	544	11038	211	514	34903	1892
777000	98	1353	647	11020	88	605	34899	2090
778000	72	1370	614	11083	137	591	31981	2234
779000	84	1455	668	10987	104	548	34936	1875
780000	73	1173	697	11201	119	557	35069	2222
781000	75	1516	493	11265	90	487	34389	1787
782000	71	1508	524	11033	129	670	33751	2335
783000	70	1480	586	10995	141	616	35478	2122
784000	70	1526	574	10991	91	687	32557	2216
785000	94	1388	616	11030	54	643	34660	2258
786000	99	1451	661	10890	50	691	33929	2070
787000	107	1273	836	10689	151	672	34288	2270
788000	114	1433	687	10753	108	659	32665	2268
789000	108	1497	697	10684	164	693	31794	2219
790000	82	1109	957	10776	109	643	34040	2314
791000	100	1343	819	10746	146	605	34691	2478
792000	85	1299	672	10718	198	849	33709	2673
793000	111	1364	653	10653	290	795	31670	3295
794000	111	1237	666	10501	255	1044	33199	3896
795000	79	1272	654	10516	218	1139	32000	4184
796000	69	1281	632	10444	212	1193	32680	4019
797000	99	1247	768	10211	218	1246	31619	4130
798000	94	1404	701	10166	224	1227	31419	4378
799000	97	1522	571	10172	254	1288	31533	4403
800000	74	1356	769	10075	211	1309	32765	4339
801000	80	1149	743	10509	153	1126	32683	3712
802000	94	1308	614	10854	181	825	34342	2819
803000	120	1375	695	10668	160	766	32959	2751
804000	118	1450	691	10683	145	722	33227	2374
805000	92	1644	473	10840	236	671	32786	2584
806000	110	1537	545	10889	171	615	32613	2231
807000	86	1383	590	10984	145	710	33888	2864
808000	86	1418	523	11090	220	570	32949	2286
809000	61	1537	501	11054	157	611	34617	2200
810000	91	1525	484	11007	236	589	33963	2532
811000	139	1455	545	10815	203	696	33271	2882
812000	136	1378	601	10827	200	720	33150	3135
813000	83	1290	601	10819	353	725	32521	3013
814000	106	1558	659	10470	270	745	33172	3101
815000	91	1423	578	10541	347	907	33096	3901
816000	122	1380	624	10327	394	954	32115	3680
817000	143	1265	721	10226	459	963	32507	3849
818000	99	1315	683	10244	344	1138	32583	4113
819000	85	1257	602	10183	323	1439	30623	5388
820000	90	1381	636	9641	310	1791	30045	5666
821000	107	1238	748	10083	290	1349	31641	4995
822000	91	1198	792	10274	321	1102	30454	4044
823000	102	1343	609	10382	289	1126	32973	3998
824000	95	1224	727	10575	204	953	33668	3370
825000	90	1234	760	10655	201	882	32998	3114
826000	78	1482	575	10667	177	939	32336	3249
827000	76	1538	523	10627	201	958	32106	3264
828000	96	1306	608	10529	284	1016	32869	3773
829000	106	1514	589	10278	425	969	31144	4033
830000	126	1285	698	10346	420	914	31164	3769
831000	80	1228	724	10373	381	1062	31666	4158
832000	82	1299	529	10842	243	931	32685	3988
833000	87	1325	629	10640	196	973	32254	3375
834000	86	1511	646	10452	189	992	31947	3414
835000	102	1498	527	10637	126	1026	32705	3335
836000	92	1460	634	10389	88	1208	31828	3236
837000	45	1571	561	10455	87	1158	32960	3286
838000	90	1476	592	10389	108	1288	31110	3601
839000	72	1401	484	10583	207	1157	31157	4155
840000	92	1358	592	10871	212	770	33452	2710
841000	113	1391	693	10471	267	910	32784	3115
842000	124	1387	596	10540	244	967	32379	3174
843000	106	1422	450	10605	384	991	31290	3824
844000	108	1405	517	10526	400	953	31525	4156
845000	122	1304	631	10602	462	718	32617	3680
846000	119	1297	479	10846	332	858	32804	3301
847000	94	1279	607	10599	289	929	33689	3661
848000	66	1327	508	10773	386	875	34181	3693
849000	86	1472	446	10768	369	778	31585	3856
850000	82	1420	663	10574	305	793	32200	3397
851000	100	1384	552	10592	336	926	32226	3407
852000	109	1264	580	10426	295	1159	32388	4363
853000	113	1364	686	10126	366	1176	31593	4391
854000	115	1438	546	10416	350	1012	32638	4044
855000	146	1338	718	10292	246	1096	32298	3892
856000	90	1365	675	9980	334	1400	32393	5202
857000	85	1316	672	9952	318	1517	30672	5108
858000	108	1387	616	9913	347	1466	30787	6230
859000	106	1434	566	9994	272	1495	31144	4876
860000	79	1514	763	9697	336	1378	30921	4975
861000	114	1268	726	10051	417	1239	32215	4676
862000	77	1239	658	10146	443	1311	31010	5439
863000	101	1369	662	10141	314	1214	31672	4755
864000	145	1252	795	10145	221	1137	31776	4741
865000	160	1286	759	10035	317	1195	31341	4164
866000	101	1470	597	10080	407	1205	30585	4190
867000	96	1340	761	10115	336	1154	31824	4880
868000	117	1450	668	10191	375	1028	30971	4485
869000	97	1316	610	10290	387	1165	31545	4696
870000	99	1565	503	10348	350	1056	29970	4294
871000	127	1425	648	10187	472	966	30225	3799
872000	119	1318	864	9959	277	1174	30614	3928
873000	111	1321	767	9861	209	1484	32186	4705
874000	96	1455	580	10022	217	1535	31243	4909
875000	59	1371	537	10051	374	1530	31186	5555
876000	109	1188	691	10141	313	1326	31303	4840
877000	85	1222	757	10129	358	1267	31992	4899
878000	99	1371	598	9930	426	1399	31382	5067
879000	100	1186	776	9912	363	1481	30632	5365
880000	106	1146	828	9663	357	1647	30866	6048
881000	123	1047	824	9737	401	1561	30903	5944
882000	119	1331	819	9424	408	1637	28973	6268
883000	131	1350	758	9527	556	1424	30297	6305
884000	95	1362	615	9819	488	1502	29418	5941
885000	127	1313	693	9460	417	1752	30736	6258
886000	100	1385	674	9654	437	1591	31117	5614
887000	108	1186	747	9767	239	1760	30146	5626
888000	107	1331	817	9615	262	1658	30180	5185
889000	115	1322	786	9536	379	1613	30431	5641
890000	85	1355	629	9733	378	1657	30024	5649
891000	159	1376	818	9270	448	1650	29359	5942
892000	86	1412	746	9374	535	1669	28188	6797
893000	105	1197	794	9755	473	1437	30902	5344
894000	172	1251	728	9670	546	1336	30550	5901
895000	160	1228	674	9738	430	1546	30801	5430
896000	109	1270	727	9470	402	1786	31534	6650
897000	97	1152	849	9583	345	1700	31354	6828
898000	144	1156	835	9326	450	1807	30968	6387
899000	121	1266	695	9696	554	1488	29071	6677
900000	179	1328	587	9403	708	1620	29481	6418
901000	122	1420	550	9666	633	1486	29721	6130
902000	140	1447	627	9902	572	1172	30323	5269
903000	176	1345	617	9732	562	1360	30453	5220
904000	152	1095	897	9530	441	1536	30372	5321
905000	124	1212	768	9486	649	1491	29649	6331
906000	176	1137	743	9513	722	1492	29586	7171
907000	180	1343	570	9319	831	1578	29528	7203
908000	144	1388	535	9416	844	1565	30029	6919
909000	133	1278	620	9507	699	1615	28604	6622
910000	174	1353	517	9288	774	1748	29315	7092
911000	120	1319	594	9030	757	2019	27375	8459
912000	178	1422	596	8855	895	1886	28232	8188
913000	135	1281	595	8848	1034	2013	27988	8608
914000	207	1268	568	8764	916	2080	27224	8558
915000	184	1249	693	9077	902	1699	27032	7425
916000	183	1186	767	8810	986	1763	28719	7807
917000	138	1116	863	8937	965	1693	28429	7704
918000	161	968	1079	8796	676	1896	27902	7322
919000	154	1039	844	8847	840	1991	28588	8655
920000	173	1185	799	8806	840	1912	27838	8254
921000	159	1053	1000	8586	844	1963	29075	8503
922000	113	1244	758	8361	1186	2108	28844	8522
923000	114	1085	834	8447	964	2323	27741	8578
924000	157	1166	657	8434	1002	2402	27915	9814
925000	163	1254	572	8359	927	2566	25042	10018
926000	114	1214	572	8115	1215	2668	24449	10853
927000	192	1145	546	8036	1062	2872	25146	10984
928000	208	1279	617	7676	1095	2925	25347	11464
929000	153	1254	548	7761	1073	3073	23665	11991
930000	130	1531	457	7469	1190	3133	23242	11904
931000	211	1305	447	7537	1244	3154	23374	12764
932000	169	1346	455	7441	1252	3264	23021	13335
933000	183	1299	526	7004	1381	3461	22220	14629
934000	186	1202	633	7156	1336	3268	23326	13247
935000	175	1299	521	7342	1366	3150	22827	13891
936000	158	1347	622	7121	1265	3337	21891	13116
937000	136	1264	623	7609	1046	3180	23481	13251
938000	248	1225	637	7676	831	3204	23248	11432
939000	165	1284	539	7982	864	3033	25261	11654
940000	148	1300	542	8204	885	2791	25766	10947
941000	208	1193	700	8186	900	2554	25355	10385
942000	243	1048	766	7870	1248	2467	25662	10965
943000	195	1118	873	7593	1316	2590	25520	11414
944000	226	1096	766	7635	1304	2671	24611	12433
945000	239	1161	669	7970	1456	2257	25729	10950
946000	189	1128	581	7771	1478	2697	24274	11813
947000	137	1232	686	7565	1374	2806	23344	11973
948000	198	1161	543	7882	1192	2829	25080	11929
949000	152	1310	744	7432	1202	2915	23501	11439
950000	170	1289	621	7602	1270	2878	24065	12062
951000	190	1193	611	7479	1146	3168	23568	12671
952000	122	1228	628	7623	1075	3166	23766	11416
953000	150	1303	575	7788	1062	2983	24436	11965
954000	177	1341	601	7556	1021	3114	23527	12504
955000	110	1379	494	7471	904	3519	22730	12606
956000	142	1229	503	7600	864	3555	23516	12506
957000	102	1383	604	7403	954	3416	23195	12899
958000	197	1203	602	7137	1264	3463	21075	13471
959000	139	1292	564	6906	1142	3788	21579	13805
960000	170	1345	577	6765	1143	3814	21573	14361
961000	157	1396	412	6842	1360	3786	21480	14820
962000	141	1393	424	7098	1019	3854	22356	13543
963000	156	1351	567	6844	1196	3714	21307	14613
964000	204	1323	417	7040	1160	3766	22255	13905
965000	175	1546	349	6984	1103	3808	20963	14504
966000	213	1389	512	6678	1149	3911	20945	14560
967000	174	1146	717	7132	1049	3546	22098	13728
968000	169	1324	582	7550	916	3281	24020	12741
969000	144	1276	473	7641	997	3411	24505	12557
970000	190	1275	539	7677	1070	3084	24180	11899
971000	160	1377	591	7330	1026	3379	22782	11667
972000	192	1372	448	7150	1387	3362	22938	14227
973000	236	1330	509	7231	1413	3116	22108	13047
974000	218	1197	531	7104	1431	3316	22338	14268
975000	203	1116	619	7321	1336	3195	23233	13556
976000	199	1351	464	7508	1245	3129	23683	12685
977000	161	1255	449	7393	1474	3190	22926	13718
978000	142	1396	367	7188	1289	3649	21794	15070
979000	233	1488	526	6939	1108	3537	20169	13942
980000	164	1279	524	6916	1184	3805	21962	14854
981000	179	1421	395	6877	1115	3914	21228	14201
982000	206	1318	529	6733	1136	3922	20381	14910
983000	188	1294	498	6462	1312	4165	20870	16222
984000	214	1168	709	5993	1541	4116	19066	16249
985000	258	1166	544	6057	1970	3775	19676	17629
986000	238	1010	676	5921	2202	3636	18854	16613
987000	247	1043	715	6211	2419	3106	18766	16296
988000	259	1121	534	6287	2175	3447	19929	15782
989000	267	1040	792	6333	2281	2950	20236	15551
990000	281	893	715	6445	1949	3396	21981	15658
991000	225	1145	622	6564	1690	3497	20292	15541
992000	234	1038	722	6763	1873	3057	21545	14170
993000	231	1053	856	6638	1781	3080	21919	14112
994000	188	1105	693	7093	1652	3028	22254	13386
995000	237	1035	749	7382	1671	2611	24280	12317
996000	215	1064	689	7496	1668	2557	23647	12684
997000	186	1147	694	7346	1723	2682	22953	12488
998000	193	841	1058	6848	1761	2851	23616	13958
999000	202	1036	811	6904	1637	3126	23021	13403
