0	0	0	0	14400	0	0	0	0
1000	44	1730	369	11828	33	26	34665	140
2000	74	1444	473	11831	37	74	36152	232
3000	70	1550	473	11701	32	114	36812	363
4000	89	1352	716	11576	9	90	34878	244
5000	79	1400	607	11647	14	89	35447	295
6000	73	1348	632	11607	7	187	35496	563
7000	68	1427	679	11525	4	154	34684	475
8000	66	1462	483	11857	4	111	35794	353
9000	59	1334	581	11695	2	230	35044	753
10000	88	1375	725	11444	7	195	34485	695
11000	67	1325	836	11377	52	100	35664	340
12000	111	1211	716	11652	0	116	34987	228
13000	79	1270	690	11706	3	77	35622	310
14000	61	1527	617	11620	8	76	35678	256
15000	74	1427	643	11529	20	153	35185	431
16000	92	1474	670	11405	62	123	34667	398
17000	67	1251	627	11759	120	64	35068	353
18000	104	1452	651	11451	101	55	34719	476
19000	99	1453	614	11545	65	130	34588	605
20000	68	1377	645	11535	36	185	36228	423
21000	67	1158	682	11798	7	118	36895	525
22000	74	1423	619	11604	8	131	34770	467
23000	73	1305	817	11326	20	230	35461	699
24000	74	1358	807	11235	19	268	35307	655
25000	98	1366	770	11286	7	223	35915	773
26000	86	1374	635	11513	9	238	36159	646
27000	53	1399	632	11694	16	70	35913	253
28000	106	1280	732	11594	0	95	37217	178
29000	100	1333	710	11549	6	93	35641	248
30000	111	1302	708	11564	50	50	35322	257
31000	86	1522	708	11471	33	10	36451	134
32000	103	1407	756	11423	82	26	34317	264
33000	61	1230	641	11887	16	48	36121	234
34000	67	1426	679	11607	7	22	36279	170
35000	84	1443	721	11492	15	7	36001	63
36000	62	1503	542	11816	0	0	35177	9
37000	92	1538	521	11631	126	33	35284	436
38000	99	1411	576	11689	77	55	35072	490
39000	61	1410	741	11543	21	15	34363	114
40000	68	1405	711	11640	0	0	35345	1
41000	55	1356	717	11563	84	61	37305	500
42000	86	1294	712	11597	88	84	34922	601
43000	116	1293	586	11759	23	99	35231	218
44000	86	1333	730	11506	7	116	35693	380
45000	83	1497	568	11711	8	40	35664	176
46000	60	1450	684	11546	5	50	37418	201
47000	94	1456	690	11514	9	27	36386	61
48000	86	1376	776	11459	41	63	36163	278
49000	73	1231	740	11595	45	104	35702	557
50000	80	1439	692	11381	33	199	36701	639
51000	114	1414	569	11426	45	296	35634	859
52000	87	1462	712	11304	36	213	35466	812
53000	85	1241	760	11412	66	204	35681	547
54000	90	1227	744	11392	54	245	36861	1014
55000	98	1280	839	11221	55	265	34350	868
56000	79	1582	588	11265	101	290	34508	1134
57000	61	1344	577	11526	74	303	35421	1181
58000	64	1205	850	11331	83	238	35900	858
59000	126	1181	760	11332	46	298	36579	931
60000	84	1499	586	11406	57	296	34701	1158
61000	49	1533	547	11471	70	220	34718	852
62000	61	1672	426	11554	50	222	34102	637
63000	95	1721	433	11449	22	246	34254	679
64000	71	1560	550	11459	40	219	34759	804
65000	64	1613	539	11424	41	202	34524	901
66000	70	1534	554	11422	41	288	35596	970
67000	62	1570	604	11304	25	298	34304	790
68000	62	1430	714	11346	14	281	34000	800
69000	50	1293	768	11406	5	288	34125	958
70000	98	1280	715	11391	24	275	36251	933
71000	95	1285	684	11497	39	264	35784	941
72000	74	1470	654	11352	69	223	34818	836
73000	141	1623	601	11231	75	193	34302	797
74000	46	1680	579	11273	107	260	33496	1132
75000	72	1508	522	11328	142	360	34357	1346
76000	84	1344	678	11359	92	298	35868	1012
77000	68	1333	686	11236	140	354	35264	1411
78000	73	1443	703	11152	126	330	34100	1364
79000	78	1382	620	11265	183	295	35100	1151
80000	108	1176	598	11451	297	214	35337	1444
81000	68	1391	771	11005	242	356	33497	1659
82000	80	1357	750	11147	167	353	34227	1375
83000	88	1621	534	11162	98	396	35137	1151
84000	86	1298	740	11059	60	524	34985	1821
85000	135	1276	858	10830	44	558	34122	1626
86000	78	1259	716	11136	65	547	33896	1640
87000	104	1457	629	11215	64	351	35922	962
88000	95	1412	628	11302	46	351	35325	944
89000	93	1273	638	11613	50	186	36032	691
90000	115	1361	708	11404	87	119	35604	779
91000	92	1452	743	11400	49	98	34855	299
92000	102	1241	779	11506	16	144	34633	450
93000	59	1304	655	11653	17	136	36395	285
94000	121	1500	711	11363	1	120	35329	403
95000	65	1497	545	11613	0	181	34177	587
96000	55	1488	531	11658	3	190	35780	462
97000	65	1336	672	11557	7	175	36290	571
98000	87	1287	798	11354	20	194	34747	552
99000	70	1206	812	11515	30	155	35445	525
100000	88	1296	885	11313	0	139	36550	382
101000	67	1186	868	11545	1	90	36110	218
102000	102	1378	727	11454	13	95	36043	184
103000	51	1229	738	11740	17	56	36618	277
104000	80	1279	663	11685	27	121	35925	296
105000	62	1393	676	11541	42	126	36907	451
106000	53	1306	857	11408	3	119	35401	404
107000	68	1315	755	11564	2	71	36259	163
108000	131	1366	632	11678	0	42	36223	107
109000	74	1581	637	11515	0	70	36586	276
110000	79	1531	566	11655	1	69	36009	172
111000	51	1564	522	11731	3	76	33471	270
112000	83	1378	688	11538	5	119	35911	427
113000	100	1202	683	11654	16	152	35965	498
114000	74	1379	613	11613	37	150	37211	673
115000	46	1443	579	11650	11	192	34352	659
116000	66	1480	516	11712	27	109	34978	441
117000	76	1398	614	11597	38	124	36687	370
118000	103	1462	541	11623	22	137	36246	594
119000	80	1413	583	11686	5	101	35224	372
120000	60	1544	671	11563	0	37	35385	125
121000	88	1309	917	11355	0	21	36020	67
122000	62	1242	919	11571	0	0	35575	9
123000	73	1397	659	11665	39	23	34355	235
124000	90	1212	911	11411	53	34	35507	340
125000	117	1205	992	11214	35	61	36361	344
126000	94	1156	1042	11271	10	78	36311	296
127000	80	1021	942	11520	2	102	37649	290
128000	139	1166	748	11658	0	34	36624	165
129000	115	1250	785	11619	0	11	36740	23
130000	81	1234	721	11800	0	0	35483	10
131000	86	1312	697	11656	116	2	36303	238
132000	157	1239	727	11524	102	23	35688	269
133000	94	1263	772	11493	74	33	35763	284
134000	98	1168	750	11672	34	36	36307	178
135000	81	1361	765	11473	76	53	35578	268
136000	56	1424	518	11788	107	58	35626	401
137000	86	1347	706	11629	25	42	35551	223
138000	82	1481	568	11700	1	45	36479	361
139000	105	1392	736	11514	1	23	35484	147
140000	65	1360	635	11715	1	51	36027	147
141000	74	1554	609	11630	2	34	34694	155
142000	72	1373	695	11652	0	18	36350	80
143000	80	1359	597	11710	125	0	35909	27
144000	89	1540	638	11558	16	24	36969	118
145000	73	1420	654	11696	0	13	36948	10
146000	54	1374	728	11648	11	26	36620	87
147000	74	1221	943	11437	24	16	35814	131
148000	116	1366	694	11542	69	38	36073	385
149000	102	1549	568	11508	59	66	35799	388
150000	86	1483	530	11666	18	112	35489	226
151000	63	1416	818	11339	0	127	34461	320
152000	55	1267	776	11603	0	104	35498	287
153000	60	1374	582	11814	0	44	36461	161
154000	73	1407	590	11730	5	77	35189	202
155000	88	1291	673	11771	0	19	36272	52
156000	76	1307	708	11699	0	17	36877	50
157000	67	1493	633	11638	0	41	36344	131
158000	44	1672	494	11727	0	47	34300	99
159000	79	1583	618	11556	1	63	35199	205
160000	86	1580	592	11474	1	106	34449	252
161000	88	1251	690	11707	0	83	35725	270
162000	64	1436	594	11773	0	42	35596	122
163000	93	1457	646	11563	15	51	35990	139
164000	92	1555	596	11617	3	16	34046	32
165000	45	1518	610	11718	8	6	34479	45
166000	71	1435	570	11786	30	20	35300	143
167000	53	1411	631	11769	7	21	36749	111
168000	103	1520	551	11652	6	38	34632	147
169000	98	1343	652	11668	0	71	36523	179
170000	101	1385	615	11654	0	88	37716	322
171000	83	1335	734	11541	0	88	34535	220
172000	61	1364	615	11763	30	64	34822	261
173000	78	1438	656	11602	20	49	34008	223
174000	76	1243	814	11558	0	61	37381	202
175000	81	1291	618	11769	0	77	36784	260
176000	36	1434	598	11781	0	62	36437	116
177000	51	1613	608	11566	2	52	34935	157
178000	86	1329	674	11680	2	88	36368	119
179000	65	1557	596	11611	0	44	35686	176
180000	78	1465	726	11462	1	75	36479	245
181000	81	1407	819	11309	5	135	36305	284
182000	71	1398	696	11495	0	146	35518	365
183000	96	1396	647	11509	5	138	34797	655
184000	85	1274	714	11589	0	138	37076	432
185000	82	1187	727	11646	5	150	36325	391
186000	88	1259	760	11598	43	54	37353	288
187000	77	1391	626	11624	11	118	35207	349
188000	73	1271	710	11637	19	126	34973	361
189000	91	1304	758	11542	1	82	35054	100
190000	98	1487	593	11638	1	77	35972	196
191000	80	1310	654	11753	0	61	34423	263
192000	84	1230	781	11655	0	46	36545	114
193000	77	1501	589	11615	1	41	37051	89
194000	51	1470	649	11661	0	35	35924	81
195000	55	1503	504	11859	3	30	36127	96
196000	59	1590	531	11746	0	16	36552	53
197000	94	1483	627	11625	32	24	36137	204
198000	78	1366	655	11702	18	39	34968	165
199000	74	1568	467	11803	1	41	35621	83
200000	51	1528	520	11819	0	39	36779	146
201000	63	1541	612	11593	0	77	35340	136
202000	89	1410	567	11738	0	45	35225	93
203000	89	1430	673	11564	0	63	35610	165
204000	57	1472	728	11490	2	93	34745	289
205000	95	1395	684	11604	0	62	35849	156
206000	77	1343	856	11365	4	70	35056	264
207000	44	1346	650	11748	0	84	36950	231
208000	102	1400	638	11626	2	85	36617	192
209000	52	1373	558	11861	0	79	35203	226
210000	78	1370	569	11800	11	94	35572	276
211000	82	1346	648	11718	2	59	35671	224
212000	61	1422	700	11580	4	65	36046	176
213000	57	1287	664	11699	3	111	36662	303
214000	43	1391	492	11920	24	109	37464	285
215000	85	1394	597	11608	40	101	36632	469
216000	62	1419	630	11590	86	74	35454	418
217000	86	1288	670	11681	81	28	35421	273
218000	86	1334	648	11659	82	49	34022	378
219000	80	1581	513	11612	80	47	35346	396
220000	70	1517	589	11532	109	61	35420	352
221000	94	1463	545	11636	126	35	33903	492
222000	54	1514	615	11546	57	81	34548	473
223000	65	1401	623	11633	58	72	35965	648
224000	95	1371	584	11642	67	120	35222	203
225000	71	1461	706	11383	77	138	35171	633
226000	108	1370	622	11496	51	197	34749	865
227000	108	1498	646	11407	66	100	34723	505
228000	73	1422	747	11403	76	92	36277	499
229000	67	1360	672	11489	103	150	35260	934
230000	121	1660	590	11130	93	266	34864	882
231000	89	1481	521	11496	73	262	34783	1134
232000	69	1717	605	11153	113	235	34344	1139
233000	74	1633	479	11357	113	296	33927	1286
234000	97	1379	731	11206	70	275	35815	940
235000	96	1425	769	11204	59	254	34800	939
236000	91	1357	738	11393	34	172	34067	516
237000	58	1441	642	11582	12	131	37178	276
238000	55	1385	711	11608	4	81	36582	285
239000	66	1553	544	11597	8	150	35776	448
240000	54	1486	549	11650	14	140	34768	377
241000	71	1327	712	11564	63	124	36292	563
242000	59	1404	617	11687	0	156	35182	443
243000	93	1538	591	11515	0	169	33878	482
244000	94	1345	629	11690	9	116	34541	382
245000	82	1358	536	11727	34	154	36695	566
246000	126	1571	601	11412	34	110	34442	485
247000	65	1485	593	11565	22	148	35966	425
248000	81	1426	554	11671	18	126	35428	417
249000	68	1367	600	11741	0	91	35363	183
250000	97	1154	696	11767	0	62	36693	160
251000	95	1502	646	11523	2	57	35972	88
252000	58	1326	706	11710	0	31	35545	114
253000	70	1366	773	11553	0	23	36154	122
254000	76	1326	684	11696	0	28	37272	102
255000	69	1560	573	11652	0	35	35197	86
256000	93	1569	488	11767	7	0	35543	9
257000	67	1268	633	11778	88	28	35797	347
258000	70	1415	541	11802	56	11	34852	214
259000	71	1615	494	11685	10	50	35420	208
260000	85	1685	540	11581	2	31	34621	91
261000	75	1343	640	11792	0	29	35822	55
262000	82	1513	550	11729	16	31	37582	50
263000	55	1413	548	11880	22	18	35320	84
264000	58	1354	675	11713	20	36	37537	264
265000	66	1470	683	11597	6	53	35560	193
266000	94	1313	609	11857	0	1	36053	28
267000	69	1297	729	11717	0	24	35938	14
268000	101	1401	743	11533	0	21	35327	93
269000	91	1445	677	11507	70	6	35414	189
270000	69	1320	642	11715	50	24	34653	152
271000	98	1226	642	11620	72	160	35271	687
272000	88	1431	850	11224	8	119	35084	335
273000	114	1378	744	11484	1	72	35739	206
274000	70	1502	636	11646	0	21	36065	55
275000	51	1381	620	11831	0	12	35640	30
276000	87	1400	613	11673	85	12	35287	245
277000	83	1435	613	11650	46	16	36270	204
278000	98	1366	689	11544	33	96	36539	341
279000	109	1257	830	11441	20	97	35370	185
280000	130	1334	591	11597	93	87	34353	450
281000	111	1341	772	11362	109	56	35069	648
282000	101	1315	531	11737	122	84	36586	404
283000	64	1435	520	11786	75	39	35260	337
284000	75	1412	580	11619	96	92	35399	474
285000	107	1568	679	11298	67	118	35753	396
286000	77	1258	793	11450	34	195	35092	830
287000	104	1332	774	11290	32	266	34863	1051
288000	100	1319	673	11387	21	280	36423	1049
289000	84	1320	678	11354	2	375	33707	1293
290000	62	1270	622	11549	10	359	35594	994
291000	88	1338	656	11350	11	402	35025	1107
292000	116	1301	627	11284	20	544	35787	1727
293000	81	1554	692	10965	34	536	34138	1468
294000	72	1546	506	11168	29	583	33567	2062
295000	74	1535	678	11082	29	426	33765	1341
296000	77	1555	557	11350	78	266	33257	1187
297000	117	1470	592	11267	111	283	35060	1217
298000	81	1444	651	11337	135	241	34393	1172
299000	76	1390	607	11451	103	228	35933	972
300000	95	1445	604	11485	44	179	34101	633
301000	71	1556	672	11284	19	236	34760	818
302000	70	1426	640	11394	48	296	34475	1282
303000	67	1626	507	11430	26	300	35018	899
304000	74	1634	516	11263	16	413	33137	1400
305000	102	1447	659	11227	18	393	34588	1184
306000	89	1474	650	11251	46	321	35596	1195
307000	85	1311	669	11313	50	388	34637	1274
308000	44	1308	714	11377	32	345	34528	960
309000	96	1332	813	11111	10	364	34086	997
310000	72	1256	755	11180	34	515	35139	1447
311000	98	1435	617	11168	22	527	34232	1561
312000	73	1505	542	11190	74	534	34074	1853
313000	78	1548	526	11096	91	527	33910	1857
314000	63	1541	543	11081	136	556	33731	2107
315000	87	1448	542	11112	85	628	34772	2068
316000	103	1715	647	10683	126	509	32831	1798
317000	78	1493	656	10959	213	444	33746	1861
318000	93	1408	684	11186	115	331	33625	1347
319000	63	1429	612	11390	50	355	36496	1466
320000	78	1471	637	11315	35	277	35868	869
321000	62	1507	684	11288	44	287	35023	890
322000	92	1393	590	11484	48	258	34994	806
323000	90	1398	644	11371	44	269	36263	936
324000	122	1279	624	11474	82	273	34987	966
325000	106	1278	669	11389	70	336	34678	1442
326000	72	1334	839	11099	28	396	34685	1087
327000	77	1381	508	11373	54	503	35819	1360
328000	51	1593	680	11085	16	420	34618	1429
329000	88	1534	587	11336	47	293	32627	902
330000	84	1407	708	11420	37	165	35764	548
331000	64	1446	653	11525	48	89	34946	380
332000	73	1612	602	11505	44	43	36015	266
333000	46	1581	662	11430	13	134	35124	302
334000	58	1413	594	11690	0	151	35861	333
335000	74	1590	542	11520	1	175	36046	430
336000	88	1657	436	11496	10	283	34928	957
337000	75	1687	649	11161	4	290	33368	1056
338000	70	1478	565	11409	28	361	36362	1072
339000	109	1298	618	11332	53	439	35200	1374
340000	72	1519	559	11242	88	444	34724	1633
341000	82	1366	804	10868	46	589	33682	1922
342000	72	1362	722	11096	66	513	33910	1633
343000	106	1318	769	11012	38	516	33522	1647
344000	94	1255	819	11003	29	580	33565	1547
345000	85	1380	736	11112	31	432	35716	1218
346000	95	1328	798	10963	162	391	33987	1366
347000	102	1333	769	11030	101	430	34927	1501
348000	77	1306	656	11160	113	534	35324	1696
349000	52	1230	904	10860	158	550	34214	1808
350000	133	1369	742	10718	129	665	33362	2248
351000	74	1611	563	10712	104	788	31940	2877
352000	75	1652	482	10855	40	831	32500	2257
353000	52	1649	557	10724	44	886	32026	2910
354000	69	1419	579	10921	97	794	33581	2522
355000	89	1384	567	10990	193	656	35047	2916
356000	77	1571	618	10773	207	603	32792	2659
357000	116	1418	601	10894	136	673	34181	2039
358000	72	1266	639	10970	214	697	34085	2670
359000	63	1295	647	11060	245	564	35070	2485
360000	70	1257	721	10978	357	454	32427	2449
361000	84	1255	710	10917	390	450	34128	2171
362000	109	1465	649	11047	218	386	32881	1791
363000	111	1382	544	11319	203	335	34054	1511
364000	86	1325	807	11053	153	319	34167	1242
365000	76	1446	669	11286	58	293	34137	859
366000	91	1386	724	11301	81	221	36719	838
367000	79	1394	700	11403	90	162	35125	657
368000	70	1239	788	11498	55	151	35138	414
369000	119	1403	768	11262	48	156	35161	750
370000	88	1290	585	11722	14	170	37727	571
371000	66	1483	629	11492	30	127	36640	361
372000	111	1417	650	11437	42	184	34861	920
373000	105	1331	708	11502	9	149	35240	351
374000	47	1251	643	11834	0	121	36608	276
375000	50	1319	689	11652	0	151	36591	585
376000	88	1450	691	11419	0	143	34556	306
377000	81	1479	595	11511	7	214	35962	466
378000	84	1537	452	11675	10	175	36316	626
379000	55	1423	416	11913	6	170	38186	455
380000	69	1489	519	11644	5	246	35486	614
381000	64	1439	639	11485	4	235	36302	569
382000	75	1472	450	11654	31	321	35136	749
383000	64	1486	534	11520	49	271	34001	1013
384000	59	1533	572	11461	21	213	35918	748
385000	71	1406	578	11570	14	262	35914	643
386000	117	1577	501	11434	16	262	35686	703
387000	80	1369	616	11555	21	212	35321	720
388000	79	1438	771	11256	75	158	34862	671
389000	71	1251	817	11451	92	67	35928	471
390000	112	1150	909	11413	39	88	36010	335
391000	106	1249	791	11333	69	220	35006	817
392000	106	1233	781	11410	80	169	36105	989
393000	77	1267	718	11501	63	192	37328	641
394000	50	1503	526	11667	42	150	35149	711
395000	62	1401	767	11387	17	156	35000	443
396000	103	1129	717	11679	16	137	36179	454
397000	80	1355	705	11634	7	53	35145	213
398000	105	1169	673	11889	1	33	37049	105
399000	72	1201	755	11711	0	20	36598	63
400000	56	1343	649	11778	0	23	35194	20
401000	120	1337	692	11595	0	51	35693	100
402000	64	1364	706	11661	0	47	36003	88
403000	99	1301	737	11657	0	17	35413	63
404000	83	1314	609	11889	0	20	36354	35
405000	94	1254	791	11635	0	0	35423	5
406000	107	1313	831	11380	108	12	35302	404
407000	81	1107	771	11818	25	12	36418	148
408000	80	1398	646	11723	18	14	34532	59
409000	128	1181	778	11588	22	18	34892	226
410000	45	1204	634	11953	0	45	37347	76
411000	67	1276	858	11513	5	10	35936	37
412000	63	1403	634	11779	0	6	34676	9
413000	88	1399	667	11571	66	29	35230	210
414000	47	1430	572	11782	51	11	35855	269
415000	82	1591	588	11564	55	19	34514	262
416000	96	1616	636	11431	29	60	34730	239
417000	88	1511	640	11512	42	42	35602	312
418000	74	1422	601	11605	34	155	35606	495
419000	96	1322	649	11648	57	55	36022	288
420000	124	1449	619	11594	26	58	36352	287
421000	92	1263	688	11688	38	5	34785	149
422000	67	1392	679	11663	12	10	36932	48
423000	94	1324	698	11574	110	0	35903	0
424000	96	1376	611	11701	49	30	35201	242
425000	95	1353	685	11707	5	15	34755	138
426000	45	1401	657	11717	20	13	35076	48
427000	40	1376	563	11890	15	64	36562	234
428000	94	1372	611	11698	26	35	36858	136
429000	88	1574	693	11376	11	30	35732	106
430000	72	1438	660	11612	23	49	37258	290
431000	110	1416	774	11366	44	5	36750	134
432000	77	1461	767	11444	2	30	35795	67
433000	57	1360	704	11731	0	14	37329	64
434000	69	1386	625	11778	0	0	36229	1
435000	104	1168	884	11435	123	22	36434	339
436000	142	1275	862	11350	75	2	35524	122
437000	58	1192	765	11647	118	19	34655	475
438000	133	1299	852	11347	42	82	35136	418
439000	63	1344	817	11436	53	45	34119	223
440000	90	1341	700	11683	15	13	35203	121
441000	73	1340	817	11528	28	7	35197	127
442000	96	1329	943	11295	2	8	34669	79
443000	59	1331	801	11551	0	25	36207	58
444000	113	1262	727	11538	128	7	36179	394
445000	138	1338	610	11517	141	87	34501	497
446000	156	1451	716	11150	174	133	33897	891
447000	82	1278	833	11293	98	107	35456	661
448000	86	1408	738	11317	69	175	35239	523
449000	112	1313	861	11091	41	269	35373	986
450000	75	1241	876	11161	22	370	35342	1281
451000	62	1112	823	11381	38	333	35830	1163
452000	85	1311	700	11277	52	403	35595	1351
453000	75	1493	510	11523	17	295	34214	1270
454000	90	1627	660	11169	35	296	33425	891
455000	115	1370	581	11422	91	286	35060	1448
456000	72	1246	729	11214	92	422	34561	1324
457000	30	1235	711	11430	87	382	35734	1303
458000	70	1499	633	11066	51	489	35071	1171
459000	82	1415	559	11324	103	376	35372	1598
460000	78	1427	499	11361	70	449	33886	1477
461000	90	1393	650	11195	108	418	35109	1544
462000	119	1397	551	11338	152	348	34789	1226
463000	103	1381	641	11171	136	420	33062	1697
464000	69	1444	607	11236	98	390	34402	1593
465000	64	1539	469	11298	122	442	34571	1557
466000	69	1499	654	11170	74	421	33984	1531
467000	126	1409	662	11187	146	318	35305	1555
468000	97	1372	645	11338	140	249	35648	1206
469000	87	1256	538	11602	84	332	35250	1069
470000	82	1643	446	11404	69	329	34650	1181
471000	69	1469	482	11430	73	427	35312	1548
472000	53	1439	533	11430	90	369	35766	1479
473000	99	1503	488	11236	114	480	34771	1846
474000	126	1472	726	10705	163	566	33425	1988
475000	94	1215	757	10930	153	644	34941	2110
476000	46	1217	728	10972	158	704	36413	2409
477000	101	1185	809	10910	192	546	34515	1925
478000	85	1264	567	11174	175	615	34627	2162
479000	88	1361	623	11019	182	564	33868	2100
480000	123	1294	737	11056	115	480	34500	1596
481000	103	1394	567	10931	131	738	33354	2444
482000	69	1476	622	10816	101	792	33840	2335
483000	58	1386	652	10889	94	812	33754	2353
484000	59	1556	497	10898	153	765	33993	2645
485000	61	1651	518	10730	132	811	32738	2882
486000	73	1536	564	10748	127	865	34494	3090
487000	70	1354	647	10947	52	785	33735	2278
488000	106	1172	705	11037	89	718	32908	2513
489000	92	1299	695	11005	139	618	33215	1953
490000	62	1462	574	11038	200	572	34532	2045
491000	72	1458	513	11043	202	619	34130	2077
492000	97	1424	581	10820	235	704	33872	2578
493000	107	1550	557	10722	180	734	33048	2684
494000	91	1294	722	10711	420	562	33746	3313
495000	78	1315	702	10613	395	752	33248	3446
496000	101	1248	864	10439	371	704	33394	2834
497000	91	1315	631	10699	351	765	31650	3395
498000	114	1408	693	10597	198	854	32048	2972
499000	122	1359	770	10531	151	767	32349	2829
500000	74	1431	670	10551	110	985	31578	3130
501000	79	1400	643	10724	109	912	32619	2741
502000	92	1290	646	10747	236	830	32387	3042
503000	80	1269	752	10579	270	843	33171	3049
504000	99	1317	524	10778	272	920	32629	3454
505000	93	1436	622	10312	304	1104	32820	4487
506000	107	1438	562	10279	492	989	32528	4334
507000	116	1481	539	10372	518	864	33209	4257
508000	147	1411	566	10450	340	904	33104	3407
509000	107	1494	658	10576	429	626	31477	3211
510000	122	1114	846	10512	466	676	32203	3335
511000	150	1265	599	10563	535	720	32412	3665
512000	120	1471	592	10310	553	777	32011	3580
513000	107	1289	868	10154	437	857	32937	3760
514000	99	1247	974	9907	361	1075	31913	4039
515000	127	1266	668	10254	327	1168	29536	4589
516000	114	1460	575	10319	366	1016	31182	3936
517000	98	1390	503	10364	436	1107	30723	4746
518000	114	1316	589	10248	373	1208	31615	4386
519000	90	1447	571	10187	362	1232	30862	4324
520000	113	1330	641	10026	385	1303	31024	4680
521000	137	1398	613	10188	382	1137	31582	4495
522000	101	1328	566	10507	212	1209	32528	4025
523000	74	1511	641	10402	184	1074	32128	3878
524000	79	1447	551	10703	210	918	31787	3498
525000	100	1285	736	10635	266	809	34270	2967
526000	101	1371	541	10788	300	731	34394	2690
527000	158	1417	775	10488	310	557	33082	2772
528000	90	1204	702	10758	331	727	33224	2903
529000	97	1127	838	10779	331	549	34204	2678
530000	76	1285	788	10756	290	542	33173	2641
531000	103	1331	607	10928	232	618	33438	2338
532000	109	1305	677	10870	272	607	33054	2303
533000	90	1367	691	10874	194	585	33655	2250
534000	138	1305	615	10757	239	777	33300	2767
535000	151	1306	617	10726	225	812	32060	3043
536000	78	1376	537	10878	207	799	32887	3400
537000	77	1438	555	10873	149	782	33649	2828
538000	88	1463	622	10695	188	846	33135	2768
539000	52	1616	540	10695	173	862	33144	2748
540000	113	1271	780	10609	119	845	33247	3073
541000	90	1154	789	10803	196	714	33119	2692
542000	63	1289	787	10689	201	733	34001	3020
543000	84	1414	544	10963	191	743	33498	2720
544000	116	1403	575	10954	212	579	33197	2782
545000	70	1358	670	11085	103	538	33780	1739
546000	58	1588	452	11134	135	610	32543	1961
547000	91	1462	594	11136	102	470	32969	2111
548000	99	1502	612	11037	119	467	34331	1735
549000	101	1525	550	11295	146	333	33880	1504
550000	95	1483	586	11349	144	268	34308	1361
551000	75	1500	606	11243	129	302	34958	1235
552000	105	1339	790	11025	178	328	33837	1585
553000	115	1300	782	11159	149	264	33895	1281
554000	129	1156	922	11050	153	290	35393	1525
555000	142	1367	623	11190	139	371	34721	1615
556000	51	1419	544	11407	78	438	34956	1897
557000	90	1353	534	11488	102	294	35611	1161
558000	110	1190	638	11369	111	416	35356	1652
559000	63	1565	550	11184	96	418	34591	1245
560000	64	1555	676	11096	52	416	33921	1167
561000	83	1412	585	11273	64	517	34732	2143
562000	73	1340	587	11251	51	573	33732	1672
563000	52	1273	682	11124	92	618	35062	2304
564000	79	1503	565	11226	114	431	35081	1661
565000	107	1377	757	10906	124	482	33260	1780
566000	142	1262	823	10644	186	637	32838	2263
567000	98	1334	850	10562	157	738	31878	2681
568000	85	1294	758	10834	161	676	33200	2358
569000	114	1425	705	10832	87	635	32761	2045
570000	132	1271	953	10666	71	615	34326	1739
571000	129	1120	977	10554	113	769	32852	2591
572000	60	1234	867	10779	34	777	34808	2015
573000	115	1396	690	10834	86	708	32221	2305
574000	75	1371	534	11163	53	735	33148	2458
575000	99	1311	710	11026	78	610	33994	2349
576000	59	1326	702	10980	128	665	35149	2103
577000	96	1451	764	10865	162	432	33403	1580
578000	93	1435	650	11009	136	497	34116	1809
579000	103	1428	663	11037	134	466	34171	1654
580000	78	1219	752	11139	70	509	34205	1519
581000	74	1415	555	11217	87	541	35238	1713
582000	98	1588	558	10954	81	651	32590	1731
583000	58	1465	689	10953	33	652	34923	2086
584000	57	1379	654	11080	93	592	32699	1842
585000	39	1282	656	11246	75	579	36461	2180
586000	93	1384	681	11005	71	537	35125	1731
587000	102	1215	655	11340	120	406	36486	1444
588000	116	1198	662	11229	167	426	34762	1495
589000	89	1326	656	11363	118	316	34749	1472
590000	74	1361	549	11436	131	354	34538	1357
591000	66	1438	480	11398	125	444	34102	1866
592000	79	1551	601	11033	111	458	33556	1515
593000	73	1495	571	11253	87	444	34113	1499
594000	111	1494	567	11221	118	412	33508	1458
595000	81	1464	639	11108	85	489	33903	1615
596000	69	1300	639	11308	118	417	34493	1333
597000	106	1436	729	11092	82	379	33226	1461
598000	124	1394	652	11113	104	469	32099	1845
599000	104	1360	760	10897	124	573	32458	1993
600000	85	1444	754	10741	204	547	33885	2217
601000	129	1356	749	10798	202	491	33326	2136
602000	92	1259	612	11274	155	476	33175	1929
603000	136	1354	595	11263	140	366	34571	1465
604000	69	1449	592	11265	116	425	34939	1911
605000	84	1471	619	11055	107	529	34501	1728
606000	86	1426	563	11148	87	591	34799	1929
607000	72	1425	677	10967	96	644	34731	2349
608000	75	1550	523	10928	124	734	33365	2508
609000	96	1502	482	10977	126	713	33983	2591
610000	99	1411	538	11263	93	519	34558	1948
611000	76	1421	638	11144	58	538	34886	1664
612000	70	1309	818	10929	49	523	34829	1595
613000	89	1290	731	11213	62	421	34724	1141
614000	69	1548	539	11244	83	434	34238	1636
615000	62	1570	456	11284	115	452	34548	1539
616000	71	1629	464	11343	137	325	34956	1518
617000	46	1393	538	11591	82	297	34789	1233
618000	74	1334	567	11606	60	202	36112	895
619000	62	1494	652	11369	82	176	35543	656
620000	61	1423	652	11550	88	161	34669	663
621000	99	1191	756	11360	197	173	36521	1052
622000	79	1381	773	11211	111	238	36005	1120
623000	65	1285	701	11488	142	169	36278	921
624000	80	1361	652	11419	155	175	34121	672
625000	101	1380	718	11274	151	191	34051	937
626000	90	1441	640	11247	237	191	36158	1252
627000	106	1326	732	11249	156	211	34701	1175
628000	76	1433	665	11241	176	235	34130	1089
629000	94	1399	662	11168	177	336	35320	1474
630000	153	1443	651	10988	163	400	33363	1915
631000	109	1377	725	11051	238	302	34861	1254
632000	116	1264	781	10962	314	333	34755	1729
633000	82	1114	863	10900	333	419	35405	2207
634000	83	1327	582	11252	346	310	34796	2112
635000	111	1247	627	11051	358	473	34017	2559
636000	118	1323	649	10791	322	618	32547	2960
637000	91	1239	606	10811	290	835	33581	2924
638000	104	1569	540	10601	309	782	31609	3239
639000	102	1354	507	10780	336	818	33038	3676
640000	157	1599	389	10624	375	802	31779	4001
641000	134	1361	638	10519	346	846	33213	3440
642000	110	1507	638	10447	240	886	32132	3433
643000	110	1435	565	10617	227	927	32268	3593
644000	80	1284	733	10501	177	1025	33680	3660
645000	109	1462	589	10638	196	856	33053	3411
646000	90	1350	560	10838	177	870	33523	3026
647000	92	1500	658	10494	204	882	32725	3302
648000	101	1359	524	11006	376	566	32945	3044
649000	136	1374	635	10785	436	450	31953	2633
650000	126	1217	664	10937	396	478	34664	2695
651000	124	1361	666	10841	388	470	34114	2559
652000	84	1249	722	10881	424	429	33759	2608
653000	85	1287	726	10792	387	519	32757	2680
654000	110	1240	736	10879	285	569	33359	2587
655000	106	1128	713	10902	293	641	32204	2761
656000	91	1255	713	10688	421	640	33141	3145
657000	104	1269	865	10459	409	625	31309	3156
658000	94	1281	898	10359	336	672	31823	2887
659000	93	1157	799	10831	315	591	33600	2592
660000	147	1182	783	10759	330	480	34006	2487
661000	114	1139	718	11030	305	495	33789	2602
662000	83	1298	807	10712	280	571	34100	2147
663000	145	1298	714	10881	192	540	33811	2107
664000	94	1349	781	10823	209	537	32708	2387
665000	118	1268	720	11008	230	416	35869	2108
666000	70	1250	776	10921	132	657	33845	2338
667000	71	1150	873	10834	202	612	33628	2511
668000	91	1293	682	11198	87	460	35109	1579
669000	69	1352	769	11032	50	542	34738	1746
670000	64	1502	749	10743	86	637	32398	1880
671000	105	1396	739	10813	121	643	33195	2140
672000	113	1466	553	10996	150	621	32663	2117
673000	84	1323	716	10794	132	768	33509	2696
674000	74	1442	482	11074	168	654	34075	2596
675000	53	1610	471	11087	99	664	34208	2088
676000	82	1494	572	11059	89	597	33125	1926
677000	78	1391	725	10886	94	657	32668	1979
678000	76	1524	623	10882	116	684	32936	2339
679000	79	1427	529	11068	177	628	34410	2089
680000	97	1447	529	10974	142	685	33151	2381
681000	66	1659	420	11070	121	669	32919	2755
682000	101	1518	544	10846	139	765	33797	2717
683000	97	1303	640	10918	166	741	34281	2625
684000	87	1349	710	10851	156	690	32512	2502
685000	97	1568	621	10669	199	705	32540	2610
686000	92	1180	680	10894	171	830	33228	2619
687000	78	1206	724	11002	138	643	34470	2581
688000	96	1373	712	10951	134	546	34495	2101
689000	113	1574	724	10854	147	389	34117	1878
690000	85	1251	651	11242	139	472	35035	1763
691000	72	1431	723	11192	110	297	34489	931
692000	97	1312	821	11208	23	305	35480	818
693000	84	1267	674	11534	2	281	35576	817
694000	64	1291	669	11445	0	379	36048	1230
695000	93	1388	735	11127	26	390	33519	1169
696000	79	1349	819	11039	27	424	35074	1262
697000	97	1505	648	11139	33	433	34551	1320
698000	48	1489	480	11323	41	537	34319	1690
699000	58	1473	593	11065	43	636	34351	2185
700000	101	1495	549	11055	47	643	33745	1664
701000	81	1525	537	11058	63	655	33002	1557
702000	89	1539	467	11087	84	656	34172	2164
703000	76	1499	604	11078	128	509	33603	1624
704000	62	1233	818	10889	241	499	33287	1973
705000	127	1328	749	10853	267	462	32765	2136
706000	77	1180	786	10938	250	568	34891	2398
707000	111	1244	654	10879	254	693	33949	2255
708000	126	1446	765	10453	398	515	32580	2529
709000	83	1313	661	10907	383	480	32928	2375
710000	148	1298	604	10963	366	490	33673	2641
711000	124	1274	566	11142	254	534	34936	2234
712000	99	1392	590	11024	225	523	33605	2162
713000	91	1565	540	10686	353	674	33453	2759
714000	120	1369	491	10837	459	623	33150	3265
715000	124	1380	576	10446	647	726	31260	3641
716000	151	1435	586	10357	597	746	31851	3960
717000	142	1455	744	10173	572	660	31996	3746
718000	210	1289	682	10192	554	867	31864	3683
719000	112	1195	873	10127	399	1061	31521	4516
720000	85	1276	872	10093	453	966	33139	3852
721000	100	1264	661	10524	290	1025	32466	3564
722000	101	1309	622	10372	241	1250	31785	4609
723000	102	1296	723	10302	226	1124	32615	3412
724000	97	1342	637	10363	268	1145	32755	3911
725000	130	1254	763	10221	323	1030	32033	3872
726000	112	1062	813	10303	265	1211	32331	4884
727000	88	1345	683	10202	278	1223	31239	4502
728000	97	1415	498	10296	214	1401	31858	4385
729000	80	1509	503	10252	196	1341	32807	3850
730000	61	1451	558	10377	205	1282	32481	4599
731000	106	1473	561	10330	285	1107	32661	4413
732000	108	1454	654	10283	271	1084	31196	4174
733000	77	1331	664	10566	205	972	31833	3775
734000	86	1261	797	10649	227	776	33311	2820
735000	80	1419	609	10813	241	716	32484	3212
736000	88	1643	504	10802	224	669	33791	2732
737000	84	1565	584	10711	150	778	31438	2641
738000	103	1296	647	10933	173	655	33546	2526
739000	101	1256	606	11026	221	646	34749	2734
740000	128	1369	737	10432	301	808	32404	3083
741000	117	1241	865	10354	482	655	32303	3356
742000	79	1395	753	10484	406	660	31974	2947
743000	100	1359	660	10506	419	802	33012	3496
744000	87	1417	616	10563	284	913	33234	3311
745000	126	1328	428	10821	371	818	33824	3681
746000	117	1508	551	10457	326	975	31666	3834
747000	95	1302	548	10643	366	914	33284	3757
748000	144	1522	505	10520	341	843	30917	3672
749000	70	1477	536	10522	414	897	32496	3566
750000	117	1445	515	10434	207	1172	30850	3767
751000	98	1424	555	10476	285	1055	33381	3840
752000	104	1257	706	10345	422	942	32533	4021
753000	126	1636	532	10251	415	912	31667	3581
754000	97	1341	674	10187	448	1042	31229	4252
755000	167	1340	656	10150	504	982	32532	4079
756000	128	1485	639	10077	456	1046	31263	4574
757000	120	1408	590	10347	509	859	32054	4043
758000	114	1249	678	10642	374	792	32926	3782
759000	97	1240	704	10661	396	704	34982	3050
760000	103	1406	605	10710	458	585	34087	3227
761000	92	1218	897	10515	350	616	33943	2679
762000	99	1317	657	11015	286	463	33506	2126
763000	71	1258	694	10959	277	565	33062	2405
764000	111	1499	536	10838	245	635	33159	2249
765000	120	1548	549	10746	284	659	32915	2901
766000	105	1427	714	10494	396	681	33408	2742
767000	141	1171	829	10434	397	689	33439	3073
768000	146	1197	814	10447	384	739	31961	2810
769000	103	1270	786	10249	417	929	32266	3889
770000	114	1386	609	10491	423	824	31939	4114
771000	104	1539	592	10359	334	951	32365	3211
772000	88	1639	455	10557	258	936	33013	3350
773000	141	1538	524	10391	268	1003	32283	3707
774000	103	1531	490	10461	282	1026	32549	3777
775000	77	1432	566	10621	337	860	33029	3648
776000	129	1573	580	10352	306	870	31715	3628
777000	74	1433	529	10729	311	845	34349	3308
778000	159	1349	620	10463	409	821	31905	3704
779000	122	1294	688	10278	423	998	30753	3721
780000	139	1094	778	10366	539	853	32358	4181
781000	126	1332	714	10270	509	819	31749	3944
782000	115	1268	735	10442	332	914	32024	3527
783000	106	1299	635	10643	379	804	34069	3315
784000	110	1192	631	10792	244	878	33112	3487
785000	92	1388	603	10668	239	880	31811	2844
786000	72	1197	709	10799	248	771	32959	3154
787000	83	1230	844	10386	273	916	32318	3528
788000	123	1235	709	10319	307	1106	30211	4357
789000	125	1359	832	10035	328	1039	31964	4354
790000	113	1285	672	10360	363	1041	32638	4289
791000	91	1281	579	10434	392	1126	32501	4380
792000	127	1448	567	10142	361	1231	31902	4129
793000	97	1564	421	10493	340	1063	31969	4017
794000	138	1353	757	10173	394	960	31024	4299
795000	113	1309	768	10184	308	1086	30570	4107
796000	93	1360	777	10419	267	864	33444	3279
797000	85	1322	784	10397	344	802	33660	3211
798000	98	1190	662	10761	257	890	33975	3374
799000	84	1424	491	10693	196	1069	30740	3964
800000	69	1633	568	10464	180	1002	32565	3190
801000	102	1647	464	10748	176	781	33541	2505
802000	66	1579	468	10866	158	819	33324	2946
803000	105	1367	488	10895	196	862	33607	3265
804000	75	1358	602	10695	185	954	34540	3176
805000	120	1308	709	10569	255	826	33468	3310
806000	84	1416	560	10745	282	792	33051	3209
807000	128	1430	558	10846	170	776	33279	3083
808000	69	1352	725	10740	166	766	32717	2877
809000	54	1299	723	10747	207	765	33588	2815
810000	69	1328	735	10463	251	934	31646	3816
811000	94	1321	668	10199	313	1205	32101	4515
812000	89	1276	615	10397	178	1279	31892	4639
813000	116	1360	610	10312	260	1196	31266	4491
814000	75	1491	634	10446	168	1056	31711	3818
815000	96	1689	474	10384	196	1044	31596	3448
816000	98	1475	530	10362	268	1174	31987	4020
817000	66	1436	567	10376	298	1175	31384	4306
818000	113	1265	555	10546	276	1124	33194	4270
819000	98	1467	477	10467	262	1152	31762	4315
820000	105	1422	535	10576	217	1035	31372	3509
821000	118	1301	773	10478	187	924	33409	3063
822000	91	1392	708	10590	326	719	31769	2715
823000	77	1464	464	10938	232	782	33158	3207
824000	86	1535	493	10823	217	770	34071	3049
825000	81	1601	484	10804	208	768	31743	2685
826000	90	1486	707	10614	165	732	33318	2705
827000	95	1360	660	10634	230	883	31324	3301
828000	120	1535	554	10641	172	892	32851	3063
829000	84	1525	518	10736	163	899	32719	2995
830000	87	1357	599	10840	175	797	32369	2928
831000	80	1387	534	10965	172	797	33738	2746
832000	71	1521	577	10855	144	740	32433	2735
833000	86	1630	445	11000	171	650	32865	2372
834000	122	1419	674	10873	233	516	33600	2434
835000	119	1298	603	10926	143	747	34676	2558
836000	105	1496	432	11000	141	758	33731	3052
837000	103	1578	577	10613	147	885	32663	2871
838000	71	1399	638	10896	117	748	32761	2488
839000	78	1574	577	10579	146	966	32237	2978
840000	102	1556	536	10578	250	893	32860	3601
841000	92	1441	708	10300	293	940	30028	3453
842000	105	1282	640	10613	346	830	32194	3610
843000	116	1248	846	10290	236	944	31718	3142
844000	87	1146	865	10618	141	844	34656	3182
845000	83	1415	596	10923	76	760	35097	2448
846000	57	1469	536	10875	95	891	33741	3127
847000	63	1429	531	10876	97	900	33293	3046
848000	94	1319	565	11089	48	806	34666	2478
849000	109	1333	573	10941	134	819	33580	2481
850000	78	1468	569	10920	175	698	32665	2455
851000	118	1518	615	10859	124	665	33104	2297
852000	63	1500	423	11137	186	664	34198	2712
853000	109	1455	568	10908	280	579	33001	2404
854000	142	1466	542	10732	330	675	33365	2444
855000	123	1409	613	10721	297	665	32766	2932
856000	120	1292	628	10836	321	646	33854	3092
857000	48	1550	510	10986	294	529	33330	2408
858000	97	1453	491	11085	333	452	32561	2012
859000	174	1260	834	10602	390	472	32418	2666
860000	96	1249	741	10761	386	542	33666	2810
861000	105	1465	625	10807	293	558	33358	2357
862000	87	1520	530	10935	269	571	33617	2889
863000	101	1345	704	10869	282	522	34582	2168
864000	108	1231	871	10769	251	527	34105	2239
865000	123	1436	635	10804	280	535	32457	2330
866000	85	1281	729	10700	290	743	32042	2830
867000	118	1153	912	10591	248	662	32891	2800
868000	99	1482	659	10438	157	946	32837	3161
869000	55	1331	606	10790	121	992	33226	3668
870000	78	1549	704	10266	150	1075	32979	3521
871000	149	1359	762	10152	278	1046	30700	4011
872000	106	1296	694	10247	333	1099	32176	4362
873000	109	1460	579	10287	293	1109	30300	4303
874000	91	1298	835	10162	259	1101	31504	3758
875000	133	1278	716	10316	342	998	31578	4065
876000	92	1301	725	10272	318	1138	32841	4059
877000	106	1234	623	10371	430	1094	32387	4347
878000	102	1286	659	10190	434	1137	30592	5199
879000	114	1249	782	9829	459	1350	30819	4999
880000	134	1197	789	9576	564	1496	29793	6324
881000	117	1264	797	9646	550	1397	31764	5938
882000	116	1222	752	9472	724	1490	29434	6390
883000	123	1338	614	9280	780	1696	28946	7097
884000	145	1415	652	9099	837	1634	26915	6408
885000	205	1405	560	9249	839	1576	30121	7294
886000	181	1285	677	9112	881	1631	29617	7341
887000	136	1227	644	9214	747	1848	28793	7456
888000	158	1406	531	9126	929	1727	27556	7392
889000	158	1303	471	9279	1024	1665	27416	8395
890000	143	1309	586	9004	961	1802	26866	8300
891000	111	1322	526	9155	828	1947	27644	8295
892000	128	1155	510	9121	882	2113	27182	8597
893000	164	1339	525	9145	813	1856	27339	8591
894000	149	1353	592	9250	638	1900	28982	7233
895000	114	1551	400	9473	559	1894	27810	7288
896000	140	1499	592	9397	457	1758	28687	7295
897000	106	1455	548	9500	441	1813	29221	6568
898000	117	1539	458	9345	394	2039	27935	6468
899000	102	1539	602	9611	408	1572	28654	5429
900000	96	1505	583	10023	387	1289	30145	4634
901000	89	1548	475	9860	464	1473	29839	5768
902000	97	1509	558	9896	309	1530	30061	5548
903000	100	1459	567	9990	355	1402	30513	5300
904000	77	1490	621	9858	417	1382	29906	5260
905000	96	1445	507	10055	381	1393	31914	5201
906000	99	1396	627	9810	328	1560	31208	5821
907000	108	1259	779	9742	366	1495	30986	5923
908000	124	1284	552	10012	363	1533	31827	5474
909000	99	1421	577	9969	358	1443	30822	5798
910000	119	1411	547	10172	321	1290	30666	4456
911000	85	1448	508	10422	384	1065	31049	4783
912000	148	1540	625	9922	405	1211	30442	4966
913000	104	1361	652	9875	466	1398	30718	5455
914000	159	1313	727	10040	408	1118	31314	5298
915000	105	1247	715	9980	489	1245	29997	5111
916000	142	1362	718	9853	433	1272	31025	5407
917000	149	1380	565	9856	602	1277	30243	4966
918000	122	1385	460	10193	393	1364	31153	4972
919000	95	1280	649	10062	242	1514	30971	4612
920000	56	1318	629	10179	276	1381	32511	4914
921000	73	1573	461	10277	213	1336	30828	4493
922000	79	1392	548	10193	206	1454	31698	5268
923000	71	1514	415	10189	151	1635	30029	4757
924000	76	1622	490	10071	201	1474	30217	4958
925000	96	1672	451	10039	264	1411	30800	5018
926000	112	1512	539	10054	328	1349	29588	4481
927000	99	1540	598	9676	373	1583	30091	5681
928000	75	1500	530	9606	430	1805	29251	6528
929000	112	1327	562	9779	395	1729	29704	6471
930000	103	1400	527	9875	364	1639	31937	6188
931000	88	1293	743	9726	563	1379	30732	5671
932000	132	1228	830	9547	542	1472	30217	5714
933000	110	1215	780	9659	515	1446	29186	6229
934000	86	1373	633	9777	506	1449	30072	5342
935000	127	1350	556	9933	544	1368	30419	5603
936000	173	1443	669	9779	531	1133	30964	4783
937000	118	1323	766	10131	423	1004	31974	4164
938000	135	1287	706	10310	333	1019	32827	3779
939000	116	1379	628	10364	410	951	32150	3531
940000	144	1384	572	10449	299	1007	31582	3768
941000	123	1445	678	10152	387	967	31605	4066
942000	150	1296	815	9993	325	1139	31578	3871
943000	111	1129	729	10316	345	1175	32083	4346
944000	107	1326	632	10302	360	1087	33535	4260
945000	119	1274	509	10793	329	889	32144	3563
946000	89	1489	546	10510	283	965	31907	4430
947000	82	1459	584	10688	204	887	32650	2786
948000	68	1537	522	10687	249	893	32611	3477
949000	84	1422	594	10657	196	887	32848	3493
950000	82	1433	509	10858	167	877	32545	3706
951000	82	1445	583	10752	155	864	33417	2685
952000	93	1189	722	10698	213	877	33737	3193
953000	73	1232	929	10522	155	825	33216	2791
954000	69	1397	578	10880	173	810	32773	2978
955000	91	1680	623	10373	277	790	31725	2920
956000	72	1487	642	10735	165	712	32605	2412
957000	105	1438	618	10868	180	665	33239	2761
958000	86	1389	594	10855	151	789	33518	2853
959000	85	1423	636	10796	151	760	33644	2810
960000	117	1421	680	10777	145	707	33087	2588
961000	105	1509	618	10735	110	781	34062	2512
962000	70	1457	562	11000	147	690	32986	2612
963000	64	1351	524	11269	178	550	34665	2068
964000	92	1353	636	10930	143	685	34151	2043
965000	79	1411	499	11066	111	773	32785	2366
966000	96	1293	588	10885	179	864	35340	2903
967000	82	1355	660	10686	261	819	33307	3127
968000	88	1320	811	10409	290	824	32466	2992
969000	95	1325	644	10414	266	1092	32591	4511
970000	113	1349	614	10448	369	926	32355	3809
971000	83	1300	663	10538	181	1054	31668	3574
972000	97	1236	829	10413	234	928	32635	3975
973000	71	1272	665	10754	125	954	33328	2918
974000	76	1452	474	11090	114	745	34099	2895
975000	140	1335	740	10594	191	719	32957	2320
976000	74	1204	854	10506	187	932	33729	2878
977000	110	1158	758	10613	184	1000	32562	3606
978000	97	1361	737	10236	250	1087	32620	3638
979000	79	1385	690	9993	470	1200	30941	4894
980000	78	1603	540	10258	380	1056	29980	4365
981000	83	1433	623	10274	497	942	31702	4612
982000	130	1344	796	10098	462	923	31607	3922
983000	107	1265	837	10265	435	792	31198	4127
984000	111	1103	857	10485	368	798	33468	3452
985000	83	1285	655	10707	310	775	32079	3285
986000	79	1259	611	11110	186	635	34880	2469
987000	88	1473	597	11009	203	506	33327	2166
988000	85	1414	456	11192	215	557	34438	2191
989000	93	1482	485	11068	190	597	33408	2466
990000	88	1334	573	10893	273	757	33631	3198
991000	110	1347	667	10580	249	855	31761	3017
992000	119	1340	621	10847	168	752	32460	2483
993000	90	1412	549	11111	117	562	33377	1904
994000	88	1385	682	11080	93	510	33870	1911
995000	112	1459	541	11416	58	303	35612	1093
996000	92	1464	597	11315	62	344	35130	1152
997000	69	1546	638	11196	110	333	33962	1113
998000	107	1468	561	11401	86	258	34912	934
999000	135	1418	542	11466	164	156	35470	773
