0	0	0	0	14400	0	0	0	0
1000	25	339	586	12753	133	65	37760	620
2000	39	336	1238	11828	101	10	36349	384
3000	32	299	1648	11324	1	2	35424	80
4000	52	250	1850	10872	85	37	35946	345
5000	63	304	2182	10199	133	77	34975	704
6000	53	212	2207	10288	27	208	36504	603
7000	72	265	2295	9953	25	261	32492	1002
8000	72	271	2502	9625	12	310	34604	1008
9000	36	309	2002	10414	4	298	34131	871
10000	48	286	1837	10722	4	315	35223	986
11000	53	344	1582	11073	25	225	34633	931
12000	61	236	2052	10434	0	277	34115	1064
13000	35	277	2045	10410	46	245	35152	849
14000	42	308	2336	9788	26	341	34678	781
15000	60	268	2136	10152	39	339	33496	819
16000	107	246	2302	9786	36	344	32171	1167
17000	74	309	2724	9081	151	257	32604	923
18000	67	338	2555	9339	126	300	33881	1438
19000	77	269	2689	9089	239	241	32801	1297
20000	92	256	2658	8985	363	307	31717	1954
21000	98	258	2604	8903	377	487	32191	1972
22000	72	221	2805	8639	372	492	31824	2511
23000	97	239	2765	8551	332	557	31415	2224
24000	78	323	2734	8629	250	541	31405	2597
25000	87	245	3093	8224	254	404	31680	1711
26000	95	191	3135	8080	403	345	31820	1947
27000	107	234	3246	8167	329	199	31957	1465
28000	102	206	3346	7914	392	318	30245	1586
29000	82	227	2835	8979	253	219	32854	1312
30000	61	246	3649	7383	450	170	30569	1654
31000	124	236	3198	7926	326	348	30459	1730
32000	111	246	3248	7637	403	547	30238	2455
33000	97	200	3446	7131	473	669	30004	3484
34000	169	273	3646	6654	734	484	28489	3371
35000	164	220	3720	6421	795	510	27240	4050
36000	140	216	3416	6669	1038	621	28721	4490
37000	115	186	2844	7487	1308	514	28934	4880
38000	74	256	2601	7849	1097	775	29014	5284
39000	126	242	2999	7249	1121	657	27141	4326
40000	79	209	2661	8092	1110	437	30203	4352
41000	78	216	2419	8705	871	529	30652	3981
42000	122	234	2715	8095	853	581	31404	3434
43000	104	219	2992	7548	714	876	29180	4209
44000	108	258	2669	8000	937	751	29607	4591
45000	99	245	2729	7666	768	1057	28632	5297
46000	106	240	2652	7593	913	1038	29292	5157
47000	89	215	2659	7562	928	1256	29678	5621
48000	120	203	2860	7247	1110	917	27234	5813
49000	120	237	2980	6760	1085	1213	27107	6048
50000	98	271	3142	6699	890	1213	26546	6121
51000	78	250	2889	7236	1207	905	28300	5854
52000	137	280	3178	6714	960	959	27149	5090
53000	154	269	3074	7044	901	814	27459	4741
54000	120	168	2904	7295	1168	814	28326	5905
55000	97	221	2942	7592	968	649	28439	5178
56000	70	214	2788	7771	1023	763	29282	5191
57000	72	249	2393	7772	1046	1244	27852	6832
58000	80	266	2674	7943	807	809	29610	4636
59000	80	244	2684	7897	878	749	30302	4123
60000	98	269	2635	8387	541	715	29191	3649
61000	93	263	2400	8262	549	1166	30150	4381
62000	126	266	2875	7728	419	1011	30224	3917
63000	82	295	2728	7979	510	1028	29391	4001
64000	90	212	3227	6835	512	1351	27932	4968
65000	93	303	3038	7000	408	1570	27721	5650
66000	111	194	3462	6718	270	1341	27677	4150
67000	114	258	3369	7020	325	1113	28248	3791
68000	164	293	3084	7483	511	781	30325	3468
69000	93	288	2786	7934	425	968	29389	3888
70000	79	244	2970	7988	418	830	29328	3405
71000	91	273	2693	8419	441	661	29321	3171
72000	69	317	2609	8710	380	629	30067	2625
73000	101	244	2779	8682	288	465	30933	2071
74000	78	243	2556	9097	112	617	33236	2299
75000	96	368	2869	8510	238	422	31163	1620
76000	93	258	2379	9247	397	451	32555	2352
77000	53	257	1994	10060	231	501	32082	2293
78000	82	289	2131	9580	144	708	32358	2353
79000	80	281	2385	9277	155	572	33686	1724
80000	55	299	2164	9638	222	533	33078	2143
81000	47	312	1837	10234	151	534	33781	1801
82000	55	274	1946	10386	112	384	34074	1302
83000	59	288	1726	10447	165	579	34131	1964
84000	52	265	1858	10455	118	422	33732	1335
85000	54	218	1970	10304	248	278	32767	1482
86000	72	253	2161	9894	304	296	33975	1606
87000	91	291	2611	9174	256	228	32204	1457
88000	96	243	2663	9320	218	101	32114	783
89000	67	337	2085	10136	221	193	33025	1488
90000	79	359	2221	9832	177	318	34034	1413
91000	70	258	2306	9853	122	244	32805	1154
92000	67	342	2412	9795	116	70	33201	737
93000	53	298	2502	9563	136	160	34000	635
94000	68	228	2553	9343	299	230	33330	1096
95000	84	369	2886	8735	231	272	32531	1293
96000	102	273	2762	8726	416	257	31853	1613
97000	162	249	3335	7915	384	148	32076	1470
98000	157	211	3946	6919	299	111	29992	1095
99000	161	212	3813	6991	385	218	29774	1601
100000	120	219	3523	7110	834	223	29170	3106
101000	188	199	3930	6387	686	207	28950	2863
102000	84	246	3629	6982	649	309	30007	2468
103000	113	183	3505	6989	619	534	29698	2805
104000	107	248	3250	7067	954	549	29152	4250
105000	99	266	3048	7876	721	450	28966	3187
106000	117	278	3246	7580	576	374	32026	1998
107000	136	235	3404	7245	585	390	30215	2417
108000	73	177	3465	7313	641	388	30662	2842
109000	85	296	2881	8043	781	347	30929	3175
110000	96	225	2913	8279	667	395	30518	3321
111000	133	219	3252	7687	401	487	31423	2519
112000	133	232	3593	7166	474	369	30653	2551
113000	125	255	3022	8355	417	243	30959	1940
114000	115	190	3233	8168	212	267	31699	1420
115000	87	191	3192	8193	283	376	32721	1804
116000	108	229	3404	7511	322	407	30407	2074
117000	137	293	3281	7928	338	212	32119	1815
118000	93	236	3162	7988	619	165	30728	1978
119000	131	255	2897	8511	436	206	31842	1546
120000	137	212	3537	7303	501	221	30146	1810
121000	161	211	3742	6831	600	229	29561	2186
122000	116	216	3411	7308	465	470	30027	2743
123000	105	285	3337	7610	368	362	29505	2152
124000	170	234	3352	7446	308	479	31417	2290
125000	75	226	3225	7846	321	593	29942	2008
126000	111	226	3266	7853	374	425	30141	2473
127000	93	248	3172	8143	353	221	32090	1733
128000	168	309	3564	7159	403	270	28385	2174
129000	130	198	3707	6928	552	202	29601	2531
130000	122	231	3993	6332	645	252	29354	2559
131000	114	233	3400	7063	979	261	29516	3417
132000	114	190	3318	7346	809	320	28947	3073
133000	134	224	3280	7164	1111	295	28789	3977
134000	137	263	3603	6723	1009	308	28699	3627
135000	128	241	3599	6235	1475	226	28008	4164
136000	127	227	3649	6249	1358	256	27227	4567
137000	121	238	3264	6845	1181	397	28264	4487
138000	141	220	3830	6220	809	489	26982	3598
139000	112	210	3882	6432	424	627	29820	2672
140000	185	231	4033	6116	481	366	27523	2351
141000	177	197	4245	5997	405	305	27843	1796
142000	156	224	4018	6524	438	234	29492	1719
143000	134	247	3967	6306	656	255	28793	2569
144000	118	251	3663	7097	622	231	28908	2455
145000	130	260	3595	7495	459	157	30395	1847
146000	86	263	3143	7750	728	341	29815	2847
147000	80	213	2968	7669	693	808	28742	4212
148000	86	277	3451	6857	718	572	27779	3543
149000	147	246	3040	6778	1216	834	26589	5735
150000	97	246	2403	7683	1659	740	28805	6243
151000	124	225	3046	6970	1343	567	27931	4994
152000	101	246	3300	6613	1613	296	26382	5603
153000	135	218	3168	6588	1711	471	27522	5852
154000	107	232	2819	6922	1883	578	27222	6714
155000	160	215	3410	6602	1212	485	28085	4705
156000	122	227	3782	6401	873	315	28046	4030
157000	132	224	3656	6583	757	453	28557	3352
158000	175	208	4247	5679	885	191	27414	2997
159000	152	230	4057	5754	1073	309	28195	3433
160000	165	208	4352	4931	1084	592	25018	4640
161000	179	132	5065	3733	907	465	23773	4331
162000	279	111	5015	3411	950	401	24332	3659
163000	204	140	4405	5238	981	219	27220	3427
164000	149	187	4679	4949	816	314	26383	3237
165000	183	217	4395	5378	790	292	25766	3288
166000	188	173	4175	5627	438	765	26108	2865
167000	168	246	4172	5468	812	645	26659	3899
168000	116	265	3478	6587	553	1031	27885	4105
169000	134	233	3260	6620	573	1276	28256	5208
170000	149	187	2772	7564	622	1213	28957	5340
171000	106	179	3207	7154	874	779	28473	4205
172000	126	191	3244	6977	1104	613	28322	4778
173000	138	192	3089	7017	1642	289	28642	4944
174000	117	215	3279	6970	1261	357	28285	4985
175000	158	230	3730	6280	1111	278	26932	3842
176000	151	253	3801	6600	614	215	29209	2357
177000	166	221	3781	6672	611	280	30190	2386
178000	167	233	3874	6920	277	170	30645	1247
179000	110	191	3910	7058	287	82	31380	1047
180000	92	239	4048	6985	254	47	30779	645
181000	80	218	4122	6303	439	162	28766	1804
182000	121	206	3426	7344	459	492	30176	2518
183000	97	268	2764	8525	434	456	31054	2725
184000	67	285	2947	8262	381	454	32367	2322
185000	89	263	2727	8401	478	620	30887	2665
186000	83	215	2774	8622	344	580	32008	2581
187000	89	313	3013	8252	317	394	32594	2085
188000	109	251	2819	8643	372	274	31866	2041
189000	131	244	3369	7884	224	287	30109	1707
190000	83	196	3432	7828	336	135	31628	1376
191000	139	207	3242	7737	473	229	30905	2051
192000	123	246	3145	7868	421	402	30491	2302
193000	117	267	3432	7718	366	251	30445	1705
194000	120	264	3165	8208	143	368	30592	1466
195000	85	224	2984	8478	151	413	32702	1568
196000	117	275	3149	8199	258	293	30510	1612
197000	67	233	2608	9087	202	503	32050	1825
198000	61	221	2895	8821	164	371	32451	1768
199000	90	212	2622	9034	258	524	32832	2061
200000	104	271	2700	8733	343	432	30998	2042
201000	98	271	2525	8756	314	727	30440	2975
202000	74	237	2546	8909	227	738	32259	2514
203000	126	227	2483	9030	295	563	31510	2537
204000	75	281	2806	8570	395	412	32555	2344
205000	93	233	2837	8895	176	276	32715	1209
206000	85	226	2851	8998	115	140	32611	900
207000	82	289	2684	9316	121	76	32662	624
208000	75	338	2607	9436	92	108	33995	322
209000	69	205	2855	9157	92	124	32288	553
210000	101	245	3314	8313	33	156	31936	693
211000	81	286	3406	8218	2	219	32351	493
212000	115	260	3424	8253	0	76	32846	318
213000	59	285	2977	9063	0	130	34079	274
214000	74	264	2792	9301	0	156	33235	458
215000	59	319	2521	9672	54	86	35573	384
216000	96	315	2933	8829	99	233	33164	789
217000	87	238	2700	9317	45	244	34279	992
218000	78	263	2409	9766	86	169	33585	699
219000	92	265	2785	9070	30	208	32926	637
220000	83	239	2935	9093	8	140	33045	457
221000	82	244	3024	9070	0	58	34678	199
222000	86	241	3276	8509	0	46	32606	225
223000	108	189	3044	8856	187	8	31455	442
224000	41	314	2572	9443	251	76	31352	592
225000	88	250	2658	9134	242	175	34151	1657
226000	88	241	2740	9144	102	270	33673	888
227000	87	264	2977	8769	19	358	32058	1163
228000	68	239	2820	9070	18	206	33495	683
229000	76	234	2615	9719	7	102	33745	364
230000	58	253	2269	10131	27	267	35597	822
231000	85	278	2619	9497	9	128	33602	556
232000	134	282	3010	8734	10	207	33419	591
233000	61	267	2446	9816	4	176	35286	421
234000	89	291	2414	9905	0	59	33339	148
235000	54	305	2101	10541	0	12	36061	81
236000	99	255	2571	9792	0	0	35137	2
237000	56	267	2583	9735	13	2	34798	46
238000	60	296	2576	9757	0	0	33452	3
239000	84	266	2919	9151	81	41	33608	329
240000	81	242	2686	9547	66	43	34737	419
241000	74	297	2462	9707	114	118	33576	607
242000	122	253	2945	8850	86	143	34007	476
243000	103	278	3175	8338	64	255	32259	853
244000	73	320	3067	8316	129	463	31960	1358
245000	110	337	2624	8975	100	432	32423	1633
246000	66	258	2608	9216	36	493	32507	1142
247000	37	301	2328	9597	210	361	32488	2079
248000	57	325	2292	9752	219	294	32417	1469
249000	57	294	2715	9235	157	160	34096	868
250000	83	344	2536	9131	206	331	32975	1516
251000	68	293	2606	9350	142	214	33362	778
252000	72	235	2591	9447	83	241	34866	887
253000	77	240	2700	9286	172	238	33800	1025
254000	64	268	2074	10168	160	311	34230	1362
255000	99	269	2333	9671	173	343	33969	1091
256000	104	254	2819	8957	193	199	33312	1056
257000	92	301	2707	9292	224	41	34295	956
258000	102	288	2794	9053	104	155	32762	684
259000	102	259	2907	8966	80	195	32549	978
260000	90	236	2788	9213	147	103	33194	1158
261000	43	278	2925	9049	64	124	32850	533
262000	101	238	3461	8117	63	69	32790	359
263000	99	264	3857	7421	11	0	32220	95
264000	104	296	3123	8699	100	0	31736	308
265000	67	291	2797	9380	35	0	34307	98
266000	105	217	2787	9379	9	13	33992	78
267000	75	217	2849	9285	38	26	34534	304
268000	90	238	3056	8976	0	0	33159	2
269000	93	239	2974	8981	86	67	31883	591
270000	70	267	3118	8767	98	3	33317	271
271000	68	228	3232	8508	143	2	32529	316
272000	74	230	3019	9065	20	27	35022	190
273000	86	237	2907	9011	36	183	33809	577
274000	88	279	3033	8470	17	442	31952	1186
275000	127	275	3210	8150	51	289	29678	1289
276000	81	311	2941	8467	36	579	32413	1483
277000	84	267	2543	9641	37	283	33439	844
278000	59	320	2359	9949	64	119	34311	545
279000	83	296	2336	9774	55	274	32940	716
280000	80	247	2617	9423	50	227	34316	722
281000	74	247	2533	9457	19	304	33501	856
282000	91	247	2964	8857	8	226	32187	560
283000	110	269	3272	8347	29	197	32595	620
284000	71	192	3127	8685	10	258	33627	752
285000	72	277	3051	8559	1	298	33368	712
286000	119	166	4226	6540	69	261	31445	970
287000	95	217	4248	6582	168	150	30135	808
288000	117	207	4293	6631	164	35	29954	605
289000	111	247	4215	6578	108	184	30283	866
290000	178	206	4236	6508	15	254	29853	721
291000	100	268	4298	6225	29	330	29233	952
292000	187	207	4472	5903	154	409	28198	1567
293000	101	215	4349	6408	13	277	29857	1015
294000	149	210	4296	6345	35	343	29543	1208
295000	101	212	4254	6453	4	277	29206	749
296000	197	241	4446	6262	0	39	29855	166
297000	136	247	4350	6489	0	0	30131	1
298000	138	195	3998	7318	73	3	30767	334
299000	163	236	3998	7207	0	0	30959	1
300000	141	162	4033	7147	147	10	31027	368
301000	123	239	4211	6845	62	0	30294	120
302000	124	218	4753	5656	0	0	29200	16
303000	170	163	4979	4994	81	9	28088	181
304000	126	224	4478	6379	27	93	29340	324
305000	112	280	3696	7779	0	31	32163	99
306000	126	207	3758	7699	81	2	30761	133
307000	141	242	3271	8202	178	39	31473	508
308000	113	264	2967	8817	106	78	31953	596
309000	105	210	2951	8910	203	5	32820	342
310000	87	266	2711	9432	102	11	34008	534
311000	54	370	2324	10081	87	17	33489	313
312000	134	268	2236	10161	74	29	34021	406
313000	61	255	2470	9859	0	120	34444	387
314000	59	274	2313	10208	58	19	35498	108
315000	61	295	2189	10318	31	45	36173	281
316000	70	294	2049	10544	0	81	34923	259
317000	47	313	2081	10391	12	190	34936	447
318000	75	284	1621	11010	66	252	34559	826
319000	37	304	1786	10735	63	310	35219	1081
320000	40	308	1672	10849	56	319	36135	1160
321000	43	331	1909	10510	40	370	33292	946
322000	53	268	1900	10376	56	447	33955	1384
323000	39	251	2055	10461	93	189	34094	812
324000	69	295	2407	9879	65	129	34081	620
325000	95	246	2314	10144	91	4	34422	248
326000	82	259	2609	9706	17	0	35426	104
327000	71	274	3027	9006	58	3	32365	268
328000	86	263	2850	9317	54	0	33100	183
329000	92	306	2840	9273	8	0	34313	20
330000	126	291	2816	9181	40	8	33598	49
331000	111	229	3322	8204	134	85	32230	533
332000	85	281	2847	9157	167	0	32109	535
333000	103	282	2849	9174	66	3	33588	175
334000	80	301	2839	9188	67	7	35307	225
335000	55	268	2219	10386	0	0	35800	4
336000	43	304	2084	10607	3	9	34062	65
337000	44	277	1870	10905	86	4	34724	226
338000	43	345	1680	11098	68	27	34047	279
339000	73	264	1843	11017	3	0	36081	49
340000	34	325	1827	11042	60	19	35853	251
341000	80	306	1986	10625	24	17	34093	109
342000	68	267	2226	10278	56	34	34508	317
343000	82	295	2573	9705	48	28	34357	385
344000	75	221	3010	9050	24	67	33240	269
345000	87	236	2680	9473	38	119	32217	543
346000	96	265	2878	9101	9	95	33250	292
347000	109	244	3090	8688	0	198	33264	605
348000	85	244	3241	8517	34	70	33341	372
349000	131	297	2968	8854	76	77	32581	533
350000	34	287	2789	9290	117	63	32245	550
351000	77	294	2724	9235	133	119	33357	509
352000	82	329	2389	9898	57	87	34176	468
353000	71	217	2321	10266	11	33	34551	103
354000	52	267	2232	10390	0	0	35542	3
355000	25	302	1748	11205	0	0	35294	18
356000	73	334	1905	10779	58	16	35578	125
357000	76	297	2030	10605	35	53	33891	174
358000	89	283	2194	10365	10	92	34430	376
359000	106	303	2436	9815	0	155	31775	340
360000	85	257	2540	9653	16	157	33344	453
361000	64	272	2854	9161	0	143	32696	419
362000	61	256	2693	9553	21	64	33607	229
363000	92	294	2834	9261	8	32	33947	109
364000	85	254	2924	9204	0	0	33550	1
365000	103	257	2947	9137	26	33	34412	121
366000	91	197	3221	8609	135	1	31955	456
367000	88	268	3141	8413	266	78	31386	1050
368000	67	254	3045	8648	321	40	33278	974
369000	86	303	2755	9016	391	98	32917	1050
370000	78	282	3228	8171	351	110	33617	1199
371000	124	251	3038	8600	172	193	31872	1152
372000	75	299	3003	8748	89	270	31743	973
373000	81	226	3045	8581	212	234	33470	1309
374000	87	258	2721	9300	88	146	33747	577
375000	90	262	2757	9214	70	168	33324	611
376000	56	290	2305	9858	170	214	33879	805
377000	74	271	2019	10609	16	42	35323	182
378000	56	358	2210	10283	11	26	34455	135
379000	84	284	2268	10235	22	47	35080	113
380000	32	281	2128	10462	23	46	33405	257
381000	36	292	1816	11069	13	0	36316	40
382000	36	335	1777	10935	23	51	35860	91
383000	40	285	1718	10991	41	121	36075	442
384000	59	315	1577	11174	2	143	35719	346
385000	45	305	1719	11123	0	78	36096	242
386000	53	276	1827	11012	14	36	35885	159
387000	52	288	1902	10844	13	0	36074	42
388000	52	293	1901	10819	57	0	34332	192
389000	53	314	2239	10324	18	4	35276	78
390000	40	312	2296	10150	99	7	36767	218
391000	71	235	2747	9518	18	7	34186	99
392000	99	257	2879	9195	17	5	33235	58
393000	108	265	2752	9370	0	10	33958	53
394000	86	240	2698	9473	111	5	33151	444
395000	64	295	2645	9496	49	24	34289	224
396000	85	248	3020	8876	43	0	33957	119
397000	55	251	2463	10009	63	0	34608	151
398000	60	266	2468	9981	17	0	34725	57
399000	61	308	2353	10011	62	1	34381	159
400000	57	299	2152	10419	1	0	35006	36
401000	51	251	2137	10384	145	32	33894	543
402000	59	249	2220	10242	162	4	35243	539
403000	84	240	2860	9093	60	54	34597	326
404000	81	269	2874	9266	81	0	33925	326
405000	63	238	2871	9304	0	0	33913	47
406000	78	235	2830	9356	5	0	34241	6
407000	64	280	2714	9425	52	27	33843	363
408000	77	220	2932	9129	45	38	33744	269
409000	59	241	2783	9442	0	55	32396	172
410000	130	262	3149	8672	18	10	33468	136
411000	102	240	3032	9005	0	26	34998	57
412000	79	307	3133	8781	0	23	31680	54
413000	85	257	2821	9255	45	4	33037	88
414000	65	271	2876	9183	44	0	33685	191
415000	54	338	2600	9611	80	30	33046	219
416000	96	299	2608	9653	25	32	33868	213
417000	58	237	2211	10460	0	1	36470	0
418000	75	273	2257	10150	64	10	34574	193
419000	94	243	2298	10180	57	17	34741	246
420000	46	214	2250	10405	15	0	33275	42
421000	53	259	2251	10274	68	0	34834	164
422000	54	321	2383	10041	36	45	34012	286
423000	50	295	2444	9866	78	67	34078	416
424000	64	277	2709	9407	65	68	34002	377
425000	91	279	2214	10113	117	40	33077	616
426000	47	286	2120	10553	1	30	34562	84
427000	32	342	2155	10409	58	4	34599	163
428000	34	235	2142	10583	6	3	35762	28
429000	68	303	2236	10252	55	36	33384	289
430000	58	263	2080	10666	0	6	35470	10
431000	46	347	1969	10746	0	5	36371	38
432000	54	319	2074	10546	45	36	34616	308
433000	42	235	2517	9807	73	69	36128	419
434000	73	296	2338	10013	8	168	33792	357
435000	65	346	1901	10568	86	186	33453	680
436000	42	316	1905	10806	57	62	35942	272
437000	38	259	1606	11308	84	21	36757	472
438000	75	343	1793	10914	0	60	34738	163
439000	43	293	1753	11123	0	44	36076	173
440000	62	297	2088	10609	0	5	34330	20
441000	42	292	2285	10119	148	13	34282	445
442000	40	245	2029	10534	234	17	34430	538
443000	50	254	2112	10288	266	28	35402	816
444000	49	317	1893	10567	295	40	34459	998
445000	54	252	2094	10194	300	94	34594	1407
446000	66	355	1807	10571	188	219	34077	1434
447000	55	303	2000	10393	139	204	34374	938
448000	48	319	1997	10335	189	260	33377	1000
449000	57	312	2019	10071	298	288	32627	1790
450000	52	275	1737	10590	105	443	35238	1342
451000	35	323	1730	10673	90	443	34658	1759
452000	34	285	1610	10809	106	457	35475	1727
453000	52	280	2146	10074	81	364	34668	1059
454000	46	303	2048	10174	174	340	34011	1220
455000	63	236	2125	10167	252	306	34591	1227
456000	61	266	2065	9947	282	435	32540	1935
457000	73	258	2483	9342	237	378	32573	1890
458000	78	248	2785	8506	382	457	31908	2296
459000	104	315	2402	9386	287	307	31522	1810
460000	73	321	2480	9536	144	269	33158	943
461000	83	344	2612	9315	100	208	32265	676
462000	82	203	2853	9409	0	1	33936	63
463000	75	292	2875	9253	16	7	33682	49
464000	100	267	2772	9282	25	0	32739	82
465000	84	232	2797	9369	37	0	34208	117
466000	84	227	3143	8820	81	0	32252	116
467000	84	248	3011	9039	61	0	33490	264
468000	92	227	3117	8899	0	39	32647	152
469000	97	267	2672	9455	0	69	33642	224
470000	73	288	2368	10033	5	51	34252	226
471000	106	240	2976	9083	0	0	33859	24
472000	101	260	3050	8901	60	0	33846	203
473000	108	268	3417	8181	43	31	31013	210
474000	133	282	3233	8519	0	0	33386	5
475000	106	226	3202	8726	0	0	34067	1
476000	96	216	3095	8861	39	23	34413	195
477000	101	213	3059	8949	13	7	33235	29
478000	120	319	3625	7767	61	0	32180	222
479000	105	253	2949	9023	0	0	34043	4
480000	57	293	3194	8627	104	46	34478	475
481000	61	275	3046	8760	187	45	32287	551
482000	92	263	2994	8814	225	50	32932	913
483000	66	238	2546	9533	294	52	33800	837
484000	93	320	2463	9347	443	67	32044	1267
485000	94	253	2534	8990	733	110	32778	2040
486000	122	285	2790	8418	822	78	31561	2506
487000	106	206	2653	8613	954	198	31532	2830
488000	95	244	2817	8293	801	244	32436	3195
489000	169	214	3069	7626	825	453	31631	3658
490000	153	179	3353	7032	805	600	28324	3771
491000	88	196	3037	7368	927	719	28588	4041
492000	133	185	2958	7430	1111	676	29139	4889
493000	135	249	3018	7100	1229	710	27230	5236
494000	90	338	2912	6980	1142	1009	27578	5811
495000	141	195	2732	7401	1346	713	27279	5308
496000	96	203	2633	7995	1164	560	29259	4485
497000	86	249	2639	8046	774	838	28526	4325
498000	113	249	2574	7555	1130	1025	27830	6704
499000	86	220	2345	7817	1070	1333	27689	6499
500000	83	239	2714	7606	888	1074	28550	5963
501000	71	273	2644	7639	910	1146	27868	6179
502000	145	273	2582	7247	1411	893	26916	6285
503000	88	204	2394	7571	1387	1138	27237	6560
504000	71	229	2361	8070	1209	863	27903	5617
505000	74	245	2589	7680	1189	972	27906	6069
506000	75	253	2413	7681	1261	1094	27643	6682
507000	93	218	2202	7764	1379	1280	26644	7253
508000	125	222	2551	7157	1316	1334	27738	6425
509000	164	191	2871	7022	1109	1070	28193	6099
510000	95	302	2570	6959	1556	1161	27444	7716
511000	135	240	3141	6274	1583	1038	26295	6481
512000	121	202	3466	6324	1061	911	27620	5555
513000	156	208	3510	6558	991	616	26368	3975
514000	98	169	3701	6369	686	841	28978	4386
515000	144	301	3593	6235	445	1211	27504	4841
516000	126	236	3132	6987	608	1214	29440	4433
517000	133	238	2852	7319	699	1299	26776	5429
518000	120	224	2994	6840	848	1316	29112	5867
519000	105	222	2807	7417	927	993	28265	5640
520000	96	261	2808	7094	1094	1178	27852	6551
521000	90	270	3003	7100	931	1038	27558	5747
522000	77	229	3090	7037	626	1377	27210	6230
523000	114	228	3306	6595	685	1225	28395	5315
524000	91	191	3128	6644	730	1394	27949	5870
525000	115	287	2929	6712	510	1881	26643	7010
526000	75	301	2686	7630	751	1181	28855	5878
527000	103	277	2761	7925	673	878	30040	4355
528000	109	234	2751	8549	612	396	31160	3397
529000	124	224	3052	8039	498	362	31702	2693
530000	121	245	3041	8133	532	212	31874	1740
531000	95	237	3489	7424	523	177	30018	2154
532000	110	227	3269	7862	523	123	30592	2054
533000	109	190	3103	8225	547	163	31844	1916
534000	80	220	3003	8277	504	361	32975	2387
535000	106	245	3058	8195	499	202	31221	1883
536000	108	248	3223	7968	473	233	30493	2228
537000	143	279	3310	7706	304	288	30342	1527
538000	103	255	2916	8458	453	206	31552	1990
539000	76	193	2936	8602	132	504	32178	1952
540000	60	270	3078	8239	267	429	31067	2007
541000	91	270	3145	8132	267	425	30991	1865
542000	104	177	3248	7672	391	582	31121	2895
543000	129	231	3204	7676	360	556	31209	2308
544000	94	261	2927	8619	190	331	30615	1514
545000	106	210	3233	8192	237	272	31212	1840
546000	78	258	2676	8868	482	321	32212	1736
547000	82	264	2572	9156	357	245	31620	1940
548000	75	264	2297	9754	298	219	33254	1299
549000	100	262	2742	8826	263	319	30761	2010
550000	66	327	2633	9123	293	159	32754	1488
551000	93	284	2999	8435	241	473	32091	2113
552000	122	216	3240	8071	201	316	31308	1710
553000	122	248	3443	7770	167	369	32217	1528
554000	123	222	3289	7998	180	429	31160	1455
555000	111	210	3056	8366	145	449	30840	1583
556000	118	246	3415	7884	92	408	30620	1396
557000	92	276	2798	8811	299	302	32889	1411
558000	81	222	2792	8945	184	257	34137	1365
559000	103	357	2891	8685	279	189	32697	1411
560000	92	173	3045	8663	289	115	33052	1253
561000	115	177	2955	8806	169	159	33772	1069
562000	76	266	2721	9102	152	357	30821	1349
563000	116	311	2964	8547	213	209	32311	922
564000	96	227	3921	6858	444	138	29854	1641
565000	106	188	3954	7058	349	28	31385	1056
566000	144	245	3655	7441	285	57	30984	984
567000	112	282	2915	8738	224	199	33038	1134
568000	90	243	3171	8209	182	335	31265	1376
569000	116	305	3579	7408	148	392	30855	1545
570000	121	177	4093	6604	87	460	29830	1426
571000	200	230	4656	5510	90	160	28078	856
572000	138	248	4349	6251	250	52	29806	733
573000	152	142	4027	7082	136	28	30019	557
574000	159	182	3993	7125	120	52	30029	383
575000	90	218	3930	7272	58	99	30894	381
576000	124	172	3834	7356	85	108	30228	582
577000	121	253	3369	8346	118	2	31567	424
578000	119	244	4016	7016	126	44	29468	465
579000	186	240	4163	6808	126	21	29990	328
580000	122	176	4397	6620	8	0	32151	22
581000	158	225	3991	7130	12	0	30877	135
582000	119	213	4236	6927	0	0	31155	1
583000	131	282	3873	7425	70	0	30578	131
584000	147	217	4196	6644	225	14	30160	581
585000	127	216	3915	7314	54	0	31692	119
586000	123	179	4597	6089	156	0	30460	388
587000	231	182	4424	6123	75	22	31338	306
588000	132	189	4105	6978	151	9	30856	517
589000	194	241	4317	6441	179	13	29921	581
590000	165	201	4906	5319	276	14	28069	881
591000	210	202	4622	5694	234	14	27554	711
592000	107	189	3958	7115	215	31	30261	766
593000	126	192	3842	7357	188	23	32072	797
594000	135	190	3708	7602	185	16	29707	598
595000	126	293	3579	7766	169	7	30847	501
596000	139	192	3245	8576	54	0	31408	188
597000	99	250	3180	8610	108	8	31755	173
598000	71	315	2699	9471	49	8	33744	173
599000	80	309	2558	9761	33	7	33759	205
600000	64	298	2710	9488	126	0	32527	301
601000	71	227	2989	8963	50	63	34236	349
602000	68	258	2694	9500	0	33	33568	135
603000	75	281	3238	8573	0	10	32735	47
604000	113	215	3491	8218	0	10	31869	24
605000	118	292	3191	8651	9	8	32592	47
606000	61	214	2711	9647	0	59	33881	111
607000	94	294	2955	9035	0	13	32907	66
608000	61	335	3053	8890	38	6	33996	135
609000	80	270	3041	8976	30	8	33800	60
610000	80	233	2653	9586	64	13	35112	274
611000	83	286	2470	9849	130	0	32731	172
612000	63	266	2667	9524	132	14	33414	596
613000	60	315	2274	9950	59	167	33636	479
614000	69	326	1844	10832	5	37	35407	136
615000	60	333	1572	11316	3	53	34970	207
616000	43	249	1898	10923	0	36	36636	118
617000	60	286	2006	10748	0	0	34803	1
618000	41	270	1763	11098	70	21	35453	386
619000	49	232	1903	10955	0	0	35943	2
620000	61	275	1904	10779	109	3	35756	423
621000	61	301	1957	10737	38	44	34669	454
622000	81	281	2269	10017	35	183	34082	718
623000	99	234	2929	8816	9	327	33748	827
624000	83	257	2604	9709	3	104	33891	499
625000	87	273	2539	9710	0	68	35499	111
626000	98	233	2822	9360	0	17	33844	145
627000	105	375	3132	8610	66	5	32878	234
628000	86	252	2832	9267	46	8	34579	275
629000	92	183	3160	8794	34	24	33531	224
630000	108	360	2557	9675	10	20	33708	134
631000	80	292	2314	10170	19	34	35070	162
632000	59	250	2346	10172	0	72	34123	101
633000	105	276	2781	9405	0	17	34384	54
634000	101	319	2792	9231	87	15	33900	293
635000	73	250	2829	9262	88	7	33584	333
636000	82	293	2664	9462	42	13	33691	206
637000	124	226	3491	8087	108	95	31205	512
638000	83	258	3905	7435	51	41	31122	404
639000	143	232	3996	7011	155	31	31471	484
640000	113	170	4141	6971	113	56	29770	475
641000	150	185	3970	7174	79	35	32582	425
642000	136	249	4351	6368	96	38	29482	413
643000	130	235	3964	7220	54	0	30949	270
644000	132	198	4311	6706	0	0	30522	1
645000	96	283	3764	7524	46	27	31027	203
646000	91	175	3996	7314	0	96	30926	220
647000	92	198	3594	8062	0	62	32934	177
648000	159	145	4046	7119	34	19	31169	66
649000	154	218	3953	7323	85	0	30550	198
650000	105	186	3311	8507	45	0	32397	154
651000	103	249	3209	8692	0	0	33218	2
652000	122	171	3572	8053	52	6	32221	134
653000	69	277	3680	7836	127	20	32267	284
654000	76	248	3063	9028	0	0	32065	2
655000	87	283	2750	9386	32	50	32273	84
656000	66	224	2751	9473	7	50	34205	235
657000	84	271	2633	9569	109	0	33274	237
658000	95	203	2828	9208	230	12	32057	631
659000	96	260	2585	9292	236	134	33456	986
660000	65	336	2556	9333	305	110	33206	1068
661000	66	309	2648	9361	206	84	32664	716
662000	78	248	2310	9644	382	229	33569	1660
663000	76	320	2515	9329	167	386	32615	1659
664000	82	295	2373	9771	188	123	32058	921
665000	55	262	2217	10035	61	312	34072	866
666000	54	334	2143	10150	0	298	33605	626
667000	71	304	2077	10165	23	326	36593	1049
668000	47	253	2232	10110	5	315	34521	782
669000	78	280	2140	10206	20	251	33580	978
670000	36	308	2109	10404	52	137	35730	768
671000	88	265	2402	9911	40	117	34093	423
672000	45	286	2563	9690	84	108	35798	354
673000	78	235	2523	9699	40	165	34409	647
674000	45	338	1989	10739	0	35	36111	131
675000	57	283	2280	10121	116	14	34930	309
676000	79	330	2185	10226	76	44	35055	350
677000	63	252	2041	10570	99	28	34641	517
678000	49	298	2078	10513	59	45	36359	307
679000	59	309	1899	10830	62	0	34496	288
680000	56	265	2402	10027	60	15	33297	231
681000	73	227	2906	9202	97	2	34123	246
682000	48	308	2826	9274	59	114	33809	591
683000	88	279	2634	9428	163	60	33961	526
684000	89	275	3189	8474	156	31	31885	777
685000	150	250	3243	8392	137	12	31483	488
686000	46	297	2892	9080	29	68	33262	211
687000	101	241	2829	9192	29	0	32715	93
688000	89	284	2757	9487	0	0	33885	4
689000	86	262	2703	9490	49	0	33456	87
690000	78	236	2312	10052	87	81	33759	482
691000	66	303	2611	9426	206	100	33412	866
692000	81	271	2636	9399	81	187	34600	577
693000	68	255	2704	9113	83	293	32852	1068
694000	78	271	2402	9563	123	388	31854	1544
695000	99	282	2550	9319	27	451	32615	1275
696000	58	288	2312	9679	32	538	32833	1710
697000	51	308	2288	9489	87	666	33764	1721
698000	40	286	1582	10657	149	691	33517	2343
699000	62	253	1818	10368	161	580	33555	2039
700000	38	225	2079	10128	62	458	34654	1360
701000	34	263	1767	10586	178	426	32760	1391
702000	32	326	1699	10565	109	483	34276	1828
703000	49	280	1473	10965	241	375	35708	1583
704000	64	298	1645	10880	120	329	34842	1170
705000	74	267	2208	9824	210	302	33551	1657
706000	52	293	1979	10326	157	328	34680	1129
707000	42	302	1951	10321	169	306	34376	1145
708000	41	335	1718	11031	79	141	35139	877
709000	37	341	1460	11318	159	69	35168	409
710000	49	271	1586	11168	218	58	35637	804
711000	57	356	1688	10978	131	101	34381	637
712000	63	293	2016	10612	5	79	34952	341
713000	39	316	1967	10710	1	92	34235	158
714000	52	307	1778	10980	10	118	35355	359
715000	73	320	1773	10763	77	230	34029	801
716000	53	274	2289	10120	54	145	34903	679
717000	63	284	2514	9559	96	123	34783	539
718000	77	305	3047	8829	64	123	33776	453
719000	111	282	3153	8533	142	144	31649	758
720000	75	240	3198	8551	206	9	33114	558
721000	112	253	3454	8082	46	42	31138	446
722000	106	248	3555	8100	115	8	31892	219
723000	106	337	3019	8946	10	0	32834	67
724000	117	301	2965	8989	29	0	32538	9
725000	84	252	2972	8892	85	0	32320	302
726000	91	293	3302	8433	2	5	33018	9
727000	124	217	3364	8374	88	1	33980	139
728000	82	256	2568	9656	119	65	34846	446
729000	45	285	2483	9843	33	191	33420	542
730000	41	327	1995	10380	22	354	35405	982
731000	44	248	1891	10564	12	391	34448	1173
732000	62	303	2011	10242	23	382	32978	1022
733000	31	257	1604	11152	0	254	34790	787
734000	47	335	1915	10489	53	273	34384	930
735000	46	279	2084	10385	77	247	34500	1005
736000	59	357	2237	10059	33	177	34665	580
737000	78	214	2359	9902	60	269	32156	846
738000	84	297	2515	9532	46	264	33563	994
739000	61	231	2668	9472	17	204	34343	632
740000	92	253	3059	8821	46	71	32901	287
741000	79	266	2397	9633	65	297	34161	1025
742000	143	290	2915	8591	75	324	34078	1032
743000	84	298	2684	9011	181	374	32747	1333
744000	106	222	2833	8908	147	289	32518	1338
745000	88	207	3286	7862	260	460	30461	1735
746000	104	222	3548	7185	387	503	29581	2767
747000	101	289	3069	7805	373	580	30454	2977
748000	66	326	2738	8440	369	634	31543	2863
749000	75	189	2802	8124	440	804	30822	2875
750000	111	229	2963	7463	681	948	29107	4307
751000	104	208	2570	7768	1067	933	28367	5228
752000	97	231	2462	8302	966	758	30005	5127
753000	95	262	2460	8248	800	900	31093	4175
754000	118	255	2699	7779	757	998	28636	4755
755000	102	227	2824	7654	787	931	27917	4418
756000	85	259	2666	8146	740	838	30590	4095
757000	115	251	2478	8319	759	871	29623	4258
758000	109	218	2683	8269	754	596	29597	3922
759000	94	275	2624	8274	786	584	29207	4105
760000	80	234	2312	8755	676	831	30380	4420
761000	101	292	2290	8481	758	903	29722	4329
762000	100	282	2376	8450	649	984	29248	4552
763000	75	277	2420	8423	479	1127	31177	4723
764000	66	300	2397	8005	545	1447	28263	5696
765000	76	300	2351	8183	537	1392	29328	5456
766000	84	257	2646	7649	595	1504	28925	6016
767000	112	277	2010	8655	439	1443	30211	5325
768000	80	298	2170	8586	431	1425	29118	4875
769000	82	218	2268	8169	667	1427	29508	5582
770000	75	279	2379	8029	707	1369	28676	5257
771000	54	260	2323	8022	656	1627	30067	6607
772000	71	294	2089	8123	904	1509	28018	7344
773000	88	201	2551	7741	1079	1050	29289	5720
774000	116	180	2567	7475	1044	1240	27309	7298
775000	111	276	2493	7311	1183	1368	27517	7461
776000	88	280	2144	7600	1353	1460	26440	7802
777000	121	208	2260	7687	1561	1001	27868	7684
778000	95	231	2746	6625	1455	1403	25293	7625
779000	176	195	2954	6208	1418	1525	25854	8093
780000	114	188	3133	6332	1338	1135	24829	6650
781000	146	218	2515	6839	1565	1363	26479	7374
782000	130	187	3054	5897	1538	1482	25825	7607
783000	129	219	3445	5486	1737	1158	23965	8287
784000	103	215	3204	5870	1572	1257	25394	8220
785000	118	248	3175	5650	1978	1125	23984	8262
786000	158	214	3361	4928	2315	1139	23444	9349
787000	185	176	3093	4785	2888	1086	22086	10618
788000	183	134	2938	5339	2712	1012	21729	9412
789000	183	216	2590	5700	2660	1240	23555	10540
790000	179	163	3197	5576	1878	1159	24953	8365
791000	181	196	3252	5121	1581	1675	24443	9052
792000	145	200	3015	5442	1680	1807	24398	8864
793000	168	195	3600	4880	1558	1594	22924	8398
794000	125	189	3704	4870	1487	1384	23444	8376
795000	158	181	4196	4246	1441	1233	22574	7453
796000	91	224	3177	6233	1284	1338	25464	7058
797000	180	184	3866	6220	692	531	27291	3751
798000	125	165	3996	6123	588	574	26695	3139
799000	225	206	4045	5647	576	681	26707	3627
800000	178	240	4047	5912	524	608	27677	2727
801000	158	213	3355	7240	401	688	28522	3531
802000	98	231	2981	8238	473	364	30630	2230
803000	80	247	3129	8301	302	189	32091	1227
804000	78	263	2835	8987	176	77	33608	979
805000	63	233	2681	9275	198	200	33303	1204
806000	101	320	2553	9295	273	124	33248	1206
807000	66	241	2459	9654	180	160	33679	904
808000	63	304	2172	10160	83	101	34417	556
809000	70	242	2798	9195	84	112	33313	686
810000	84	200	2885	9057	131	93	32243	634
811000	91	287	3151	8560	8	62	32100	342
812000	113	230	2982	8928	26	119	32975	199
813000	98	260	3290	8206	17	260	33280	956
814000	103	302	3689	7580	11	217	31314	602
815000	132	238	3706	7691	19	29	31062	94
816000	135	213	3701	7686	28	77	31192	354
817000	99	283	3456	8166	19	31	33353	240
818000	67	207	3515	8116	100	20	31400	263
819000	98	302	3362	8093	144	95	31328	592
820000	88	257	3386	8197	55	23	32122	155
821000	86	355	3131	8785	26	27	32299	208
822000	88	257	2819	9352	22	64	33987	155
823000	60	254	2751	9544	0	0	32909	1
824000	89	222	2623	9341	326	20	34359	1007
825000	53	252	2384	9977	82	47	34099	417
826000	64	355	2320	10070	49	11	34426	280
827000	74	240	2625	9586	88	0	33319	216
828000	70	296	2619	9622	82	16	33202	364
829000	90	244	2228	10322	27	46	34217	81
830000	88	235	3069	8909	0	17	33851	61
831000	118	260	2942	9019	87	0	33410	362
832000	94	205	2902	9163	21	32	33360	185
833000	72	257	2362	10018	67	0	33216	330
834000	89	297	2640	9570	18	30	34715	96
835000	48	315	2284	10164	13	12	34890	46
836000	61	294	2321	10175	37	1	33479	60
837000	69	284	2784	9499	0	0	32874	15
838000	80	301	2765	9066	326	31	33101	819
839000	91	258	2722	9149	312	64	32606	1103
840000	50	273	2528	9672	231	25	33983	860
841000	103	295	3174	8263	185	151	32622	697
842000	97	214	3637	7757	29	64	32592	309
843000	84	236	3359	8404	0	52	32970	143
844000	91	246	3680	7787	0	25	33832	101
845000	81	255	3185	8513	0	91	33032	288
846000	99	205	3109	8854	21	41	33377	116
847000	93	259	3415	8195	13	94	32856	420
848000	128	251	3763	7682	0	18	30877	80
849000	148	209	4069	6923	49	0	31038	191
850000	156	224	3954	7204	106	0	31022	303
851000	127	255	3973	7181	67	0	31281	166
852000	93	226	4147	6943	61	7	31722	138
853000	114	276	3829	7465	10	0	31605	48
854000	152	288	3803	7334	191	18	29706	404
855000	112	246	4174	6856	59	38	30617	151
856000	99	289	3463	8142	55	3	32167	137
857000	136	251	3300	8346	126	36	31761	303
858000	93	225	3121	8718	116	64	32425	622
859000	108	198	3040	8855	116	44	33741	443
860000	91	279	3176	8612	78	13	33222	312
861000	93	262	3156	8698	63	22	31817	159
862000	78	308	2823	9308	0	0	35004	20
863000	86	348	2907	9035	58	37	33635	259
864000	102	251	3133	8766	23	64	33018	141
865000	58	263	3203	8771	0	46	33877	89
866000	52	241	2697	9608	0	56	33323	106
867000	71	257	2450	10037	0	0	33695	1
868000	109	226	2764	9277	82	10	33505	251
869000	89	244	2861	9226	63	0	33898	95
870000	34	314	2575	9690	83	12	34814	272
871000	125	299	2963	8956	81	57	33062	322
872000	82	295	2718	9292	51	62	34301	421
873000	62	266	2516	9835	60	3	34976	294
874000	75	329	2721	9503	21	32	34008	194
875000	76	276	2784	9397	18	13	34337	104
876000	71	222	2628	9646	18	18	34440	116
877000	79	278	3059	9041	0	26	34152	111
878000	87	217	3380	8383	0	0	32538	1
879000	91	237	2913	9188	15	6	35267	73
880000	90	277	2499	9736	122	0	34984	167
881000	51	256	2418	10036	22	5	35620	128
882000	85	250	2783	9393	0	0	33270	1
883000	91	207	2834	9403	52	0	33870	119
884000	100	242	3525	8286	0	0	32845	1
885000	89	292	3040	8900	90	0	33199	156
886000	93	265	3429	8203	76	5	33099	207
887000	140	276	3639	7847	67	0	31470	49
888000	99	238	3436	8223	91	9	30792	302
889000	147	226	3194	8297	283	0	32699	551
890000	70	278	3423	8142	187	15	32052	724
891000	123	292	3318	8071	248	81	32051	774
892000	136	237	3515	7857	142	127	31113	1046
893000	85	261	3356	8084	136	198	31903	1089
894000	68	232	2829	9320	6	103	32830	377
895000	84	307	2755	9116	0	288	32954	980
896000	110	256	2886	8902	95	190	31618	840
897000	72	248	2568	9406	216	185	32917	980
898000	115	226	2712	9264	55	217	33110	835
899000	81	256	2969	8478	189	427	31964	1690
900000	73	330	3005	8808	183	65	31519	705
901000	107	335	3007	8675	123	194	32317	744
902000	105	276	3289	8432	147	70	32557	534
903000	110	250	2908	8830	328	40	33011	894
904000	127	273	3392	7956	204	166	31959	908
905000	111	192	3454	7715	348	168	31674	1299
906000	114	238	3646	7260	491	158	30610	1692
907000	110	240	3889	6984	260	234	30488	1597
908000	112	246	3657	7219	282	381	29616	1976
909000	118	251	3200	7501	676	506	27594	3744
910000	124	220	3355	7592	469	367	28663	2651
911000	131	221	3346	7814	252	338	31250	1622
912000	86	247	3255	7904	442	282	30960	2221
913000	147	217	3335	7945	191	341	30975	1638
914000	126	257	3698	7378	236	211	30902	1108
915000	136	254	3437	7567	292	248	29568	1735
916000	110	189	3531	7484	347	368	30379	2171
917000	144	264	3183	7860	311	427	29831	2020
918000	114	246	3200	7738	404	540	30745	2602
919000	84	282	3548	7601	65	441	30938	1505
920000	98	264	3955	6823	70	517	30151	1576
921000	126	225	3784	6988	5	523	29905	1356
922000	105	257	3888	7010	46	327	29914	1276
923000	117	224	3564	7444	13	600	30540	1811
924000	102	197	3304	7326	99	1171	29930	3310
925000	109	254	3278	7148	159	1237	29550	4110
926000	72	261	3243	7494	177	1033	29991	3582
927000	111	290	3194	7895	143	674	29945	2412
928000	143	225	3729	7156	163	442	29320	1690
929000	159	231	4083	6474	212	424	29045	1687
930000	135	207	3928	6803	9	440	29246	1292
931000	106	241	4095	6649	58	370	30809	1029
932000	121	258	3870	7090	130	283	30388	1060
933000	164	221	4042	6823	93	187	29924	558
934000	149	290	3904	7207	10	109	31503	240
935000	133	282	3888	7334	0	20	31651	25
936000	84	177	3727	7879	0	0	33276	8
937000	111	220	4020	7153	100	4	30983	366
938000	128	224	3177	8547	89	33	33003	403
939000	72	215	3285	8373	149	62	32233	519
940000	113	260	3254	8436	55	57	32468	298
941000	91	257	3002	8710	122	312	32615	983
942000	50	298	2608	9308	102	285	32992	1118
943000	106	251	2797	9268	24	93	34057	515
944000	89	285	2638	9418	1	246	33070	558
945000	110	307	2429	9538	33	358	34337	967
946000	99	247	2716	9268	17	164	34174	625
947000	73	242	2892	9226	0	113	31886	434
948000	92	261	2913	9023	0	186	33831	462
949000	98	286	3173	8605	1	94	32858	461
950000	114	266	3038	8885	0	73	32814	202
951000	80	269	2608	9545	0	119	33975	174
952000	107	262	2716	9384	11	166	32240	665
953000	118	266	3381	8191	14	96	31387	396
954000	91	247	3510	8175	0	0	32751	5
955000	102	205	3307	8591	35	0	32277	69
956000	146	186	3842	7466	95	4	32003	207
957000	133	222	4169	6793	52	0	30367	121
958000	145	249	4575	6009	85	1	28520	177
959000	127	176	4124	6984	62	0	31633	159
960000	107	218	4444	6543	6	0	29912	16
961000	152	227	4083	7013	0	0	31191	31
962000	139	226	3899	7233	159	7	32116	347
963000	133	314	4129	6770	24	0	30257	63
964000	132	193	4116	7122	16	13	31366	100
965000	126	181	4233	6874	0	0	31698	5
966000	144	212	4327	6574	21	69	30858	116
967000	96	262	4001	7130	0	25	30022	63
968000	115	225	3513	7853	0	161	31511	490
969000	111	340	3579	7679	19	215	31575	667
970000	95	211	3298	8267	13	266	31185	908
971000	57	229	3309	8421	166	100	33943	703
972000	125	238	3545	7573	123	317	29795	919
973000	166	281	3315	7642	211	472	31575	1882
974000	86	269	3231	7997	211	461	30529	2070
975000	101	347	3015	8098	381	532	29131	2519
976000	86	297	2716	8522	251	736	31321	2601
977000	82	234	2561	8576	529	691	29244	3418
978000	121	302	2644	8249	422	895	29800	3756
979000	73	178	2526	8785	422	704	31015	3159
980000	82	203	2967	8252	249	740	30951	2328
981000	97	312	2656	8682	399	484	31415	2429
982000	99	257	3081	8406	207	347	32672	1435
983000	81	239	3049	8213	393	391	30704	2451
984000	89	250	3120	7889	232	686	31377	2362
985000	94	261	2751	8009	412	1104	30017	4084
986000	113	193	2904	7961	466	847	30917	3408
987000	105	264	3280	7359	392	798	29080	3272
988000	100	252	3236	7760	274	575	30174	2175
989000	79	202	3223	8203	205	367	30772	2094
990000	103	232	2986	8747	190	181	32390	1166
991000	102	215	3480	8194	124	9	32567	430
992000	128	269	3438	8101	79	0	33147	73
993000	85	301	3452	8236	45	0	32164	133
994000	108	258	3437	8241	64	0	33154	150
995000	110	312	3709	7676	13	0	31781	38
996000	105	207	3326	8415	72	67	32721	362
997000	85	324	2707	9430	38	0	33165	223
998000	69	267	2766	9510	0	0	34350	1
999000	91	266	3162	8742	27	54	33632	413
