0	0	0	0	14400	0	0	0	0
1000	48	1620	477	11713	46	70	36499	421
2000	89	1435	797	11265	37	143	35535	394
3000	78	1435	697	11392	47	150	36661	600
4000	89	1106	847	11476	61	156	36170	562
5000	100	1214	1071	11024	33	149	35149	652
6000	120	1283	1016	11121	45	76	34483	204
7000	94	1305	974	11098	53	137	35116	661
8000	139	1064	1255	10949	49	78	35593	422
9000	139	1080	1115	11188	26	78	35662	320
10000	116	1050	1232	10935	11	102	36861	285
11000	117	1152	1133	11000	10	136	35749	405
12000	142	1041	1346	10690	3	154	35154	336
13000	128	1064	1310	10875	0	83	34687	184
14000	122	1144	1370	10675	2	80	36345	297
15000	100	1106	1441	10721	0	16	34377	41
16000	175	955	1526	10611	28	2	35098	87
17000	141	922	1392	10907	0	25	35667	82
18000	67	955	1418	11033	0	16	37007	7
19000	126	997	1282	11037	0	23	36532	115
20000	140	998	1470	10772	0	0	35926	3
21000	159	930	1462	10694	85	12	36227	299
22000	104	1000	1242	11060	107	23	35112	384
23000	136	914	1402	10862	82	1	36492	244
24000	150	1002	1147	11125	42	39	36706	261
25000	95	1088	1143	11217	3	44	36796	171
26000	99	935	1437	10947	35	8	35471	129
27000	122	841	1508	10803	0	39	34929	164
28000	74	1098	1365	10922	4	33	36651	177
29000	122	1011	1441	10816	0	18	35914	73
30000	121	945	1578	10553	77	2	34789	360
31000	130	788	1864	10277	33	44	34530	244
32000	109	978	1349	10959	72	25	35747	264
33000	192	1012	1201	10942	63	36	35968	263
34000	108	1141	970	11272	69	62	36286	362
35000	59	1289	880	11376	8	114	35331	350
36000	68	1058	1009	11378	9	151	35737	395
37000	115	1248	1335	10617	46	112	34951	418
38000	91	888	1494	10742	22	149	35473	474
39000	136	752	1753	10423	34	153	34969	497
40000	163	803	1701	10513	3	82	35991	188
41000	101	1071	1359	10729	6	120	35370	564
42000	89	853	1633	10659	0	72	36314	219
43000	163	901	1726	10347	0	73	35431	166
44000	105	899	1357	10945	1	107	36519	329
45000	132	1128	1137	11038	17	109	34756	374
46000	166	1039	1147	10856	21	247	34448	804
47000	74	990	1018	11343	9	191	36422	581
48000	133	1168	939	11313	10	119	35903	439
49000	144	1361	1025	10913	11	135	35375	401
50000	133	1209	1104	11038	74	54	35766	240
51000	106	1091	1229	10839	89	165	34475	860
52000	134	1061	1088	11052	162	106	34129	931
53000	121	1047	1031	11086	114	218	33259	828
54000	134	1009	1151	10889	90	252	34807	1142
55000	74	1178	952	11219	25	192	36540	638
56000	113	1070	1023	11152	4	224	35462	602
57000	97	1308	976	11066	0	138	36172	335
58000	79	1223	984	11265	21	125	35547	426
59000	97	1100	965	11434	37	25	36231	121
60000	118	1053	1043	11306	50	52	35807	318
61000	78	1017	1168	11261	65	41	36130	160
62000	95	1047	1126	11175	2	111	36535	283
63000	164	1044	1350	10613	0	188	34579	442
64000	140	1195	1223	10719	0	180	34161	394
65000	165	982	1398	10579	6	204	35127	470
66000	145	1041	1227	10888	0	167	35957	397
67000	120	887	1543	10503	2	248	33477	571
68000	105	1015	1672	10236	1	189	34532	542
69000	91	976	1373	10948	17	37	36077	282
70000	81	978	1271	11019	4	132	35561	246
71000	146	1039	1142	10988	57	104	35269	506
72000	97	1141	1170	10948	85	131	34239	489
73000	99	977	1280	10919	48	159	35649	647
74000	130	882	1605	10506	25	149	34734	562
75000	196	947	1298	10839	61	137	33538	636
76000	217	853	1526	10480	130	106	33232	487
77000	137	905	1899	10046	63	72	34679	512
78000	171	730	1931	10032	23	134	35643	564
79000	172	837	2311	9465	20	51	35143	195
80000	184	685	2111	9893	42	63	34682	220
81000	206	788	2126	9675	40	36	33590	278
82000	162	905	1790	10255	36	15	35515	254
83000	180	826	1799	10147	116	5	35187	295
84000	148	949	1700	10263	86	11	35323	203
85000	173	785	1340	10913	31	81	36135	388
86000	161	718	1572	10605	0	181	36008	411
87000	129	855	1592	10388	1	288	35259	969
88000	123	941	1510	10486	19	207	35417	875
89000	116	934	1129	11121	23	163	35600	616
90000	109	1086	1289	10824	35	147	34723	612
91000	126	1067	1329	10771	8	99	34877	369
92000	160	951	1326	10873	33	101	35197	393
93000	126	931	1427	10899	0	50	35371	193
94000	145	1034	1374	10822	0	33	36543	96
95000	157	1020	1189	11064	0	63	35884	174
96000	86	1028	1316	10994	19	8	35398	95
97000	137	1041	1136	11180	0	5	36923	26
98000	148	987	1244	11033	24	13	36210	167
99000	117	972	1437	10897	0	26	36237	8
100000	132	856	1368	11020	0	31	35570	107
101000	147	1045	1301	10929	0	2	37991	3
102000	93	1041	1328	10962	82	21	36564	199
103000	111	1015	1275	11057	23	59	35812	233
104000	124	1035	1414	10851	0	11	35649	18
105000	148	801	1645	10565	128	23	36361	438
106000	172	966	1324	10579	225	139	33649	1071
107000	134	1008	1442	10402	84	263	34727	997
108000	127	853	1420	10590	43	353	36001	925
109000	186	982	1414	10389	39	345	34170	1006
110000	150	1145	1274	10552	42	273	34584	759
111000	125	928	1441	10595	8	280	36148	874
112000	115	992	1193	10867	34	306	34356	708
113000	98	1235	850	11114	31	378	34169	1230
114000	128	1202	1344	10399	48	327	34866	1020
115000	161	1304	983	10555	129	465	34538	1593
116000	106	1091	1067	10655	275	404	33486	2141
117000	107	1129	1070	10566	233	440	33506	1944
118000	128	1062	1223	10466	283	353	34484	1874
119000	144	946	1248	10575	211	398	33808	1993
120000	90	1081	1095	10539	247	592	34617	2242
121000	106	1014	1295	10437	67	553	33604	2104
122000	139	992	1396	10224	45	574	34765	1611
123000	107	1005	1397	10298	70	504	33685	1898
124000	93	972	1483	10314	87	450	34254	1592
125000	189	822	1608	10063	120	425	33181	1414
126000	142	703	1944	9926	66	249	34482	1045
127000	141	837	2071	9547	52	374	33510	967
128000	195	961	1619	10090	54	309	34652	1263
129000	150	810	1672	10391	88	147	35753	772
130000	185	926	1268	10755	122	170	34572	976
131000	172	1078	1104	10799	104	248	35249	1002
132000	65	976	1708	10308	101	122	35933	604
133000	142	940	1670	10379	37	19	36156	245
134000	103	1028	1307	10950	14	56	36182	100
135000	101	1094	1157	11112	108	0	36412	107
136000	78	1036	1164	11154	75	36	35399	288
137000	121	1105	1016	11275	30	67	35383	360
138000	123	1176	1084	11057	2	140	34294	370
139000	107	1200	880	11407	2	118	35466	243
140000	110	1031	1388	10750	55	54	35682	330
141000	140	912	1503	10742	48	23	35454	215
142000	114	962	1405	10876	30	53	35558	329
143000	107	1167	1208	10954	4	38	35129	152
144000	111	917	1433	10840	0	66	35897	152
145000	132	986	1373	10822	8	75	36567	331
146000	138	1032	1371	10795	9	65	34629	267
147000	120	1051	1520	10636	0	3	36120	6
148000	171	936	1416	10781	0	5	35641	9
149000	117	994	1763	10340	0	0	35715	8
150000	158	905	1396	10818	137	20	36507	276
151000	106	879	1683	10432	181	16	35486	568
152000	134	1148	1555	10357	121	6	33901	630
153000	169	1001	1525	10349	158	68	34602	714
154000	142	831	1674	10363	213	96	34958	831
155000	151	888	1519	10267	277	247	34281	1256
156000	135	850	1431	10632	90	240	35721	1103
157000	90	937	1558	10376	116	209	34597	909
158000	109	1057	1135	10860	95	284	34823	858
159000	95	971	1209	10906	39	271	36800	1020
160000	121	1100	1105	11028	31	196	34542	604
161000	110	1032	1099	11083	25	247	35266	655
162000	102	1032	1045	11122	54	219	35286	744
163000	118	965	1182	10804	63	380	34189	1120
164000	87	1073	1398	10289	96	530	33611	1626
165000	107	942	1216	10799	92	345	33433	1426
166000	138	1020	1238	10866	71	168	34296	786
167000	120	971	1157	10860	146	236	35251	1096
168000	180	990	1430	10377	140	254	33591	1163
169000	141	900	1446	10451	160	243	34363	957
170000	145	1004	1613	10287	143	141	32714	675
171000	177	1058	1325	10730	38	107	35301	588
172000	128	1075	1335	10831	31	55	36605	224
173000	93	1021	1333	10929	19	62	35310	212
174000	112	1077	1178	11088	2	67	35990	273
175000	94	1068	1387	10745	0	148	34737	365
176000	89	1018	1221	11051	0	112	36445	179
177000	83	1032	964	11368	0	249	36083	769
178000	63	1381	752	11392	2	202	35319	744
179000	111	1311	822	11295	0	186	35908	542
180000	146	1282	1060	10980	3	142	34263	260
181000	105	1120	1323	10820	0	82	35786	221
182000	146	1067	1095	11260	0	11	36392	25
183000	130	1001	1156	11248	0	0	34665	3
184000	107	1172	929	11366	62	53	35855	247
185000	87	1173	986	11377	21	40	35332	111
186000	105	1057	1111	11217	0	85	37019	293
187000	123	1155	964	11308	7	110	35792	228
188000	76	1097	1115	11103	48	147	34471	595
189000	143	1004	1328	10843	36	107	35256	399
190000	205	994	1404	10609	11	114	36383	401
191000	163	922	1425	10780	0	46	37086	197
192000	156	958	1417	10826	10	32	34935	113
193000	147	1052	972	11466	21	0	34435	60
194000	123	961	1087	11389	0	39	35688	164
195000	98	1171	1076	11194	0	64	35889	180
196000	81	952	1394	10914	28	33	38236	162
197000	93	1210	1202	10929	21	52	35276	155
198000	122	1045	1409	10708	5	125	35019	353
199000	115	1042	1453	10622	0	65	35218	214
200000	97	870	1828	10380	0	3	35272	10
201000	175	823	1900	10098	75	0	35019	116
202000	115	905	1542	10743	3	41	35224	177
203000	119	860	1441	10902	2	54	35247	153
204000	95	1044	1249	11057	0	55	36377	191
205000	138	1096	1124	11191	3	7	35932	44
206000	177	928	1332	10895	110	2	35233	145
207000	81	1085	1370	10735	149	55	36060	420
208000	94	1199	1153	11013	47	61	33933	428
209000	124	1281	970	11188	0	68	35937	160
210000	93	974	1238	11165	1	29	34555	151
211000	117	997	1265	11089	0	7	36294	6
212000	128	1026	1362	10775	44	31	36329	289
213000	153	874	1496	10648	79	61	35038	427
214000	131	834	1486	10655	87	64	35510	324
215000	140	1019	1459	10566	77	90	35342	546
216000	114	847	1582	10664	69	39	36092	426
217000	124	791	1705	10540	73	26	34849	272
218000	111	848	1980	10040	97	1	34943	236
219000	137	922	1498	10682	38	5	35241	275
220000	145	867	1583	10589	133	48	35167	359
221000	117	1041	1484	10583	58	76	35837	331
222000	166	821	1691	10465	0	51	35989	116
223000	78	1010	1107	11320	0	50	35369	133
224000	94	1053	1112	11211	3	93	35157	281
225000	99	1058	1230	11003	6	127	34722	494
226000	151	1062	1040	11255	17	94	36396	397
227000	93	942	1306	11073	15	81	35594	244
228000	93	858	1440	10885	30	42	36424	149
229000	118	977	1340	10952	3	35	36056	192
230000	139	946	1315	10879	0	89	36215	181
231000	111	1001	1468	10664	4	72	36022	209
232000	147	792	1480	10802	5	69	37241	333
233000	101	996	1050	11400	2	108	36197	380
234000	90	1144	1099	11134	29	94	35585	448
235000	100	1102	1081	11117	89	103	35588	400
236000	117	1011	1109	11211	57	77	37055	342
237000	130	1096	1229	10902	51	55	36836	229
238000	188	881	1629	10395	43	61	35822	297
239000	161	761	1835	10162	85	77	34860	546
240000	173	869	1766	10119	79	132	33818	566
241000	125	925	1634	10273	272	56	34705	921
242000	102	1040	1248	10682	277	149	34458	1396
243000	166	1108	1188	10616	388	100	33904	1557
244000	148	1021	1167	10841	221	172	34425	1315
245000	137	1007	1461	10439	124	232	34142	1313
246000	111	1028	1505	10224	126	289	34236	1561
247000	132	853	1706	9974	134	347	33364	1307
248000	125	964	1522	10363	51	308	35074	979
249000	123	1011	1342	10761	35	167	34958	515
250000	137	1019	1378	10732	36	130	36192	427
251000	164	903	1203	11010	38	150	36738	443
252000	87	1115	1227	10905	110	69	35055	675
253000	73	1026	1441	10703	69	87	36722	766
254000	144	860	1466	10717	29	109	35442	404
255000	149	1015	1413	10635	36	132	36733	361
256000	95	917	1407	11038	0	21	35900	90
257000	94	1089	1210	11117	0	2	35662	4
258000	103	941	1114	11417	3	25	36331	67
259000	90	904	1304	11178	4	4	36401	7
260000	101	877	1479	10779	78	7	35991	237
261000	134	1072	1014	11225	133	93	35402	642
262000	103	975	1167	11151	30	51	36343	261
263000	130	1070	1493	10530	3	69	34336	179
264000	154	791	1640	10609	0	46	34863	197
265000	136	1012	1248	11010	10	30	35442	242
266000	162	865	1470	10782	0	82	35333	318
267000	98	811	1395	11043	0	34	36284	83
268000	105	1024	1320	10957	0	52	36981	77
269000	81	1037	1162	11186	20	101	36074	332
270000	134	947	1299	11056	0	64	35937	103
271000	102	824	1610	10727	0	11	34996	31
272000	121	962	1332	11069	0	9	36745	21
273000	120	1040	1142	11064	154	38	35285	700
274000	106	1026	1140	11137	122	48	36237	419
275000	127	985	1548	10619	40	27	35608	142
276000	124	935	1675	10472	8	20	33795	83
277000	137	753	1817	10336	0	58	33518	202
278000	135	836	1711	10534	9	8	35740	92
279000	122	1039	1497	10647	0	7	34869	4
280000	98	952	1498	10636	193	3	36099	385
281000	137	831	1505	10775	111	18	34933	455
282000	148	868	1527	10615	98	20	35473	380
283000	148	1031	1467	10683	75	20	33836	246
284000	95	1047	1188	11183	2	9	35504	20
285000	84	1005	1238	11149	21	0	36165	48
286000	160	873	1461	10871	20	0	35340	167
287000	189	838	1625	10624	22	1	36008	134
288000	143	866	1572	10590	126	14	34986	389
289000	164	865	1411	10725	147	80	35386	869
290000	172	808	1447	10566	203	117	33400	698
291000	177	862	1781	9921	239	230	33626	1147
292000	175	891	1728	9970	130	244	34768	923
293000	114	909	1513	10488	34	331	33399	1202
294000	182	961	1639	10148	19	247	35620	767
295000	97	1070	1616	10103	20	355	32734	1006
296000	183	897	1573	10352	0	252	36013	907
297000	182	910	1566	10356	15	217	34627	589
298000	91	775	1516	10565	13	399	34100	1223
299000	213	980	1259	10544	53	402	33932	1440
300000	176	1040	1368	10524	32	305	34059	958
301000	94	975	1455	10461	55	333	35160	942
302000	115	956	1242	10925	57	226	35431	766
303000	75	1078	1232	10712	42	357	33345	1482
304000	110	1180	1190	10691	67	316	34115	939
305000	132	1207	1278	10197	82	556	34272	1684
306000	106	1069	1248	10392	59	635	34507	2003
307000	118	1003	1153	10436	91	698	34164	1975
308000	111	1088	1163	10325	152	694	33572	2222
309000	118	1161	1234	10064	118	777	33339	2792
310000	145	1012	1544	9799	101	754	33630	2034
311000	151	988	1710	9467	233	729	31754	2573
312000	118	855	1441	9860	116	1004	32685	3597
313000	132	873	1221	10121	155	1045	32519	3535
314000	107	1179	1264	9879	136	928	31026	2596
315000	167	994	1386	9907	170	761	33362	2706
316000	146	904	1479	10105	213	552	34029	1710
317000	137	1113	1138	10284	432	419	34227	2306
318000	149	1011	1254	10419	334	302	35017	2161
319000	114	947	1037	10726	578	230	34378	2256
320000	197	915	1321	10352	557	121	33358	2257
321000	208	916	1468	9952	535	226	33295	1965
322000	191	804	1504	9793	622	434	33803	3617
323000	175	900	1314	10051	678	297	32891	2889
324000	158	931	1310	10005	665	344	33154	2764
325000	133	901	1234	10180	611	470	33601	2849
326000	138	969	1122	10312	604	414	33940	2369
327000	154	1065	1090	10048	497	690	32993	3803
328000	127	1089	1013	10056	490	862	31006	3586
329000	96	1244	1028	9656	507	1092	31021	4541
330000	147	1123	965	9620	445	1352	30291	5032
331000	143	1171	907	9799	401	1276	31547	5311
332000	157	1108	989	9732	369	1224	32082	4443
333000	157	1211	811	9741	447	1369	29726	5282
334000	124	1097	813	10143	399	1198	31390	5030
335000	125	1251	826	9953	257	1343	30844	4610
336000	134	1200	857	9665	288	1557	30494	5214
337000	160	1160	949	9392	662	1329	30951	5382
338000	157	1036	1146	9313	505	1380	29795	6200
339000	186	1077	1282	9016	345	1510	31053	5468
340000	139	1001	1310	9367	321	1322	31744	6016
341000	133	979	1140	9661	275	1358	31799	4705
342000	130	1139	1126	9691	285	1201	31552	4328
343000	115	1045	947	9779	445	1368	31280	4654
344000	167	1063	1011	9680	424	1276	31334	5158
345000	134	999	1017	9695	716	1052	31577	5254
346000	181	1028	1370	9067	873	845	32258	5120
347000	215	925	1131	9566	957	733	30660	5313
348000	232	847	1685	8602	903	907	29932	5468
349000	164	914	1194	9307	1071	853	30539	5601
350000	182	697	1455	9069	929	1002	30892	5799
351000	206	788	1482	9052	885	841	30830	5086
352000	200	789	1680	8642	900	949	31344	5125
353000	150	740	1802	8551	833	1127	30859	5248
354000	264	851	1560	8636	731	1219	28967	5668
355000	122	714	1915	8800	512	1015	31772	4614
356000	128	794	1708	8835	500	1381	30239	5530
357000	214	917	1509	8562	638	1352	30512	5721
358000	179	806	1524	8692	711	1411	29515	6093
359000	203	826	1539	8653	736	1253	29351	5984
360000	184	873	1821	8084	682	1426	28700	6135
361000	168	800	1535	8597	784	1362	30357	6137
362000	247	911	1732	8113	506	1581	28685	6135
363000	138	879	1574	8235	507	1940	28080	7000
364000	152	810	1529	8403	564	1827	27653	7452
365000	208	751	1716	8192	503	1758	28401	6093
366000	165	737	1609	8384	590	1711	29442	6312
367000	143	906	1313	8902	565	1590	29086	6640
368000	176	1012	1401	8918	513	1322	30030	5765
369000	199	1073	897	9875	515	1180	30506	5017
370000	121	1054	1158	9937	351	969	32785	3893
371000	188	926	1387	9811	413	607	32707	2838
372000	159	1014	1269	9869	488	665	32828	2921
373000	145	1077	968	10376	487	596	32789	2791
374000	166	1098	1004	10091	321	902	32345	3408
375000	161	1008	1078	10106	311	881	31462	3376
376000	179	959	1235	9630	301	1160	31869	4211
377000	156	949	1692	9103	256	1001	32448	3406
378000	160	850	1499	9649	338	842	32500	3438
379000	111	998	1382	9826	302	752	32045	3090
380000	286	848	1756	8849	495	879	31182	3951
381000	271	660	2055	8710	563	638	30113	3281
382000	149	579	2253	9139	291	460	32510	2404
383000	155	842	1658	9979	313	327	32325	1718
384000	139	887	1660	9738	412	452	33804	2466
385000	171	874	1417	10021	467	433	34266	2294
386000	121	982	1354	10277	420	279	32032	2628
387000	164	981	1383	10228	345	314	33366	1736
388000	114	945	1372	10324	246	394	33980	2320
389000	162	1040	1345	10019	170	654	32628	2277
390000	141	901	1291	10462	87	585	34848	1912
391000	121	848	1603	10079	176	528	32096	2119
392000	193	765	1651	9840	185	501	34688	1901
393000	111	977	1448	10156	164	536	34560	1944
394000	158	890	1567	10120	180	376	33663	1434
395000	96	933	1635	10070	169	399	35500	1453
396000	87	1073	1133	10680	245	376	34034	1825
397000	137	1077	1198	10350	231	522	33433	1812
398000	141	1196	967	10594	180	552	33678	2407
399000	128	1185	922	10597	237	625	33359	2104
400000	93	1061	1070	10588	291	475	33760	2364
401000	169	973	1052	10566	278	553	34067	2516
402000	157	1014	1198	10078	370	686	32911	2994
403000	151	906	1177	10493	319	480	33220	2308
404000	131	898	1492	9885	291	625	32319	2552
405000	149	845	1520	9886	198	662	33691	2536
406000	144	987	1442	10105	97	558	32881	2115
407000	146	850	1475	10179	110	529	34065	1913
408000	194	922	1248	10295	194	540	34109	2280
409000	99	1120	1213	10181	205	713	32959	2389
410000	177	1040	1210	9917	154	950	32411	2979
411000	80	1094	913	10614	196	807	33087	2782
412000	153	1093	1232	10039	227	763	31634	3133
413000	182	924	1425	9688	174	979	33513	3436
414000	145	976	1199	10305	85	783	33030	2628
415000	133	919	1985	9141	175	728	31801	2290
416000	168	787	1790	9070	292	1057	31072	4289
417000	158	756	1693	9216	417	984	32269	4252
418000	206	849	1557	8909	567	1159	29257	5009
419000	161	996	1283	9223	637	1147	31899	5153
420000	170	909	1337	9024	595	1323	29770	6108
421000	227	1043	1065	9143	709	1352	29578	5878
422000	179	1016	1369	8885	644	1269	30425	5567
423000	217	804	1400	9234	519	1220	30540	5372
424000	221	929	1654	8590	901	881	30093	4992
425000	159	699	1864	8412	790	1140	30957	5362
426000	172	797	1784	8762	706	924	31099	4927
427000	125	790	1961	8703	510	915	31399	4393
428000	177	1033	1467	9329	305	994	31493	3598
429000	127	968	1173	10082	355	879	31932	3620
430000	139	905	1505	9624	422	736	33328	3439
431000	214	871	1597	9370	438	706	31633	3331
432000	142	1003	1396	9780	260	761	32557	2989
433000	114	753	1670	9792	198	685	33911	2624
434000	146	920	1286	10252	178	685	34112	2571
435000	138	1036	1113	10365	128	719	33148	2559
436000	129	1054	1103	10415	62	831	32647	2233
437000	107	979	1318	10225	107	696	33968	2604
438000	104	1172	979	10358	189	866	32321	2893
439000	113	1078	1079	10176	197	962	32907	3858
440000	111	1234	951	10364	240	732	32055	2547
441000	100	1383	865	10340	131	900	32927	3014
442000	125	1221	952	10348	150	880	32434	2905
443000	106	1044	1322	9784	102	1093	32479	3367
444000	97	1026	1298	10022	69	967	32969	3171
445000	118	1023	1546	9333	228	979	32032	3159
446000	140	974	1700	9250	221	930	31332	3475
447000	120	695	1874	8969	253	1201	31161	3857
448000	154	898	1741	9192	267	929	31706	3145
449000	131	904	2048	8803	157	929	31322	3385
450000	147	873	1658	9714	73	781	33653	2740
451000	185	864	1494	10021	97	707	34329	2277
452000	140	1053	1263	10447	50	524	33683	1655
453000	120	853	1540	10355	192	254	33879	1331
454000	147	870	1668	10174	198	181	34029	988
455000	102	980	1590	10310	173	147	34805	1035
456000	159	901	1614	10236	159	198	32141	1078
457000	129	1097	1207	10746	142	203	34906	1334
458000	101	1054	1301	10715	115	182	32213	787
459000	136	1112	1003	11237	134	41	35154	405
460000	99	1110	1217	10880	54	103	34465	394
461000	101	1167	1315	10645	36	201	35299	616
462000	113	805	1745	10474	32	67	36543	289
463000	88	974	1430	10739	0	166	35245	486
464000	102	1028	1541	10486	1	129	35094	337
465000	106	1140	1228	10823	31	230	34965	593
466000	110	1161	1221	10800	76	133	34753	484
467000	95	1258	993	11084	28	203	36124	413
468000	74	1154	866	11514	7	138	35902	505
469000	150	1022	1014	11209	16	162	36141	482
470000	165	1118	1141	10944	28	130	34601	430
471000	148	869	1512	10551	99	142	35653	1023
472000	105	779	1382	10650	106	335	35746	876
473000	127	1023	1397	10325	66	472	34162	1370
474000	191	995	1684	9755	188	390	32584	1960
475000	172	820	1772	9934	127	401	32607	1297
476000	159	1006	1571	9821	142	597	32200	2293
477000	177	1037	1429	9978	202	573	32978	2174
478000	183	890	1356	10196	230	464	34235	1799
479000	146	898	1577	9783	332	581	31994	2469
480000	192	859	1548	9465	518	657	32871	3701
481000	213	813	1966	9073	433	478	33178	2787
482000	119	764	1840	9225	567	586	32039	3763
483000	213	781	1808	9442	332	555	33739	2425
484000	164	894	1454	9981	299	607	33501	2264
485000	178	846	1364	10232	260	556	35038	2386
486000	149	972	1386	9935	284	711	34308	2963
487000	121	1110	1121	10232	205	766	33468	2936
488000	150	1149	1114	10263	177	699	33364	2485
489000	128	963	1238	10547	149	517	33988	2387
490000	117	1021	1080	10711	154	542	34433	1924
491000	113	1119	1125	10522	177	497	33711	2143
492000	115	1133	925	10774	206	547	34307	2008
493000	116	1243	1072	10494	150	546	34110	2031
494000	94	1021	1116	10779	95	480	35273	1814
495000	103	1096	1324	10449	97	450	33796	1645
496000	143	935	1220	10693	19	494	35188	1733
497000	131	904	1304	10638	34	476	34536	1541
498000	147	1237	1157	10318	90	559	33681	1737
499000	123	1160	1139	10378	186	567	32195	2096
500000	146	965	1415	10075	225	496	33379	2123
501000	166	1024	1278	10345	224	447	32672	1987
502000	99	1046	1272	10328	209	557	33346	2137
503000	113	902	1392	10406	168	418	33714	1771
504000	99	944	1389	10320	200	496	33729	1959
505000	185	983	1270	10348	193	512	34290	2489
506000	143	925	1318	10323	234	521	33193	2169
507000	104	974	1268	10504	181	512	33641	2049
508000	135	1190	1202	10290	109	615	33492	2147
509000	93	970	1385	10261	154	574	33887	1914
510000	114	987	1307	10570	209	314	35418	1219
511000	78	1101	1177	10710	186	331	33894	1837
512000	123	1127	1150	10684	155	294	34543	1308
513000	140	871	1580	10299	113	219	36069	948
514000	131	939	1514	10479	140	174	35008	853
515000	136	1046	1386	10548	76	183	35637	791
516000	84	1038	1419	10613	31	220	34210	658
517000	112	1030	1447	10569	46	199	36202	731
518000	150	894	1492	10452	31	337	35218	1083
519000	144	862	1496	10745	22	136	34809	434
520000	116	956	1321	10850	51	136	36272	357
521000	117	1146	1067	11145	17	101	36005	284
522000	137	1036	1245	10808	13	224	35204	738
523000	94	994	1259	10856	15	225	36409	776
524000	150	956	1201	10971	9	213	34563	896
525000	162	964	1255	10881	1	179	34213	679
526000	172	872	1612	10472	0	156	34807	711
527000	104	881	1881	10207	4	72	36673	295
528000	115	995	1425	10889	0	7	35800	64
529000	80	861	1572	10791	0	4	36087	9
530000	102	942	1519	10832	0	2	34956	1
531000	202	849	1698	10332	91	31	34801	505
532000	106	901	1800	10389	52	3	35119	141
533000	167	838	1567	10551	135	11	36028	388
534000	140	941	1428	10741	164	12	35050	421
535000	108	848	1499	10580	199	40	34341	518
536000	202	976	1454	10364	244	70	34219	1073
537000	165	947	1473	10468	62	160	34261	792
538000	122	1089	1399	10663	88	91	35114	654
539000	129	934	1447	10712	23	138	35511	384
540000	121	933	1469	10706	10	194	35798	999
541000	80	887	1313	10953	0	255	35620	651
542000	92	982	1381	10670	18	359	34402	719
543000	157	941	1508	10507	3	233	36050	789
544000	206	931	1432	10489	0	272	35125	699
545000	127	816	1743	10006	28	436	35032	1268
546000	189	914	1901	9667	75	333	32930	1234
547000	188	788	2021	9356	93	554	33391	2043
548000	191	697	2588	8564	126	469	34055	1817
549000	152	667	2642	8372	266	447	31446	2016
550000	165	854	1874	9329	328	516	34979	2102
551000	161	888	1525	9960	288	413	33536	1759
552000	118	951	1713	9635	239	512	34200	1822
553000	125	835	1852	9805	182	406	32439	2013
554000	114	905	1749	9845	173	477	33985	2073
555000	145	930	1291	10464	260	316	33613	1669
556000	195	724	1470	9976	550	372	34965	2263
557000	127	847	1679	9720	261	629	32677	2470
558000	144	732	1593	10047	226	557	33168	2472
559000	140	924	1539	9782	382	539	32775	2864
560000	124	824	1289	10303	327	591	34502	2714
561000	171	910	1181	10372	342	502	33878	2886
562000	99	1207	1026	10356	354	619	32688	2921
563000	109	954	1361	9813	367	825	32303	3402
564000	118	1043	1220	9819	427	862	33287	3862
565000	166	1074	1231	9669	375	953	31844	4175
566000	122	1061	1554	9098	443	993	31319	4260
567000	239	955	958	10068	498	892	31359	4540
568000	206	1071	1206	9469	566	914	31208	4047
569000	202	1044	1173	9671	517	887	30587	3948
570000	163	874	1349	9569	508	942	30380	4332
571000	205	840	1347	9607	543	849	33086	4099
572000	189	888	1737	8981	493	865	31151	4317
573000	215	837	1744	8884	410	1000	30638	4127
574000	172	805	1870	8368	626	1204	31316	5090
575000	156	813	1543	8867	689	1189	31591	4848
576000	212	819	1671	8639	791	1020	30972	4999
577000	240	916	1684	8289	596	1433	30281	6232
578000	164	938	1363	8957	570	1423	28908	6287
579000	183	985	1316	8964	552	1384	30618	5246
580000	150	810	1656	9129	389	1159	30858	4759
581000	130	868	1544	9037	337	1431	30213	5002
582000	180	1068	1440	8958	376	1327	30082	4865
583000	170	817	1747	8832	400	1253	30487	4306
584000	211	763	1730	8853	471	1097	30452	4373
585000	167	706	1796	8966	463	1103	31051	4772
586000	201	796	2002	8468	440	1122	32026	4604
587000	169	628	2280	7983	489	1257	30269	4914
588000	185	853	2289	7728	290	1490	29394	5213
589000	171	658	1971	8651	252	1356	31101	4755
590000	147	731	1835	8621	341	1438	31644	5091
591000	129	822	1720	8565	405	1567	30344	5651
592000	181	863	1711	8847	287	1357	30684	4614
593000	140	727	1856	8716	521	1182	30077	5094
594000	196	879	1695	8740	369	1303	30740	4863
595000	157	934	1475	9307	418	1112	31413	4028
596000	81	826	1535	9017	540	1327	31207	5152
597000	177	937	1665	8776	505	1113	30278	5300
598000	187	872	1537	8921	530	1260	30501	5261
599000	139	899	1501	9284	573	956	32125	4545
600000	145	1040	1371	9504	554	840	31176	4376
601000	178	758	1590	9329	368	987	31745	3879
602000	122	891	1683	9219	399	898	33211	4368
603000	133	1030	1698	9082	415	901	31393	3591
604000	160	773	1746	9035	361	1045	31299	4291
605000	103	760	1332	9704	489	1025	31899	4425
606000	172	819	1512	9597	333	892	33105	3613
607000	140	735	1767	9457	269	802	31726	3154
608000	160	798	1780	9257	186	1011	32056	3795
609000	155	785	2050	8778	220	966	32181	3277
610000	145	810	1812	9127	222	975	31447	3449
611000	195	753	1695	9367	217	1004	32161	3636
612000	165	835	1571	9488	165	1035	32010	4013
613000	207	777	1677	9247	364	898	32490	3557
614000	166	951	1855	8879	523	715	30760	3665
615000	132	910	1399	9783	515	700	32084	3307
616000	140	808	1718	9548	347	638	32987	2854
617000	186	781	1726	9650	336	492	33598	2356
618000	176	1005	1592	9514	348	630	31981	2488
619000	144	911	1333	9947	528	554	33580	3383
620000	144	1015	1643	9579	289	545	33346	2501
621000	152	915	1748	9609	254	559	32996	2588
622000	178	856	1538	10012	284	458	34042	1940
623000	133	889	1745	9527	362	535	32996	2377
624000	151	931	1583	9379	509	686	32154	3459
625000	175	991	1363	9721	602	547	32206	3118
626000	143	1055	1226	9930	478	732	32281	3556
627000	141	989	1342	9696	489	765	32078	3947
628000	126	813	1388	9724	459	853	31753	3745
629000	110	1176	1128	10009	482	663	32143	3304
630000	120	1034	1148	10057	540	656	32116	3860
631000	181	1099	967	10305	565	517	31691	3146
632000	128	1092	1079	10376	374	537	33908	2824
633000	118	919	1130	10589	315	459	35576	2295
634000	139	973	1036	10506	259	652	34262	2587
635000	127	967	1076	10719	169	517	34218	2143
636000	133	966	1275	10154	214	730	33383	2175
637000	133	935	1418	10071	228	557	33853	1822
638000	93	991	1600	9937	142	557	33329	1614
639000	91	1000	1295	10312	208	550	34776	2151
640000	115	1023	1368	10365	107	465	33325	1799
641000	133	1124	1218	10682	80	269	34614	815
642000	180	915	1547	10237	81	324	34387	1218
643000	125	824	1667	10205	35	372	34337	800
644000	104	985	1451	10551	37	226	34149	811
645000	135	1009	1629	10199	27	220	33796	508
646000	103	1088	1376	10610	40	242	34416	723
647000	131	1001	1224	11007	25	112	35937	347
648000	132	937	1285	11003	40	89	35681	555
649000	137	1007	1694	10227	54	118	33798	437
650000	125	1001	1350	10730	93	104	35222	637
651000	123	993	1202	10821	154	165	36070	843
652000	189	788	1493	10577	189	137	35250	979
653000	171	858	1488	10284	307	127	34844	1295
654000	138	791	1722	10280	182	128	34135	1069
655000	191	845	1686	10203	169	42	33926	511
656000	177	938	1816	10053	83	74	35191	504
657000	115	836	1685	10506	65	61	34626	467
658000	201	877	1453	10582	60	79	35105	437
659000	117	915	1512	10461	202	120	36007	964
660000	138	823	1576	10528	87	133	36304	594
661000	130	917	1486	10612	158	44	35019	582
662000	164	789	1592	10551	146	59	36039	615
663000	134	881	1591	10452	126	73	36194	520
664000	153	987	1288	10863	157	22	34562	505
665000	123	934	1206	11080	217	15	36978	675
666000	77	1019	1199	11072	158	8	35084	463
667000	98	1025	1283	10869	131	105	35782	711
668000	114	782	1828	10398	52	95	35016	279
669000	138	876	1638	10259	70	204	35288	774
670000	167	865	1782	10027	115	181	34599	906
671000	104	980	1517	10293	111	334	33257	1020
672000	166	1010	1161	10622	171	402	35126	1676
673000	168	970	1249	10227	305	527	32143	2078
674000	170	994	1208	10182	285	676	33351	2952
675000	119	1175	1009	10476	284	575	34634	2428
676000	113	1081	1192	10406	141	633	32681	2341
677000	149	1274	1100	10356	133	540	33567	2103
678000	144	1156	1241	10082	149	690	32537	2550
679000	176	931	1193	10156	290	737	32289	3164
680000	110	728	1808	9815	91	629	34791	2302
681000	120	801	1762	10059	62	414	32391	1573
682000	170	910	1646	10022	168	324	34578	1416
683000	105	924	1499	10341	132	355	35515	1671
684000	111	1065	1294	10389	83	569	33928	1730
685000	96	997	1186	10586	119	560	34820	1917
686000	154	1042	1217	10373	150	556	33875	1833
687000	107	1181	1124	10606	129	396	35507	1769
688000	108	1006	1113	10721	127	523	33989	1797
689000	92	852	1326	10507	132	531	35367	1788
690000	77	1057	1250	10570	109	462	33834	1581
691000	143	922	1496	10140	45	616	34293	1729
692000	110	931	1124	10848	92	470	34804	1952
693000	109	1080	1255	10384	153	584	34311	2399
694000	99	968	1087	10695	316	492	34654	2055
695000	135	996	1341	10188	303	534	33886	2402
696000	179	1034	1096	10662	238	323	35139	1561
697000	91	855	1345	10622	201	371	34153	1755
698000	121	1166	1368	10140	86	563	33177	2078
699000	109	1119	1182	10565	85	484	33462	1684
700000	68	1005	1259	10690	15	518	35681	1960
701000	55	1123	967	10969	34	504	35904	1397
702000	119	1099	1211	10506	60	542	34657	1796
703000	111	1175	841	10957	62	608	32772	1894
704000	98	1256	1049	10815	76	299	34426	1269
705000	120	1119	1057	10994	43	284	33482	888
706000	121	1162	1168	10708	41	329	33556	994
707000	161	963	1263	10701	135	313	34241	1291
708000	98	1002	1301	10608	52	418	35225	1305
709000	99	1108	1022	10987	86	314	34608	996
710000	100	1012	1230	10775	17	369	35168	1205
711000	138	1007	1273	10748	29	324	34328	803
712000	116	1060	1229	10892	29	274	34034	993
713000	117	1011	976	11247	8	274	35906	828
714000	75	1037	1396	10597	11	312	36293	904
715000	116	1044	1598	10257	0	319	34532	835
716000	87	1057	1357	10485	31	421	34081	1022
717000	112	1129	1242	10643	110	228	35515	1107
718000	214	975	1284	10611	70	214	34356	988
719000	166	842	1726	10008	201	189	35436	1027
720000	147	965	1432	10525	165	155	35312	847
721000	110	1043	1462	10466	160	141	36186	664
722000	163	905	1495	10364	122	240	35016	1176
723000	151	892	1695	10079	28	410	35754	1312
724000	116	991	1604	10282	2	263	35765	839
725000	133	1036	1192	10709	47	339	35022	1053
726000	159	1046	1506	10147	127	318	34019	1292
727000	127	924	1549	10333	98	293	35006	1160
728000	131	877	1518	10519	40	220	35131	775
729000	146	996	1272	10578	30	495	34309	1304
730000	101	1116	1262	10587	34	406	33884	1239
731000	157	1001	1425	10261	93	380	33716	1535
732000	127	1079	1165	10641	134	375	34007	1293
733000	81	1041	1186	10628	99	500	33824	1583
734000	147	1022	1278	10552	124	372	33556	1351
735000	140	1049	1142	10450	120	641	32891	2533
736000	105	934	1250	10539	99	589	33314	2027
737000	117	999	1081	10848	69	478	35415	1611
738000	112	1036	1195	10584	84	490	33810	1749
739000	101	1019	1260	10578	80	438	34660	1238
740000	173	987	1196	10427	76	615	34210	1788
741000	115	914	1663	9976	96	465	34299	1514
742000	160	830	2034	9441	89	464	34240	1708
743000	231	869	1817	9542	74	545	33526	2068
744000	171	820	1761	9800	143	436	33838	1849
745000	163	840	1607	9842	201	643	33261	2165
746000	86	879	1733	9701	225	592	34094	2537
747000	169	1001	1481	9807	128	720	32936	2293
748000	154	921	1406	10303	159	460	32673	1743
749000	107	1098	1084	10677	163	456	34555	1888
750000	106	1030	1404	10383	68	402	34035	1329
751000	136	850	1656	9835	210	533	34161	2026
752000	208	939	1695	9770	154	495	32560	2030
753000	127	897	1844	9757	63	500	34401	1657
754000	130	1029	1753	9777	62	377	33626	1180
755000	188	863	1756	9908	71	333	33870	1091
756000	138	941	1585	10038	147	347	36271	1413
757000	161	961	1617	9956	200	346	34608	1422
758000	181	882	1823	9584	342	338	33645	2053
759000	194	839	1843	9661	266	313	32746	1517
760000	170	982	1393	9890	504	333	32401	2642
761000	150	882	1417	10111	411	386	34089	2259
762000	164	802	1566	10047	396	274	34655	1861
763000	110	858	1629	9935	346	408	33308	2307
764000	173	958	1457	10036	467	304	32240	2296
765000	88	878	1377	10165	500	445	32575	2780
766000	133	977	1310	10149	393	496	34246	2757
767000	202	840	1672	9572	342	556	33588	2698
768000	109	789	1602	9792	400	586	33428	2217
769000	144	860	1472	9771	492	626	33923	3126
770000	161	773	1643	9898	278	508	34447	2254
771000	160	869	1332	10180	228	667	32255	2123
772000	137	994	1432	9805	246	786	33494	3263
773000	138	926	1403	9878	199	826	33050	3100
774000	161	865	1518	9775	108	794	33154	2675
775000	127	821	1553	9968	105	775	32650	2798
776000	114	975	1558	9670	194	876	32952	3208
777000	128	816	1736	9631	203	713	32834	2690
778000	143	997	1484	9968	51	718	32498	2503
779000	129	1017	1159	10092	196	935	33569	3147
780000	101	1206	1214	9942	153	896	32748	2859
781000	137	928	1527	9664	223	869	32025	3371
782000	135	781	1601	9747	294	750	33071	3146
783000	142	1001	1642	9552	293	590	32311	2300
784000	177	925	1594	9434	375	749	32255	3215
785000	152	852	1438	9829	288	731	33842	2790
786000	128	1024	1231	10114	384	611	32309	2581
787000	100	1019	1140	9997	430	937	32708	4112
788000	119	1080	1172	9961	398	786	30974	4015
789000	147	1027	973	10293	385	811	33545	3351
790000	164	950	1228	9972	434	786	32597	3620
791000	208	962	1346	9955	261	764	32424	2677
792000	175	898	1451	9888	211	703	33089	2727
793000	143	879	1621	9720	372	500	33472	2294
794000	182	773	1621	9638	500	531	33171	3204
795000	180	731	1931	9044	367	748	31219	3284
796000	173	816	1638	9530	316	794	31434	3567
797000	195	857	1718	9241	200	1001	31943	3571
798000	150	868	1768	9083	257	998	32518	3302
799000	153	821	1603	9067	492	1136	29972	4483
800000	138	1008	1082	9707	354	1337	29988	4710
801000	128	1037	1026	9969	290	1152	32309	4762
802000	103	963	1353	9714	298	978	31877	3611
803000	113	974	1333	9757	239	1020	31922	3662
804000	153	1040	1240	9955	180	896	31941	3286
805000	139	1046	1160	10273	148	774	33045	3438
806000	86	1107	1196	10368	154	603	33687	2008
807000	110	917	1497	10119	124	585	33895	2135
808000	122	835	1547	10192	229	392	34242	2224
809000	172	1006	1493	9907	260	480	32913	1965
810000	165	1013	1397	10326	148	345	34033	1481
811000	107	1127	1137	10866	83	245	34827	780
812000	95	1143	1113	10979	91	179	34819	858
813000	129	1026	1232	10883	65	155	33773	579
814000	115	1093	1563	10383	36	124	34898	643
815000	85	865	1438	10909	9	93	35132	200
816000	131	953	1722	10225	12	138	36044	486
817000	200	928	1807	9948	23	207	32786	454
818000	111	938	1623	10405	0	240	35508	667
819000	152	731	1865	10036	105	266	34012	1130
820000	177	799	1664	10136	148	282	34601	1292
821000	174	790	2126	9496	86	288	34429	1004
822000	91	966	1649	9962	23	541	32510	1729
823000	132	987	1523	10195	63	410	33836	1851
824000	105	1142	1149	10744	18	450	35829	1454
825000	106	1232	1083	10812	24	364	34718	1142
826000	106	1166	1174	10657	141	313	34676	1428
827000	134	918	1323	10574	118	408	33374	1454
828000	133	1083	1232	10374	107	596	33199	1888
829000	94	1050	1321	10380	80	524	35161	1577
830000	94	1009	1153	10499	134	651	33578	2328
831000	106	1009	1258	10225	138	690	34483	2772
832000	138	1103	1244	10074	204	754	33057	2762
833000	190	1092	1076	10212	264	668	33231	2637
834000	133	1056	1164	10416	191	559	33525	2029
835000	107	1003	1326	10076	264	663	32973	3011
836000	139	946	1747	9471	181	733	32439	2619
837000	198	888	1378	9746	283	848	33073	3236
838000	105	830	1695	9528	258	850	32558	3065
839000	203	821	1648	9442	330	739	31358	3314
840000	174	814	1471	9850	231	776	32305	3009
841000	121	973	1349	9930	150	973	31983	2985
842000	107	1043	1147	10271	227	773	33416	3399
843000	148	1119	1106	10329	285	627	33662	2648
844000	91	951	1163	10546	228	620	33740	2524
845000	139	1016	1473	10065	73	576	32948	2054
846000	150	699	1793	9761	101	687	33232	2615
847000	103	955	1459	10289	101	514	33453	1717
848000	186	858	1550	10005	87	568	33334	1605
849000	162	915	1354	10207	163	573	33799	2132
850000	209	969	1231	10310	316	412	31962	1958
851000	130	918	1727	9627	188	678	32055	2438
852000	119	852	1600	10029	112	586	33907	2207
853000	125	1004	1424	10238	87	550	34870	1986
854000	109	979	1323	10572	125	335	33769	1741
855000	126	966	1346	10431	239	354	33312	1500
856000	156	832	1280	10560	176	430	34368	1802
857000	161	961	1303	10450	156	447	33486	1659
858000	146	930	1293	10507	195	392	34221	1634
859000	119	1172	975	10809	176	385	34852	1621
860000	135	1068	1287	10419	192	349	34963	1737
861000	134	1178	1228	10555	170	263	34647	939
862000	180	966	1630	10036	121	301	34243	1170
863000	132	854	1685	10318	42	193	35893	641
864000	162	773	1847	10195	62	106	34927	418
865000	124	845	1756	10239	59	193	35901	666
866000	145	904	1615	10384	22	222	34964	872
867000	144	972	1432	10444	83	291	35386	1234
868000	146	928	1674	10059	48	384	33660	1337
869000	116	979	1253	10557	116	387	35169	1369
870000	124	990	1558	10219	133	280	34931	957
871000	140	798	1763	10203	117	165	35676	758
872000	173	922	1474	10566	86	91	35488	519
873000	133	974	1395	10761	146	18	35067	463
874000	184	970	1506	10442	111	65	35449	426
875000	147	965	1643	10267	99	171	36004	723
876000	162	919	1476	10479	120	136	34719	763
877000	159	813	1603	10442	136	114	35558	639
878000	217	777	1840	10025	182	65	34796	832
879000	190	937	1574	10268	201	48	34819	911
880000	113	837	1577	10442	250	106	35710	1211
881000	82	907	1621	10228	207	253	34534	1227
882000	99	976	1559	10404	69	257	34913	834
883000	113	1068	1501	10138	164	344	35657	1437
884000	142	1006	1545	10186	146	293	34063	1394
885000	183	1125	1445	10089	187	316	33158	1270
886000	103	974	1489	10274	178	342	34656	1558
887000	90	1096	1161	10613	281	305	34147	1937
888000	128	1144	1108	10651	386	212	33508	2119
889000	134	1014	1146	10638	419	242	33692	2092
890000	178	882	1419	10356	345	247	34452	2021
891000	169	889	1352	10552	226	177	35044	1277
892000	141	987	1207	11006	169	81	36608	937
893000	107	997	1275	10848	105	208	35119	817
894000	137	1014	1018	11099	177	165	34767	1172
895000	140	937	1356	10702	132	149	34185	1038
896000	166	911	1308	10835	156	43	34581	554
897000	101	1052	1174	11044	124	65	35758	553
898000	159	908	1313	10870	123	26	34819	552
899000	157	965	983	11326	81	122	35612	766
900000	134	1018	1119	11077	113	92	36358	832
901000	157	904	1303	10806	142	95	34662	589
902000	120	1127	1191	10885	125	99	35195	943
903000	112	1133	1016	11094	121	145	34529	687
904000	131	975	986	11181	86	273	36352	1124
905000	137	1298	929	10933	106	275	33617	1283
906000	115	1067	1003	11117	91	273	35989	982
907000	105	1216	1152	10624	141	326	34109	1541
908000	106	1248	1002	10896	204	175	36610	1087
909000	115	1178	1073	10897	121	205	35923	1284
910000	94	1150	1039	11007	202	157	36179	1249
911000	131	1009	1004	11065	225	159	35715	954
912000	224	973	1166	10732	283	121	34919	1455
913000	198	945	1267	10591	229	209	34180	1104
914000	126	730	1477	10485	267	239	35340	1241
915000	132	1005	1741	10103	207	82	34748	938
916000	169	988	1758	9842	204	177	33731	1109
917000	150	944	1434	10192	346	286	35083	1991
918000	225	901	1398	9936	584	294	34039	2166
919000	146	689	1957	9593	461	196	33185	1943
920000	202	835	1898	9388	567	192	33424	2031
921000	193	755	2077	8925	722	259	31309	2992
922000	260	747	1945	8606	1150	287	31397	4082
923000	240	675	1812	8849	1149	381	31025	4658
924000	212	856	1883	8356	1199	590	29868	4810
925000	243	791	1824	8500	1110	618	29387	4433
926000	185	816	1534	8924	1138	651	31769	5206
927000	223	864	1386	9052	1239	651	30163	5866
928000	232	796	1378	8767	1303	842	30114	6521
929000	206	767	1480	8562	1360	862	29858	6464
930000	261	863	1412	8409	1502	859	29461	6305
931000	171	966	1233	8903	1081	1161	28431	6235
932000	155	843	1759	8128	962	1272	28154	6796
933000	265	637	2065	7136	1241	1540	27096	7938
934000	182	672	2089	6745	1655	1622	26001	9705
935000	213	695	1812	7117	1700	1542	26627	9351
936000	362	711	1407	7461	1628	1671	26252	9363
937000	318	748	1682	7241	1465	1688	26833	9803
938000	255	743	1605	7075	2065	1460	25878	10519
939000	279	740	1709	6739	1936	1647	25685	10476
940000	294	685	1629	6615	2145	1773	24960	10657
941000	268	589	1484	6932	2351	1676	25408	11704
942000	263	714	1366	7241	2252	1490	24191	10762
943000	328	636	1437	7005	2257	1634	23875	12097
944000	240	696	1304	6889	2550	1708	24383	12223
945000	321	619	1497	6808	2179	1794	23730	12078
946000	285	788	1567	6944	1707	1853	26277	10848
947000	317	608	1639	6691	2132	1699	25600	11292
948000	228	830	1563	6559	2173	1918	22691	11976
949000	263	754	1356	6905	2173	1853	24665	11559
950000	264	914	1034	7532	2193	1619	24188	11064
951000	310	894	1112	7319	2005	1809	25142	10620
952000	246	820	1274	7195	1859	1987	24510	10019
953000	282	746	1694	7040	1584	1739	25092	9413
954000	290	833	1478	7208	1720	1754	25083	9487
955000	196	724	1540	7338	1567	1893	25650	9460
956000	257	850	1527	6990	1682	2015	23781	9983
957000	225	847	1273	7417	1819	1831	23445	10404
958000	218	922	1528	6990	1722	1934	25373	10598
959000	317	672	1594	6952	1790	1879	24988	10964
960000	257	633	1517	7165	1728	1901	24643	10330
961000	204	808	1656	7341	1429	1772	26507	9471
962000	200	756	1685	7270	1638	1657	26461	9537
963000	287	713	1857	6924	1739	1500	25959	9101
964000	235	594	1668	7055	1415	2156	24515	10456
965000	284	830	1234	7331	1721	2037	24806	9977
966000	190	845	1331	7361	1530	2204	24113	10475
967000	260	608	1658	7304	1239	2057	25308	9698
968000	215	878	1433	7846	1228	1762	25886	9119
969000	202	798	1530	7634	1225	1945	26171	9502
970000	140	824	1381	8233	1095	1759	27742	7776
971000	154	1058	1418	7836	1158	1723	27357	8295
972000	229	814	1502	7932	1027	1757	28003	7243
973000	149	816	1451	7887	823	2212	26324	8707
974000	147	977	1483	7865	1037	1802	28135	8440
975000	153	884	1634	7899	798	1923	28064	8781
976000	187	907	1676	7531	990	1924	26070	8094
977000	242	760	1645	7567	1058	1936	26382	9392
978000	162	928	1612	7608	679	2282	26345	9000
979000	182	806	1465	7611	826	2449	26982	9047
980000	181	936	1452	7876	821	2104	27976	8191
981000	212	660	1554	8134	897	1765	27626	8115
982000	216	731	1873	7584	967	1700	26910	7906
983000	195	712	1709	7524	1181	1878	25491	9189
984000	224	816	1482	8150	1187	1488	28725	7329
985000	199	734	1605	7972	1216	1506	29230	8406
986000	170	735	1815	7737	997	1625	27971	7930
987000	279	681	1943	7412	996	1650	27612	8266
988000	196	747	1984	7542	1162	1352	27560	7250
989000	244	777	1853	8000	994	1217	28543	6558
990000	195	902	1682	8678	629	1064	28894	5184
991000	179	925	1696	9010	327	1038	30272	4231
992000	182	761	1774	9112	240	1036	31753	3545
993000	130	816	1721	9433	186	967	32732	3364
994000	101	940	1652	9736	149	691	33424	2512
995000	119	1071	1143	10475	160	591	34094	2060
996000	151	976	1197	10507	151	562	33566	1763
997000	135	948	1224	10469	173	532	34289	2060
998000	129	1158	1334	10072	248	514	34126	2873
999000	149	936	1517	10063	239	442	33054	2329
