0	0	0	0	14400	0	0	0	0
1000	31	463	687	12450	121	87	21603	175
2000	29	374	1044	11961	81	181	22993	365
3000	88	394	1662	10920	28	132	22729	280
4000	75	401	2298	10060	4	125	20758	288
5000	97	322	2358	9817	43	153	21326	240
6000	61	351	2255	10046	0	208	20895	406
7000	83	347	2717	9054	68	286	20526	622
8000	89	410	2703	9341	76	102	20525	228
9000	45	327	2892	9159	1	147	19641	325
10000	112	345	3080	8662	8	46	20644	97
11000	146	388	3606	7633	45	71	18749	226
12000	123	321	4056	7058	38	6	19192	21
13000	159	295	4115	6894	1	35	18340	169
14000	253	278	4243	5898	82	516	18125	835
15000	162	319	3836	7010	46	388	17327	729
16000	224	333	4091	6350	79	444	17485	738
17000	214	238	3805	7375	16	60	18557	196
18000	124	303	4141	7125	0	0	19292	1
19000	151	362	3687	7684	106	12	19376	243
20000	182	312	4010	7009	92	1	19085	200
21000	173	220	4819	5685	42	0	17949	111
22000	205	247	4596	5880	96	42	17167	233
23000	201	192	5108	5195	71	11	16889	201
24000	146	288	4180	6768	15	72	18734	193
25000	123	392	3441	8011	103	59	18744	256
26000	153	304	3853	7218	90	247	18730	486
27000	138	352	3068	8773	0	3	21009	20
28000	153	222	4070	6951	248	2	18624	430
29000	143	316	3973	7391	0	51	18672	66
30000	138	307	3641	7799	108	0	19296	149
31000	98	314	3653	7928	0	0	19748	1
32000	189	248	3917	7234	42	0	18784	11
33000	173	277	3840	7327	151	11	19089	240
34000	120	264	4491	6405	10	0	18541	53
35000	174	230	5016	5239	55	0	16675	79
36000	174	189	4177	6914	0	6	19192	14
37000	223	251	4360	6486	0	0	18191	7
38000	216	257	4218	6829	22	0	19239	26
39000	207	401	4363	6281	0	103	18123	195
40000	156	310	4391	6038	1	390	16129	590
41000	169	293	4099	6316	34	549	17831	925
42000	216	274	4827	4892	37	666	16160	957
43000	179	209	4432	5707	329	469	16384	1454
44000	139	289	4334	6157	70	464	18156	1146
45000	160	322	4145	6844	0	76	19024	48
46000	161	176	5338	4746	95	0	17604	0
47000	215	221	5457	3977	202	1	16250	362
48000	242	209	5847	3282	154	1	15144	226
49000	406	249	5877	2295	204	39	14485	363
50000	406	154	5613	3316	280	21	14555	395
51000	270	148	5982	2793	403	0	14967	575
52000	350	114	6106	2252	340	22	13775	775
53000	349	71	6437	1708	54	0	14519	41
54000	367	58	6381	1369	84	2	13507	205
55000	463	30	6578	1014	192	0	12819	260
56000	266	196	6486	1395	203	0	12771	547
57000	620	109	6166	1269	0	0	12667	1
58000	207	147	6510	1733	0	0	13995	7
59000	353	184	5807	2931	38	0	15196	54
60000	307	15	6533	1260	6	0	13509	29
61000	439	77	6447	1050	6	0	13531	0
62000	327	89	6452	1384	15	0	13593	22
63000	332	171	6393	1792	12	0	14272	66
64000	309	141	5836	2990	14	0	15005	29
65000	395	207	5755	3220	86	0	15160	188
66000	273	183	6028	3150	0	0	15491	2
67000	253	156	6044	2766	0	0	14608	4
68000	431	72	6356	1727	0	0	14458	1
69000	402	60	6602	1055	5	0	12606	36
70000	540	7	6433	376	0	0	11561	1
71000	512	4	6511	358	0	0	12333	41
72000	374	22	6534	646	0	0	12039	6
73000	477	4	6507	646	0	0	12478	3
74000	464	7	6494	401	36	0	12485	58
75000	342	0	6620	0	486	0	11342	815
76000	397	0	6523	0	484	0	11795	700
77000	589	0	6542	0	206	0	11474	515
78000	505	0	6613	0	3	0	11312	107
79000	461	0	6475	0	0	0	11215	0
80000	629	0	6395	0	0	0	11023	0
81000	276	0	6874	0	0	0	11694	0
82000	525	0	6594	0	0	0	11483	0
83000	621	0	6540	0	0	0	9996	0
84000	405	0	6571	0	0	0	10840	0
85000	510	0	6603	0	0	0	10510	0
86000	575	0	6437	0	0	0	10126	0
87000	417	0	6580	0	0	0	11088	0
88000	371	0	6767	0	0	0	11088	0
89000	622	0	6437	0	0	0	11431	0
90000	537	0	6645	0	0	0	11259	0
91000	705	0	6259	0	0	0	10752	0
92000	297	0	6891	0	0	0	10615	0
93000	669	0	6433	0	0	0	10843	0
94000	616	0	6521	0	0	0	10515	0
95000	288	0	6617	0	0	0	10817	0
96000	375	0	6685	0	0	0	11515	0
97000	521	0	6594	0	0	0	11131	0
98000	406	0	6680	0	0	0	11494	0
99000	495	0	6425	0	0	0	10584	0
100000	479	0	6598	0	0	0	10216	0
101000	441	0	6551	0	0	0	11392	0
102000	408	0	6578	0	0	0	11739	0
103000	461	0	6480	0	0	0	11846	0
104000	568	0	6393	0	0	0	11317	0
105000	488	0	6412	0	0	0	11080	0
106000	490	0	6572	0	0	0	10599	0
107000	520	0	6477	0	0	0	10662	0
108000	477	0	6560	0	0	0	10728	0
109000	738	0	6248	0	0	0	11386	0
110000	1049	0	6016	0	0	0	10843	0
111000	459	0	6701	0	0	0	11567	0
112000	625	0	6375	0	0	0	10965	0
113000	450	0	6526	0	0	0	11698	0
114000	601	0	6449	0	0	0	11641	0
115000	624	0	6462	0	0	0	10318	0
116000	743	0	6284	0	0	0	10940	0
117000	480	0	6558	0	0	0	10855	0
118000	484	0	6580	0	0	0	11783	0
119000	682	0	6385	0	0	0	10088	0
120000	402	0	6540	0	0	0	11523	0
121000	593	0	6457	0	0	0	10420	0
122000	434	0	6586	0	0	0	11183	0
123000	593	0	6319	0	0	0	11659	0
124000	395	0	6671	0	0	0	11323	0
125000	626	0	6375	0	0	0	10488	0
126000	414	0	6666	0	0	0	10982	0
127000	480	0	6451	0	0	0	12093	0
128000	485	0	6427	0	0	0	10400	0
129000	374	0	6651	0	0	0	10785	0
130000	794	0	6321	0	0	0	11681	0
131000	585	0	6505	0	0	0	10067	0
132000	521	0	6384	0	0	0	11241	0
133000	586	0	6389	0	0	0	11857	0
134000	647	0	6351	0	0	0	11344	0
135000	705	0	6374	0	0	0	10578	0
136000	333	0	6667	0	0	0	11854	0
137000	431	0	6653	0	0	0	11054	0
138000	835	0	6273	0	0	0	10780	0
139000	296	0	6805	0	0	0	11377	0
140000	562	0	6480	0	0	0	10957	0
141000	560	0	6510	0	0	0	11551	0
142000	717	0	6194	0	0	0	10648	0
143000	223	0	6787	0	0	0	10997	0
144000	522	0	6483	0	0	0	10937	0
145000	508	0	6489	0	0	0	10757	0
146000	557	0	6520	0	0	0	10839	0
147000	582	0	6403	0	0	0	10778	0
148000	400	0	6632	0	0	0	11077	0
149000	756	0	6175	0	0	0	10891	0
150000	342	0	6765	0	0	0	11167	0
151000	532	0	6547	0	0	0	11226	0
152000	358	0	6725	0	0	0	11775	0
153000	586	0	6459	0	0	0	10838	0
154000	472	0	6417	0	0	0	10796	0
155000	551	0	6491	0	0	0	11327	0
156000	481	0	6608	0	0	0	11070	0
157000	373	0	6712	0	0	0	10501	0
158000	317	0	6804	0	0	0	11241	0
159000	669	0	6344	0	0	0	10522	0
160000	408	0	6620	0	0	0	11457	0
161000	384	0	6741	0	0	0	10392	0
162000	391	0	6694	0	0	0	10985	0
163000	261	0	6719	0	0	0	11515	0
164000	594	0	6422	0	0	0	11791	0
165000	360	0	6702	0	0	0	11380	0
166000	360	0	6769	0	0	0	10738	0
167000	389	0	6538	0	0	0	11440	0
168000	607	0	6373	0	0	0	11061	0
169000	578	0	6346	0	0	0	11454	0
170000	454	0	6504	0	0	0	10930	0
171000	587	0	6303	0	0	0	10539	0
172000	409	0	6750	0	0	0	11009	0
173000	454	0	6488	0	0	0	10702	0
174000	546	0	6303	0	0	0	10773	0
175000	543	0	6450	0	0	0	11107	0
176000	577	0	6346	0	0	0	11256	0
177000	521	0	6443	0	0	0	10564	0
178000	266	0	6666	0	0	0	11579	0
179000	306	0	6724	0	0	0	11119	0
180000	428	0	6592	0	0	0	10738	0
181000	420	0	6702	0	0	0	10506	0
182000	489	0	6441	0	0	0	11515	0
183000	674	0	6419	0	0	0	10507	0
184000	423	0	6677	0	0	0	10494	0
185000	674	0	6343	0	0	0	11125	0
186000	440	0	6528	0	0	0	10841	0
187000	555	0	6513	0	0	0	10638	0
188000	667	0	6371	0	0	0	10068	0
189000	459	0	6673	0	0	0	12324	0
190000	526	0	6393	0	0	0	10955	0
191000	404	0	6537	0	0	0	10474	0
192000	427	0	6569	0	0	0	11320	0
193000	563	0	6544	0	0	0	10854	0
194000	439	0	6464	0	0	0	10481	0
195000	285	0	6815	0	0	0	11130	0
196000	587	0	6400	0	0	0	11413	0
197000	434	0	6415	0	0	0	11989	0
198000	691	0	6392	0	0	0	10713	0
199000	382	0	6684	0	0	0	11795	0
200000	475	0	6324	0	0	0	11048	0
201000	509	0	6486	0	0	0	11242	0
202000	412	0	6717	0	0	0	10963	0
203000	325	0	6847	0	0	0	11741	0
204000	535	0	6523	0	0	0	10460	0
205000	505	0	6460	0	0	0	10716	0
206000	381	0	6601	0	0	0	10507	0
207000	387	0	6682	0	0	0	10793	0
208000	461	0	6631	0	0	0	10764	0
209000	592	0	6389	0	0	0	10750	0
210000	671	0	6335	0	0	0	10509	0
211000	303	0	6752	0	0	0	11746	0
212000	556	0	6603	0	0	0	10404	0
213000	563	0	6459	0	0	0	10544	0
214000	435	0	6551	0	0	0	10329	0
215000	461	0	6551	0	0	0	11323	0
216000	469	0	6414	0	0	0	11179	0
217000	684	0	6294	0	0	0	10777	0
218000	401	0	6559	0	0	0	11490	0
219000	397	0	6666	0	0	0	10972	0
220000	469	0	6575	0	0	0	11438	0
221000	376	0	6643	0	0	0	10883	0
222000	759	0	6206	0	0	0	11315	0
223000	518	0	6356	0	0	0	10503	0
224000	484	0	6612	0	0	0	11229	0
225000	394	0	6624	0	0	0	11145	0
226000	388	0	6626	0	0	0	11297	0
227000	572	0	6412	0	0	0	11112	0
228000	358	0	6619	0	0	0	11349	0
229000	554	0	6436	0	0	0	11266	0
230000	349	0	6713	0	0	0	11522	0
231000	528	0	6623	0	0	0	10134	0
232000	542	0	6437	0	0	0	10601	0
233000	650	0	6246	0	0	0	11438	0
234000	498	0	6604	0	0	0	11553	0
235000	689	0	6297	0	0	0	10247	0
236000	893	0	6105	0	0	0	10645	0
237000	748	0	6214	0	0	0	10501	0
238000	761	0	6228	0	0	0	10631	0
239000	466	0	6587	0	0	0	10818	0
240000	275	0	6815	0	0	0	11816	0
241000	856	0	6174	0	0	0	10359	0
242000	423	0	6530	0	0	0	11029	0
243000	584	0	6399	0	0	0	10411	0
244000	774	0	6398	0	0	0	10928	0
245000	418	0	6631	0	0	0	11223	0
246000	523	0	6378	0	0	0	11196	0
247000	504	0	6502	0	0	0	12350	0
248000	501	0	6541	0	0	0	11468	0
249000	488	0	6616	0	0	0	10442	0
250000	435	0	6528	0	0	0	10896	0
251000	398	0	6512	0	0	0	11804	0
252000	377	0	6543	0	0	0	11064	0
253000	543	0	6374	0	0	0	10955	0
254000	402	0	6431	0	0	0	12011	0
255000	492	0	6469	0	0	0	10641	0
256000	670	0	6323	0	0	0	10641	0
257000	445	0	6561	0	0	0	10722	0
258000	596	0	6493	0	0	0	10415	0
259000	529	0	6588	0	0	0	11512	0
260000	265	0	6819	0	0	0	12167	0
261000	599	0	6369	0	0	0	10250	0
262000	487	0	6404	0	0	0	10778	0
263000	586	0	6516	0	0	0	10856	0
264000	607	0	6297	0	0	0	10827	0
265000	389	0	6524	0	0	0	11489	0
266000	481	0	6436	0	0	0	10969	0
267000	355	0	6713	0	0	0	11863	0
268000	467	0	6440	0	0	0	10463	0
269000	430	0	6521	0	0	0	11070	0
270000	580	0	6545	0	0	0	10796	0
271000	501	0	6485	0	0	0	10613	0
272000	595	0	6381	0	0	0	11125	0
273000	375	0	6679	0	0	0	10733	0
274000	601	0	6412	0	0	0	11412	0
275000	604	0	6448	0	0	0	10547	0
276000	524	0	6738	0	0	0	11299	0
277000	315	0	6754	0	0	0	11254	0
278000	636	0	6396	0	0	0	10766	0
279000	416	0	6454	0	0	0	10615	0
280000	405	0	6638	0	0	0	11981	0
281000	714	0	6290	0	0	0	10621	0
282000	493	0	6605	0	0	0	11140	0
283000	466	0	6573	0	0	0	11318	0
284000	405	0	6617	0	0	0	11090	0
285000	490	0	6561	0	0	0	11288	0
286000	506	0	6474	0	0	0	10524	0
287000	470	0	6359	0	0	0	11266	0
288000	660	0	6385	0	0	0	11118	0
289000	610	0	6414	0	0	0	11648	0
290000	373	0	6663	0	0	0	11561	0
291000	510	0	6531	0	0	0	10825	0
292000	665	0	6345	0	0	0	10985	0
293000	612	0	6348	0	0	0	10760	0
294000	385	0	6633	0	0	0	11220	0
295000	751	0	6251	0	0	0	10538	0
296000	469	0	6430	0	0	0	11684	0
297000	551	0	6462	0	0	0	10916	0
298000	548	0	6416	0	0	0	11302	0
299000	365	0	6629	0	0	0	10504	0
300000	799	0	6213	0	0	0	10309	0
301000	322	0	6670	0	0	0	11476	0
302000	427	0	6534	0	0	0	11181	0
303000	522	0	6456	0	0	0	11876	0
304000	331	0	6604	0	0	0	10840	0
305000	634	0	6481	0	0	0	10700	0
306000	465	0	6443	0	0	0	10945	0
307000	545	0	6422	0	0	0	10670	0
308000	584	0	6362	0	0	0	11684	0
309000	274	0	6696	0	0	0	11308	0
310000	678	0	6231	0	0	0	11105	0
311000	378	0	6659	0	0	0	11456	0
312000	834	0	6090	0	0	0	10533	0
313000	615	0	6456	0	0	0	10769	0
314000	640	0	6565	0	0	0	9555	0
315000	579	0	6512	0	0	0	11918	0
316000	636	0	6490	0	0	0	11224	0
317000	500	0	6506	0	0	0	11960	0
318000	540	0	6481	0	0	0	10816	0
319000	752	0	6408	0	0	0	10186	0
320000	717	0	6258	0	0	0	10655	0
321000	652	0	6303	0	0	0	10312	0
322000	522	0	6457	0	0	0	11341	0
323000	639	0	6323	0	0	0	11236	0
324000	408	0	6669	0	0	0	11463	0
325000	659	0	6512	0	0	0	11014	0
326000	274	0	6660	0	0	0	11188	0
327000	528	0	6523	0	0	0	11369	0
328000	585	0	6490	0	0	0	10555	0
329000	727	0	6297	0	0	0	10573	0
330000	553	0	6545	0	0	0	10743	0
331000	542	0	6377	0	0	0	11170	0
332000	363	0	6646	0	0	0	10938	0
333000	545	0	6608	0	0	0	11596	0
334000	364	0	6760	0	0	0	11085	0
335000	373	0	6652	0	0	0	11645	0
336000	403	0	6696	0	0	0	10842	0
337000	411	0	6609	0	0	0	10904	0
338000	413	0	6543	0	0	0	11730	0
339000	613	0	6222	0	0	0	10548	0
340000	667	0	6338	0	0	0	10415	0
341000	640	0	6408	0	0	0	10870	0
342000	580	0	6371	0	0	0	10669	0
343000	414	0	6688	0	0	0	11467	0
344000	619	0	6444	0	0	0	11203	0
345000	572	0	6423	0	0	0	10400	0
346000	615	0	6429	0	0	0	10992	0
347000	499	0	6484	0	0	0	11665	0
348000	540	0	6521	0	0	0	11502	0
349000	368	0	6692	0	0	0	10980	0
350000	488	0	6592	0	0	0	11196	0
351000	614	0	6459	0	0	0	12080	0
352000	294	0	6734	0	0	0	11508	0
353000	510	0	6410	0	0	0	10168	0
354000	415	0	6586	0	0	0	11356	0
355000	423	0	6618	0	0	0	11149	0
356000	609	0	6358	0	0	0	10593	0
357000	282	0	6829	0	0	0	11361	0
358000	509	0	6415	0	0	0	11918	0
359000	575	0	6529	0	0	0	9999	0
360000	351	0	6754	0	0	0	11720	0
361000	446	0	6595	0	0	0	11101	0
362000	366	0	6715	0	0	0	11007	0
363000	573	0	6486	0	0	0	10506	0
364000	681	0	6354	0	0	0	10841	0
365000	545	0	6475	0	0	0	9991	0
366000	481	0	6602	0	0	0	10426	0
367000	407	0	6478	0	0	0	11414	0
368000	393	0	6613	0	0	0	11251	0
369000	544	0	6705	0	0	0	11428	0
370000	575	0	6439	0	0	0	11266	0
371000	219	0	6520	0	0	0	11096	0
372000	482	0	6678	0	0	0	11337	0
373000	513	0	6467	0	0	0	11835	0
374000	775	0	6246	0	0	0	10082	0
375000	601	0	6454	0	0	0	10891	0
376000	432	0	6564	0	0	0	11007	0
377000	435	0	6572	0	0	0	10439	0
378000	751	0	6248	0	0	0	11216	0
379000	473	0	6497	0	0	0	11165	0
380000	503	0	6450	0	0	0	11006	0
381000	486	0	6488	0	0	0	10948	0
382000	464	0	6404	0	0	0	10582	0
383000	411	0	6559	0	0	0	11447	0
384000	640	0	6449	0	0	0	10925	0
385000	499	0	6575	0	0	0	10884	0
386000	601	0	6323	0	0	0	11314	0
387000	577	0	6420	0	0	0	10923	0
388000	880	0	6103	0	0	0	10583	0
389000	685	0	6493	0	0	0	10744	0
390000	554	0	6385	0	0	0	11304	0
391000	404	0	6640	0	0	0	12096	0
392000	441	0	6679	0	0	0	11079	0
393000	679	0	6191	0	0	0	10561	0
394000	709	0	6238	0	0	0	10302	0
395000	408	0	6682	0	0	0	10691	0
396000	825	0	6210	0	0	0	10104	0
397000	502	0	6420	0	0	0	10378	0
398000	566	0	6362	0	0	0	11660	0
399000	473	0	6523	0	0	0	10626	0
400000	462	0	6611	0	0	0	11121	0
401000	517	0	6460	0	0	0	10661	0
402000	372	0	6574	0	0	0	10952	0
403000	427	0	6692	0	0	0	11793	0
404000	434	0	6596	0	0	0	11132	0
405000	720	0	6216	0	0	0	11503	0
406000	469	0	6586	0	0	0	10215	0
407000	566	0	6452	0	0	0	10699	0
408000	413	0	6689	0	0	0	11342	0
409000	633	0	6402	0	0	0	10901	0
410000	511	0	6320	0	0	0	11127	0
411000	549	0	6398	0	0	0	11137	0
412000	542	0	6425	0	0	0	11577	0
413000	502	0	6599	0	0	0	11155	0
414000	316	0	6685	0	0	0	11214	0
415000	562	0	6561	0	0	0	10379	0
416000	502	0	6480	0	0	0	10787	0
417000	436	0	6487	0	0	0	11293	0
418000	481	0	6470	0	0	0	10391	0
419000	347	0	6748	0	0	0	11132	0
420000	377	0	6636	0	0	0	11971	0
421000	621	0	6362	0	0	0	11013	0
422000	334	0	6668	0	0	0	11346	0
423000	446	0	6665	0	0	0	11006	0
424000	427	0	6661	0	0	0	11315	0
425000	547	0	6333	0	0	0	11299	0
426000	601	0	6497	0	0	0	10332	0
427000	617	0	6347	0	0	0	10412	0
428000	462	0	6556	0	0	0	10246	0
429000	566	0	6482	0	0	0	10568	0
430000	677	0	6398	0	0	0	11083	0
431000	452	0	6539	0	0	0	10882	0
432000	561	0	6374	0	0	0	11166	0
433000	419	0	6464	0	0	0	11136	0
434000	355	0	6645	0	0	0	11421	0
435000	513	0	6382	0	0	0	10582	0
436000	720	0	6290	0	0	0	10404	0
437000	541	0	6441	0	0	0	10263	0
438000	377	0	6649	0	0	0	10743	0
439000	516	0	6606	0	0	0	11256	0
440000	344	0	6551	0	0	0	10708	0
441000	525	0	6469	0	0	0	11034	0
442000	383	0	6770	0	0	0	10860	0
443000	467	0	6454	0	0	0	11277	0
444000	647	0	6180	0	0	0	10385	0
445000	289	0	6681	0	0	0	11140	0
446000	588	0	6414	0	0	0	10718	0
447000	500	0	6496	0	0	0	11340	0
448000	596	0	6561	0	0	0	10775	0
449000	313	0	6674	0	0	0	12735	0
450000	560	0	6406	0	0	0	11074	0
451000	526	0	6476	0	0	0	10728	0
452000	502	0	6578	0	0	0	11697	0
453000	489	0	6574	0	0	0	11166	0
454000	362	0	6646	0	0	0	11869	0
455000	609	0	6301	0	0	0	10745	0
456000	464	0	6541	0	0	0	11729	0
457000	477	0	6420	0	0	0	11334	0
458000	755	0	6209	0	0	0	10697	0
459000	424	0	6686	0	0	0	11049	0
460000	350	0	6597	0	0	0	11482	0
461000	529	0	6543	0	0	0	10731	0
462000	774	0	6378	0	0	0	11311	0
463000	288	0	6689	0	0	0	10502	0
464000	514	0	6520	0	0	0	9512	0
465000	466	0	6471	0	0	0	10530	0
466000	624	0	6543	0	0	0	10767	0
467000	403	0	6528	0	0	0	11125	0
468000	333	0	6581	0	0	0	11239	0
469000	482	0	6444	0	0	0	11650	0
470000	440	0	6485	0	0	0	11036	0
471000	659	0	6322	0	0	0	11146	0
472000	401	0	6711	0	0	0	11342	0
473000	382	0	6597	0	0	0	11033	0
474000	363	0	6699	0	0	0	11467	0
475000	708	0	6353	0	0	0	10058	0
476000	389	0	6571	0	0	0	10701	0
477000	462	0	6666	0	0	0	11190	0
478000	502	0	6594	0	0	0	11001	0
479000	465	0	6512	0	0	0	10970	0
480000	597	0	6473	0	0	0	10881	0
481000	303	0	6759	0	0	0	11456	0
482000	501	0	6681	0	0	0	11089	0
483000	440	0	6775	0	0	0	11084	0
484000	504	0	6478	0	0	0	10896	0
485000	388	0	6642	0	0	0	10881	0
486000	304	0	6679	0	0	0	11309	0
487000	340	0	6750	0	0	0	11668	0
488000	237	0	6789	0	0	0	11459	0
489000	371	0	6822	0	0	0	11405	0
490000	289	0	6637	0	0	0	11170	0
491000	478	0	6555	0	0	0	11243	0
492000	373	0	6567	0	0	0	10547	0
493000	360	0	6745	0	0	0	11106	0
494000	464	0	6530	0	0	0	10687	0
495000	490	0	6688	0	0	0	11728	0
496000	411	0	6767	0	0	0	11486	0
497000	474	0	6448	0	0	0	10858	0
498000	417	0	6506	0	0	0	11309	0
499000	508	0	6489	0	0	0	11331	0
500000	560	0	6430	0	0	0	10496	0
501000	546	0	6499	0	0	0	10804	0
502000	370	0	6691	0	0	0	11478	0
503000	400	0	6484	0	0	0	10372	0
504000	524	0	6428	0	0	0	11293	0
505000	441	0	6575	0	0	0	11698	0
506000	755	0	6271	0	0	0	10521	0
507000	466	0	6578	0	0	0	11488	0
508000	458	0	6546	0	0	0	10502	0
509000	558	0	6530	0	0	0	10539	0
510000	431	0	6513	0	0	0	11493	0
511000	333	0	6591	0	0	0	11200	0
512000	401	0	6643	0	0	0	11790	0
513000	458	0	6847	0	0	0	11237	0
514000	270	0	6689	0	0	0	10963	0
515000	313	0	6684	0	0	0	10861	0
516000	539	0	6531	0	0	0	10842	0
517000	402	0	6750	0	0	0	10435	0
518000	475	0	6444	0	0	0	11341	0
519000	450	0	6681	0	0	0	11306	0
520000	489	0	6615	0	0	0	10651	0
521000	520	0	6515	0	0	0	10949	0
522000	391	0	6599	0	0	0	11413	0
523000	412	0	6575	0	0	0	10583	0
524000	769	0	6374	0	0	0	11029	0
525000	534	0	6516	0	0	0	11102	0
526000	521	0	6395	0	0	0	11056	0
527000	384	0	6589	0	0	0	10625	0
528000	446	0	6541	0	0	0	11726	0
529000	514	0	6460	0	0	0	10746	0
530000	420	0	6525	0	0	0	10689	0
531000	442	0	6597	0	0	0	10238	0
532000	490	0	6621	0	0	0	11484	0
533000	419	0	6543	0	0	0	11385	0
534000	407	0	6640	0	0	0	11330	0
535000	618	0	6204	0	0	0	11009	0
536000	774	0	6187	0	0	0	10457	0
537000	467	0	6618	0	0	0	11124	0
538000	507	0	6453	0	0	0	10885	0
539000	316	0	6649	0	0	0	10068	0
540000	591	0	6370	0	0	0	10696	0
541000	999	0	6097	0	0	0	9782	0
542000	395	0	6729	0	0	0	12203	0
543000	371	0	6727	0	0	0	11233	0
544000	427	0	6571	0	0	0	11076	0
545000	569	0	6460	0	0	0	11397	0
546000	484	0	6465	0	0	0	11835	0
547000	428	0	6557	0	0	0	10977	0
548000	759	0	6235	0	0	0	11048	0
549000	762	0	6099	0	0	0	10889	0
550000	488	0	6465	0	0	0	10559	0
551000	426	0	6510	0	0	0	11202	0
552000	336	0	6604	0	0	0	11207	0
553000	377	0	6616	0	0	0	11611	0
554000	813	0	6204	0	0	0	10361	0
555000	602	0	6494	0	0	0	10489	0
556000	356	0	6665	0	0	0	11446	0
557000	487	0	6605	0	0	0	11441	0
558000	387	0	6617	0	0	0	10593	0
559000	515	0	6531	0	0	0	11452	0
560000	592	0	6411	0	0	0	10541	0
561000	321	0	6600	0	0	0	11564	0
562000	638	0	6407	0	0	0	10988	0
563000	595	0	6335	0	0	0	10756	0
564000	497	0	6431	0	0	0	11292	0
565000	473	0	6501	0	0	0	11803	0
566000	458	0	6582	0	0	0	10978	0
567000	568	0	6439	0	0	0	11012	0
568000	450	0	6373	0	0	0	11148	0
569000	598	0	6440	0	0	0	10754	0
570000	528	0	6446	0	0	0	11052	0
571000	589	0	6353	0	0	0	11192	0
572000	403	0	6678	0	0	0	11924	0
573000	495	0	6414	0	0	0	11362	0
574000	416	0	6311	0	0	0	11158	0
575000	502	0	6552	0	0	0	10979	0
576000	445	0	6548	0	0	0	10562	0
577000	551	0	6541	0	0	0	11727	0
578000	539	0	6463	0	0	0	11049	0
579000	599	0	6325	0	0	0	10788	0
580000	416	0	6598	0	0	0	10931	0
581000	306	0	6716	0	0	0	11299	0
582000	367	0	6681	0	0	0	12315	0
583000	578	0	6422	0	0	0	10932	0
584000	528	0	6428	0	0	0	10997	0
585000	732	0	6425	0	0	0	10491	0
586000	382	0	6635	0	0	0	12121	0
587000	578	0	6548	0	0	0	11628	0
588000	390	0	6623	0	0	0	11569	0
589000	498	0	6453	0	0	0	11381	0
590000	647	0	6380	0	0	0	10848	0
591000	431	0	6587	0	0	0	11444	0
592000	667	0	6314	0	0	0	10457	0
593000	358	0	6686	0	0	0	10973	0
594000	318	0	6726	0	0	0	11324	0
595000	557	0	6461	0	0	0	10908	0
596000	690	0	6358	0	0	0	10765	0
597000	640	0	6436	0	0	0	11188	0
598000	604	0	6487	0	0	0	11578	0
599000	531	0	6481	0	0	0	10942	0
600000	434	0	6476	0	0	0	10503	0
601000	499	0	6346	0	0	0	10887	0
602000	648	0	6375	0	0	0	10583	0
603000	526	0	6540	0	0	0	11332	0
604000	596	0	6437	0	0	0	11157	0
605000	432	0	6638	0	0	0	10666	0
606000	571	0	6431	0	0	0	11488	0
607000	441	0	6663	0	0	0	11187	0
608000	302	0	6729	0	0	0	11408	0
609000	634	0	6407	0	0	0	10122	0
610000	251	0	6776	0	0	0	11093	0
611000	477	0	6496	0	0	0	10408	0
612000	391	0	6775	0	0	0	11707	0
613000	406	0	6750	0	0	0	11647	0
614000	586	0	6374	0	0	0	11757	0
615000	394	0	6651	0	0	0	10518	0
616000	526	0	6491	0	0	0	11309	0
617000	528	0	6511	0	0	0	11319	0
618000	522	0	6582	0	0	0	11757	0
619000	702	0	6476	0	0	0	10513	0
620000	464	0	6499	0	0	0	11372	0
621000	437	0	6608	0	0	0	11540	0
622000	588	0	6555	0	0	0	10527	0
623000	327	0	6618	0	0	0	10336	0
624000	349	0	6794	0	0	0	11113	0
625000	591	0	6257	0	0	0	11183	0
626000	571	0	6396	0	0	0	10585	0
627000	486	0	6632	0	0	0	11837	0
628000	413	0	6659	0	0	0	11393	0
629000	542	0	6617	0	0	0	10841	0
630000	679	0	6284	0	0	0	11141	0
631000	755	0	6249	0	0	0	10007	0
632000	489	0	6616	0	0	0	11210	0
633000	418	0	6522	0	0	0	10427	0
634000	558	0	6550	0	0	0	10182	0
635000	409	0	6558	0	0	0	11531	0
636000	646	0	6501	0	0	0	10921	0
637000	556	0	6543	0	0	0	10238	0
638000	554	0	6401	0	0	0	10727	0
639000	233	0	6684	0	0	0	11542	0
640000	349	0	6686	0	0	0	10416	0
641000	283	0	6807	0	0	0	11334	0
642000	263	0	6761	0	0	0	10544	0
643000	558	0	6425	0	0	0	10649	0
644000	524	0	6574	0	0	0	10672	0
645000	412	0	6739	0	0	0	10907	0
646000	431	0	6475	0	0	0	11262	0
647000	411	0	6553	0	0	0	11265	0
648000	720	0	6244	0	0	0	10069	0
649000	427	0	6737	0	0	0	11311	0
650000	343	0	6708	0	0	0	11124	0
651000	543	0	6415	0	0	0	11168	0
652000	328	0	6707	0	0	0	10673	0
653000	482	0	6550	0	0	0	11266	0
654000	504	0	6443	0	0	0	10878	0
655000	401	0	6672	0	0	0	11396	0
656000	404	0	6659	0	0	0	11370	0
657000	457	0	6588	0	0	0	11141	0
658000	446	0	6531	0	0	0	11160	0
659000	324	0	6561	0	0	0	11535	0
660000	271	0	6640	0	0	0	11198	0
661000	674	0	6491	0	0	0	10746	0
662000	500	0	6624	0	0	0	11754	0
663000	289	0	6695	0	0	0	11364	0
664000	613	0	6474	0	0	0	10442	0
665000	347	0	6695	0	0	0	11645	0
666000	419	0	6650	0	0	0	10661	0
667000	653	0	6310	0	0	0	10653	0
668000	395	0	6619	0	0	0	10898	0
669000	399	0	6514	0	0	0	10984	0
670000	537	0	6497	0	0	0	11894	0
671000	702	0	6307	0	0	0	11038	0
672000	251	0	6696	0	0	0	11176	0
673000	321	0	6622	0	0	0	11727	0
674000	498	0	6559	0	0	0	10401	0
675000	496	0	6591	0	0	0	11045	0
676000	677	0	6447	0	0	0	11514	0
677000	883	0	6300	0	0	0	10048	0
678000	319	0	6680	0	0	0	11412	0
679000	287	0	6693	0	0	0	11875	0
680000	527	0	6377	0	0	0	11003	0
681000	575	0	6575	0	0	0	10507	0
682000	705	0	6307	0	0	0	9962	0
683000	635	0	6566	0	0	0	10398	0
684000	440	0	6677	0	0	0	10794	0
685000	415	0	6490	0	0	0	10933	0
686000	516	0	6659	0	0	0	10998	0
687000	885	0	6210	0	0	0	9748	0
688000	546	0	6527	0	0	0	11487	0
689000	484	0	6678	0	0	0	10425	0
690000	463	0	6511	0	0	0	11177	0
691000	402	0	6576	0	0	0	11434	0
692000	387	0	6712	0	0	0	11698	0
693000	458	0	6440	0	0	0	11737	0
694000	533	0	6319	0	0	0	11473	0
695000	665	0	6451	0	0	0	10095	0
696000	677	0	6329	0	0	0	10194	0
697000	488	0	6434	0	0	0	11167	0
698000	560	0	6638	0	0	0	10972	0
699000	446	0	6555	0	0	0	11629	0
700000	289	0	6801	0	0	0	11261	0
701000	698	0	6421	0	0	0	10878	0
702000	502	0	6456	0	0	0	10590	0
703000	769	0	6210	0	0	0	10396	0
704000	477	0	6462	0	0	0	10505	0
705000	559	0	6319	0	0	0	11505	0
706000	325	0	6680	0	0	0	11058	0
707000	391	0	6637	0	0	0	11107	0
708000	552	0	6555	0	0	0	10837	0
709000	598	0	6492	0	0	0	10828	0
710000	279	0	6740	0	0	0	10846	0
711000	499	0	6481	0	0	0	10650	0
712000	539	0	6431	0	0	0	10639	0
713000	666	0	6441	0	0	0	10106	0
714000	394	0	6606	0	0	0	11386	0
715000	556	0	6463	0	0	0	11261	0
716000	429	0	6567	0	0	0	11283	0
717000	707	0	6290	0	0	0	10850	0
718000	341	0	6636	0	0	0	11245	0
719000	676	0	6540	0	0	0	9770	0
720000	545	0	6396	0	0	0	11285	0
721000	494	0	6611	0	0	0	11580	0
722000	298	0	6773	0	0	0	11371	0
723000	537	0	6407	0	0	0	11103	0
724000	533	0	6421	0	0	0	11110	0
725000	376	0	6513	0	0	0	11509	0
726000	635	0	6457	0	0	0	11107	0
727000	647	0	6270	0	0	0	10063	0
728000	578	0	6460	0	0	0	11333	0
729000	444	0	6466	0	0	0	11279	0
730000	475	0	6733	0	0	0	10674	0
731000	521	0	6662	0	0	0	10791	0
732000	399	0	6545	0	0	0	10075	0
733000	574	0	6438	0	0	0	10727	0
734000	681	0	6360	0	0	0	10623	0
735000	418	0	6619	0	0	0	11169	0
736000	349	0	6766	0	0	0	11606	0
737000	552	0	6422	0	0	0	11274	0
738000	346	0	6714	0	0	0	11319	0
739000	356	0	6678	0	0	0	11685	0
740000	432	0	6645	0	0	0	11059	0
741000	418	0	6779	0	0	0	10873	0
742000	344	0	6674	0	0	0	11271	0
743000	376	0	6575	0	0	0	11505	0
744000	528	0	6504	0	0	0	10700	0
745000	351	0	6642	0	0	0	11457	0
746000	544	0	6444	0	0	0	11240	0
747000	463	0	6542	0	0	0	11715	0
748000	513	0	6498	0	0	0	11171	0
749000	474	0	6570	0	0	0	11163	0
750000	556	0	6568	0	0	0	10498	0
751000	511	0	6527	0	0	0	11674	0
752000	430	0	6644	0	0	0	11208	0
753000	437	0	6498	0	0	0	11108	0
754000	444	0	6551	0	0	0	11538	0
755000	342	0	6773	0	0	0	12060	0
756000	515	0	6471	0	0	0	11374	0
757000	992	0	6043	0	0	0	10050	0
758000	669	0	6433	0	0	0	11168	0
759000	384	0	6623	0	0	0	11510	0
760000	432	0	6511	0	0	0	11171	0
761000	735	0	6299	0	0	0	9965	0
762000	617	0	6405	0	0	0	10922	0
763000	472	0	6659	0	0	0	11117	0
764000	446	0	6428	0	0	0	11247	0
765000	461	0	6437	0	0	0	11069	0
766000	592	0	6453	0	0	0	10779	0
767000	686	0	6222	0	0	0	10499	0
768000	439	0	6629	0	0	0	11003	0
769000	658	0	6438	0	0	0	10512	0
770000	409	0	6546	0	0	0	11004	0
771000	376	0	6606	0	0	0	11279	0
772000	505	0	6485	0	0	0	10684	0
773000	332	0	6572	0	0	0	11422	0
774000	373	0	6661	0	0	0	11242	0
775000	447	0	6569	0	0	0	11190	0
776000	469	0	6417	0	0	0	11689	0
777000	256	0	6861	0	0	0	10607	0
778000	361	0	6736	0	0	0	10886	0
779000	486	0	6526	0	0	0	11351	0
780000	571	0	6425	0	0	0	11492	0
781000	335	0	6753	0	0	0	10755	0
782000	567	0	6364	0	0	0	11407	0
783000	515	0	6454	0	0	0	10817	0
784000	554	0	6582	0	0	0	11257	0
785000	459	0	6632	0	0	0	11685	0
786000	662	0	6620	0	0	0	11057	0
787000	499	0	6544	0	0	0	11754	0
788000	586	0	6401	0	0	0	10776	0
789000	541	0	6545	0	0	0	10753	0
790000	487	0	6519	0	0	0	11457	0
791000	521	0	6498	0	0	0	11677	0
792000	549	0	6458	0	0	0	10569	0
793000	435	0	6509	0	0	0	10921	0
794000	753	0	6272	0	0	0	10852	0
795000	881	0	6050	0	0	0	10317	0
796000	658	0	6260	0	0	0	10598	0
797000	584	0	6544	0	0	0	11223	0
798000	478	0	6557	0	0	0	11196	0
799000	461	0	6526	0	0	0	12023	0
800000	424	0	6516	0	0	0	10855	0
801000	570	0	6435	0	0	0	10836	0
802000	464	0	6656	0	0	0	11468	0
803000	270	0	6716	0	0	0	11370	0
804000	551	0	6430	0	0	0	11316	0
805000	426	0	6490	0	0	0	11697	0
806000	405	0	6487	0	0	0	12439	0
807000	411	0	6568	0	0	0	11303	0
808000	528	0	6497	0	0	0	10721	0
809000	578	0	6433	0	0	0	10363	0
810000	307	0	6744	0	0	0	12173	0
811000	523	0	6425	0	0	0	11326	0
812000	513	0	6547	0	0	0	11059	0
813000	388	0	6535	0	0	0	11025	0
814000	544	0	6384	0	0	0	11016	0
815000	670	0	6164	0	0	0	10553	0
816000	496	0	6359	0	0	0	11500	0
817000	357	0	6731	0	0	0	11658	0
818000	534	0	6444	0	0	0	10604	0
819000	431	0	6496	0	0	0	11263	0
820000	426	0	6614	0	0	0	11689	0
821000	433	0	6524	0	0	0	11406	0
822000	509	0	6552	0	0	0	10740	0
823000	567	0	6453	0	0	0	10838	0
824000	348	0	6578	0	0	0	10772	0
825000	523	0	6645	0	0	0	11172	0
826000	477	0	6582	0	0	0	11154	0
827000	820	0	6260	0	0	0	10651	0
828000	565	0	6489	0	0	0	10521	0
829000	451	0	6447	0	0	0	11067	0
830000	395	0	6712	0	0	0	12033	0
831000	609	0	6459	0	0	0	10567	0
832000	638	0	6387	0	0	0	11032	0
833000	356	0	6898	0	0	0	11154	0
834000	531	0	6479	0	0	0	11071	0
835000	331	0	6739	0	0	0	11117	0
836000	430	0	6649	0	0	0	11246	0
837000	600	0	6331	0	0	0	10917	0
838000	753	0	6230	0	0	0	11066	0
839000	396	0	6517	0	0	0	10888	0
840000	402	0	6722	0	0	0	11244	0
841000	535	0	6447	0	0	0	10408	0
842000	630	0	6438	0	0	0	11185	0
843000	441	0	6531	0	0	0	11143	0
844000	583	0	6500	0	0	0	10828	0
845000	292	0	6718	0	0	0	12465	0
846000	499	0	6493	0	0	0	11013	0
847000	465	0	6611	0	0	0	11372	0
848000	445	0	6539	0	0	0	10873	0
849000	488	0	6505	0	0	0	11773	0
850000	653	0	6367	0	0	0	10752	0
851000	447	0	6698	0	0	0	11975	0
852000	528	0	6569	0	0	0	10990	0
853000	428	0	6506	0	0	0	11658	0
854000	555	0	6406	0	0	0	11168	0
855000	446	0	6550	0	0	0	11009	0
856000	313	0	6656	0	0	0	11559	0
857000	319	0	6738	0	0	0	11845	0
858000	361	0	6540	0	0	0	10949	0
859000	549	0	6441	0	0	0	10869	0
860000	411	0	6587	0	0	0	11466	0
861000	754	0	6294	0	0	0	11064	0
862000	320	0	6636	0	0	0	11932	0
863000	605	0	6421	0	0	0	11117	0
864000	581	0	6469	0	0	0	11089	0
865000	526	0	6614	0	0	0	10888	0
866000	328	0	6797	0	0	0	10758	0
867000	467	0	6485	0	0	0	10588	0
868000	317	0	6676	0	0	0	11694	0
869000	445	0	6638	0	0	0	10528	0
870000	457	0	6653	0	0	0	10921	0
871000	539	0	6468	0	0	0	11458	0
872000	302	0	6699	0	0	0	11443	0
873000	447	0	6688	0	0	0	11663	0
874000	360	0	6517	0	0	0	11264	0
875000	498	0	6625	0	0	0	11097	0
876000	473	0	6599	0	0	0	11400	0
877000	750	0	6260	0	0	0	10681	0
878000	387	0	6424	0	0	0	11367	0
879000	493	0	6550	0	0	0	11284	0
880000	601	0	6548	0	0	0	10890	0
881000	557	0	6502	0	0	0	11032	0
882000	307	0	6777	0	0	0	12135	0
883000	285	0	6698	0	0	0	11537	0
884000	385	0	6706	0	0	0	11419	0
885000	476	0	6552	0	0	0	11050	0
886000	512	0	6512	0	0	0	11088	0
887000	467	0	6492	0	0	0	11294	0
888000	494	0	6592	0	0	0	10283	0
889000	604	0	6519	0	0	0	11576	0
890000	1056	0	5906	0	0	0	9937	0
891000	518	0	6541	0	0	0	10258	0
892000	325	0	6559	0	0	0	11938	0
893000	441	0	6564	0	0	0	12060	0
894000	695	0	6326	0	0	0	10919	0
895000	468	0	6631	0	0	0	11265	0
896000	303	0	6740	0	0	0	11971	0
897000	526	0	6596	0	0	0	11640	0
898000	565	0	6421	0	0	0	10271	0
899000	444	0	6457	0	0	0	10687	0
900000	522	0	6601	0	0	0	11618	0
901000	306	0	6666	0	0	0	11253	0
902000	412	0	6820	0	0	0	11426	0
903000	436	0	6643	0	0	0	11298	0
904000	369	0	6657	0	0	0	12064	0
905000	495	0	6427	0	0	0	11436	0
906000	480	0	6628	0	0	0	10591	0
907000	545	0	6440	0	0	0	10904	0
908000	460	0	6472	0	0	0	11571	0
909000	596	0	6389	0	0	0	11885	0
910000	688	0	6322	0	0	0	10469	0
911000	540	0	6366	0	0	0	10767	0
912000	532	0	6518	0	0	0	11421	0
913000	356	0	6704	0	0	0	11226	0
914000	449	0	6652	0	0	0	10265	0
915000	597	0	6441	0	0	0	11607	0
916000	533	0	6583	0	0	0	11404	0
917000	355	0	6650	0	0	0	11694	0
918000	404	0	6645	0	0	0	12055	0
919000	539	0	6522	0	0	0	10780	0
920000	537	0	6742	0	0	0	10938	0
921000	585	0	6576	0	0	0	10645	0
922000	798	0	6300	0	0	0	10280	0
923000	543	0	6436	0	0	0	11038	0
924000	354	0	6734	0	0	0	11526	0
925000	294	0	6629	0	0	0	11272	0
926000	455	0	6393	0	0	0	10452	0
927000	561	0	6414	0	0	0	11241	0
928000	636	0	6294	0	0	0	11626	0
929000	379	0	6662	0	0	0	12202	0
930000	648	0	6447	0	0	0	10945	0
931000	455	0	6627	0	0	0	10740	0
932000	388	0	6648	0	0	0	10967	0
933000	516	0	6337	0	0	0	11138	0
934000	356	0	6843	0	0	0	11761	0
935000	604	0	6253	0	0	0	10918	0
936000	608	0	6447	0	0	0	10216	0
937000	489	0	6570	0	0	0	11370	0
938000	619	0	6396	0	0	0	10380	0
939000	433	0	6562	0	0	0	11826	0
940000	548	0	6384	0	0	0	11009	0
941000	323	0	6769	0	0	0	11371	0
942000	741	0	6405	0	0	0	11109	0
943000	381	0	6572	0	0	0	10960	0
944000	221	0	6833	0	0	0	11586	0
945000	678	0	6113	0	0	0	10472	0
946000	460	0	6500	0	0	0	10878	0
947000	556	0	6350	0	0	0	11311	0
948000	499	0	6488	0	0	0	10991	0
949000	834	0	6123	0	0	0	10374	0
950000	511	0	6339	0	0	0	10557	0
951000	307	0	6721	0	0	0	11191	0
952000	236	0	6626	0	0	0	12234	0
953000	460	0	6490	0	0	0	11185	0
954000	459	0	6662	0	0	0	10808	0
955000	447	0	6631	0	0	0	11666	0
956000	492	0	6498	0	0	0	11480	0
957000	834	0	6152	0	0	0	10506	0
958000	521	0	6463	0	0	0	10838	0
959000	488	0	6551	0	0	0	10708	0
960000	480	0	6466	0	0	0	11435	0
961000	555	0	6311	0	0	0	11597	0
962000	253	0	6814	0	0	0	11474	0
963000	325	0	6695	0	0	0	11446	0
964000	646	0	6272	0	0	0	11121	0
965000	563	0	6424	0	0	0	10662	0
966000	449	0	6584	0	0	0	11216	0
967000	561	0	6471	0	0	0	10219	0
968000	297	0	6886	0	0	0	11683	0
969000	667	0	6325	0	0	0	11626	0
970000	357	0	6737	0	0	0	11917	0
971000	440	0	6560	0	0	0	11987	0
972000	595	0	6425	0	0	0	11025	0
973000	235	0	6820	0	0	0	11930	0
974000	299	0	6701	0	0	0	11421	0
975000	447	0	6659	0	0	0	11829	0
976000	375	0	6788	0	0	0	11720	0
977000	483	0	6647	0	0	0	11003	0
978000	661	0	6212	0	0	0	11103	0
979000	684	0	6268	0	0	0	11727	0
980000	353	0	6592	0	0	0	11735	0
981000	565	0	6417	0	0	0	10244	0
982000	407	0	6513	0	0	0	10850	0
983000	611	0	6651	0	0	0	10989	0
984000	516	0	6597	0	0	0	11201	0
985000	434	0	6581	0	0	0	10677	0
986000	531	0	6486	0	0	0	10621	0
987000	518	0	6458	0	0	0	10718	0
988000	490	0	6384	0	0	0	10781	0
989000	661	0	6394	0	0	0	10830	0
990000	537	0	6514	0	0	0	10795	0
991000	606	0	6406	0	0	0	11303	0
992000	615	0	6419	0	0	0	10748	0
993000	501	0	6566	0	0	0	10670	0
994000	438	0	6666	0	0	0	11255	0
995000	677	0	6322	0	0	0	11023	0
996000	380	0	6747	0	0	0	12183	0
997000	524	0	6492	0	0	0	10434	0
998000	400	0	6673	0	0	0	11497	0
999000	304	0	6626	0	0	0	11970	0
