0	0	0	0	14400	0	0	0	0
1000	8	248	591	12983	38	41	38049	175
2000	33	254	973	12416	24	35	37350	106
3000	15	221	995	12339	126	0	38069	85
4000	15	260	1038	12202	97	63	36372	423
5000	20	216	1099	12042	52	193	38017	501
6000	23	230	1338	11652	2	253	35297	822
7000	22	228	1068	12258	2	79	37736	317
8000	20	263	1431	11784	0	23	36526	122
9000	31	243	1474	11581	0	26	36004	71
10000	46	237	1318	11814	0	70	36687	321
11000	26	273	1365	11858	0	6	36905	70
12000	36	248	1551	11520	22	13	34958	218
13000	19	242	1340	11810	0	32	37821	84
14000	25	220	1220	12053	0	0	35926	9
15000	21	247	1356	11776	62	10	36509	297
16000	29	285	1069	12144	23	82	36890	251
17000	33	216	1277	11949	0	40	37893	164
18000	28	260	1167	12090	0	30	37535	63
19000	18	245	965	12516	0	25	36486	113
20000	24	274	1319	11897	8	0	36810	6
21000	32	192	1537	11504	75	18	38201	299
22000	34	280	1212	12020	0	0	36113	6
23000	31	246	1398	11721	3	39	36005	231
24000	35	235	1411	11686	3	36	35857	63
25000	31	237	1559	11530	0	28	36259	27
26000	45	195	2080	10632	2	96	35124	306
27000	26	207	1356	11668	9	240	37793	602
28000	23	275	1555	11316	4	243	36599	791
29000	29	240	1315	11799	1	129	36947	287
30000	30	263	1260	11961	0	37	36023	192
31000	23	237	1157	12060	3	87	37033	89
32000	36	271	1370	11815	0	0	36870	1
33000	33	240	1382	11672	72	37	36469	453
34000	25	240	1102	12135	39	72	35756	276
35000	41	254	1242	12035	0	17	35463	102
36000	21	254	1209	12017	1	56	37719	196
37000	22	238	1208	12054	21	49	37101	235
38000	27	235	1147	12119	0	42	36304	227
39000	28	252	1315	11818	60	13	37079	184
40000	24	250	1543	11454	92	0	36590	85
41000	20	267	1328	11721	129	28	35752	567
42000	32	250	1450	11525	129	52	35335	355
43000	23	214	1674	11370	19	13	37656	88
44000	41	269	1395	11674	66	29	35271	225
45000	36	229	1458	11561	10	97	35514	195
46000	26	286	1189	12051	1	36	36010	91
47000	33	252	1074	12285	0	0	36695	42
48000	22	236	957	12346	90	94	37272	572
49000	17	239	1064	12201	43	109	36821	312
50000	19	268	1152	12104	0	90	37557	306
51000	22	229	1234	11969	0	97	37095	201
52000	21	228	1266	11810	9	225	35759	652
53000	29	241	1064	12136	21	194	36212	489
54000	31	221	1253	11820	6	211	37128	622
55000	25	208	1467	11633	3	124	35501	486
56000	30	239	1542	11414	0	151	34966	596
57000	30	236	1381	11704	41	42	36234	158
58000	13	253	1245	11904	7	112	37271	129
59000	29	269	1272	11729	4	224	35399	515
60000	50	233	1527	11163	9	404	35782	956
61000	26	224	1469	11433	2	280	34339	933
62000	27	239	1031	12279	15	70	37115	217
63000	13	224	1009	12367	23	69	37283	204
64000	13	254	1025	12265	19	107	37774	339
65000	14	256	1180	12126	0	37	37449	42
66000	20	230	1431	11720	0	60	35694	197
67000	29	252	1663	11244	135	0	35144	47
68000	23	239	1516	11536	43	33	35561	212
69000	36	209	1675	11160	145	59	35073	320
70000	36	216	2002	10700	124	17	34475	338
71000	41	214	1563	11404	64	91	36262	440
72000	38	219	1471	11609	31	74	35021	468
73000	32	254	1417	11538	29	187	36943	668
74000	11	234	1250	11879	9	133	35171	379
75000	14	250	1171	12101	0	69	37882	250
76000	38	225	1816	11087	13	9	36345	79
77000	36	213	1392	11687	111	0	37436	234
78000	40	230	1660	11200	161	7	35115	483
79000	74	246	2315	10213	33	8	34343	123
80000	40	205	2291	10357	79	0	34270	233
81000	30	267	1976	10722	34	68	35077	210
82000	31	277	1809	11092	0	47	34907	122
83000	36	190	1484	11509	154	1	35005	274
84000	32	237	1503	11498	75	28	35794	308
85000	25	257	1191	12072	23	29	36365	146
86000	23	251	1204	11986	0	95	38195	203
87000	17	272	1221	11990	2	75	36535	221
88000	26	229	1146	12148	0	94	36051	334
89000	23	264	1153	11924	37	192	35829	516
90000	46	226	1930	10759	9	110	35475	505
91000	34	277	2126	10542	28	75	34257	401
92000	27	273	1415	11596	1	145	37084	318
93000	33	302	1501	11438	0	168	36693	380
94000	34	223	1689	11220	1	139	35789	481
95000	40	227	1649	11243	10	158	35924	452
96000	21	219	1304	11919	0	26	34875	84
97000	15	267	1009	12373	0	6	37098	9
98000	35	234	1413	11712	5	0	36140	30
99000	39	262	1115	12078	100	13	34940	450
100000	36	224	1427	11550	107	97	34512	493
101000	22	250	1277	11718	35	194	36022	667
102000	8	272	1375	11763	18	107	36602	390
103000	24	231	1340	11861	2	41	37536	154
104000	30	198	1857	11039	1	20	37315	45
105000	18	260	1432	11696	0	0	36763	1
106000	34	233	1316	11688	144	110	35547	480
107000	25	259	1270	11743	96	140	36409	528
108000	21	257	1212	11765	92	206	36799	600
109000	41	193	1621	11185	51	196	37876	725
110000	25	204	1588	11293	72	168	36182	606
111000	16	211	1170	12030	35	139	36874	473
112000	33	214	1276	11889	10	148	36463	546
113000	17	232	1277	11980	0	37	35820	76
114000	16	233	1274	12045	7	6	35893	47
115000	37	223	1364	11868	0	0	37394	9
116000	56	217	2014	10731	4	7	34938	59
117000	24	218	1418	11674	116	30	37049	212
118000	25	228	1159	12023	146	45	36814	580
119000	26	251	1295	11526	219	224	34963	1105
120000	27	211	1542	11339	25	203	35067	506
121000	35	247	1553	11204	95	209	35070	879
122000	38	220	1809	11065	0	69	36480	321
123000	30	225	1681	11278	8	41	36049	205
124000	36	212	1874	10881	70	99	35319	497
125000	33	231	2324	10328	0	49	35317	133
126000	33	257	1550	11555	0	27	35271	111
127000	32	226	1418	11709	40	16	36215	147
128000	45	212	1599	11425	77	4	36056	235
129000	23	309	1133	12147	0	0	35477	3
130000	37	239	1463	11502	169	33	36880	411
131000	40	263	1701	11099	101	80	34558	819
132000	40	224	1448	10983	167	571	34098	1578
133000	37	282	1339	11259	181	344	34389	1579
134000	34	260	1254	11602	74	358	36710	1203
135000	24	242	967	12013	36	387	35673	1159
136000	32	267	1058	11988	47	251	37333	817
137000	21	271	1088	11896	47	297	35921	1037
138000	11	215	1044	12037	51	295	33942	1008
139000	20	260	1045	12150	31	181	36190	694
140000	16	285	858	12305	64	198	36094	798
141000	40	239	1164	11855	59	264	35845	921
142000	47	250	1901	10489	130	295	33821	958
143000	43	232	1781	10418	213	546	33719	2334
144000	41	226	1905	9384	719	947	32106	4305
145000	48	272	1694	9141	590	1589	29357	5971
146000	48	228	1652	8309	763	2295	27774	9092
147000	29	251	1947	7750	378	2754	27306	9134
148000	43	217	1434	8558	725	2433	27699	9381
149000	40	218	1365	8712	560	2576	27936	8742
150000	43	253	1190	8533	713	2865	26371	9967
151000	42	281	1216	7626	1077	3364	24606	11782
152000	50	236	1509	7592	957	3051	25870	11573
153000	53	199	1619	8241	981	2271	28178	9510
154000	43	250	1295	7754	1338	2859	25432	11272
155000	56	211	1515	7635	798	3128	24160	10943
156000	37	214	1328	8027	574	3311	27103	10604
157000	32	236	1261	7749	746	3526	24975	11401
158000	35	190	1415	7579	1023	3173	25057	11954
159000	47	207	1473	7972	809	2922	26124	9880
160000	45	183	1429	7287	1013	3484	24528	12680
161000	35	195	940	7707	1095	3742	24599	12496
162000	50	251	1008	7798	1176	3366	25055	12705
163000	53	221	1358	7537	1455	2889	24583	12118
164000	60	211	1663	7465	1072	2803	26240	10205
165000	51	241	1573	7599	794	3037	24405	11372
166000	50	257	1765	6657	1191	3346	23569	11839
167000	69	200	1608	7276	1281	2893	25310	11622
168000	46	197	1615	7481	929	3038	24252	11333
169000	35	250	941	8346	838	3341	25614	12048
170000	36	207	1224	8100	882	3117	27440	11471
171000	48	241	1484	8007	800	2795	26676	10031
172000	52	235	1482	8031	991	2589	26027	10157
173000	51	224	1494	7923	953	2761	26126	9982
174000	51	182	1570	6942	1052	3573	23902	12784
175000	45	263	1174	7478	890	3690	23641	12532
176000	38	193	1203	7725	1143	3227	24421	12665
177000	63	229	1535	7296	1361	2892	24393	11846
178000	67	200	1346	7036	1635	3180	23656	13060
179000	56	240	1300	7263	1245	3437	23854	12815
180000	60	169	1302	7499	1187	3219	24831	12580
181000	49	226	1569	7604	1072	2885	25803	10038
182000	64	193	1517	7457	1334	2824	24974	11038
183000	56	214	1437	8330	1035	2306	27632	8594
184000	33	199	1652	8629	738	2063	28396	7760
185000	58	184	1503	9008	605	2012	28962	7406
186000	48	271	1660	8568	492	2221	27217	7637
187000	43	260	1558	8521	464	2541	28777	7912
188000	29	209	1472	8550	478	2697	28058	8995
189000	40	201	1372	8303	636	2892	29602	9306
190000	46	245	1316	8505	866	2502	27046	9138
191000	35	232	1083	8765	798	2725	26379	10070
192000	35	216	1156	8478	937	2790	26689	9926
193000	59	208	1485	8702	671	2298	28733	7935
194000	58	217	1477	8770	768	2066	28895	8382
195000	61	183	1625	7952	1162	2319	26958	10694
196000	67	223	1825	8316	1053	1756	28051	7847
197000	31	186	1370	9454	635	1786	29401	7291
198000	45	256	1681	9129	633	1521	30274	5913
199000	59	219	1512	9209	784	1583	29330	6407
200000	44	256	1249	9744	455	1783	30999	6019
201000	63	205	1516	9288	561	1816	28477	6538
202000	32	216	1550	9543	631	1357	30548	5319
203000	40	237	2105	8964	320	1404	29977	5394
204000	75	186	2218	8342	729	1441	28619	5827
205000	46	239	1925	8486	842	1614	29321	7168
206000	75	210	2729	8063	485	1102	30340	4742
207000	37	201	2012	8647	304	1921	28875	5400
208000	45	236	1704	8782	507	2021	29299	6825
209000	46	252	1665	8864	456	2056	29721	7097
210000	32	222	1372	8400	488	3001	26980	8818
211000	34	240	1216	8515	586	2996	26375	9722
212000	34	196	1265	8136	738	3158	27933	10513
213000	53	209	1581	7826	714	2987	25129	10094
214000	47	212	1739	8248	469	2490	28382	7918
215000	71	173	1967	7848	797	2257	26231	8042
216000	66	185	1920	8025	517	2480	27016	8249
217000	29	235	1626	8192	656	2643	26809	8717
218000	54	208	1582	8544	678	2255	27545	8290
219000	52	178	2153	7433	955	2237	27885	8576
220000	32	242	1633	7282	903	3158	25587	10979
221000	58	252	1442	7097	962	3690	23146	12649
222000	60	168	1483	7215	1255	3177	23052	13442
223000	70	202	1922	6508	1371	3083	24132	12122
224000	64	230	1860	7030	1004	2894	24559	10802
225000	30	210	1539	7870	543	3166	25892	9872
226000	37	235	1464	8203	614	2837	26760	10093
227000	45	235	1211	9072	555	2436	28366	8599
228000	19	218	1073	9096	604	2623	28616	9447
229000	29	237	1235	9460	416	2144	30160	6980
230000	41	225	1513	9292	476	1848	29870	7280
231000	50	241	1601	9656	511	1333	30289	5733
232000	42	192	1565	10183	603	776	33290	4071
233000	70	190	1899	9408	512	1014	32650	4015
234000	32	211	1205	10213	398	1567	31316	4604
235000	37	239	1338	10052	400	1428	31496	5432
236000	42	273	1248	10286	242	1488	31264	4706
237000	14	270	1308	10243	271	1488	30809	4814
238000	46	245	1447	9588	395	1682	30160	5125
239000	55	238	1672	8955	373	1977	29512	5973
240000	34	200	1181	9940	345	1881	30820	7291
241000	20	225	1153	10105	381	1750	31349	5796
242000	27	244	1243	10188	267	1613	32494	5139
243000	25	229	1040	10519	277	1574	32006	5506
244000	32	262	1169	10352	275	1474	32139	4739
245000	39	212	1164	10387	199	1589	31563	4920
246000	26	240	906	10579	280	1714	31415	5162
247000	13	244	804	11186	235	1340	32930	4328
248000	37	206	1157	10562	198	1416	31984	4422
249000	16	197	1168	10792	200	1210	34172	4050
250000	37	219	1538	10215	193	1129	33929	3938
251000	15	259	1140	10934	116	1164	33222	3321
252000	24	276	1136	10726	135	1306	34241	3559
253000	34	274	959	11141	291	1013	33036	3343
254000	26	231	893	11270	213	1101	33330	3271
255000	22	232	974	11110	352	1029	34050	3843
256000	29	223	1102	10766	404	1095	34343	3632
257000	28	247	1327	10931	235	757	34412	2706
258000	28	247	1052	11648	258	436	36753	1889
259000	25	275	1256	11471	186	313	36075	1432
260000	31	201	1525	11090	59	507	35285	2183
261000	30	222	1474	10997	16	632	33621	2103
262000	20	211	1538	10902	57	694	34475	2086
263000	38	242	1417	10961	43	728	34339	2836
264000	33	238	1615	10368	65	1052	32360	3132
265000	25	262	1421	10772	122	862	34590	2616
266000	15	242	1519	10487	170	1026	32782	3304
267000	19	287	1402	10448	114	1191	31000	3625
268000	54	218	1924	9651	139	1175	31596	3610
269000	40	220	1506	10421	189	1053	32601	3791
270000	18	251	1293	10879	330	811	32689	3079
271000	44	254	1339	10468	434	960	32401	3780
272000	33	252	1688	10023	325	944	33132	2995
273000	22	239	1474	10194	182	1338	32161	4088
274000	43	245	1327	10170	500	1149	31486	4912
275000	35	215	1513	9647	760	1276	30427	5914
276000	47	212	1726	9267	717	1332	30572	6019
277000	56	238	1433	9481	712	1508	29000	6153
278000	34	203	1589	9179	539	1812	29671	6136
279000	44	226	1488	9641	341	1672	30507	6015
280000	43	222	1632	9877	374	1237	32142	4218
281000	33	259	1493	10100	229	1320	32873	4499
282000	28	268	1138	10656	298	1205	31464	4236
283000	43	208	1408	10247	499	1074	33021	4671
284000	42	255	1695	9221	599	1478	32072	4884
285000	19	210	1649	8485	372	2558	29798	7082
286000	48	227	1281	9265	424	2313	27888	7936
287000	19	224	1463	8576	462	2627	29329	8763
288000	37	240	1219	8500	589	2918	27097	9603
289000	35	225	1654	8377	601	2436	29156	8996
290000	21	230	1071	8531	714	3018	27196	10242
291000	59	236	1340	7986	572	3291	25903	10687
292000	41	221	1447	7888	561	3269	25935	10620
293000	25	258	1311	8242	508	3196	27399	9465
294000	44	269	1027	8382	703	3287	26535	11482
295000	56	245	1228	8402	693	2900	26535	10175
296000	34	214	1377	8523	631	2697	27704	9603
297000	49	212	1662	8526	656	2178	28310	8231
298000	32	207	1474	9263	576	1886	29187	6759
299000	38	250	1598	9421	235	1775	30858	5546
300000	42	250	1534	9545	398	1646	30198	5703
301000	70	228	2064	9323	311	1116	30824	3970
302000	35	212	1273	10077	406	1526	32039	5519
303000	22	232	1278	10381	346	1283	33691	4692
304000	26	193	1307	10094	301	1561	31474	4426
305000	38	235	1369	10335	182	1303	32750	3955
306000	22	211	1236	10621	161	1320	32537	3902
307000	38	215	1061	10823	275	1265	32365	4413
308000	26	241	1133	10627	344	1293	33938	4450
309000	38	257	1256	10307	281	1430	31442	5077
310000	46	250	1392	9888	453	1451	31833	4864
311000	41	213	1185	9408	789	1911	28404	7392
312000	48	283	1568	9196	726	1544	30302	5803
313000	40	275	1362	10076	423	1337	31557	4508
314000	32	258	1445	10076	285	1324	31570	4610
315000	41	209	1693	10194	172	984	33915	3418
316000	34	228	1252	10899	77	1008	33960	2912
317000	18	243	945	11243	110	1172	34752	3530
318000	37	264	1225	10761	172	1148	33026	3522
319000	14	249	1044	11169	343	826	35336	3580
320000	50	262	1559	10465	270	788	32608	3083
321000	53	228	1794	10053	327	720	33222	2781
322000	43	228	1723	9990	344	890	32055	3485
323000	37	235	1677	10303	148	898	31944	2891
324000	50	212	1809	9934	359	764	32337	3152
325000	66	184	1699	9810	660	881	31547	4586
326000	52	209	1431	10403	371	954	31915	3971
327000	54	232	1566	9856	488	1151	32303	3959
328000	48	263	1427	10000	387	1298	30713	4806
329000	44	227	1624	9873	412	1207	31545	4799
330000	34	213	1497	9584	464	1610	30207	5869
331000	22	207	1195	10249	456	1434	31842	4886
332000	41	219	1150	10568	314	1263	33256	4273
333000	26	277	885	10577	460	1475	32728	5327
334000	36	230	917	10501	449	1619	31868	6442
335000	48	212	1395	9909	322	1580	31153	5260
336000	50	296	1473	9655	446	1451	32061	5024
337000	35	232	1547	9954	282	1304	31809	5028
338000	31	229	1326	10227	231	1460	31061	4380
339000	29	242	1473	10135	325	1177	32261	4200
340000	25	209	1168	10175	439	1557	30821	4686
341000	34	199	1260	9948	348	1757	30464	5133
342000	37	195	1393	9022	421	2406	28968	7086
343000	44	240	1419	9174	262	2341	28907	7654
344000	39	234	1540	8917	388	2257	29310	7395
345000	34	215	1344	9493	336	2129	30582	6751
346000	37	258	1403	9372	299	2083	30270	6086
347000	42	235	1650	8750	333	2284	29685	6929
348000	40	237	1548	8708	361	2506	28038	7658
349000	33	261	1214	9553	132	2380	29203	6665
350000	27	235	1233	8824	264	3023	27414	8670
351000	27	247	1027	8910	394	3007	28538	9318
352000	42	230	1152	9152	424	2586	29156	8370
353000	36	264	1284	9175	418	2355	28566	7962
354000	17	226	1166	8985	413	2783	27823	9334
355000	17	260	700	10198	424	2265	29149	7379
356000	19	213	808	10446	334	1967	30711	6864
357000	18	243	816	10379	413	1891	31452	5860
358000	33	261	1011	10087	371	1946	29852	6220
359000	53	258	1601	8498	590	2359	28670	7309
360000	45	209	1686	8401	825	2032	27538	7635
361000	91	207	2253	7602	1128	1669	26883	7406
362000	61	156	2005	7127	1267	2492	24977	10072
363000	81	183	2106	6730	1361	2536	24819	10739
364000	80	214	1904	7227	1540	2245	24804	10490
365000	57	216	1585	7820	946	2762	26331	10674
366000	42	203	1260	8208	876	2935	26715	10535
367000	77	205	1421	7292	1140	3305	25405	12366
368000	25	235	1165	8078	709	3384	26314	11480
369000	18	235	1241	8469	729	2849	27253	9707
370000	40	234	1272	8324	754	2926	26706	9803
371000	48	279	1061	8498	731	2974	27549	10319
372000	46	211	964	8516	875	3095	25912	11020
373000	22	218	1054	8432	686	3253	27131	10661
374000	50	195	1115	7518	967	3771	24251	13243
375000	54	211	1444	7003	1201	3522	23567	12967
376000	47	234	1688	6915	1186	3230	22592	11915
377000	61	247	1389	7186	1287	3205	22573	12090
378000	56	185	1588	7608	1156	2675	25008	11260
379000	49	228	1803	7408	1223	2503	26951	9887
380000	51	170	1672	7329	1486	2507	24844	11015
381000	37	197	1175	8342	968	2881	26948	10244
382000	18	200	811	8143	970	3646	24346	12794
383000	31	245	773	8297	772	3744	24640	13462
384000	34	237	855	8820	606	3255	25831	11003
385000	33	205	1212	8653	586	2888	28242	9384
386000	38	191	1248	8774	536	2730	28206	9178
387000	46	242	1449	8950	494	2165	30688	6966
388000	52	189	1586	9029	573	1854	29078	6726
389000	50	218	1522	9576	509	1549	30785	5937
390000	43	272	1564	9749	390	1345	30954	4881
391000	58	212	1574	9757	459	1341	31888	4718
392000	35	214	1938	9551	342	1041	32434	3991
393000	46	236	1473	9548	468	1662	29470	5301
394000	38	249	1248	9704	459	1838	29583	6561
395000	25	260	1408	9518	376	1815	32046	5617
396000	44	228	1270	9345	331	2273	28862	8014
397000	37	241	1528	8964	540	2031	29548	7495
398000	20	244	1338	9395	428	2045	30643	7024
399000	27	188	1285	9524	409	2108	29737	7022
400000	25	250	1215	9075	558	2447	28315	8388
401000	21	270	819	9282	554	2855	28470	9419
402000	23	269	928	9540	618	2333	29386	8478
403000	41	237	1104	9172	434	2608	28536	9392
404000	24	206	1306	9388	518	2108	29825	7675
405000	31	266	1222	9443	658	1940	28041	7313
406000	50	214	1330	9326	553	1995	29465	6751
407000	35	230	1558	9162	478	1879	30765	6860
408000	64	226	1731	9039	673	1533	29358	6376
409000	40	194	1703	9464	541	1408	31476	5059
410000	46	219	1610	9865	395	1196	32018	4474
411000	50	193	1870	9507	420	1186	32522	4198
412000	35	227	1409	9207	707	1852	29581	6582
413000	58	208	1563	8144	1364	2048	28126	8805
414000	94	182	1989	7175	1413	2272	26189	10911
415000	40	159	2107	7286	1125	2330	25297	9943
416000	57	199	2036	7693	1053	2036	26409	9061
417000	76	187	2177	7631	1049	1886	25954	7677
418000	50	218	2160	7715	875	2014	27722	7811
419000	69	216	2176	6797	1323	2429	25121	10350
420000	93	244	2131	6771	1093	2746	25514	11386
421000	46	206	1936	7431	966	2598	25014	10071
422000	62	169	1638	6953	1559	2900	24623	12043
423000	40	245	1722	6400	1261	3592	22808	13766
424000	57	222	1296	7155	1469	3285	24346	13698
425000	42	210	1652	7444	1035	2963	24656	10993
426000	40	223	1290	7234	878	3796	23449	13133
427000	49	241	1155	8509	726	2915	26165	10479
428000	37	201	862	8675	672	3270	27265	10718
429000	38	265	915	9044	888	2599	28302	9382
430000	35	235	1158	9223	668	2308	30498	8671
431000	44	190	1389	9070	658	2084	28847	7851
432000	38	213	1897	8995	414	1706	28666	5538
433000	35	239	1979	8521	517	1753	29631	6133
434000	34	191	2074	8728	303	1782	30486	5948
435000	83	256	2291	8691	355	1236	29830	4984
436000	42	242	2494	8936	295	838	30547	3438
437000	48	246	2022	9490	378	851	31071	3490
438000	57	219	2155	9430	550	593	33088	2627
439000	51	196	1767	10147	344	757	32700	3471
440000	54	237	1479	10348	338	1010	32556	3650
441000	31	201	1324	10723	420	781	33440	3673
442000	31	228	1505	10063	394	1108	33175	4072
443000	46	208	1335	10648	286	958	33910	3628
444000	28	201	1701	10336	177	875	33629	2747
445000	25	272	1582	9973	299	1118	31962	3901
446000	48	231	1422	10657	197	859	32846	3337
447000	26	247	1454	10881	205	595	33489	2293
448000	28	192	1246	10905	216	967	34121	3306
449000	17	273	1157	10523	223	1409	30240	4218
450000	22	255	1195	10266	310	1556	32831	5185
451000	31	235	1090	10108	524	1655	31507	5806
452000	57	199	1249	8876	1121	2036	28215	7922
453000	62	254	1596	8865	479	2073	28706	7544
454000	49	228	1740	8882	231	2159	30648	6661
455000	49	212	1755	8630	357	2257	28514	7136
456000	42	234	1499	9149	277	2197	29703	6869
457000	36	224	1666	9304	264	1781	30764	5944
458000	50	238	1892	9563	341	1057	32067	3768
459000	54	242	2006	9055	563	1098	32551	4438
460000	68	234	2422	9092	319	702	32357	3131
461000	51	234	1645	10843	211	350	32302	1818
462000	52	238	1722	10863	101	257	35401	1133
463000	26	273	1533	11342	54	201	33918	862
464000	31	244	1690	11179	0	163	35792	528
465000	35	204	1772	10977	5	286	36053	880
466000	34	199	1804	11000	6	197	35979	658
467000	36	176	1601	11351	50	112	36899	515
468000	39	209	1575	11390	3	142	35536	511
469000	27	250	1814	10920	9	129	35622	356
470000	28	254	1562	11028	26	422	36746	804
471000	41	191	1626	11012	18	417	36044	1107
472000	42	272	1460	11184	12	414	35552	1101
473000	40	243	1084	11788	84	431	36122	1483
474000	16	231	1297	11532	53	428	35142	1181
475000	40	232	1561	11054	65	356	35143	1412
476000	31	210	1623	10967	42	373	35400	982
477000	33	263	1414	11091	50	592	34333	1647
478000	21	205	1361	11076	33	759	34415	2121
479000	46	225	1640	10620	9	783	33534	2197
480000	30	238	1729	10565	36	653	34253	2069
481000	20	257	1652	10880	50	545	33654	1435
482000	43	240	1421	11262	37	489	35042	1398
483000	44	215	1858	10663	87	285	34313	1126
484000	40	249	1671	10892	57	388	34439	1519
485000	29	257	1549	11097	81	366	36322	1235
486000	24	242	1390	11399	72	421	35453	1082
487000	33	218	1505	10835	176	638	34260	2062
488000	27	257	1416	10792	223	731	33520	2844
489000	39	227	1559	10410	325	814	33484	2589
490000	29	232	1363	10428	512	904	30858	4038
491000	36	214	1520	10091	467	1031	32545	4517
492000	35	241	1696	9408	567	1338	31880	5517
493000	46	222	1633	9339	446	1630	28960	5840
494000	62	230	1654	9245	320	1799	31037	6194
495000	45	258	1161	9773	344	2057	29817	6465
496000	18	255	1118	9951	234	2022	32008	5219
497000	55	217	1554	9159	337	2060	29050	6796
498000	41	219	1525	9710	314	1535	30675	5615
499000	32	247	1365	9489	382	1977	30679	6743
500000	42	230	1138	9354	428	2395	27590	7661
501000	33	225	1054	9408	473	2402	28121	7478
502000	43	204	1359	8141	663	3084	27115	11030
503000	36	218	1496	8570	475	2586	27398	8794
504000	31	225	1368	8699	681	2437	27896	9120
505000	38	217	1204	8308	846	2936	25044	10582
506000	56	244	1207	8058	1082	2843	25937	10801
507000	43	213	1282	8740	800	2439	27475	8667
508000	25	207	1112	9329	514	2448	29509	8441
509000	35	216	1190	9570	598	2048	29173	7432
510000	21	214	985	10468	333	1650	31378	5902
511000	30	257	1150	10886	322	946	33153	3833
512000	28	225	1389	10617	245	1034	33405	3280
513000	33	248	1305	10217	273	1435	31951	4800
514000	29	252	862	10398	413	1817	31032	6471
515000	28	278	790	10463	562	1689	31711	6044
516000	25	196	1170	10674	322	1193	33124	4511
517000	36	224	1058	10844	215	1296	32537	4690
518000	42	255	1321	10358	181	1388	31756	4428
519000	40	265	1111	10092	269	1796	32737	5413
520000	22	236	1295	9629	370	1977	29534	6482
521000	53	204	1659	8543	428	2422	28325	8069
522000	25	202	1520	9201	464	1965	29858	7373
523000	43	218	1687	8753	350	2250	29350	7164
524000	38	218	1738	8908	403	1909	29191	6294
525000	74	228	1839	8812	351	1793	29823	5853
526000	43	216	1845	8639	645	1768	31194	5991
527000	40	201	1400	9312	839	1662	29434	6713
528000	47	218	1287	9597	822	1498	30027	6969
529000	34	245	1271	9035	716	2193	28963	8160
530000	50	267	1305	8606	692	2595	28182	8790
531000	36	252	1166	8831	771	2519	28048	9158
532000	46	212	1163	8902	658	2640	27828	9392
533000	34	221	1138	8840	694	2668	28190	8888
534000	37	243	1271	8582	904	2515	28099	9701
535000	57	225	1411	7989	1193	2628	26262	9922
536000	48	188	1716	8266	1114	1932	27300	9232
537000	52	162	1885	8525	1143	1456	28188	6704
538000	59	209	2072	8371	803	1547	29654	6811
539000	59	252	2397	7665	552	1802	27555	5788
540000	47	204	1945	8171	799	1993	29974	7621
541000	53	241	1771	8064	795	2349	27625	7996
542000	46	257	1395	8427	1239	2099	27409	8673
543000	40	202	1527	8263	1346	2006	28213	9005
544000	47	191	1119	8768	1467	2014	28201	9402
545000	40	165	1703	8503	1168	1654	27838	7553
546000	66	213	1520	8406	1098	2064	27460	7985
547000	45	193	2040	7723	922	2214	27155	9430
548000	39	192	2066	6962	733	3088	25879	9641
549000	37	195	1440	7546	957	3232	24244	11278
550000	58	247	1428	8096	922	2713	26526	10319
551000	37	220	1152	8233	1077	2877	26667	10821
552000	38	224	1282	8505	755	2720	27638	9725
553000	31	200	1282	7878	1018	3104	25976	10674
554000	49	202	1469	6970	1369	3338	24571	13202
555000	67	193	1557	7143	1187	3114	24893	13166
556000	73	200	2113	6066	1520	3000	23434	13302
557000	56	202	1546	5945	1598	3998	20499	14778
558000	64	207	1655	5897	1588	3851	21869	14538
559000	64	215	1209	6040	1792	4167	20039	17044
560000	58	190	1544	5499	1608	4502	20211	16048
561000	62	196	1503	5688	1458	4399	20509	16806
562000	65	219	1136	6398	1564	4198	20009	16389
563000	41	208	1074	6668	1358	4281	21627	16087
564000	57	262	1007	6734	1271	4340	21800	15357
565000	52	226	868	6878	1635	4079	21391	15522
566000	50	239	1242	6498	1374	4113	20449	16260
567000	63	198	1246	6549	1103	4356	21380	14383
568000	43	237	1167	6877	1171	4088	22855	15703
569000	37	221	1305	7115	1342	3547	22769	13170
570000	51	209	1244	7190	1172	3660	23687	14071
571000	42	256	1171	7666	1387	3034	23770	12722
572000	51	232	1319	7883	1284	2776	25638	10813
573000	40	239	1213	8483	994	2597	27011	9673
574000	52	228	1622	7774	853	2764	26670	9675
575000	38	220	1412	7059	1376	3394	24610	13525
576000	90	169	1709	6308	1418	3549	22018	13714
577000	61	222	1426	6194	1663	3837	22041	15101
578000	54	184	1252	6941	1888	3189	21894	13951
579000	67	210	1266	6545	1899	3562	21487	15480
580000	75	216	1057	6494	1701	4054	20585	16204
581000	70	212	1424	6389	1699	3594	20850	14335
582000	40	186	1706	6671	1549	3146	22242	14043
583000	61	169	1971	6310	1397	3177	23454	13708
584000	63	179	2826	6061	1217	2210	24736	9543
585000	70	183	2535	6785	910	2308	26482	9361
586000	80	198	2478	6364	1513	2162	24998	8774
587000	105	176	2243	6294	2037	2085	23806	11825
588000	89	204	2221	6842	1209	2409	24675	10485
589000	67	226	2369	6724	1080	2429	26002	9118
590000	51	185	2040	7825	869	2135	26956	8006
591000	54	168	2091	8177	435	2072	28642	6605
592000	52	243	2180	7611	626	2272	27608	7851
593000	44	211	2070	7746	1060	1916	27634	8186
594000	79	181	1821	8200	1260	1714	27050	8456
595000	38	228	1383	9005	771	2031	28393	7812
596000	48	208	1266	9173	870	1966	29157	7435
597000	44	205	1262	9944	516	1583	30541	6827
598000	27	242	1190	10401	254	1468	31655	4922
599000	34	228	1238	10487	242	1394	32463	4409
600000	40	227	1506	10178	247	1170	32341	3816
601000	23	258	966	11102	191	1187	32155	4133
602000	36	194	1574	10392	258	891	33519	3468
603000	33	246	1585	10011	279	1154	32476	3489
604000	40	211	1394	10248	294	1298	32079	5002
605000	28	202	1588	9894	259	1381	32910	4647
606000	25	181	1383	10289	403	1196	31988	4167
607000	34	233	1577	10456	240	835	32572	3330
608000	50	204	1559	10294	223	1039	34016	3909
609000	26	198	1474	10577	290	889	33633	3029
610000	36	254	1607	10473	191	808	32800	2905
611000	23	220	1263	11075	149	781	33739	2226
612000	29	237	1242	11117	143	785	34113	2623
613000	20	213	1589	10490	102	928	36070	2378
614000	31	254	1363	10883	161	800	33256	2204
615000	20	226	1392	10938	230	673	35286	2385
616000	25	277	1188	11129	189	770	34985	2632
617000	37	242	1263	11009	398	607	33842	2591
618000	34	223	1525	10617	448	581	35325	2437
619000	32	250	1132	11680	184	280	35960	1378
620000	37	242	1117	11802	151	228	35528	1147
621000	27	208	1491	11418	123	96	36553	659
622000	31	276	1391	11594	120	50	36140	596
623000	37	230	1259	11835	95	94	36229	603
624000	31	219	1161	11988	78	103	36367	515
625000	18	293	986	12273	44	93	36448	306
626000	25	269	1053	12138	92	158	37171	613
627000	11	257	795	12264	31	402	35930	1142
628000	30	254	1302	11643	3	302	35300	599
629000	19	249	1457	11488	15	208	35138	744
630000	21	194	1582	11312	5	269	36223	798
631000	44	232	1466	11471	95	147	33911	717
632000	30	250	1360	11475	225	150	34263	988
633000	18	215	1261	11722	88	232	36947	969
634000	21	263	1118	11945	39	226	35265	1043
635000	40	241	1477	11524	41	114	36189	490
636000	24	244	1320	11603	27	269	35341	740
637000	46	280	1505	11295	11	271	35744	887
638000	21	246	971	12142	18	298	37113	887
639000	30	268	1170	11944	4	133	37162	404
640000	32	222	1258	12007	0	95	36972	332
641000	27	261	1460	11652	0	93	36515	287
642000	29	204	1482	11630	0	104	36957	262
643000	24	254	1209	12043	0	72	36284	292
644000	31	234	1321	11750	0	223	35970	531
645000	17	257	1646	11206	12	128	35957	437
646000	32	248	1622	11180	66	229	35935	1028
647000	11	222	1328	11689	87	165	35675	1058
648000	41	237	1792	10942	51	153	36264	810
649000	52	190	1901	10915	40	42	35281	306
650000	72	202	2264	10319	54	17	34916	92
651000	64	198	2111	10658	17	21	34969	141
652000	20	227	1519	11534	87	0	35929	81
653000	32	248	1238	11950	89	0	37054	68
654000	33	188	1667	11333	100	32	36039	442
655000	42	263	1767	11141	43	5	36784	166
656000	44	246	1307	11851	71	9	37109	148
657000	31	268	1209	11965	86	4	36141	354
658000	17	276	962	12392	49	45	36662	334
659000	29	263	1324	11864	21	15	36590	231
660000	28	280	1360	11811	0	4	36931	42
661000	28	272	1379	11784	0	38	36909	185
662000	20	235	1161	12122	0	79	35055	152
663000	20	277	1320	11836	4	60	36965	397
664000	25	262	1239	12005	0	51	37071	206
665000	20	244	1213	12036	0	83	36920	105
666000	24	236	1120	12015	0	198	36791	453
667000	12	253	952	12086	10	414	35638	1239
668000	25	242	1231	11641	99	338	36144	1159
669000	29	241	1126	11387	150	691	34938	1909
670000	37	255	1486	10719	109	778	34190	2704
671000	28	258	1338	11142	196	551	35407	1877
672000	50	181	1376	11069	348	485	34784	2193
673000	22	223	1265	11411	143	473	33620	1749
674000	28	249	1371	11433	11	381	35287	1390
675000	39	246	1356	11103	45	766	34133	2114
676000	35	195	1763	10293	175	850	32956	3229
677000	42	229	1761	10244	132	858	32657	2512
678000	38	228	1738	10176	180	928	33229	2590
679000	44	234	1561	10936	32	571	34432	1979
680000	24	270	1466	10774	153	801	32965	2329
681000	44	230	1926	10128	165	631	33679	2389
682000	45	241	1549	10552	246	786	34323	2661
683000	40	234	1290	11014	290	615	34585	2359
684000	21	242	1471	10928	166	591	34498	2471
685000	25	217	1546	10471	117	1025	34525	3337
686000	33	245	1585	10084	191	1218	31305	3544
687000	40	211	1664	9876	210	1275	32811	3813
688000	46	256	1722	10066	211	1006	32330	3037
689000	43	237	1959	9942	169	791	31828	2844
690000	37	219	1830	10168	177	793	35257	2666
691000	18	251	1348	10746	214	898	34449	3619
692000	33	259	1196	11361	106	651	35018	2037
693000	27	226	1199	11502	108	529	36296	1528
694000	23	269	1216	11611	9	441	36531	956
695000	39	290	1919	10602	31	285	34434	759
696000	32	241	1498	11493	75	62	36882	306
697000	30	226	1586	11456	56	72	35268	470
698000	21	246	1204	11950	50	57	36593	318
699000	19	279	1239	11925	36	74	36799	274
700000	16	234	1359	11670	86	188	36089	893
701000	30	219	1349	11688	72	132	37572	443
702000	27	233	1929	10761	99	115	33887	670
703000	48	234	1635	11148	87	180	35427	627
704000	28	252	1467	11538	1	198	35758	593
705000	42	216	1518	11623	10	18	36575	166
706000	23	237	1594	11501	0	34	36283	105
707000	24	277	1182	12096	1	19	36263	142
708000	17	237	722	12784	84	14	37470	354
709000	38	301	1122	12097	25	32	37061	133
710000	12	227	1200	12089	24	54	36554	259
711000	13	265	1311	11904	0	36	37118	140
712000	44	248	1693	11323	0	0	36362	35
713000	41	181	1685	11205	134	33	35558	596
714000	72	261	1715	11123	62	37	33915	353
715000	27	223	1674	11259	60	44	35844	418
716000	27	280	1324	11789	0	19	37382	41
717000	40	226	1289	11950	0	11	36540	32
718000	31	234	1626	11380	16	1	36809	105
719000	24	254	1594	11420	43	7	36806	152
720000	16	235	1307	11919	4	67	36299	249
721000	12	254	1065	12224	0	134	37071	417
722000	28	238	1098	12201	44	46	38303	253
723000	26	234	1184	12105	1	0	35882	4
724000	33	239	1104	12145	25	1	37483	186
725000	34	201	1611	11420	82	8	36981	207
726000	39	232	1475	11500	79	52	36053	432
727000	27	241	1574	11470	0	35	37165	103
728000	23	247	1342	11823	87	0	36866	271
729000	37	270	1547	11455	31	18	35540	202
730000	24	246	1625	11426	0	0	35926	1
731000	39	231	1494	11624	15	9	37332	48
732000	24	300	1038	12283	0	52	37632	92
733000	16	243	986	12433	0	2	37196	13
734000	23	214	977	12399	93	32	37267	265
735000	15	255	863	12575	13	84	38148	187
736000	24	227	1012	12316	46	92	37382	303
737000	25	266	1128	12097	7	116	36696	380
738000	24	269	1240	11935	0	97	36964	237
739000	39	214	1657	11346	0	33	35803	142
740000	31	216	1619	11461	0	9	36652	51
741000	34	230	1519	11577	73	1	35926	234
742000	19	240	1412	11712	32	6	35913	177
743000	41	234	1872	11081	0	0	35339	12
744000	26	224	1613	11368	30	43	35892	173
745000	25	236	1568	11441	73	4	35280	193
746000	32	229	1714	11178	119	2	36258	229
747000	36	228	1421	11648	60	11	36987	221
748000	26	232	1406	11709	46	25	37542	144
749000	17	250	1316	11946	0	42	37264	198
750000	21	250	1265	11985	0	42	37649	160
751000	32	222	1180	11946	153	0	36701	249
752000	35	229	1272	11919	13	38	36907	255
753000	39	216	1140	12209	12	0	36938	37
754000	27	269	1526	11471	64	4	36823	229
755000	34	247	1597	11411	1	37	36275	49
756000	30	206	1578	11473	0	0	36277	4
757000	40	226	1777	10999	89	93	35547	484
758000	7	231	1532	11499	82	58	36600	259
759000	45	221	1234	12020	53	13	37630	213
760000	28	261	1149	12066	71	20	36229	202
761000	16	260	991	12396	42	6	36680	81
762000	24	277	878	12540	34	10	37349	148
763000	30	220	1023	12408	0	6	38170	73
764000	18	238	1195	12068	46	4	36081	191
765000	28	249	1217	12034	8	49	35631	82
766000	31	287	1364	11738	0	16	35921	31
767000	43	251	1687	11296	9	0	36022	27
768000	19	250	1592	11362	106	0	37577	265
769000	30	238	1502	11635	0	0	35794	3
770000	29	229	1867	10956	94	2	35865	272
771000	49	229	1822	10974	89	43	34668	480
772000	40	234	1543	11401	113	1	34656	333
773000	25	250	1491	11589	5	48	35603	84
774000	45	235	1559	11395	19	62	37394	100
775000	25	216	1463	11591	9	107	35598	233
776000	16	266	1234	11826	0	232	37841	572
777000	28	259	1478	11397	7	180	35735	417
778000	29	230	1067	12076	0	202	37198	417
779000	26	274	1270	11961	0	2	37265	2
780000	29	275	1304	11730	154	25	35621	505
781000	45	254	1552	11451	43	14	36965	178
782000	21	205	1469	11696	21	3	36571	65
783000	43	243	1489	11634	26	0	35774	40
784000	35	225	1663	11387	15	1	36978	64
785000	28	229	1108	12262	23	0	36668	26
786000	23	257	1340	11679	94	47	36940	340
787000	23	221	1305	11773	33	183	35265	478
788000	38	317	1400	11548	23	151	35865	497
789000	13	226	1178	11888	19	266	36860	570
790000	35	278	1304	11566	37	274	35890	985
791000	16	247	1238	11773	24	339	35679	904
792000	15	221	1126	11724	3	546	35589	1740
793000	20	236	916	12052	39	446	36165	1441
794000	20	217	1171	11586	37	580	36511	1847
795000	26	254	1023	11676	87	569	34490	1843
796000	18	222	1013	11654	57	705	35981	1669
797000	34	234	1049	11603	56	585	35037	1664
798000	20	254	1060	11745	135	443	34382	1612
799000	33	247	1213	11804	102	142	36116	911
800000	29	220	1494	11478	11	207	35418	582
801000	47	196	1647	11069	54	205	35671	671
802000	55	274	2012	10538	92	66	34774	544
803000	54	221	2033	10597	49	101	33778	442
804000	34	175	1985	10799	21	130	35296	566
805000	16	224	1314	11820	0	181	36216	362
806000	26	263	1618	11233	7	205	34511	608
807000	42	232	1975	10804	0	160	34524	535
808000	26	225	1705	11147	93	93	35541	581
809000	38	246	1394	11693	0	27	37378	85
810000	33	266	1184	11960	122	2	36661	304
811000	21	270	1081	12133	114	62	36240	456
812000	32	253	1313	11649	83	93	36422	464
813000	25	218	1492	11460	56	139	35602	536
814000	29	236	1642	11043	58	303	35146	672
815000	45	239	1656	10862	90	448	35104	1579
816000	23	235	1185	11638	56	461	36100	1476
817000	31	237	1221	11563	96	425	34816	1558
818000	42	244	1446	11164	120	426	34308	1335
819000	35	237	1493	11241	32	397	35662	1244
820000	27	231	1195	11677	65	333	36109	1067
821000	33	248	1181	11482	61	531	34820	1417
822000	34	248	1403	11426	30	357	35373	1259
823000	37	231	1217	11705	13	328	35616	1096
824000	45	233	1664	11105	29	182	35624	611
825000	29	230	1460	11685	3	40	35804	86
826000	27	233	1481	11591	0	75	37092	166
827000	41	238	2050	10740	0	50	36414	169
828000	39	259	1936	10792	9	66	35924	163
829000	47	241	1532	11561	0	74	36266	252
830000	33	225	2087	10690	2	46	36044	216
831000	28	227	1154	12232	0	6	37905	46
832000	15	222	1125	12207	73	22	37707	234
833000	33	194	1031	12306	25	33	37752	125
834000	28	227	1374	11814	0	98	36842	324
835000	41	275	1422	11598	2	71	36264	127
836000	34	249	1456	11542	20	125	34699	365
837000	21	236	1421	11416	144	192	35734	865
838000	35	245	1676	11203	99	86	33954	519
839000	61	243	1979	10491	197	90	35165	640
840000	28	205	1805	10977	91	166	34509	880
841000	68	240	1933	10467	288	189	33907	1555
842000	42	209	1417	11464	121	272	34733	1451
843000	24	262	1363	11390	145	311	36091	1227
844000	24	220	1402	11463	176	224	36495	1238
845000	22	214	1299	11704	65	223	35770	755
846000	19	230	1535	11270	51	266	36891	968
847000	22	256	1293	11765	23	156	37701	509
848000	39	204	1490	11604	0	132	35488	467
849000	25	260	1232	11868	0	174	36404	405
850000	21	225	1171	12077	17	42	36959	185
851000	11	232	1007	12350	115	0	37243	60
852000	21	299	1194	12008	52	12	37355	226
853000	33	292	1165	12077	30	5	37148	61
854000	39	280	1188	12027	73	23	36375	241
855000	20	274	1194	12105	19	14	37202	147
856000	22	230	1714	11338	0	5	34541	5
857000	39	223	1624	11409	56	1	35922	165
858000	13	229	1655	11500	0	7	35468	59
859000	28	246	1869	10912	70	10	36067	255
860000	30	231	1380	11803	65	9	36209	106
861000	22	194	1727	11276	0	30	35628	95
862000	56	235	1613	11160	13	219	35096	519
863000	18	277	1281	11480	81	360	35018	1225
864000	13	237	1242	11787	74	263	36092	824
865000	38	231	1534	11229	29	324	35624	860
866000	43	218	1725	11022	53	218	35896	664
867000	28	266	1548	11238	103	198	34728	867
868000	38	162	2241	9962	57	419	33376	1609
869000	39	237	1863	10532	104	400	33943	1153
870000	46	241	1591	11224	116	122	34976	729
871000	34	204	1244	11870	21	188	36121	830
872000	45	244	1255	11952	0	34	37080	115
873000	48	242	1240	12009	0	4	36414	45
874000	42	258	1645	11276	87	2	37289	198
875000	42	273	1357	11737	85	84	36068	356
876000	34	280	1617	11386	34	26	35794	154
877000	41	253	2082	10684	0	28	35712	131
878000	29	207	2282	10361	84	0	35234	276
879000	55	236	2191	10500	0	0	34721	7
880000	63	207	2813	9454	87	10	33498	323
881000	64	204	3694	8001	36	0	33950	100
882000	75	207	3251	8718	5	0	34418	25
883000	56	169	2423	10218	30	0	33900	147
884000	43	265	1901	10784	113	5	35602	128
885000	49	207	1806	11122	58	1	36358	187
886000	31	221	1659	11282	13	15	36136	149
887000	51	216	1861	10861	98	0	36670	0
888000	47	224	1954	10777	111	50	35542	446
889000	74	171	3022	8892	70	187	31760	794
890000	57	206	3274	8688	63	0	34077	228
891000	56	215	2209	10438	76	3	34515	198
892000	32	188	1635	11408	117	0	35498	341
893000	55	215	1649	11037	290	64	34434	813
894000	38	212	1578	11115	143	232	34628	1285
895000	27	267	1097	11942	159	214	35467	1116
896000	37	229	1124	11888	108	245	35211	866
897000	41	257	1317	11564	123	213	35988	937
898000	44	198	1224	11509	137	462	35512	1468
899000	30	269	1250	11028	381	539	33774	2528
900000	62	260	1544	10596	262	618	33697	2740
901000	37	228	1767	10665	124	495	33125	1956
902000	37	231	1705	10497	270	592	34757	2213
903000	43	250	1205	11296	166	636	34811	2016
904000	28	204	1372	11196	120	564	35026	1973
905000	29	219	2018	10326	13	545	34738	1439
906000	39	230	1681	10384	27	894	33350	2145
907000	31	222	2190	9575	302	678	32759	2446
908000	25	281	1421	10874	96	709	32333	2444
909000	37	202	1311	11492	82	369	36164	1553
910000	40	257	1735	11005	40	180	35424	546
911000	31	251	1846	10958	38	83	36290	291
912000	27	238	1764	11003	41	120	36675	565
913000	17	224	1638	11312	10	106	35868	238
914000	23	251	1138	12187	0	10	37707	39
915000	22	210	1472	11536	145	1	37956	253
916000	19	265	1494	11454	106	18	35436	348
917000	24	234	1113	12144	38	21	36300	46
918000	27	186	1425	11685	54	19	36436	169
919000	25	274	1264	11846	13	160	36369	550
920000	23	214	1366	11603	56	211	35758	662
921000	31	225	1572	11262	19	229	34685	688
922000	29	227	1351	11353	7	474	36968	1301
923000	35	257	1309	11339	29	553	34532	1634
924000	32	267	1154	11529	24	608	34599	1709
925000	27	237	1422	11261	24	475	36284	1469
926000	24	221	1464	11062	34	626	34638	1545
927000	30	235	1587	10840	73	573	34700	2117
928000	38	217	1413	11288	62	382	35891	1510
929000	37	227	1484	11217	34	462	33898	1598
930000	29	243	1182	11774	22	321	35359	801
931000	34	244	1466	11301	66	285	35103	581
932000	36	232	1434	11491	13	252	35533	383
933000	41	234	2118	10376	10	260	34110	580
934000	32	201	2031	10690	0	113	35690	278
935000	36	226	1708	11315	6	11	35073	107
936000	28	265	1551	11422	106	20	35852	650
937000	34	247	1976	10764	46	20	36480	344
938000	41	253	1497	11538	105	25	36086	449
939000	31	183	1598	11437	0	73	38053	224
940000	21	221	1298	11781	9	224	36448	540
941000	15	235	1341	11854	1	85	37115	251
942000	14	234	1274	11781	30	162	37065	368
943000	20	266	1210	11933	71	33	36693	249
944000	26	227	1533	11559	15	38	36663	157
945000	37	225	1250	11885	0	70	36569	159
946000	18	253	1065	12269	0	53	37413	64
947000	27	255	966	12311	1	113	36901	260
948000	22	264	1288	11916	6	72	39423	267
949000	36	240	1513	11519	2	51	35813	163
950000	33	240	1593	11307	2	165	33493	415
951000	27	330	1268	11424	37	475	34887	1225
952000	28	212	1474	11050	45	569	33740	1442
953000	22	268	1238	11299	45	598	35605	1768
954000	27	246	1066	11900	20	372	35570	1028
955000	18	224	1426	11459	24	283	37200	875
956000	22	258	914	12188	88	262	35090	1106
957000	35	203	1292	11539	175	215	35967	1240
958000	30	232	1396	11503	49	201	35541	673
959000	47	237	2064	10496	43	145	35194	534
960000	27	257	1694	11067	53	215	35422	804
961000	39	260	1700	11228	0	68	36933	209
962000	33	198	1480	11676	0	3	35881	33
963000	37	252	1475	11545	90	29	37071	534
964000	29	236	1564	11418	13	40	37738	121
965000	29	182	1818	10973	14	191	36021	459
966000	31	276	1500	11279	42	259	36008	744
967000	42	220	2007	10582	70	150	35661	790
968000	35	235	1791	11110	51	10	35026	170
969000	42	253	1762	10971	127	11	36701	373
970000	36	223	1572	11453	0	0	36182	12
971000	32	305	1233	11826	123	51	36296	249
972000	30	259	1242	11929	113	10	35683	252
973000	18	210	1412	11647	102	84	36195	418
974000	34	220	1783	11133	0	46	36113	47
975000	38	208	1770	11167	76	18	36488	272
976000	27	278	1647	11398	0	26	35677	25
977000	22	195	1901	10924	78	60	35474	225
978000	22	255	1474	11582	110	48	36145	249
979000	48	224	1468	11581	36	78	37074	355
980000	72	261	1601	11324	25	49	35606	210
981000	46	202	1728	11205	41	20	35444	216
982000	44	228	1542	11510	36	26	34031	128
983000	33	226	1653	11319	126	3	35969	427
984000	28	236	1503	11666	0	2	36892	0
985000	27	251	1294	11908	0	15	37516	22
986000	26	238	1169	12166	0	3	36582	36
987000	17	202	1731	11259	77	9	36114	349
988000	52	243	1730	11064	140	14	36227	533
989000	30	242	1793	11137	0	0	36358	1
990000	27	238	1732	11219	22	3	36073	78
991000	24	250	1598	11297	171	2	35549	216
992000	31	222	1668	11358	6	33	35860	107
993000	36	250	1740	11189	105	0	35497	0
994000	32	222	1516	11547	28	0	38390	3
995000	37	207	1375	11671	169	3	36831	293
996000	54	220	1777	11132	0	46	36464	35
997000	22	254	1689	11250	1	99	35675	264
998000	22	237	1192	12073	0	30	37435	63
999000	18	221	959	12512	0	5	36910	33
