0	0	0	0	14400	0	0	0	0
1000	12	245	543	12985	81	58	39248	355
2000	27	198	877	12446	42	127	38506	516
3000	29	240	1155	11937	86	156	36287	520
4000	26	281	1312	11704	22	100	36600	233
5000	19	222	1391	11768	44	45	35801	359
6000	34	263	1873	10806	121	96	35970	584
7000	41	220	2594	9634	124	197	32798	584
8000	63	208	2473	9781	148	146	33178	787
9000	43	247	1994	10569	143	118	35679	644
10000	62	218	1766	10878	157	239	35209	1067
11000	33	262	1721	10842	12	415	35727	1277
12000	41	254	1562	11146	64	290	34726	1180
13000	36	190	1451	11638	26	101	36869	432
14000	47	202	2133	10629	0	34	34735	132
15000	39	175	2204	10502	24	32	35329	174
16000	71	200	2450	10082	0	59	34183	77
17000	45	271	1841	10878	1	129	35131	355
18000	39	227	1970	10742	31	165	34854	534
19000	35	203	1704	11326	0	56	35932	214
20000	27	261	2072	10688	0	1	35588	42
21000	37	209	1636	11408	45	1	35523	129
22000	32	192	2616	9937	0	0	34822	3
23000	82	159	2879	9305	90	2	33293	168
24000	53	230	2493	10006	0	0	34506	1
25000	55	168	2741	9504	164	20	35183	577
26000	64	209	2129	10042	183	309	33440	1518
27000	30	236	1901	10580	40	375	34167	1101
28000	27	196	1940	10601	165	202	34449	1201
29000	45	244	1607	11022	169	241	34794	924
30000	72	236	1948	10668	83	103	35891	646
31000	30	233	2001	10537	128	221	34179	946
32000	48	241	2437	9818	76	206	34355	724
33000	51	179	2161	10375	1	188	35033	405
34000	51	218	2271	10434	0	10	35689	161
35000	46	215	2448	10030	100	2	34178	136
36000	46	233	2208	10373	39	1	33536	125
37000	69	219	2809	9363	53	25	33952	267
38000	45	207	2457	10190	0	0	36217	20
39000	46	214	2684	9668	50	4	33668	366
40000	58	192	2653	9785	0	8	35362	11
41000	69	175	2905	9434	0	0	34073	4
42000	66	215	3067	8999	0	21	32454	35
43000	52	211	3117	8884	121	3	34046	359
44000	54	225	3236	8589	166	9	32229	562
45000	111	153	3872	7646	7	0	31813	36
46000	91	163	4056	7324	0	0	32545	6
47000	83	121	4193	7135	33	2	32887	179
48000	95	188	4082	7244	19	7	31263	124
49000	69	152	3690	7946	130	114	32057	582
50000	89	182	3184	8248	453	124	33244	1447
51000	96	221	2734	8317	801	365	30512	2844
52000	80	223	3310	7408	925	410	28477	3629
53000	60	209	2728	8434	733	444	30123	2722
54000	96	202	2536	8390	989	520	31241	4301
55000	56	192	2295	9435	640	345	33271	2661
56000	57	186	2150	9645	187	794	33375	2981
57000	46	196	2095	9607	285	798	33126	2734
58000	41	246	1958	9319	334	1250	31677	4227
59000	26	215	1759	9179	510	1562	30324	5102
60000	50	239	1638	9511	510	1386	30641	5813
61000	65	199	2096	8527	537	1574	29074	5930
62000	78	212	2157	8548	506	1546	29817	5704
63000	48	229	2212	8935	427	1050	30132	4639
64000	37	250	1787	9046	462	1687	29607	5939
65000	27	198	1763	9128	344	1786	29496	5729
66000	39	202	2055	8729	550	1597	29944	5642
67000	52	194	1989	8746	383	1805	29349	5775
68000	52	202	1700	8787	514	2010	29726	7059
69000	39	199	1682	8838	571	2017	29147	7444
70000	46	229	1830	8783	543	1851	29766	6254
71000	54	230	1480	8895	484	2302	29278	7795
72000	35	229	1515	9029	592	1985	29403	6794
73000	64	156	2127	8001	574	2185	27622	7407
74000	69	210	2477	6911	841	2356	26661	8537
75000	62	153	2528	6684	1081	2253	26793	8824
76000	58	204	2567	6892	775	2319	26731	8271
77000	92	200	2608	7134	870	1796	26651	6844
78000	64	182	1906	7577	920	2495	27324	10157
79000	73	210	1621	7761	1222	2484	25465	9950
80000	75	205	1495	7677	1350	2571	25623	10341
81000	47	200	1734	7412	1061	2847	25722	9702
82000	55	219	2151	6953	748	2902	25023	10349
83000	73	210	1999	6184	931	3668	22678	12735
84000	68	216	1988	6230	1231	3351	22033	12601
85000	75	223	1624	6883	1110	3394	23439	12489
86000	92	192	2417	6843	1084	2188	25254	9037
87000	93	203	2559	6779	917	2211	26371	8773
88000	52	211	2706	6854	1114	1703	26926	7600
89000	80	215	2410	6984	1079	2034	25845	9224
90000	76	216	2089	7535	813	2271	25414	8822
91000	76	228	1844	7089	1306	2604	25900	10702
92000	55	221	1976	6893	1385	2617	23665	11402
93000	55	197	2104	6909	1447	2385	24384	11487
94000	74	161	2363	6631	1867	1815	25193	10168
95000	90	180	2999	5248	1899	2059	22723	10402
96000	96	145	3209	4975	1749	2145	21697	11051
97000	85	196	2797	5233	1627	2669	23933	11091
98000	129	166	2721	5979	1523	2097	24541	9898
99000	139	156	3164	6324	1211	1353	25614	7361
100000	79	224	3583	6467	586	1088	26277	4969
101000	89	164	4031	5872	522	1145	27828	4465
102000	83	214	3506	6440	747	1139	27342	5555
103000	162	192	3630	5857	1036	1052	27208	5907
104000	110	167	3137	5575	2125	1180	23765	8883
105000	95	173	3344	5084	1681	1788	22845	9718
106000	98	163	3276	5231	2518	977	23322	9272
107000	81	128	2758	5435	2730	1348	22401	11935
108000	127	145	2586	6105	2135	1587	23319	11304
109000	157	129	2925	5741	1996	1419	24523	9818
110000	101	161	2820	5831	1952	1624	23893	9867
111000	93	142	2862	6181	1400	1834	24535	9756
112000	52	150	2953	6035	1397	1819	26278	9095
113000	89	203	2647	6733	1311	1666	26807	8690
114000	94	145	2089	7029	1904	1774	25989	9787
115000	94	143	2848	5821	1684	1945	24207	9826
116000	115	169	2896	5534	1372	2339	23732	11092
117000	67	188	2525	4874	1427	3706	20500	14112
118000	88	177	2427	5073	1396	3618	20344	13853
119000	96	161	2264	4452	2185	3751	19492	16962
120000	79	181	1910	4682	1917	4348	18704	17423
121000	83	206	2136	5915	1730	2962	22483	13564
122000	77	170	2317	5130	1544	3671	20701	13994
123000	52	180	2040	6142	1366	3391	21446	11946
124000	70	139	2447	6069	1333	2705	22974	12178
125000	75	220	2737	5818	1048	2655	23966	8750
126000	90	155	3024	5639	1500	1978	24262	9292
127000	73	196	3693	6018	689	1259	25753	6352
128000	95	211	3214	6149	1064	1533	25565	6833
129000	75	169	3230	5967	1052	1824	25259	8594
130000	80	123	3194	5955	1095	1922	25775	8550
131000	94	153	3052	6478	777	1791	26510	7284
132000	102	209	2550	6650	1304	2006	24449	9291
133000	120	174	2245	7124	1446	1738	26595	8396
134000	81	182	2418	6645	1326	2123	25401	10231
135000	43	200	1852	7013	1476	2563	25446	11593
136000	65	193	2178	7080	1014	2349	24867	9573
137000	49	201	2415	7591	751	1911	26912	7703
138000	96	172	2492	7321	1185	1469	27215	8596
139000	98	176	2774	7199	802	1598	26731	7159
140000	54	256	2046	7547	666	2441	26981	8230
141000	108	191	3014	6897	372	1714	27143	5700
142000	73	186	3390	6915	468	1111	28417	4619
143000	82	140	4000	5307	714	1447	26878	5730
144000	102	155	3182	5967	773	1969	25650	7735
145000	74	162	2952	6286	934	2042	28399	7364
146000	86	164	2516	6457	1240	2244	25053	10489
147000	91	153	2282	6725	1577	2085	26166	9463
148000	48	212	2122	6597	1330	2776	24361	10178
149000	53	163	1727	6707	1666	2900	22666	13395
150000	59	188	2149	6382	1584	2658	24326	12127
151000	74	204	2510	6014	1687	2210	23099	10826
152000	83	134	2591	6851	1166	1909	26041	8250
153000	56	175	2433	7931	922	1371	28616	6633
154000	69	183	2644	8311	560	888	30233	4771
155000	96	251	2780	7986	568	919	29454	3908
156000	81	205	2673	8006	568	1105	30151	4687
157000	55	208	2687	8172	549	981	30277	4573
158000	99	191	3168	7550	383	1002	29446	3962
159000	74	194	3038	6786	777	1447	26728	5591
160000	53	198	2278	7013	1615	1686	26281	8774
161000	76	140	2729	6177	1881	1633	25476	10186
162000	101	187	2588	6487	1539	1756	25438	9454
163000	88	195	2629	6861	1261	1599	25935	8003
164000	86	214	2944	5669	1458	2029	25589	9334
165000	137	129	3174	5331	1509	1943	23011	9752
166000	115	140	3313	5136	1821	1693	22911	10451
167000	125	158	3373	4586	2205	1728	22992	11726
168000	170	86	3631	3141	3094	1774	19496	12760
169000	161	138	3617	3363	2172	2519	19852	13473
170000	142	161	2937	3997	2448	2774	19791	13775
171000	148	192	2167	4510	2521	3417	18188	15949
172000	135	164	1975	4805	3244	2853	18417	16199
173000	104	185	2057	4284	3405	2963	18387	17197
174000	126	155	2665	4270	2766	2622	19570	16185
175000	106	155	2919	3905	3084	2332	18067	16409
176000	122	128	2928	4262	2867	2201	19707	14324
177000	154	107	3566	2386	3541	2267	17077	16256
178000	171	118	3124	2734	4428	1760	16552	16745
179000	150	114	2784	2425	4373	2742	15388	18746
180000	217	110	3431	1881	4344	2033	14663	18300
181000	195	99	3353	1753	4202	2459	14136	19072
182000	142	125	2570	1910	5049	2883	12516	21502
183000	136	90	3129	2625	4429	1967	15435	18698
184000	183	115	3200	2716	3858	2276	16458	17159
185000	175	101	3227	2414	4251	1965	15293	18765
186000	176	140	3072	2820	5024	1119	15557	16960
187000	178	61	2369	2083	6760	1348	12582	22893
188000	178	74	2470	1832	6535	1643	11867	22094
189000	198	33	2699	1655	6280	1734	11350	22478
190000	205	109	2947	1652	6031	1424	12292	21920
191000	170	69	2778	1711	6035	1881	13667	21631
192000	167	83	2831	1286	5522	2599	11736	22172
193000	147	93	2158	1193	6052	3317	9796	24377
194000	158	125	1917	1622	5393	3853	9187	25230
195000	111	124	2316	1999	4632	3682	11910	23031
196000	133	107	1831	2069	5148	3807	9763	25930
197000	142	139	2009	2865	4203	3685	13333	22801
198000	111	106	1893	3109	3813	4066	13913	22684
199000	130	177	1816	2908	4499	3646	12872	23176
200000	99	111	2082	2561	5166	2976	12751	22779
201000	149	108	1675	2442	5028	3822	11602	24575
202000	156	121	1993	2277	4490	4012	12392	23238
203000	163	126	2256	2300	4261	3742	12598	22018
204000	131	158	2180	3025	3462	3922	14852	22129
205000	109	154	1844	4341	2940	3745	16665	18593
206000	112	180	1805	3982	2917	4177	16271	19525
207000	90	106	1791	3794	3897	3539	15542	20219
208000	120	147	1917	3848	3643	3450	15793	19981
209000	96	165	1745	3228	3335	4660	14029	21300
210000	108	146	1800	3795	3179	4140	16241	20398
211000	130	156	1757	3405	3210	4486	12813	22257
212000	93	193	1481	3032	3206	5375	11982	22920
213000	122	119	1804	3129	3423	4505	14100	22487
214000	103	180	1885	2685	4071	4162	13226	22238
215000	112	180	1259	3011	4134	4853	11816	24118
216000	98	190	1517	3077	4085	4459	12624	23493
217000	124	114	1683	3148	4413	3777	13422	24213
218000	111	143	1696	3236	4204	3877	13614	22738
219000	154	101	1954	2742	4530	3558	13057	21667
220000	129	148	2059	2643	4556	3529	12857	22600
221000	114	133	2177	3014	4283	3177	13804	22156
222000	152	141	2266	3238	4025	2994	16757	17785
223000	117	110	2556	3131	4038	2727	16098	19395
224000	138	121	2577	3563	3962	2276	17040	18644
225000	136	131	2735	3183	3432	2964	16450	16621
226000	135	178	2326	3277	3875	2998	15170	18349
227000	126	150	2569	3273	3638	3032	16471	18507
228000	127	110	2531	2831	4073	3106	14740	19356
229000	87	105	2332	2611	4075	3650	14064	21386
230000	87	87	2052	2552	4051	4262	13362	21901
231000	156	134	2324	2263	4208	3781	12886	23545
232000	135	100	2510	2689	3730	3529	14572	19945
233000	120	120	2382	2886	4006	3260	14521	19883
234000	118	111	2443	2637	4153	3316	14747	20129
235000	158	142	2194	2658	4070	3713	12744	22218
236000	118	141	1883	3059	3970	3940	13934	21663
237000	140	132	2572	2882	3562	3339	14466	18654
238000	182	121	2578	2475	4097	3241	14530	20951
239000	145	151	2427	2610	4296	3192	14134	20430
240000	155	122	2581	2728	4256	2772	14448	19436
241000	106	150	2314	3365	3732	3202	16950	19055
242000	126	162	2202	3103	3335	4023	14423	20529
243000	87	135	1973	3299	3912	3686	14684	21560
244000	121	135	1928	3585	3519	3807	16206	20307
245000	107	167	2004	3135	3413	4217	14370	21306
246000	108	126	2471	3387	3513	3121	16350	18948
247000	136	129	3435	2815	2876	2722	16464	16654
248000	124	141	3367	2598	3294	2707	15766	17386
249000	137	68	3059	2486	4090	2464	15292	19024
250000	160	90	2996	2179	4935	1954	15496	18118
251000	168	75	2261	1977	5388	2984	12324	22388
252000	173	73	2378	1732	5929	2530	11321	22988
253000	143	100	2351	1580	5753	2871	10633	24095
254000	171	102	2259	1863	5832	2672	11915	23365
255000	157	77	2274	1713	6050	2549	11660	24210
256000	179	65	1944	1293	6562	3027	8507	25662
257000	209	66	2183	1453	6171	2770	10357	24825
258000	174	107	3135	1688	4513	2703	13027	20338
259000	156	75	2700	1992	5090	2560	12990	21246
260000	186	95	2725	2178	5192	2213	14490	21279
261000	161	120	2399	2045	5282	2711	13276	22102
262000	178	96	2800	1471	5440	2501	12192	22518
263000	192	113	3166	2301	3680	2814	14857	17371
264000	137	153	2214	3388	3562	3550	15667	18214
265000	81	118	2512	3065	4081	2952	15494	18311
266000	145	164	3120	2973	2659	3180	16961	17240
267000	139	132	3006	2941	2361	3833	16845	16336
268000	86	152	2867	3599	2873	3002	17173	17104
269000	115	165	2409	3278	3641	3250	16698	18660
270000	84	162	2230	3458	2926	4080	15666	18661
271000	103	196	2303	4244	2478	3507	17259	17037
272000	137	164	2129	4395	2350	3775	17697	18738
273000	103	141	1937	4110	3212	3569	16225	19594
274000	89	175	2130	3385	3338	3909	16021	19211
275000	166	145	1979	3139	3929	3711	14004	21150
276000	128	146	1774	3646	4220	3292	14552	20697
277000	139	148	2092	2810	3722	4121	13530	20806
278000	106	180	2121	2665	4156	3837	13184	22291
279000	133	167	1882	3170	4138	3647	13241	23710
280000	136	101	1818	2462	4866	3801	12523	24112
281000	144	131	1823	2258	4525	4295	12807	25429
282000	117	174	1779	2725	4248	4085	11836	23549
283000	109	170	2022	2414	4108	4211	12702	22805
284000	136	148	1940	2644	3536	4789	12775	23428
285000	136	114	1814	2091	4040	5002	10832	26712
286000	131	141	1900	2225	4166	4535	11757	23864
287000	133	172	2120	2729	3251	4592	13951	21518
288000	117	128	2085	3167	3440	4037	14247	21411
289000	148	157	2086	3456	3443	3633	15494	20405
290000	129	142	2103	2405	4635	3556	12646	21044
291000	108	133	2391	2417	3637	4287	12884	20946
292000	115	137	2470	3077	3067	3933	15080	19710
293000	130	127	2410	2738	3522	3795	14763	19359
294000	115	148	2764	2566	3499	3486	15290	19706
295000	148	137	2633	2988	3656	3079	15053	20004
296000	117	131	2677	2804	3987	2987	16302	18893
297000	120	132	2172	3151	3754	3591	14443	20435
298000	133	125	2286	2858	4742	2653	14041	19761
299000	152	117	2330	3228	4333	2736	14398	20094
300000	159	142	2096	2860	4814	2854	14828	20778
301000	176	119	2283	2955	4594	2745	14161	19963
302000	98	148	2646	3510	3711	2581	17149	17507
303000	129	138	2660	3617	3554	2541	17725	17262
304000	110	117	2380	3778	3496	2914	17263	17589
305000	94	108	2466	3789	3117	3197	17315	17177
306000	166	154	2395	3603	3761	2696	16793	18293
307000	134	153	2538	3759	3266	2877	18324	16561
308000	107	132	3210	3842	2702	2217	20317	14606
309000	181	94	3510	3038	2959	2218	17222	15224
310000	221	85	3717	2341	3347	1983	16150	15031
311000	128	135	2980	3659	3560	1917	18314	14735
312000	94	186	3587	3000	2432	2664	18575	13976
313000	124	126	3112	3458	2462	3032	18742	14972
314000	166	149	3737	3212	2248	2432	18751	13407
315000	141	99	3987	3075	2708	1648	20023	12290
316000	143	86	4279	2878	2743	1403	19059	12201
317000	159	86	4249	2524	2980	1476	18269	11864
318000	164	111	3339	2731	3739	1991	17816	15553
319000	104	117	3292	2304	3644	2749	15922	17887
320000	148	96	3582	2636	3380	2163	16977	15954
321000	124	117	3298	2755	4196	1614	17811	16195
322000	157	79	3260	1980	4705	1929	14831	18159
323000	233	55	3719	1256	5239	1244	13426	17252
324000	216	43	3332	1494	5354	1719	13347	18373
325000	221	57	3409	1711	4609	2069	14151	18303
326000	217	89	3092	1713	5370	1800	13298	18911
327000	220	90	2465	2051	6422	1502	12554	21685
328000	263	55	2454	1419	6898	1582	11301	23523
329000	215	43	2841	1213	7268	841	10613	22600
330000	190	52	2083	844	8535	1252	8605	26924
331000	222	27	2207	718	8918	789	8295	27732
332000	239	28	2226	344	9117	885	7058	27286
333000	200	20	1968	389	9824	605	6521	28495
334000	262	6	1804	273	10236	557	6036	29497
335000	306	21	2209	255	9256	762	6361	27603
336000	200	18	2358	325	9307	604	6980	26329
337000	232	31	2023	430	9253	986	6555	28645
338000	199	35	2341	417	9113	790	7984	27549
339000	235	42	2251	571	8886	854	7694	26703
340000	231	10	2292	763	9014	541	8171	26495
341000	222	31	2348	589	8836	764	8046	26756
342000	243	37	2137	364	9270	895	7855	27564
343000	269	24	2196	301	9269	699	6792	28545
344000	218	20	2103	306	9619	674	6194	28073
345000	192	13	2203	205	9762	494	6598	28134
346000	211	13	2604	129	9170	427	6968	27577
347000	248	52	2681	137	9027	429	7384	26086
348000	277	1	3088	9	8937	54	8504	25058
349000	303	0	2849	11	9214	0	7571	24483
350000	291	0	2358	0	10139	0	6633	28029
351000	276	0	2704	0	9436	0	7693	25779
352000	269	0	2086	0	10592	0	5770	29295
353000	273	0	2245	0	10308	0	5841	28760
354000	243	0	2813	0	9434	0	7514	26567
355000	252	0	3257	0	8686	0	9467	24438
356000	229	0	2599	0	9681	0	7372	27259
357000	208	0	2875	0	9331	0	7718	26840
358000	262	0	3124	0	8838	0	8039	24547
359000	237	0	3520	0	8181	0	10114	22403
360000	292	0	3196	0	8705	0	9009	24453
361000	238	0	2296	0	10306	0	7100	26801
362000	246	0	3263	0	8705	0	8200	23699
363000	221	0	3097	0	9022	0	8771	26125
364000	261	0	2631	0	9717	0	7504	26519
365000	256	0	2404	0	10136	0	6675	27627
366000	236	0	2537	0	9888	0	7213	27010
367000	240	0	1856	0	10943	0	5543	31221
368000	255	0	1710	0	11209	0	4833	31303
369000	264	0	1779	0	11039	0	4575	31324
370000	284	0	2111	0	10527	0	5837	28649
371000	294	0	1809	0	11021	0	4830	31711
372000	252	0	1441	0	11667	0	4745	32220
373000	258	0	1902	0	10842	0	5053	29593
374000	271	0	2014	0	10748	0	5737	29400
375000	271	0	1808	0	10993	0	4688	30043
376000	251	0	1687	0	11212	0	4692	30978
377000	233	0	1591	0	11426	0	3992	32514
378000	312	0	1579	0	11349	0	4267	30760
379000	265	0	1688	0	11198	0	5127	31929
380000	318	0	1843	0	10934	0	5092	29946
381000	261	0	1973	0	10763	0	5040	30890
382000	285	0	2053	0	10575	0	5827	29789
383000	229	0	1966	0	10771	0	5779	29203
384000	315	0	2201	0	10223	0	5844	29048
385000	290	0	1987	0	10692	0	6062	29136
386000	226	0	2276	0	10311	0	6036	30266
387000	274	0	2362	0	9986	0	6295	27110
388000	271	0	2647	0	9664	0	7044	25668
389000	303	0	2231	0	10312	0	6542	27603
390000	253	0	2358	0	10125	0	6276	29238
391000	273	0	2808	0	9390	0	7906	26388
392000	291	0	2988	0	9085	0	7826	24988
393000	310	0	2636	0	9548	0	7141	25483
394000	311	0	3113	0	8753	0	7963	25128
395000	263	0	2221	0	10254	0	7489	27570
396000	265	0	2170	0	10445	0	5670	28706
397000	269	0	2277	0	10281	0	5980	28794
398000	269	0	2481	0	9934	0	7230	28010
399000	232	0	2188	0	10385	0	5746	28234
400000	306	0	2135	0	10328	0	5650	29511
401000	209	0	2764	0	9453	0	7423	26340
402000	287	0	2169	0	10418	0	5293	28214
403000	243	0	2959	0	9192	0	7802	26157
404000	255	0	2373	0	10091	0	6895	28157
405000	290	0	2496	0	9794	0	7064	25385
406000	200	0	2641	0	9653	0	8457	25274
407000	214	0	2093	0	10612	0	5984	29429
408000	249	0	2513	0	9871	0	7555	28838
409000	220	0	3080	0	8915	0	7884	25999
410000	227	0	3123	0	8992	0	7845	26091
411000	265	0	2707	0	9556	0	7622	25615
412000	255	0	2514	0	9888	0	6934	27319
413000	271	0	2244	0	10301	0	6295	26891
414000	258	0	2367	0	10122	0	6356	29345
415000	278	0	1849	0	10904	0	5513	30260
416000	287	0	2317	0	10170	0	6102	27936
417000	286	0	2277	0	10247	0	6271	28501
418000	235	0	2284	0	10290	0	6249	29058
419000	293	0	2379	0	9915	0	6594	28047
420000	284	0	3162	0	8751	0	9214	24892
421000	264	0	2923	0	9129	0	8687	26250
422000	245	0	2412	0	10061	0	7182	28295
423000	288	0	1991	0	10735	0	5565	29660
424000	250	0	2198	0	10454	0	5467	28158
425000	247	0	1641	0	11319	0	4095	32637
426000	273	0	1334	0	11745	0	4009	32973
427000	293	0	1410	0	11690	0	4240	33196
428000	238	0	1793	0	10997	0	5223	30806
429000	252	0	1689	0	11222	0	4752	31503
430000	294	0	2315	0	10117	0	6459	29224
431000	233	0	2266	0	10312	0	5959	28631
432000	304	0	2456	0	9869	0	6188	27881
433000	243	0	2485	0	9998	0	6465	27319
434000	249	0	2188	0	10385	0	6337	27868
435000	232	0	2392	0	10148	0	5321	29655
436000	272	0	1805	0	11042	0	5183	29158
437000	218	0	1947	0	10814	0	5354	30216
438000	292	0	1863	0	10844	0	5041	30605
439000	285	0	1921	0	10761	0	4829	28658
440000	231	0	2625	0	9631	0	7024	27585
441000	260	0	2795	0	9458	0	7504	24273
442000	313	0	3541	0	8027	0	9724	21774
443000	287	0	3191	0	8756	0	9864	23045
444000	217	0	2515	0	9904	0	7431	26382
445000	241	0	2617	0	9728	0	7117	26435
446000	222	0	2042	0	10726	0	6370	29395
447000	285	0	1843	0	10979	0	5098	29978
448000	238	0	2132	0	10493	0	5532	28616
449000	256	0	1564	0	11425	0	4357	31062
450000	273	0	1559	0	11354	0	4039	32394
451000	271	0	1739	0	11136	0	4972	31420
452000	252	0	1695	0	11193	0	4446	30793
453000	246	0	1871	0	10989	0	5246	29151
454000	331	0	1757	0	10915	0	5650	31546
455000	262	0	2197	0	10371	0	6184	28195
456000	284	0	2382	0	10068	0	6952	27898
457000	234	0	2612	0	9780	0	6925	26904
458000	338	0	3607	0	7917	0	10062	21618
459000	215	0	3017	0	9136	0	8676	25531
460000	294	0	3276	0	8470	0	8712	23051
461000	200	0	3006	0	9108	0	7326	24436
462000	299	0	2061	0	10509	0	6013	30987
463000	249	0	2330	0	10261	0	5651	29159
464000	245	0	2890	0	9198	0	7392	25679
465000	278	0	2827	0	9231	0	8191	25532
466000	287	0	3064	0	8945	0	7635	25082
467000	250	0	3757	0	7817	0	10866	22171
468000	258	0	3655	0	7916	0	9396	23128
469000	305	0	3169	0	8711	0	8562	24615
470000	265	0	2864	0	9219	0	7633	26448
471000	211	0	2825	0	9459	0	7411	26781
472000	285	0	1826	0	10901	0	5047	31088
473000	267	0	1694	0	11156	0	4805	31171
474000	258	0	1176	0	12026	0	3140	33685
475000	283	0	1692	0	11190	0	4375	30267
476000	286	0	1866	0	10900	0	4958	30081
477000	286	0	2343	0	10089	0	6404	28259
478000	282	0	2231	0	10324	0	6547	27496
479000	235	0	2173	0	10488	0	6363	29087
480000	317	0	2446	0	9906	0	6796	27884
481000	279	0	2069	0	10641	0	5174	29585
482000	299	0	2136	0	10374	0	5610	29574
483000	284	0	2162	0	10436	0	6360	28922
484000	225	0	1930	0	10904	0	5654	29923
485000	250	0	2293	0	10216	0	5764	29688
486000	266	0	2468	0	9984	0	5477	28201
487000	297	0	2660	0	9521	0	7654	25567
488000	259	0	2893	0	9225	0	7951	26652
489000	295	0	2490	0	9806	0	6889	26203
490000	246	0	3503	0	8212	0	9349	23111
491000	260	0	4285	0	6926	0	11681	18660
492000	249	0	4050	0	7250	0	12491	17713
493000	239	0	3540	0	8222	0	10202	22789
494000	321	0	3363	0	8364	0	8934	23872
495000	226	0	3310	0	8602	0	9377	25077
496000	253	0	2596	0	9768	0	7497	26591
497000	289	0	3161	0	8708	0	8321	26128
498000	313	0	2743	0	9392	0	7931	25679
499000	240	0	2221	0	10376	0	5980	28566
500000	299	0	2183	0	10322	0	5739	29949
501000	274	0	2017	0	10703	0	5308	30101
502000	296	0	1644	0	11162	0	4337	30244
503000	256	0	1734	0	11165	0	4713	32496
504000	219	0	1746	0	11167	0	4807	31197
505000	282	0	1713	0	11087	0	4112	32202
506000	239	0	1781	0	11019	0	4663	29464
507000	269	0	1975	0	10691	0	5325	30250
508000	295	0	1765	0	11032	0	4561	30283
509000	336	0	1763	0	10995	0	4812	31881
510000	295	0	1962	0	10716	0	6202	29954
511000	247	0	2234	0	10360	0	6128	28527
512000	344	0	2335	0	10144	0	6298	29384
513000	313	0	2284	0	10153	0	5935	27832
514000	359	0	2255	0	10195	0	6509	26894
515000	268	0	2253	0	10275	0	6336	28306
516000	272	0	1878	0	10824	0	5259	31262
517000	298	0	2155	0	10446	0	5368	30123
518000	311	0	2183	0	10319	0	5705	28121
519000	260	0	2216	0	10342	0	5848	28964
520000	262	0	1862	0	10979	0	5352	30609
521000	269	0	1875	0	10911	0	4960	30891
522000	269	0	1686	0	11199	0	4293	31862
523000	259	0	1879	0	10962	0	5117	30151
524000	235	0	1948	0	10854	0	5367	29865
525000	298	0	2203	0	10349	0	6228	28147
526000	249	0	2293	0	10248	0	6899	28339
527000	267	0	2179	0	10434	0	6102	27959
528000	285	0	2158	0	10452	0	5760	30225
529000	279	0	1888	0	10802	0	5312	31310
530000	240	0	2358	0	10182	0	6346	27020
531000	322	0	2535	0	9742	0	6460	27168
532000	338	0	2333	0	10089	0	6717	27801
533000	356	0	2528	0	9791	0	6851	26286
534000	251	0	2444	0	9964	0	6288	28160
535000	318	0	2473	0	9821	0	7189	26265
536000	291	0	2565	0	9702	0	7719	27524
537000	243	0	2278	0	10298	0	5988	29783
538000	207	0	3547	0	8127	0	9428	24453
539000	278	0	3490	0	8259	0	9756	21900
540000	234	0	2897	0	9263	0	8146	25598
541000	271	0	2703	0	9523	0	7662	27473
542000	252	0	3004	0	9040	0	7945	26006
543000	277	0	3285	0	8534	0	9358	23360
544000	227	0	2817	0	9378	0	8335	25050
545000	249	0	3130	0	8817	0	8140	24204
546000	301	0	2577	0	9678	0	7503	26386
547000	283	0	2919	0	9161	0	8010	25960
548000	285	0	2969	0	9124	0	8780	26915
549000	289	0	2917	0	9197	0	8344	24910
550000	262	0	2590	0	9725	0	7243	27509
551000	193	0	3065	0	8982	0	8047	25876
552000	241	0	3377	0	8422	0	8150	24675
553000	347	0	2732	0	9285	0	7723	24949
554000	295	0	3609	0	7908	0	9869	23166
555000	305	0	3811	0	7478	0	11278	21530
556000	228	0	3055	0	8987	0	9037	24367
557000	245	0	3132	0	8847	0	8607	24749
558000	215	0	2725	0	9580	0	7815	25744
559000	313	0	2449	0	9902	0	6987	27627
560000	280	0	1855	0	10904	0	6140	29435
561000	276	0	2381	0	10141	0	6054	28721
562000	311	0	1773	0	11075	0	5323	29975
563000	285	0	1271	0	11882	0	3258	33029
564000	253	0	1184	0	11985	0	3595	32954
565000	268	0	1328	0	11759	0	3696	32792
566000	264	0	2167	0	10472	0	6170	29146
567000	257	0	2303	0	10280	0	6141	29712
568000	314	0	2281	0	10136	0	6910	27174
569000	235	0	1859	0	11008	0	5087	30680
570000	275	0	2137	0	10406	0	6172	28256
571000	224	0	2026	0	10748	0	5410	30132
572000	222	0	2011	0	10721	0	5134	30242
573000	282	0	1754	0	11132	0	4612	29795
574000	314	0	2071	0	10460	0	5491	28562
575000	321	0	1579	0	11277	0	5059	30775
576000	262	0	2037	0	10663	0	5193	29695
577000	255	0	1737	0	11159	0	5117	30611
578000	271	0	1822	0	10960	0	5131	30634
579000	268	0	2314	0	10240	0	6036	30731
580000	258	0	2640	0	9687	0	7371	26491
581000	307	0	2862	0	9248	0	8375	25075
582000	274	0	2328	0	10157	0	6699	29314
583000	267	0	2571	0	9798	0	7573	27180
584000	313	0	2945	0	9069	0	8250	25203
585000	301	0	2370	0	10018	0	6798	27657
586000	232	0	2721	0	9627	0	7270	27678
587000	313	0	3069	0	8972	0	7471	24502
588000	247	0	2064	0	10565	0	5583	28885
589000	282	0	1954	0	10706	0	5939	29526
590000	253	0	1955	0	10758	0	5410	29166
591000	217	0	2468	0	10047	0	6704	28319
592000	293	0	2446	0	9948	0	6777	27456
593000	318	0	2945	0	9125	0	8366	26125
594000	272	0	3117	0	8783	0	8630	24234
595000	265	0	2599	0	9706	0	6730	27086
596000	251	0	2112	0	10584	0	6102	29427
597000	260	0	1853	0	11017	0	5392	30236
598000	268	0	1908	0	10788	0	5309	29799
599000	252	0	2738	0	9557	0	7287	26555
600000	269	0	3288	0	8546	0	8207	24281
601000	270	0	3354	0	8476	0	9801	21667
602000	324	0	2959	0	8962	0	8477	23109
603000	233	0	2548	0	9977	0	6829	27779
604000	248	0	2424	0	10111	0	7524	28061
605000	252	0	2910	0	9337	0	7544	27110
606000	281	0	1972	0	10696	0	6230	29833
607000	223	0	2519	0	9867	0	6507	26894
608000	250	0	2457	0	9993	0	6588	28464
609000	359	0	3252	0	8502	0	8695	24665
610000	256	0	3271	0	8697	0	8831	24977
611000	276	0	3286	0	8572	0	8398	24250
612000	269	0	3046	0	8886	0	8905	24469
613000	253	0	3623	0	8049	0	9428	22509
614000	240	0	3951	0	7451	0	10301	20690
615000	292	0	3092	0	8851	0	9977	23855
616000	279	0	3429	0	8302	0	9201	22449
617000	240	0	3054	0	9072	0	8728	25377
618000	273	0	2629	0	9625	0	7916	26088
619000	292	0	2647	0	9559	0	7328	27259
620000	277	0	2318	0	10117	0	6573	27668
621000	254	0	2124	0	10503	0	5743	29267
622000	293	0	2225	0	10296	0	6197	27810
623000	299	0	2018	0	10581	0	5892	27263
624000	328	0	1761	0	10969	0	4435	31032
625000	315	0	1762	0	11024	0	4682	30263
626000	238	0	1727	0	11186	0	4849	31424
627000	260	0	1945	0	10788	0	5862	30491
628000	317	0	1948	0	10662	0	5318	28880
629000	221	0	1376	0	11840	0	4271	32192
630000	305	0	1618	0	11264	0	4604	31811
631000	266	0	1384	0	11699	0	3686	33730
632000	255	0	1431	0	11545	0	3628	32703
633000	302	0	2344	0	10020	0	6135	29004
634000	202	0	2768	0	9531	0	7675	27110
635000	276	0	3115	0	8851	0	8565	23350
636000	276	0	3628	0	7976	0	9332	22071
637000	268	0	2665	0	9642	0	7475	25896
638000	258	0	2853	0	9339	0	8352	25388
639000	262	0	2735	0	9572	0	7067	25942
640000	340	0	2859	0	9225	0	7019	25797
641000	243	0	2682	0	9622	0	7514	25306
642000	321	0	3059	0	8867	0	7927	25253
643000	273	0	2930	0	9120	0	7679	25024
644000	315	0	3189	0	8684	0	8330	24647
645000	253	0	2892	0	9272	0	7556	26475
646000	312	0	3206	0	8706	0	9045	23722
647000	303	0	2882	0	9210	0	7986	25000
648000	267	0	2581	0	9779	0	6578	27428
649000	249	0	2336	0	10221	0	6913	28459
650000	334	0	2135	0	10385	0	5811	29282
651000	320	0	2332	0	10124	0	6178	27626
652000	326	0	1718	0	10995	0	4785	28938
653000	275	0	1392	0	11725	0	4386	32023
654000	307	0	1400	0	11591	0	4008	32120
655000	288	0	1600	0	11279	0	4571	31369
656000	269	0	1787	0	11099	0	4515	30824
657000	250	0	1500	0	11583	0	4547	32591
658000	233	0	1142	0	12106	0	3010	34251
659000	274	0	1651	0	11289	0	4613	31324
660000	254	0	1870	0	10901	0	5187	29315
661000	280	0	2132	0	10468	0	5547	28555
662000	291	0	1943	0	10770	0	5252	30190
663000	294	0	1857	0	10888	0	5437	29642
664000	287	0	1761	0	11077	0	4411	31446
665000	255	0	2220	0	10357	0	6407	28912
666000	255	0	2146	0	10501	0	6189	28014
667000	247	0	2663	0	9572	0	7373	26376
668000	287	0	2625	0	9644	0	7091	27741
669000	300	0	2063	0	10525	0	6264	28364
670000	276	0	2135	0	10511	0	6501	27692
671000	322	0	2471	0	9813	0	6568	27031
672000	310	0	1716	0	11064	0	5763	29803
673000	224	0	1875	0	10919	0	5349	31184
674000	301	0	1765	0	11030	0	5008	30968
675000	255	0	1524	0	11465	0	4627	31816
676000	260	0	1563	0	11457	0	4242	31425
677000	301	0	1863	0	10850	0	5135	30624
678000	202	0	1784	0	11155	0	4939	29327
679000	311	0	1984	0	10641	0	5409	28842
680000	290	0	2314	0	10127	0	6995	28211
681000	278	0	2449	0	9939	0	6253	29238
682000	252	0	2262	0	10262	0	6066	27760
683000	199	0	2166	0	10551	0	5885	30387
684000	258	0	2354	0	10164	0	6617	28337
685000	285	0	2237	0	10290	0	5500	29701
686000	195	0	2619	0	9803	0	7250	25848
687000	229	0	2178	0	10455	0	6390	27564
688000	235	0	1941	0	10828	0	5767	29791
689000	298	0	1918	0	10811	0	5016	30069
690000	236	0	2337	0	10249	0	5560	29569
691000	245	0	1932	0	10792	0	4812	31089
692000	279	0	1922	0	10769	0	5441	30648
693000	235	0	2404	0	10073	0	6127	27748
694000	258	0	2581	0	9872	0	7276	26666
695000	188	0	2700	0	9644	0	7619	26971
696000	318	0	2167	0	10410	0	6774	28238
697000	275	0	2022	0	10687	0	5701	29161
698000	258	0	1858	0	10985	0	4959	31128
699000	294	0	1517	0	11420	0	4486	31806
700000	246	0	1579	0	11395	0	4812	31488
701000	324	0	2078	0	10536	0	5702	28983
702000	271	0	1886	0	10854	0	5383	29625
703000	276	0	2021	0	10661	0	6424	29724
704000	198	0	2094	0	10651	0	5528	30609
705000	270	0	1888	0	10912	0	5489	29492
706000	255	0	2253	0	10277	0	6290	29274
707000	307	0	2409	0	10010	0	6831	26947
708000	241	0	2239	0	10413	0	6312	28107
709000	261	0	2398	0	10101	0	6204	28708
710000	258	0	2125	0	10496	0	5834	30221
711000	269	0	2302	0	10151	0	6182	27857
712000	251	0	2326	0	10246	0	6721	28414
713000	274	0	2167	0	10478	0	5844	28436
714000	216	0	2511	0	10072	0	6675	27805
715000	290	0	2380	0	10036	0	6708	27837
716000	299	0	2595	0	9691	0	6997	26743
717000	331	0	2257	0	10168	0	5838	28520
718000	243	0	2204	0	10448	0	6059	30117
719000	294	0	2119	0	10453	0	5336	30575
720000	200	0	1695	0	11308	0	4890	31679
721000	283	0	1476	0	11543	0	4696	30740
722000	293	0	1388	0	11649	0	3879	32982
723000	239	0	1929	0	10866	0	5260	29673
724000	244	0	2485	0	10011	0	6066	28950
725000	227	0	2362	0	10162	0	6026	28299
726000	272	0	2330	0	10188	0	6556	28558
727000	292	0	2184	0	10331	0	7019	28736
728000	298	0	2022	0	10665	0	6388	27976
729000	309	0	2288	0	10150	0	6643	30226
730000	280	0	2174	0	10396	0	6078	28447
731000	234	0	1767	0	11155	0	5124	30257
732000	271	0	2467	0	9934	0	6892	28005
733000	272	0	2587	0	9768	0	7417	25732
734000	281	0	3066	0	8975	0	8473	25187
735000	255	0	2641	0	9681	0	7159	26002
736000	257	0	3291	0	8605	0	8698	25528
737000	279	0	2921	0	9146	0	8485	24515
738000	300	0	2524	0	9783	0	6827	26143
739000	237	0	3185	0	8817	0	8155	25081
740000	242	0	3036	0	9015	0	8063	25778
741000	304	0	2769	0	9475	0	7180	25373
742000	314	0	2198	0	10260	0	6300	28014
743000	258	0	2921	0	9210	0	8010	24663
744000	278	0	2351	0	10131	0	7175	27339
745000	262	0	2044	0	10621	0	5586	30281
746000	330	0	2593	0	9667	0	6701	27705
747000	267	0	2497	0	9842	0	7608	27129
748000	258	0	2791	0	9476	0	7899	25508
749000	256	0	3181	0	8714	0	9222	22825
750000	326	0	3039	0	8838	0	8888	23594
751000	310	0	2882	0	9216	0	7640	24691
752000	274	0	2861	0	9306	0	8739	24936
753000	234	0	2741	0	9479	0	8060	27491
754000	239	0	2146	0	10487	0	6883	28487
755000	222	0	2042	0	10758	0	5975	28706
756000	310	0	2393	0	10011	0	6138	26688
757000	241	0	2248	0	10355	0	6613	28331
758000	240	0	2260	0	10367	0	6397	28878
759000	272	0	2164	0	10470	0	5931	28511
760000	209	0	2886	0	9384	0	7977	25855
761000	242	0	3246	0	8596	0	8891	23766
762000	219	0	3491	0	8271	0	10046	23690
763000	220	0	3091	0	8926	0	9525	23947
764000	298	0	2158	0	10434	0	6430	28868
765000	281	0	2724	0	9479	0	7393	26802
766000	267	0	2573	0	9695	0	7182	26824
767000	271	0	3122	0	8752	0	8310	24855
768000	225	0	3197	0	8851	0	8676	24828
769000	288	0	2808	0	9352	0	7347	27058
770000	339	0	2982	0	8946	0	8592	22760
771000	256	0	3015	0	8985	0	8501	25540
772000	277	0	3556	0	8124	0	9350	23309
773000	290	0	3736	0	7667	0	9992	22923
774000	282	0	2703	0	9574	0	7729	26339
775000	219	0	2681	0	9652	0	7693	26963
776000	269	0	2971	0	9132	0	8236	26164
777000	248	0	2530	0	9887	0	7060	27656
778000	200	0	2473	0	10008	0	7116	26135
779000	234	0	2693	0	9676	0	6991	26896
780000	268	0	2870	0	9321	0	7998	25206
781000	287	0	3487	0	8305	0	9658	22235
782000	275	0	3337	0	8419	0	8960	23780
783000	336	0	3079	0	8782	0	8582	23284
784000	312	0	2400	0	9893	0	7533	26909
785000	253	0	1899	0	10838	0	4236	30303
786000	302	0	2039	0	10614	0	5953	27871
787000	308	0	2149	0	10320	0	6180	28969
788000	220	0	2655	0	9745	0	7360	26670
789000	303	0	2157	0	10328	0	5906	28579
790000	284	0	1987	0	10705	0	5328	28067
791000	317	0	2164	0	10320	0	6324	28065
792000	279	0	2497	0	9887	0	6856	28314
793000	301	0	3026	0	9047	0	8289	25742
794000	250	0	3103	0	8716	0	8149	24292
795000	288	0	2685	0	9545	0	7922	26774
796000	280	0	2987	0	9113	0	8283	25793
797000	268	0	3029	0	8825	0	8293	25254
798000	327	0	2995	0	9007	0	7960	25887
799000	250	0	2679	0	9548	0	7399	26756
800000	279	0	2553	0	9767	0	6793	28030
801000	304	0	2335	0	10094	0	6913	27363
802000	242	0	2640	0	9664	0	7092	28127
803000	254	0	2418	0	9999	0	6688	27330
804000	285	0	2550	0	9739	0	7433	27097
805000	258	0	2385	0	10056	0	6658	27202
806000	287	0	2064	0	10614	0	6267	28796
807000	215	0	2397	0	10183	0	5990	28219
808000	267	0	2235	0	10235	0	5771	27910
809000	219	0	2457	0	9935	0	6888	27673
810000	260	0	2429	0	9998	0	6481	28570
811000	256	0	1503	0	11533	0	4101	31346
812000	213	0	1766	0	11113	0	5068	31914
813000	260	0	2014	0	10684	0	5947	29552
814000	265	0	2136	0	10551	0	5812	29108
815000	249	0	2435	0	10005	0	6932	28126
816000	281	0	2325	0	10175	0	6481	27894
817000	287	0	2815	0	9349	0	8551	25316
818000	230	0	3275	0	8575	0	9897	23860
819000	254	0	3209	0	8641	0	9361	23897
820000	220	0	3106	0	8926	0	7567	24202
821000	305	0	2571	0	9750	0	7122	27406
822000	277	0	1715	0	11184	0	5298	30351
823000	301	0	1909	0	10773	0	4728	29438
824000	308	0	1721	0	11014	0	4525	31712
825000	307	0	1644	0	11154	0	5274	30531
826000	285	0	1952	0	10694	0	5251	29988
827000	288	0	2046	0	10529	0	6346	28989
828000	273	0	1994	0	10697	0	5503	29429
829000	257	0	2794	0	9369	0	8084	26876
830000	310	0	2846	0	9235	0	7055	25896
831000	243	0	2864	0	9272	0	7560	25061
832000	261	0	2556	0	9794	0	7248	27190
833000	253	0	2197	0	10361	0	6117	27977
834000	268	0	1587	0	11414	0	4270	31775
835000	299	0	1916	0	10822	0	5353	30524
836000	281	0	1844	0	10988	0	4791	30731
837000	267	0	1975	0	10705	0	5716	29621
838000	285	0	1888	0	10906	0	5107	28929
839000	303	0	1630	0	11239	0	4396	31344
840000	213	0	1421	0	11681	0	4436	32132
841000	311	0	1507	0	11414	0	4386	32701
842000	231	0	1491	0	11549	0	4593	31564
843000	207	0	1498	0	11566	0	4305	31250
844000	260	0	1955	0	10793	0	5058	30266
845000	243	0	1834	0	11010	0	5393	31329
846000	253	0	2056	0	10631	0	6554	28660
847000	244	0	2692	0	9560	0	6835	27121
848000	241	0	3405	0	8313	0	9204	24409
849000	257	0	2791	0	9491	0	8257	25487
850000	223	0	2228	0	10457	0	5375	27772
851000	222	0	2421	0	10091	0	6231	28198
852000	268	0	2767	0	9444	0	7407	26557
853000	244	0	2970	0	9142	0	8098	26343
854000	271	0	2758	0	9434	0	8039	24755
855000	264	0	1743	0	11108	0	5555	31072
856000	321	0	1693	0	11201	0	4528	29869
857000	221	0	2117	0	10548	0	5653	30394
858000	303	0	1910	0	10789	0	4787	29228
859000	298	0	1647	0	11272	0	4368	31289
860000	287	0	1710	0	11130	0	5026	30747
861000	294	0	1942	0	10733	0	5560	30439
862000	273	0	2044	0	10602	0	5987	29387
863000	278	0	1660	0	11235	0	4225	29656
864000	250	0	1851	0	10968	0	4688	30084
865000	303	0	1531	0	11378	0	4457	31628
866000	272	0	1795	0	11049	0	4954	30645
867000	259	0	2514	0	9919	0	7122	28391
868000	263	0	2246	0	10317	0	6551	28964
869000	228	0	2518	0	9940	0	6432	28330
870000	281	0	2977	0	9201	0	7557	27245
871000	299	0	2715	0	9401	0	7448	26924
872000	249	0	2585	0	9750	0	7392	27373
873000	282	0	2553	0	9781	0	7479	28658
874000	315	0	2031	0	10526	0	6372	28764
875000	285	0	2124	0	10500	0	6441	29447
876000	254	0	1600	0	11360	0	3972	33850
877000	291	0	1972	0	10696	0	4814	30159
878000	256	0	2078	0	10610	0	6394	29786
879000	271	0	2371	0	10078	0	6621	28452
880000	265	0	2200	0	10345	0	6365	29272
881000	232	0	2147	0	10518	0	6629	28825
882000	281	0	2331	0	10096	0	6688	26669
883000	302	0	2336	0	10102	0	6301	28817
884000	236	0	2939	0	9227	0	7288	25642
885000	265	0	2151	0	10475	0	5814	28392
886000	266	0	1660	0	11279	0	4278	31510
887000	310	0	1608	0	11243	0	4145	30781
888000	233	0	1691	0	11261	0	4959	31368
889000	302	0	1958	0	10701	0	5442	29990
890000	255	0	1992	0	10709	0	6018	28241
891000	285	0	1830	0	10920	0	5889	30742
892000	249	0	2014	0	10683	0	5337	30159
893000	252	0	2388	0	10031	0	6455	27949
894000	259	0	2523	0	9874	0	7229	27569
895000	299	0	1936	0	10789	0	5606	30379
896000	277	0	1566	0	11316	0	4901	31665
897000	273	0	2322	0	10206	0	6085	28186
898000	182	0	2971	0	9230	0	7639	27301
899000	262	0	2615	0	9670	0	7989	25785
900000	290	0	2670	0	9593	0	6567	27307
901000	261	0	2483	0	9974	0	6576	26973
902000	243	0	2554	0	9891	0	6817	27648
903000	242	0	2994	0	9015	0	8901	24994
904000	259	0	2405	0	10084	0	6811	26631
905000	308	0	2711	0	9511	0	8249	26310
906000	258	0	3060	0	8953	0	8594	25566
907000	255	0	2812	0	9375	0	8038	24703
908000	238	0	2654	0	9725	0	7722	26775
909000	293	0	2316	0	10153	0	6799	26820
910000	260	0	3123	0	8816	0	8420	25507
911000	289	0	2680	0	9612	0	7424	26850
912000	253	0	2303	0	10202	0	6165	29064
913000	278	0	1710	0	11216	0	5089	30448
914000	293	0	1767	0	11048	0	5067	31354
915000	254	0	1856	0	10905	0	5209	30208
916000	330	0	1907	0	10762	0	4944	29604
917000	263	0	2372	0	10175	0	5995	28602
918000	264	0	2615	0	9747	0	6867	29020
919000	212	0	2873	0	9294	0	8075	27280
920000	275	0	2481	0	9931	0	7063	28040
921000	282	0	2522	0	9824	0	7433	26560
922000	279	0	2488	0	10026	0	7006	26823
923000	289	0	2216	0	10311	0	5165	28341
924000	246	0	1723	0	11161	0	4721	31321
925000	244	0	1927	0	10806	0	5959	31443
926000	271	0	1571	0	11327	0	4412	31621
927000	251	0	1745	0	11099	0	5159	29565
928000	239	0	2330	0	10199	0	6337	27223
929000	257	0	2554	0	9788	0	6475	28526
930000	312	0	2562	0	9663	0	6951	27472
931000	267	0	2912	0	9213	0	8709	25938
932000	214	0	2478	0	9967	0	6843	27394
933000	274	0	2866	0	9266	0	7710	25114
934000	277	0	2699	0	9547	0	7446	27042
935000	264	0	2611	0	9572	0	7284	26795
936000	247	0	2263	0	10354	0	6440	27940
937000	243	0	2677	0	9698	0	7438	25112
938000	305	0	2559	0	9789	0	6824	26676
939000	248	0	3392	0	8308	0	9059	23446
940000	297	0	3900	0	7427	0	11641	18973
941000	314	0	4297	0	6621	0	11896	18885
942000	262	0	4397	0	6713	0	12024	16803
943000	227	0	4552	0	6383	0	12222	18665
944000	276	0	4004	0	7422	0	11629	19620
945000	319	0	3344	0	8350	0	9055	23184
946000	250	0	3188	0	8694	0	8620	22541
947000	234	0	2703	0	9497	0	7693	25611
948000	230	0	2850	0	9357	0	7281	26525
949000	210	0	2697	0	9548	0	7548	26570
950000	287	0	2528	0	9770	0	7537	26667
951000	237	0	2189	0	10476	0	6237	27793
952000	252	0	1902	0	10910	0	5494	28952
953000	326	0	2388	0	10051	0	7183	28304
954000	317	0	2081	0	10506	0	6203	28079
955000	311	0	1465	0	11515	0	3758	31112
956000	248	0	1918	0	10796	0	5240	30649
957000	271	0	1959	0	10759	0	5010	29667
958000	268	0	2273	0	10218	0	6362	28710
959000	295	0	2107	0	10480	0	6051	29436
960000	249	0	2068	0	10571	0	5560	30543
961000	275	0	1908	0	10857	0	5258	30017
962000	243	0	1704	0	11232	0	4597	31860
963000	289	0	1954	0	10732	0	5122	30667
964000	269	0	2176	0	10451	0	5751	29267
965000	314	0	2901	0	9133	0	7443	27537
966000	208	0	3050	0	9074	0	8449	24417
967000	335	0	3155	0	8709	0	8907	24154
968000	274	0	3751	0	7702	0	10639	21745
969000	288	0	3658	0	7919	0	10137	21613
970000	275	0	3526	0	8206	0	10545	22221
971000	324	0	2549	0	9603	0	7279	25883
972000	282	0	2212	0	10306	0	6187	29706
973000	254	0	2159	0	10383	0	5589	30463
974000	279	0	2197	0	10362	0	6233	28826
975000	268	0	2483	0	9905	0	7395	27029
976000	300	0	2459	0	9927	0	7091	26694
977000	290	0	2386	0	9997	0	6924	29326
978000	236	0	2269	0	10300	0	7068	28353
979000	341	0	1831	0	10895	0	5648	29192
980000	242	0	1914	0	10880	0	4867	31404
981000	290	0	2442	0	9953	0	6404	28521
982000	242	0	2680	0	9619	0	7472	26190
983000	280	0	2394	0	10022	0	6842	27560
984000	268	0	2363	0	10171	0	6573	27365
985000	297	0	2178	0	10337	0	6171	30565
986000	238	0	1902	0	10863	0	5264	30496
987000	298	0	2110	0	10398	0	6348	28726
988000	294	0	2062	0	10616	0	5571	29274
989000	246	0	2258	0	10349	0	5860	29033
990000	224	0	2096	0	10618	0	5880	28509
991000	287	0	2145	0	10427	0	5523	29405
992000	248	0	2480	0	9838	0	7051	27428
993000	232	0	2661	0	9704	0	6858	27702
994000	313	0	2390	0	10089	0	7268	28257
995000	287	0	1774	0	10991	0	5040	31029
996000	298	0	1915	0	10853	0	5528	29354
997000	208	0	2043	0	10739	0	5634	29666
998000	255	0	1762	0	11137	0	5651	31331
999000	301	0	1585	0	11364	0	4466	31036
