0	0	0	0	14400	0	0	0	0
1000	12	262	448	13025	124	101	37401	637
2000	11	256	420	13096	120	123	37215	725
3000	8	261	471	12899	70	271	35705	979
4000	15	254	606	12761	35	274	36287	901
5000	14	260	512	13014	70	102	36808	444
6000	16	238	551	12867	112	177	36795	660
7000	12	240	434	13055	63	244	36784	1040
8000	13	241	428	13055	97	169	37126	709
9000	17	289	513	12918	73	132	36830	733
10000	9	261	386	13152	31	195	37027	670
11000	11	284	496	12942	52	166	37576	829
12000	12	262	487	13072	5	123	37468	259
13000	4	237	457	13245	0	47	38565	182
14000	10	268	464	13234	0	38	37377	134
15000	8	265	456	13227	0	15	37893	26
16000	3	278	461	13264	0	8	38444	25
17000	14	230	595	12883	170	15	36783	612
18000	11	270	602	12787	139	97	38027	631
19000	12	254	511	13043	81	79	36608	561
20000	16	304	702	12691	33	84	37544	321
21000	13	267	510	12921	3	264	38828	676
22000	10	271	385	13061	14	300	37180	859
23000	14	239	461	12962	7	274	38073	882
24000	12	256	515	12882	3	294	36363	810
25000	19	277	442	12924	13	285	36701	627
26000	11	250	408	13024	20	301	38389	970
27000	11	269	496	13018	4	142	37252	374
28000	5	268	360	13250	1	128	38732	308
29000	5	239	434	13201	1	94	38600	103
30000	3	257	426	13231	17	92	38541	302
31000	6	266	354	13344	22	65	37892	223
32000	12	243	514	13008	8	129	37248	550
33000	8	289	467	13059	66	115	37053	554
34000	8	257	468	13066	33	123	37964	273
35000	13	235	618	12921	8	55	39604	107
36000	7	223	602	12990	12	51	37713	291
37000	10	236	441	13263	3	50	37665	246
38000	5	242	417	13354	12	21	38839	158
39000	8	282	462	13190	0	21	36703	16
40000	7	268	448	13246	0	13	37796	96
41000	13	253	453	13247	9	19	38062	109
42000	6	257	465	13236	0	26	39175	93
43000	5	271	467	13166	0	47	37641	79
44000	8	260	420	13225	11	65	38303	182
45000	9	233	440	13198	18	72	37770	264
46000	8	287	429	13190	12	33	38362	150
47000	8	246	518	13125	0	59	37728	145
48000	11	249	504	13180	0	30	38390	107
49000	11	268	513	13152	2	53	38300	153
50000	6	232	486	13219	0	7	38201	78
51000	11	283	459	13254	0	2	37646	0
52000	18	259	590	12986	64	48	38090	261
53000	11	254	518	12925	76	125	38009	522
54000	11	296	405	13176	12	103	38955	259
55000	8	228	508	13151	19	50	37768	245
56000	10	283	488	13130	35	16	37589	136
57000	2	319	430	13253	14	13	37897	49
58000	11	220	516	13173	39	0	37935	185
59000	11	279	489	13186	10	2	38694	67
60000	12	255	495	13216	0	4	38358	10
61000	15	242	521	13021	93	47	38947	386
62000	14	285	494	13086	40	51	37576	241
63000	16	287	496	13119	15	19	37448	145
64000	8	249	397	13305	2	59	38123	114
65000	4	254	369	13372	0	28	37665	153
66000	6	252	377	13326	2	81	37075	103
67000	8	273	418	13262	12	23	37210	146
68000	8	277	535	13083	0	36	38502	108
69000	7	264	502	13142	0	55	38742	88
70000	3	267	422	13266	0	7	37852	21
71000	5	257	420	13296	0	1	38431	4
72000	18	267	525	13030	73	41	37375	198
73000	19	254	528	13046	30	61	38501	355
74000	8	256	394	13308	2	49	39131	196
75000	9	268	460	13194	6	36	38640	151
76000	20	227	507	13173	6	7	37862	68
77000	11	282	486	13058	73	3	36740	328
78000	12	262	519	13075	65	37	37548	204
79000	10	237	639	12943	31	4	38027	113
80000	15	275	614	12830	163	19	36522	295
81000	13	222	568	12824	139	152	37724	779
82000	14	261	491	12813	116	280	36614	905
83000	11	266	595	12519	122	384	36447	1187
84000	5	254	560	12455	115	535	35554	1709
85000	8	264	445	12608	151	512	36510	1742
86000	14	279	466	12581	57	599	34866	1468
87000	12	211	523	12638	80	484	36754	1303
88000	14	300	544	12456	98	548	34541	1999
89000	5	265	527	12446	60	657	36612	2454
90000	10	242	405	12754	35	596	35808	1648
91000	4	245	441	12486	34	777	36470	1896
92000	12	292	444	12705	92	451	37016	1548
93000	5	273	616	12379	96	528	36018	1685
94000	20	258	747	12368	111	330	35904	1154
95000	13	255	556	12689	89	357	36013	1216
96000	12	231	498	12900	40	265	37244	1027
97000	8	270	455	12961	36	270	37165	734
98000	14	292	573	12755	5	338	36524	736
99000	17	285	593	12836	21	151	37687	511
100000	7	278	765	12509	1	262	36812	725
101000	10	279	716	12711	31	94	38494	424
102000	6	291	536	12978	67	90	36426	463
103000	16	265	569	12788	120	150	36849	633
104000	9	245	538	12906	23	270	37631	877
105000	4	276	415	13044	26	245	37109	575
106000	6	258	453	13023	24	271	37483	929
107000	14	242	483	12914	19	292	38120	708
108000	4	237	540	12854	5	294	38108	717
109000	1	324	417	13066	31	142	36675	549
110000	17	268	621	12796	31	199	37666	600
111000	12	263	478	12967	50	228	36959	681
112000	14	267	529	13027	6	88	37720	174
113000	8	258	445	13198	16	73	36796	209
114000	24	273	599	12951	12	38	38865	87
115000	5	267	473	13157	30	21	36686	106
116000	11	245	491	13187	18	15	37506	52
117000	6	242	487	13220	1	17	38094	57
118000	12	205	522	13162	0	32	38229	15
119000	8	244	435	13261	4	27	39006	38
120000	18	240	586	12982	44	28	38947	221
121000	18	274	580	12936	71	29	37186	311
122000	8	247	519	13160	9	15	38281	175
123000	8	265	482	13206	0	2	38241	31
124000	8	226	523	13032	133	51	37438	844
125000	3	258	465	13113	39	87	38370	376
126000	14	231	447	13149	69	50	38713	282
127000	9	264	718	12779	17	55	37666	184
128000	13	277	452	13132	27	45	37943	199
129000	6	292	395	13273	42	32	38320	72
130000	13	245	340	13408	20	37	37449	87
131000	21	296	401	13272	0	28	37608	83
132000	7	268	447	13254	29	1	39123	72
133000	7	237	615	12885	127	15	39528	326
134000	19	262	525	12957	64	95	37409	328
135000	11	285	440	13017	31	181	37231	515
136000	11	270	483	13120	8	78	35226	200
137000	14	235	491	13094	1	102	38224	299
138000	12	229	501	13090	3	101	38185	426
139000	10	234	434	13247	0	89	39100	225
140000	8	241	473	13116	2	117	37390	213
141000	9	251	448	13244	0	28	37573	91
142000	7	250	485	13139	17	65	38061	152
143000	5	233	368	13378	0	57	38686	195
144000	4	280	295	13305	0	149	38812	364
145000	9	270	351	13339	12	80	37722	233
146000	6	249	420	13337	0	3	38506	6
147000	11	285	497	13093	76	46	37345	272
148000	14	232	538	13028	13	119	38868	379
149000	7	256	470	13209	0	39	38585	96
150000	7	234	552	13099	0	26	38280	16
151000	6	245	527	13151	0	16	38115	11
152000	8	283	542	13110	0	47	37637	96
153000	8	238	566	13027	0	47	38065	55
154000	13	253	441	13230	0	37	38642	85
155000	20	285	554	13000	0	58	38155	237
156000	9	303	576	12940	6	54	37087	94
157000	15	266	698	12906	19	13	36754	114
158000	10	270	499	13169	8	11	37183	34
159000	14	270	550	13074	2	37	38380	54
160000	8	278	408	13290	18	2	38876	41
161000	12	284	476	13033	118	14	37797	381
162000	8	274	448	13127	55	70	38791	297
163000	19	234	564	13017	36	42	38154	290
164000	5	247	550	13119	0	61	38537	176
165000	14	252	412	13307	0	28	36927	33
166000	5	254	442	13317	0	11	39271	105
167000	8	213	657	13018	0	16	38743	29
168000	11	268	599	13004	0	16	37340	62
169000	13	254	441	13279	0	3	37949	19
170000	5	245	581	12872	163	20	37657	572
171000	16	276	533	13021	81	22	37609	327
172000	15	265	522	12937	106	127	38091	623
173000	13	263	502	12999	21	141	37546	458
174000	18	233	532	12883	58	239	37551	755
175000	4	243	371	13106	30	250	37258	736
176000	10	250	448	13160	24	110	37636	573
177000	13	268	402	13249	1	67	36782	175
178000	12	294	553	12939	1	115	36789	233
179000	13	247	478	13054	3	166	38209	481
180000	12	236	473	13041	63	128	38091	376
181000	18	299	534	12865	120	99	37061	640
182000	12	270	489	12966	52	177	38146	494
183000	5	274	404	13249	7	82	38944	202
184000	14	280	514	12982	1	133	36602	438
185000	16	260	429	13273	0	27	37808	112
186000	8	238	412	13348	1	25	37521	128
187000	5	287	421	13303	0	7	37869	21
188000	14	279	503	13013	139	4	38355	191
189000	14	305	568	12902	99	14	37320	194
190000	4	304	560	12989	52	35	38428	369
191000	9	268	585	12895	72	87	37740	427
192000	12	240	524	13054	66	26	38494	436
193000	19	276	542	13029	34	53	36754	355
194000	5	218	419	13363	0	19	38033	34
195000	6	241	424	13240	27	54	37918	146
196000	12	284	528	13062	47	23	38442	175
197000	10	270	468	13076	67	86	37659	304
198000	7	257	507	13099	22	89	36692	206
199000	12	273	392	13243	4	79	37901	203
200000	13	216	454	13184	9	102	38648	363
201000	9	267	380	13335	0	56	38616	221
202000	17	302	468	13136	0	15	37777	65
203000	11	267	442	13083	156	2	37345	233
204000	4	259	445	13195	90	26	37307	331
205000	9	229	469	13153	31	91	38828	315
206000	11	270	538	13078	24	54	37446	190
207000	4	253	494	13127	17	90	37623	386
208000	4	298	416	13260	6	29	38556	60
209000	9	256	510	13177	10	0	38765	21
210000	13	263	499	13177	5	21	39140	66
211000	10	265	556	12936	132	21	37378	268
212000	7	216	510	13125	47	75	38235	340
213000	10	282	558	12985	48	50	36849	301
214000	15	260	443	13114	61	128	37862	588
215000	7	281	588	12829	67	103	37912	368
216000	24	261	549	12976	61	39	38179	504
217000	10	269	598	12901	51	66	37545	360
218000	17	248	435	13150	30	109	37334	503
219000	10	273	383	13226	8	132	37234	357
220000	15	257	358	13280	23	135	38529	427
221000	16	259	580	12976	6	78	36857	376
222000	6	273	509	12997	20	130	38177	421
223000	13	255	765	12663	25	77	37766	282
224000	10	264	597	13015	0	9	37765	124
225000	11	245	415	13180	156	10	37029	327
226000	13	263	413	13115	140	66	37902	497
227000	11	253	420	12944	164	190	37211	977
228000	6	263	535	12843	73	186	37222	714
229000	17	247	485	12932	36	253	37289	735
230000	14	257	660	12780	41	77	37300	365
231000	10	262	421	13219	20	17	38478	188
232000	7	239	375	13369	16	1	38977	32
233000	6	245	405	13163	132	46	38890	446
234000	5	264	359	13211	80	104	38020	489
235000	5	258	501	13118	8	99	37818	278
236000	14	269	462	13127	3	106	38848	458
237000	8	289	456	13198	1	22	37034	132
238000	4	266	464	13181	0	70	38160	246
239000	16	248	596	12922	0	114	36734	338
240000	17	286	532	12901	0	164	37281	690
241000	11	242	521	12982	3	213	37825	453
242000	8	257	442	13044	21	215	38227	589
243000	6	246	490	12957	9	257	36715	958
244000	7	290	480	12959	12	262	37552	826
245000	15	246	477	12978	6	268	38546	662
246000	6	236	349	13188	13	275	36613	651
247000	9	263	538	13034	6	109	37995	295
248000	8	250	482	12970	39	234	37131	785
249000	6	241	527	12941	7	232	37656	798
250000	2	267	426	12961	17	319	38335	1124
251000	6	298	473	13008	13	195	37297	823
252000	9	256	478	12858	23	380	36712	1076
253000	6	284	378	13082	32	266	38004	937
254000	8	237	389	13141	60	199	38131	555
255000	10	270	530	12891	39	194	37421	618
256000	7	226	539	13029	23	118	37208	314
257000	16	248	500	13113	12	46	37806	241
258000	8	309	442	13217	0	0	38406	7
259000	15	237	580	13019	81	7	36784	257
260000	16	289	512	13055	34	84	36789	233
261000	4	235	510	13154	0	51	38356	303
262000	4	245	421	13237	2	131	38581	214
263000	8	238	385	13222	0	116	37764	209
264000	12	262	421	13254	9	94	36807	246
265000	14	245	514	13059	72	46	38484	394
266000	7	256	556	12922	43	144	37653	430
267000	10	251	383	13091	7	271	39005	966
268000	7	277	467	13038	20	185	37136	636
269000	8	279	404	13213	19	92	39188	536
270000	6	246	452	13141	18	127	38623	329
271000	18	249	553	13023	2	93	36667	193
272000	5	237	444	13178	1	130	38706	240
273000	2	237	639	12895	0	124	38869	288
274000	5	261	541	13056	19	102	37310	200
275000	13	242	625	12919	39	95	37494	427
276000	8	245	518	13047	2	137	38986	392
277000	13	286	566	12940	19	115	37862	501
278000	17	265	639	12826	4	138	37297	339
279000	11	252	483	13051	0	161	38467	340
280000	12	259	483	13108	0	115	36879	351
281000	8	247	499	12942	19	258	37637	753
282000	16	269	612	12829	25	162	38076	422
283000	6	249	490	13102	32	113	36366	452
284000	13	241	456	13219	3	91	36825	263
285000	10	215	439	13156	11	154	38429	524
286000	15	269	465	13021	33	189	36127	774
287000	12	255	506	12952	21	213	36835	968
288000	6	283	415	13087	6	231	37862	634
289000	4	245	604	12869	1	188	37185	512
290000	8	257	588	12910	13	88	37239	310
291000	15	273	489	13053	11	118	36859	410
292000	13	254	502	13081	7	70	38999	379
293000	8	285	467	13072	30	108	37578	423
294000	11	278	562	12937	23	112	36170	439
295000	6	265	542	12956	26	137	37237	483
296000	9	259	425	13042	55	192	37022	492
297000	4	266	535	12745	51	334	37073	1159
298000	6	230	429	13078	12	252	36891	720
299000	9	255	423	13152	58	120	37839	532
300000	5	279	430	13057	21	184	36451	585
301000	14	234	526	12865	8	275	36760	768
302000	12	290	470	12924	11	253	37786	975
303000	11	297	605	12632	30	287	36026	673
304000	14	243	696	12582	42	294	34717	952
305000	12	307	463	12930	66	213	36535	886
306000	11	296	502	12979	72	84	36826	369
307000	6	297	469	13065	63	34	37892	331
308000	9	240	526	13105	4	64	38630	308
309000	5	249	477	13206	8	16	37729	53
310000	15	226	427	13268	0	37	38896	85
311000	10	308	487	13162	0	9	37852	52
312000	8	274	484	13225	1	14	37077	42
313000	4	282	405	13320	11	10	36982	56
314000	14	278	514	13131	5	8	39195	58
315000	8	226	444	13197	111	4	38367	269
316000	8	271	599	12928	59	23	37040	270
317000	10	232	464	13252	14	12	38642	80
318000	17	255	472	13251	0	0	39085	9
319000	8	250	489	13182	76	14	38036	224
320000	16	242	500	13176	25	58	37910	170
321000	9	305	389	13144	33	108	36973	365
322000	4	303	342	13284	7	149	36744	256
323000	6	223	379	13335	6	59	38242	228
324000	7	232	573	12943	16	107	37696	279
325000	15	279	600	12976	0	29	37169	149
326000	12	267	545	12968	101	7	36286	369
327000	13	248	409	13297	32	4	39241	113
328000	6	244	443	13255	60	2	38393	75
329000	12	270	564	12950	61	40	38262	267
330000	8	256	520	13054	29	64	37619	343
331000	6	251	623	12988	1	22	38119	108
332000	5	233	628	12956	12	59	37694	237
333000	13	228	602	12993	1	88	37106	221
334000	8	284	623	12929	0	35	38579	22
335000	15	266	669	12782	9	104	37271	177
336000	7	246	524	13125	1	48	37516	180
337000	8	302	529	13041	3	27	37329	192
338000	4	270	393	13274	8	66	38749	193
339000	13	280	481	13148	20	32	38392	151
340000	7	255	560	13090	0	24	36596	93
341000	13	268	381	13361	0	0	38551	2
342000	7	239	515	13169	44	11	39426	210
343000	7	272	421	13226	34	30	37729	184
344000	10	284	363	13373	18	22	37399	109
345000	9	257	430	13233	27	54	36856	225
346000	9	269	385	13217	12	133	38267	461
347000	5	277	574	12930	5	122	37619	262
348000	10	241	444	13142	5	151	38036	316
349000	4	259	586	12836	1	203	37175	621
350000	7	295	519	13015	3	110	37832	458
351000	12	253	487	13194	2	50	38000	78
352000	8	314	636	12808	10	173	37669	289
353000	1	274	460	13168	15	90	38117	445
354000	16	241	716	12785	22	54	36892	325
355000	11	252	558	12995	44	82	37482	343
356000	14	242	571	13007	14	82	37619	222
357000	15	214	637	12898	20	106	37727	345
358000	11	241	513	13105	9	60	38295	173
359000	6	287	433	13199	18	45	36363	157
360000	6	242	402	13311	0	26	38559	64
361000	12	258	448	13246	0	3	38046	20
362000	12	215	512	13141	51	22	37838	301
363000	20	301	626	12960	8	12	37431	60
364000	8	264	522	13155	0	0	37286	7
365000	13	275	411	13212	56	48	37873	175
366000	6	228	627	12938	56	51	38518	259
367000	10	258	658	12870	5	65	37243	261
368000	12	256	490	13133	58	23	38811	168
369000	7	281	582	13029	0	41	37573	86
370000	8	230	473	13135	2	97	38838	210
371000	10	278	471	13177	1	48	38389	201
372000	8	251	555	13096	4	19	39094	57
373000	15	264	654	12923	0	2	37645	17
374000	6	244	473	13254	0	11	37999	29
375000	8	282	426	13313	0	5	37368	74
376000	14	236	422	13314	0	6	38346	1
377000	10	297	357	13213	115	30	37268	375
378000	12	238	403	13212	52	109	37612	478
379000	9	282	466	13170	10	63	38925	329
380000	9	222	494	13205	4	43	39206	185
381000	8	288	473	13122	24	42	38252	299
382000	5	246	419	13317	17	22	40048	172
383000	10	247	466	13168	25	30	36878	96
384000	10	221	638	12936	35	27	38304	164
385000	4	250	398	13339	35	0	37218	73
386000	13	244	558	13129	22	16	38057	60
387000	4	246	417	13331	11	10	38856	50
388000	10	283	456	13210	0	31	37224	17
389000	12	286	479	13188	0	7	37528	13
390000	13	216	494	13148	96	11	38571	304
391000	14	249	544	13035	40	39	37162	301
392000	9	268	525	13119	20	24	36700	121
393000	6	251	466	13273	0	8	37969	8
394000	9	238	546	13134	0	15	38088	36
395000	6	259	630	12986	1	3	37967	15
396000	12	251	432	13175	109	2	37408	210
397000	12	245	421	13264	39	42	38194	149
398000	3	254	428	13283	15	19	37297	84
399000	4	276	485	13195	8	5	37091	10
400000	6	252	509	13184	0	12	36616	71
401000	12	244	453	13250	0	11	38514	31
402000	7	216	445	13242	104	0	37412	184
403000	5	246	492	13095	84	29	37537	199
404000	4	223	398	13281	85	5	37515	238
405000	10	260	394	13346	18	4	38216	96
406000	9	258	448	13258	2	7	37717	18
407000	4	250	397	13277	103	0	38885	180
408000	12	235	573	12956	79	58	38080	245
409000	11	269	571	12916	54	104	37456	359
410000	15	252	623	12975	0	58	37126	142
411000	13	241	468	13226	1	30	37407	113
412000	12	257	510	13048	111	1	37317	212
413000	14	251	533	12836	197	117	36850	642
414000	15	263	523	12779	138	232	36907	837
415000	13	277	545	12792	57	272	38254	816
416000	15	254	704	12466	116	287	36131	1102
417000	9	303	505	12761	38	352	36031	1143
418000	11	268	429	12885	79	354	36536	1108
419000	4	234	373	12811	122	503	36637	1751
420000	7	259	447	12602	87	581	37722	1490
421000	11	264	419	12391	127	778	36088	2254
422000	9	247	422	12491	107	738	35412	2468
423000	10	265	494	12232	62	914	34503	2636
424000	6	237	479	12120	124	1026	35587	3033
425000	8	293	423	12152	112	1033	34827	3225
426000	14	284	401	12314	49	937	35285	2552
427000	10	257	444	12247	33	956	35975	2562
428000	4	238	442	12275	103	952	35416	2974
429000	7	248	398	12178	148	1039	36250	3699
430000	15	282	600	11584	297	1151	34452	4307
431000	15	250	559	11783	194	1131	35122	3568
432000	16	251	531	11687	273	1194	33599	4197
433000	12	254	603	11638	160	1213	33859	3746
434000	13	275	521	11285	232	1693	31659	5345
435000	13	252	469	11642	181	1426	33624	4638
436000	8	273	385	12020	86	1260	31850	3696
437000	7	250	431	11823	97	1391	34966	3927
438000	10	274	398	12136	71	1144	35370	2957
439000	15	247	447	12225	27	1012	35749	2898
440000	9	259	426	12302	69	936	34114	2808
441000	11	268	614	12096	154	759	34472	2390
442000	4	274	507	12210	111	876	35703	2601
443000	17	259	488	12167	213	819	35845	3006
444000	12	262	521	12170	209	782	36476	2731
445000	7	254	416	12251	161	911	34446	3305
446000	22	253	514	12114	216	851	32814	3186
447000	12	238	542	12222	116	809	36487	2337
448000	15	264	542	12252	206	661	35666	2335
449000	13	253	526	12208	91	866	34508	2792
450000	9	288	547	12124	76	908	34919	2547
451000	15	259	445	12582	54	628	36608	2107
452000	8	221	478	12705	130	408	36519	1602
453000	18	253	576	12748	101	229	36544	757
454000	16	278	613	12910	57	67	37102	402
455000	11	232	635	12760	68	206	37403	687
456000	12	222	494	13085	29	124	38327	272
457000	9	237	502	13006	13	177	38435	561
458000	8	293	507	12937	32	162	37788	500
459000	6	258	471	13022	11	226	38026	712
460000	4	285	364	13192	2	227	36292	746
461000	12	261	546	12879	51	218	36015	551
462000	11	240	456	13071	14	182	37899	596
463000	11	270	492	12974	4	201	38421	656
464000	13	218	545	12965	6	175	38214	523
465000	5	269	439	13079	2	179	37587	481
466000	12	264	399	13089	43	167	37105	608
467000	8	238	443	12998	40	277	38375	960
468000	9	242	437	12934	33	341	37459	1024
469000	14	275	526	12799	5	359	37341	924
470000	6	221	485	12722	15	511	36295	1360
471000	7	233	515	12564	69	553	37388	2150
472000	15	271	434	12709	34	532	35370	1781
473000	11	258	446	12676	75	529	35466	1570
474000	5	250	452	12713	64	507	37367	1618
475000	8	236	524	12800	58	303	36926	1142
476000	8	308	485	12786	9	400	37437	1080
477000	9	277	490	12759	16	430	36312	1066
478000	8	295	359	12745	29	614	36275	1447
479000	14	256	410	12732	27	594	36018	1554
480000	12	243	395	12776	27	568	37270	1531
481000	17	276	450	12444	44	777	35083	2183
482000	11	274	471	12133	35	1032	35996	2942
483000	11	265	382	12263	114	979	34910	2962
484000	2	251	381	12537	97	750	35353	2672
485000	17	241	529	12447	90	622	36921	1813
486000	14	288	595	12143	44	789	35890	2280
487000	11	233	661	12225	63	704	36171	2326
488000	12	244	539	12621	33	517	37713	1736
489000	8	264	484	12425	78	698	37341	2148
490000	7	256	458	12599	40	633	37263	1787
491000	6	275	350	12627	58	712	36119	1935
492000	9	256	568	12320	39	736	35133	1924
493000	9	276	483	12344	67	763	34989	2043
494000	14	256	520	12457	115	628	35520	1949
495000	4	265	493	12540	50	614	36170	1820
496000	10	238	386	12546	95	751	37533	2582
497000	20	253	516	12160	146	841	35066	2630
498000	12	235	487	12436	91	742	36692	2542
499000	12	247	500	12525	40	652	35724	2007
500000	15	214	488	12365	55	840	34902	2534
501000	10	263	559	12098	65	941	35280	2809
502000	14	244	600	11754	254	1033	34091	3641
503000	11	299	523	11910	319	870	33766	3461
504000	14	275	653	11731	280	901	34360	3344
505000	8	246	599	11785	168	1116	33601	3587
506000	7	282	480	11834	171	1169	33785	3506
507000	10	236	462	12205	90	992	35739	3468
508000	12	261	546	11911	103	1115	33222	3055
509000	6	262	356	12048	151	1253	35477	4413
510000	10	250	498	11818	192	1185	34968	3766
511000	18	255	523	11737	230	1210	34183	4243
512000	12	273	399	12003	227	1143	33093	3691
513000	13	263	519	12013	187	930	32332	3259
514000	9	239	494	12360	104	772	35806	2336
515000	15	266	437	12139	166	995	34867	3075
516000	11	248	462	12145	99	1013	34819	3384
517000	15	236	630	11933	52	1020	34258	2972
518000	5	266	576	11818	106	1175	33600	3544
519000	9	252	616	11706	172	1169	34607	3760
520000	23	250	433	12210	118	962	35513	2805
521000	8	298	435	12217	92	911	37135	2567
522000	14	257	541	12079	120	945	35986	2930
523000	18	267	479	12123	116	1007	34914	3345
524000	7	280	441	12071	59	1168	34752	3473
525000	8	257	378	12156	93	1175	33655	3650
526000	9	269	571	11655	90	1281	34352	3696
527000	11	242	528	11677	111	1392	35087	3884
528000	14	253	503	11460	179	1559	33039	4318
529000	12	225	453	11386	377	1520	32584	4987
530000	21	233	584	11072	491	1525	32920	6050
531000	14	263	587	11259	333	1430	31644	4659
532000	21	237	428	11799	261	1271	33500	4369
533000	12	283	550	11666	224	1207	33326	3898
534000	9	263	384	11742	251	1341	35311	4756
535000	13	248	408	12214	122	965	34150	3086
536000	16	250	485	12086	172	971	34916	3481
537000	7	239	489	12169	99	977	35710	2548
538000	8	287	329	12287	180	958	35504	3015
539000	15	252	433	12201	99	992	35402	3420
540000	9	251	594	11901	141	1027	34485	3220
541000	10	221	721	11560	172	1163	32754	3619
542000	11	220	489	11637	181	1444	33338	4443
543000	17	223	423	11656	199	1448	33222	4579
544000	11	282	370	11861	172	1326	34140	4211
545000	4	264	376	12296	124	997	35152	3220
546000	7	263	440	12091	135	1058	35182	3285
547000	11	273	563	11971	135	969	34720	3079
548000	6	257	476	11885	313	1042	34813	3482
549000	12	247	545	11966	204	941	34779	2963
550000	18	257	402	12412	128	783	34761	2627
551000	16	254	586	12388	113	556	36229	1719
552000	5	222	508	12424	124	669	36728	2192
553000	12	303	593	12265	130	565	34562	1600
554000	6	221	399	12796	79	533	36360	1681
555000	12	257	476	12685	30	516	37247	1573
556000	9	277	449	12710	19	510	38036	1213
557000	13	262	513	12661	41	451	35733	1268
558000	14	266	500	12585	89	530	35967	1773
559000	15	268	573	12385	165	512	35435	1632
560000	15	289	621	12415	122	480	36554	1460
561000	9	239	598	12653	54	356	36303	1170
562000	15	233	593	12615	104	400	37710	1448
563000	8	272	493	12723	102	374	37303	1449
564000	10	259	468	12807	114	311	36109	793
565000	13	258	451	12964	55	251	36719	1147
566000	17	227	560	12909	58	166	37031	812
567000	18	273	496	13009	46	52	37547	276
568000	16	251	525	13022	7	128	37735	383
569000	17	253	602	12958	7	55	37456	106
570000	2	253	546	13051	6	119	36668	343
571000	11	244	509	13027	3	134	37306	383
572000	11	248	474	13187	2	41	37181	106
573000	10	216	426	13277	2	75	39354	158
574000	3	250	408	13321	0	38	38533	150
575000	11	292	486	13165	0	27	37856	65
576000	6	259	411	13232	104	11	38068	279
577000	9	282	414	13210	50	33	39016	225
578000	12	263	530	12985	97	30	39501	367
579000	10	264	536	12958	109	40	36090	475
580000	13	219	427	13189	8	133	38216	431
581000	8	273	502	13031	9	134	38492	477
582000	17	278	453	12997	13	213	38443	625
583000	11	251	447	13082	13	163	37344	380
584000	1	244	375	13319	8	96	37191	218
585000	8	307	513	13056	0	58	36430	37
586000	13	275	492	13038	150	1	37697	245
587000	23	263	602	12883	73	25	36189	328
588000	23	253	548	12989	105	11	38074	356
589000	8	275	451	13221	8	9	37581	138
590000	16	300	550	12999	27	10	36236	156
591000	20	269	507	13076	45	42	37791	229
592000	14	217	527	13157	13	36	37061	174
593000	10	268	443	13252	0	58	37388	172
594000	6	261	390	13312	0	31	36528	107
595000	5	217	516	13229	0	0	39255	31
596000	20	265	510	13093	70	29	38276	191
597000	12	226	379	13348	19	28	38919	232
598000	13	223	480	13194	8	30	38060	140
599000	9	243	437	13290	3	24	38806	140
600000	16	239	500	13192	1	6	38004	25
601000	14	263	422	13249	0	54	37690	198
602000	18	274	443	13245	0	36	37762	49
603000	8	232	513	13175	0	21	37229	41
604000	5	248	555	13119	0	13	36944	62
605000	10	239	483	13250	0	6	37896	15
606000	15	253	524	12945	201	4	37613	373
607000	14	291	646	12839	58	30	36800	333
608000	15	283	621	12935	14	34	36108	124
609000	11	250	562	13035	11	109	38399	298
610000	10	276	453	13065	37	145	37101	461
611000	13	253	548	12973	35	101	37329	304
612000	9	264	448	13093	58	102	38763	387
613000	4	292	386	13182	21	145	38290	429
614000	3	248	464	13066	46	173	37829	543
615000	10	267	440	13189	16	99	37423	366
616000	26	216	459	13154	39	104	37212	412
617000	13	251	516	13074	53	44	37956	179
618000	22	246	494	13015	85	84	38087	479
619000	11	263	640	12728	119	128	37615	859
620000	10	254	562	12764	83	228	36755	893
621000	15	234	554	12830	50	231	39914	719
622000	13	248	572	12847	14	239	37931	796
623000	9	245	451	13072	1	244	36358	541
624000	13	276	441	12881	23	354	38128	1156
625000	6	243	429	13005	12	309	38291	744
626000	13	264	517	12806	36	357	37005	1085
627000	6	246	450	12861	26	379	37369	945
628000	8	267	452	12968	10	300	37681	791
629000	6	230	367	12938	4	511	37180	1178
630000	9	270	447	12839	11	427	36087	1307
631000	9	263	461	12962	13	271	37175	641
632000	3	295	296	13168	19	259	38958	468
633000	14	300	474	12711	57	424	36028	1349
634000	7	243	532	12445	65	640	35781	1896
635000	12	264	504	12801	45	309	36022	1124
636000	6	230	423	12821	62	489	37717	1643
637000	14	240	487	12526	38	645	36612	2089
638000	12	250	483	12660	60	549	35784	1486
639000	12	243	529	12463	123	587	36346	2121
640000	3	263	466	12530	162	577	36105	1724
641000	15	262	432	12535	110	668	37150	2132
642000	12	245	434	12427	115	731	36382	2547
643000	10	276	463	12380	65	743	35789	2068
644000	21	258	547	12396	32	672	36472	1971
645000	13	275	586	12434	113	493	35945	1492
646000	14	225	499	12627	93	533	35804	1717
647000	12	264	631	12412	43	564	35105	1792
648000	16	238	396	12683	43	626	34966	1841
649000	12	255	516	12525	65	554	36866	1910
650000	11	283	399	12585	94	681	36653	2364
651000	10	258	375	12711	52	611	35855	1600
652000	7	247	603	12398	52	583	35902	1449
653000	6	276	494	12568	57	565	36724	1759
654000	4	263	396	12926	25	402	37656	1203
655000	6	247	403	12948	26	380	35885	1068
656000	4	284	477	12819	44	334	37830	917
657000	9	275	497	12694	50	446	35525	1109
658000	12	284	621	12633	24	364	38350	1035
659000	10	260	423	12826	22	443	35588	1229
660000	5	303	384	13033	20	289	37350	920
661000	4	262	392	13073	5	286	38535	570
662000	8	256	646	12607	24	359	37440	998
663000	10	238	502	12811	25	392	36905	884
664000	8	246	393	13062	48	280	36550	910
665000	6	261	423	12842	49	421	36786	1160
666000	15	224	582	12572	117	418	37119	1579
667000	8	229	495	12862	35	363	36190	1123
668000	13	258	566	12776	14	325	37515	873
669000	5	254	544	12882	6	226	36539	740
670000	14	254	535	12561	94	483	35858	1829
671000	9	240	624	12535	68	448	37063	1195
672000	8	262	529	12441	100	541	35710	1870
673000	8	258	482	12545	100	602	36298	1895
674000	11	264	403	12668	111	559	36373	1695
675000	15	248	529	12337	139	688	36594	2307
676000	15	272	397	12502	187	590	35746	2035
677000	13	272	445	12335	81	869	35009	2579
678000	8	220	520	12485	31	697	36296	2227
679000	11	260	367	12871	40	482	37437	1619
680000	15	248	550	12479	189	481	36379	1725
681000	16	261	519	12326	172	678	34283	2701
682000	19	246	498	12081	128	962	35279	2894
683000	4	253	543	12000	177	964	34334	3384
684000	10	244	587	12014	84	990	35776	2725
685000	10	224	530	12026	170	928	36384	3034
686000	11	278	437	11988	115	1150	34088	3407
687000	13	238	506	11724	177	1310	34126	3528
688000	12	237	497	11722	203	1287	34186	4087
689000	13	265	455	11724	217	1340	33625	4576
690000	17	229	475	11511	208	1543	33439	5043
691000	12	247	506	11518	225	1495	32964	5010
692000	12	255	364	11682	218	1518	32025	5105
693000	18	248	444	11780	273	1221	34533	4129
694000	17	243	516	11406	296	1471	34553	4400
695000	22	266	504	11578	316	1308	33134	4415
696000	15	229	482	11910	260	1061	35381	3727
697000	27	210	614	11382	287	1400	33817	4876
698000	16	229	695	11160	134	1590	32801	4444
699000	13	255	488	11536	184	1489	33099	4708
700000	14	247	413	11630	178	1503	33731	4811
701000	7	229	361	11723	75	1638	33497	5320
702000	13	285	441	11306	82	1859	31212	5725
703000	12	295	387	11310	155	1882	32748	5233
704000	12	257	316	11393	218	1856	31999	6141
705000	8	277	418	11369	183	1757	32390	5485
706000	11	279	399	11236	127	1983	33899	5892
707000	14	266	570	10995	256	1809	31008	5262
708000	19	232	412	10888	405	2026	30475	6229
709000	17	250	436	11020	254	2029	33260	6373
710000	13	247	510	10875	180	2139	31793	6583
711000	18	273	625	10648	281	2009	31531	6260
712000	7	255	482	10915	289	2011	32042	5754
713000	17	264	540	11009	276	1868	31024	5680
714000	13	225	482	11128	257	1865	31721	6049
715000	14	246	541	10949	198	2002	33176	5531
716000	21	249	469	11186	294	1725	32663	5806
717000	12	251	370	11540	275	1594	32475	5580
718000	17	321	400	11512	176	1573	32330	4500
719000	14	258	498	11471	233	1459	33762	4934
720000	8	265	530	11709	170	1285	35043	3796
721000	10	255	621	11564	215	1228	33885	4286
722000	11	266	414	12092	231	1049	34662	3516
723000	16	281	529	11624	305	1162	34196	4090
724000	21	268	470	11793	247	1198	34522	4478
725000	11	279	391	11672	237	1425	32843	4463
726000	17	257	434	11814	183	1290	34184	3406
727000	10	270	382	12044	88	1218	32648	4190
728000	11	294	443	12050	208	988	34625	3391
729000	11	265	423	12405	191	707	34588	2358
730000	12	236	557	12321	113	709	35258	2239
731000	13	251	568	12185	205	728	35674	2850
732000	16	262	509	12539	47	607	35853	1907
733000	9	235	571	12505	41	612	36183	1946
734000	19	264	498	12529	67	614	35342	2230
735000	12	258	480	12631	42	572	37196	2131
736000	18	224	515	12721	23	459	36323	1174
737000	13	244	591	12684	45	337	37453	1213
738000	6	271	479	12714	54	454	38130	1314
739000	15	288	447	12780	62	402	36251	993
740000	11	240	394	12920	20	412	38786	1170
741000	10	226	537	12660	20	460	35341	1359
742000	13	249	471	12772	46	431	35922	1217
743000	8	250	421	12789	28	524	36955	1495
744000	15	259	421	12826	22	432	36482	1150
745000	7	246	403	12906	49	398	37192	1342
746000	8	215	454	13024	33	252	37963	847
747000	14	225	540	12872	91	217	37461	768
748000	14	300	503	12753	78	345	36195	857
749000	14	279	645	12447	129	401	36909	1354
750000	21	250	657	12668	42	251	36505	1093
751000	15	235	517	13010	44	141	39202	605
752000	10	299	557	12798	118	136	36928	828
753000	5	255	509	13053	22	123	38875	475
754000	18	295	602	12745	79	129	36779	495
755000	13	236	716	12774	24	97	37498	399
756000	13	274	488	13013	22	152	38800	433
757000	18	241	623	12862	3	138	37063	438
758000	8	248	456	13176	23	48	38414	250
759000	8	281	528	13064	12	80	37131	225
760000	8	236	554	13036	13	116	37508	336
761000	9	249	492	13065	11	103	38493	420
762000	8	259	429	13170	19	133	39212	391
763000	7	267	410	13226	22	67	38006	168
764000	8	247	587	12949	25	113	36780	360
765000	13	274	531	13023	24	108	35144	376
766000	2	263	503	13140	3	60	38017	79
767000	14	227	537	13161	2	31	37795	103
768000	8	268	426	13258	25	23	38672	123
769000	3	276	506	13075	15	88	37118	147
770000	6	254	516	13133	9	69	37648	185
771000	8	266	606	13002	0	56	38037	188
772000	9	324	520	13042	0	64	37233	133
773000	16	270	554	13009	2	43	37142	138
774000	5	243	541	13091	0	50	37728	100
775000	7	307	387	13249	0	69	37910	235
776000	15	321	387	13261	14	9	37045	105
777000	5	233	433	13215	139	2	37450	190
778000	8	249	474	13029	161	47	38141	392
779000	13	285	474	12894	131	146	35293	852
780000	6	256	426	13038	24	242	37045	837
781000	11	280	477	12874	17	344	38398	756
782000	6	241	464	13033	2	251	37283	885
783000	10	268	556	12834	15	264	36865	902
784000	7	252	505	12935	52	240	37071	1140
785000	3	240	419	13027	25	304	37463	884
786000	13	277	490	13027	19	164	39092	525
787000	10	269	524	12915	14	230	38291	737
788000	9	247	544	13032	11	83	36691	391
789000	6	270	432	13120	9	146	36884	409
790000	10	275	497	13042	11	118	38276	391
791000	12	239	513	12947	12	261	37741	506
792000	7	276	445	12967	23	297	36903	1008
793000	8	250	533	12871	44	246	37841	1021
794000	16	250	512	12772	130	284	36456	1195
795000	14	231	473	12915	65	264	37365	913
796000	12	294	471	12870	13	324	36619	1044
797000	9	263	360	13052	38	340	37687	895
798000	7	278	479	12937	24	258	36576	908
799000	6	280	459	12907	1	352	37039	1015
800000	11	269	493	12839	19	352	37679	911
801000	9	283	435	12982	82	187	36843	757
802000	2	260	373	13095	41	251	36227	993
803000	16	292	533	12845	69	168	37518	690
804000	14	249	550	13073	19	51	39149	194
805000	12	255	535	13054	7	54	37696	185
806000	12	261	536	13106	11	30	37037	162
807000	8	246	477	13227	3	59	39600	187
808000	8	243	564	13066	42	50	37197	183
809000	18	261	592	13065	8	16	37610	72
810000	17	252	721	12803	0	10	37285	38
811000	14	224	449	13146	140	8	39373	376
812000	12	216	598	12995	69	14	37336	187
813000	10	248	409	13254	71	54	38991	244
814000	6	270	354	13329	36	42	38227	173
815000	1	280	417	13252	5	81	37390	208
816000	10	233	486	13176	0	44	38406	120
817000	16	276	481	13142	0	70	38247	151
818000	12	239	569	13080	0	40	38191	148
819000	7	297	531	13095	0	56	37231	219
820000	15	251	532	13085	4	59	37699	181
821000	7	254	471	13150	7	63	39601	207
822000	10	256	464	13070	16	153	37390	480
823000	10	276	509	13106	23	68	37857	281
824000	11	236	549	13051	29	29	37049	179
825000	12	290	430	13251	6	35	37946	133
826000	12	272	505	13103	8	23	37715	56
827000	6	244	623	12998	0	32	38105	207
828000	15	267	542	13115	0	22	36384	72
829000	9	273	441	13242	0	8	37143	5
830000	9	261	436	13117	142	39	37646	655
831000	18	233	536	12888	117	127	37437	828
832000	9	266	604	12718	104	240	37464	795
833000	12	261	509	12880	70	220	36925	775
834000	18	243	562	12767	66	231	36627	655
835000	7	283	344	13216	55	170	37043	583
836000	4	256	433	12943	32	301	35934	923
837000	13	263	440	12895	37	330	36550	879
838000	14	257	511	12644	90	414	35852	1539
839000	10	296	540	12543	107	443	35636	1481
840000	22	277	548	12478	90	489	36883	1284
841000	15	294	364	12611	60	706	35771	2213
842000	7	244	421	12521	49	766	35739	2204
843000	15	289	352	12244	73	1103	34392	2996
844000	9	248	389	12337	84	941	35105	2781
845000	8	251	359	11935	172	1276	34553	3516
846000	14	247	492	11948	122	1138	34864	3717
847000	11	233	479	11988	169	1126	34336	3558
848000	5	241	414	11680	284	1408	34398	5247
849000	17	260	580	11348	405	1314	33086	4469
850000	15	254	403	11258	368	1722	31953	6157
851000	14	283	449	11433	224	1620	31374	5021
852000	12	262	455	11496	214	1622	33993	5084
853000	13	272	449	11493	223	1530	33942	5161
854000	12	214	422	11557	232	1556	31765	4977
855000	10	234	543	11131	274	1767	32186	5781
856000	14	242	522	11603	139	1426	33553	4656
857000	10	254	513	11569	148	1459	34136	4209
858000	9	276	446	11522	211	1525	32679	5189
859000	16	234	502	11539	227	1453	33977	5287
860000	18	277	423	11309	370	1616	32825	5110
861000	13	248	479	11263	343	1640	32684	5525
862000	14	240	419	11307	233	1795	33522	5427
863000	8	250	435	11249	174	1905	31785	5801
864000	17	271	420	11080	293	1944	32349	5988
865000	9	287	453	10857	294	2093	31335	6915
866000	11	218	482	10517	390	2341	31637	7435
867000	15	267	450	10498	372	2378	29599	7361
868000	12	244	410	10852	401	2101	30972	6960
869000	13	266	350	10708	545	2143	28804	7011
870000	11	252	541	10560	415	2171	31615	7577
871000	16	219	639	10395	360	2299	30955	7422
872000	9	267	389	10676	272	2405	31564	7351
873000	11	281	335	10923	280	2226	30981	6801
874000	17	204	375	10848	283	2306	30543	7273
875000	19	265	494	10444	329	2404	29809	7193
876000	18	259	412	10143	415	2745	28549	8722
877000	12	271	347	10411	394	2634	30028	8886
878000	14	268	425	10237	493	2596	29158	8012
879000	20	232	587	10098	575	2382	29771	8125
880000	16	273	616	9794	524	2635	28819	8539
881000	18	244	500	10222	482	2480	29876	7820
882000	33	245	567	9702	352	2970	30005	8879
883000	16	262	607	9874	373	2750	29080	7967
884000	16	274	467	9926	372	2963	29295	8757
885000	10	270	348	10000	355	3104	27978	8572
886000	12	241	314	10224	377	2858	28659	8937
887000	17	241	379	10037	547	2813	27933	9744
888000	30	240	578	10020	635	2425	29786	8111
889000	29	266	540	10061	724	2320	30432	8007
890000	15	198	390	10048	722	2638	30129	8589
891000	23	264	571	9597	610	2840	27772	10212
892000	14	264	387	9778	498	3091	28110	10142
893000	14	264	543	9934	431	2765	28221	8774
894000	15	232	464	10547	338	2402	30561	8423
895000	13	257	609	10189	329	2528	29845	8235
896000	7	293	478	10344	294	2584	29673	7857
897000	9	265	535	10242	281	2591	30382	8479
898000	20	230	678	10113	450	2380	30183	8020
899000	22	242	524	10277	418	2445	30480	8981
900000	16	238	491	10317	380	2517	31010	8831
901000	17	236	393	10467	388	2486	30473	7937
902000	15	244	518	10074	362	2742	29761	8325
903000	15	255	385	10124	310	2917	29035	8701
904000	17	263	465	10375	350	2527	30156	8228
905000	9	248	414	10181	335	2835	30781	9501
906000	22	249	536	9804	512	2840	30082	9744
907000	18	233	511	10001	533	2620	29511	9054
908000	16	249	454	10642	456	2145	31145	7071
909000	29	263	544	10748	451	1873	30767	6696
910000	18	297	549	10602	373	2105	31203	7055
911000	8	259	455	10641	469	2185	30492	7850
912000	21	275	428	10675	313	2261	30779	6977
913000	16	272	394	10703	514	2090	30990	7550
914000	20	250	467	10792	395	2039	31654	6456
915000	21	246	616	10564	486	1955	30770	6331
916000	8	246	587	10810	559	1728	31337	6052
917000	40	203	519	10517	652	1994	32355	7449
918000	23	279	496	10572	456	2104	31359	7989
919000	9	221	430	10817	338	2206	29652	7222
920000	10	227	384	10728	314	2357	31208	7539
921000	19	252	410	10585	333	2378	29607	7448
922000	11	225	328	10934	244	2327	32338	7318
923000	9	241	360	10616	355	2466	31194	7944
924000	9	280	480	10557	223	2413	30580	7436
925000	5	237	473	10818	302	2108	30936	7056
926000	15	263	407	10997	313	2035	31333	6061
927000	5	264	346	11078	284	2065	32807	6580
928000	12	255	441	10756	392	2124	30738	6870
929000	22	274	425	10829	315	2129	32664	6823
930000	18	253	356	10846	354	2204	31405	6902
931000	21	295	571	10841	388	1846	31324	5910
932000	34	264	517	11140	426	1565	32686	6280
933000	7	241	421	11222	500	1633	32677	5620
934000	8	291	465	10927	380	1876	32409	6411
935000	19	271	509	10753	330	2067	30736	6582
936000	6	227	450	11331	230	1732	31688	5504
937000	18	253	477	11441	214	1563	33024	4441
938000	16	273	584	11579	218	1219	34083	3977
939000	21	199	501	11670	334	1185	35253	3751
940000	26	268	590	11332	348	1371	32555	4236
941000	19	247	554	11366	352	1389	33689	4560
942000	14	275	483	11660	257	1296	33347	4364
943000	18	297	391	11626	202	1451	33290	4416
944000	13	271	452	11603	220	1420	33255	4377
945000	11	256	445	11681	264	1329	34051	4137
946000	19	268	570	11764	177	1162	34805	3595
947000	16	232	536	12113	163	907	35246	2816
948000	11	234	401	12174	126	1051	36568	3006
949000	14	249	516	12052	105	1010	35228	2942
950000	15	229	333	12405	102	968	35329	2858
951000	13	248	524	11990	96	1092	34385	3074
952000	7	237	375	12378	105	938	34837	2469
953000	10	247	579	11981	87	1040	34468	3047
954000	11	250	498	12097	92	1016	34219	2841
955000	17	253	553	11965	89	1053	34741	2813
956000	6	253	434	12314	123	882	34673	3275
957000	7	253	402	12061	72	1227	34090	3672
958000	10	275	372	12027	85	1300	34971	3934
959000	14	259	390	11753	127	1479	33298	4572
960000	14	246	456	11945	194	1147	35462	3583
961000	8	243	511	11754	293	1131	35267	4065
962000	9	297	512	11665	436	1068	32511	4128
963000	18	196	474	11559	440	1285	34743	4526
964000	17	251	411	11471	378	1467	32817	5317
965000	11	282	493	11249	428	1514	32210	5377
966000	16	233	477	11117	395	1723	32023	5641
967000	10	231	599	11082	294	1664	31993	6018
968000	21	231	577	10902	344	1860	32288	6401
969000	11	273	392	10967	287	2086	30214	6591
970000	13	232	470	10917	330	2039	31817	7145
971000	10	244	437	10800	438	2047	31303	6797
972000	20	236	459	10917	355	1975	32913	6399
973000	13	244	451	10538	355	2358	31993	7906
974000	13	272	454	10779	362	2133	31025	7113
975000	16	233	341	10874	332	2259	31529	6639
976000	20	238	406	10942	452	1972	32013	6488
977000	14	223	392	10703	339	2327	32062	7553
978000	7	266	400	10799	427	2073	32239	6747
979000	23	246	480	10602	455	2160	32126	7355
980000	19	237	501	10536	510	2158	31998	7353
981000	7	235	449	10893	374	2052	31152	6781
982000	11	233	498	10723	307	2181	31122	6961
983000	9	254	458	10392	216	2632	30412	8354
984000	10	254	414	10433	191	2717	29903	7718
985000	12	300	486	10607	174	2357	30795	7380
986000	15	257	426	10525	170	2571	29998	7986
987000	16	243	354	10706	251	2485	29563	7773
988000	14	261	423	10638	229	2432	30373	7075
989000	5	203	503	10942	200	2108	32778	6563
990000	21	251	519	10807	251	2064	31644	6110
991000	13	278	446	11257	128	1854	32497	6044
992000	7	276	396	11504	140	1702	32374	5533
993000	10	244	503	11274	130	1800	32309	5181
994000	15	240	470	11463	190	1616	33562	4757
995000	15	278	462	11379	204	1645	32919	5958
996000	10	216	486	11438	231	1565	33853	5745
997000	17	247	701	11245	233	1397	34206	4807
998000	16	223	565	11312	403	1440	32780	5090
999000	19	256	490	11515	340	1351	32916	4672
