0	0	0	0	14400	0	0	0	0
1000	9	290	316	13243	149	82	37669	428
2000	9	256	546	12837	130	163	37934	762
3000	15	245	578	12909	84	127	36643	594
4000	12	257	488	13052	42	114	37874	458
5000	11	249	523	13102	3	66	37948	290
6000	11	291	401	13320	3	0	38685	2
7000	14	237	538	12974	138	26	36873	390
8000	9	271	554	12956	101	27	37945	316
9000	7	253	514	13088	42	70	37334	319
10000	3	256	455	13210	20	68	37853	226
11000	6	247	477	13175	0	68	38117	321
12000	6	261	412	13308	1	46	37267	124
13000	10	248	450	13227	0	9	38919	52
14000	11	258	507	13076	119	22	37361	363
15000	2	234	482	13183	47	30	37585	195
16000	10	296	475	13137	13	65	37148	223
17000	8	273	402	13261	8	82	35950	246
18000	10	254	421	13229	9	59	38366	192
19000	4	278	416	13199	9	119	37740	310
20000	17	260	464	13090	51	68	37449	390
21000	10	268	434	13188	22	55	37693	344
22000	9	268	539	13120	0	15	38307	65
23000	4	276	450	13241	0	24	38367	22
24000	5	250	403	13364	1	26	38320	28
25000	6	264	432	13328	10	5	38285	82
26000	9	238	408	13315	0	0	38322	1
27000	18	275	567	12902	120	42	36895	436
28000	10	259	517	13012	57	80	37881	373
29000	11	237	476	13123	10	100	38178	399
30000	6	263	487	13127	1	95	38408	257
31000	4	254	445	13207	0	77	37966	246
32000	5	247	386	13259	3	122	38077	401
33000	5	216	446	13128	0	187	38263	508
34000	13	307	512	12992	1	188	36868	499
35000	18	245	433	13021	0	265	37776	741
36000	10	280	364	13014	23	316	37902	893
37000	6	244	409	13020	27	298	37881	741
38000	15	282	444	12916	9	303	37656	863
39000	11	266	473	12829	28	393	35949	1063
40000	17	239	535	12765	15	368	36140	884
41000	7	307	438	12917	10	318	35494	941
42000	6	288	544	12864	25	226	37831	721
43000	13	275	388	12954	38	373	37720	1061
44000	5	229	486	12914	2	368	36823	806
45000	8	271	522	12830	8	308	37483	927
46000	10	259	474	13002	24	238	36949	751
47000	7	254	427	13094	18	218	38874	494
48000	6	259	532	12889	6	255	39878	711
49000	8	231	438	12920	1	376	38144	1140
50000	8	230	356	13092	6	360	36010	980
51000	8	242	417	12833	38	474	36409	1496
52000	7	297	476	12775	30	402	37410	1325
53000	10	235	515	12803	19	412	37567	978
54000	11	223	537	12640	30	538	35700	1422
55000	8	245	363	12858	71	459	36749	1224
56000	3	281	462	12705	50	475	36747	1276
57000	13	226	485	12529	123	557	36473	1948
58000	7	266	444	12588	153	551	35301	1724
59000	16	242	469	12399	192	654	35899	2177
60000	12	269	508	12489	144	565	36536	1886
61000	8	249	398	12762	61	543	37480	1577
62000	8	270	465	12758	42	425	37452	1417
63000	17	247	544	12561	84	479	36438	1535
64000	11	227	522	12709	105	380	37174	1153
65000	15	269	542	12773	104	257	36080	1060
66000	11	313	538	12654	130	291	36513	1259
67000	28	266	520	12734	76	334	36238	1138
68000	12	264	559	12659	72	382	35734	1485
69000	13	244	421	12675	79	584	35974	1999
70000	8	275	480	12541	176	528	35819	1862
71000	11	271	556	12551	81	456	35428	1202
72000	5	253	436	12722	19	536	36258	1620
73000	19	244	553	12589	36	478	35941	1611
74000	15	250	452	12777	43	447	35997	1298
75000	9	284	535	12457	113	544	35661	1821
76000	18	289	487	12592	64	526	34939	1634
77000	7	260	530	12623	76	513	37283	1659
78000	18	302	730	12257	78	474	36371	1328
79000	11	264	449	12713	32	483	37575	1639
80000	17	226	565	12739	69	285	37109	1076
81000	8	275	550	12870	29	209	37873	813
82000	14	276	707	12654	3	199	38163	748
83000	11	254	528	12920	1	178	39458	370
84000	13	269	484	13088	10	127	36453	229
85000	9	247	310	13390	13	101	38732	290
86000	14	279	456	12983	15	217	36483	769
87000	9	240	480	13137	10	80	38690	434
88000	9	237	442	13218	1	92	38054	309
89000	7	269	443	13167	8	103	36255	282
90000	5	237	508	13116	1	82	39512	191
91000	5	263	419	13259	1	84	38766	222
92000	3	263	477	13178	2	72	36982	221
93000	12	247	548	13117	0	32	37448	54
94000	8	253	628	12989	0	18	36666	63
95000	6	233	543	13108	0	52	37710	92
96000	13	250	705	12819	0	47	37435	95
97000	13	264	612	12967	0	27	37186	72
98000	7	257	609	12970	0	49	37979	176
99000	15	281	533	13070	0	15	38287	77
100000	11	244	501	13195	0	0	37503	1
101000	25	259	685	12812	91	16	36481	266
102000	7	270	417	13321	18	5	38064	43
103000	7	286	418	13251	1	59	38488	166
104000	13	226	415	13301	2	53	39177	141
105000	17	297	385	13301	2	32	38606	111
106000	13	260	408	13303	0	43	38651	46
107000	10	276	487	13167	1	49	37253	118
108000	10	274	447	13140	6	114	37195	338
109000	15	253	531	12997	15	130	38673	593
110000	10	266	435	13079	45	130	38194	641
111000	12	295	426	13002	93	185	36064	838
112000	17	238	441	12826	107	351	36801	1215
113000	12	239	581	12722	64	288	37168	1167
114000	10	235	499	12683	45	491	36179	1489
115000	22	233	496	12576	49	534	37761	1464
116000	14	246	524	12554	29	597	34699	1566
117000	8	259	628	12483	71	478	38018	1427
118000	12	284	507	12557	86	498	36893	1567
119000	18	248	642	12474	20	505	37007	1354
120000	8	247	596	12568	92	394	36739	1513
121000	16	278	503	12681	83	399	36010	1015
122000	6	285	528	12744	31	390	35964	1196
123000	9	253	543	12629	50	498	35635	1694
124000	9	246	405	12822	112	398	37374	1467
125000	8	234	531	12821	41	272	38228	1030
126000	9	233	461	12947	99	246	37131	938
127000	10	261	478	12979	85	180	37940	628
128000	14	260	465	13081	69	97	38510	459
129000	17	237	673	12687	145	124	37502	648
130000	8	255	560	12641	94	363	36642	1106
131000	10	253	542	12768	56	303	36747	934
132000	14	250	529	12670	56	421	36588	1149
133000	6	275	449	12929	21	331	38051	905
134000	8	222	552	12823	4	332	37382	1088
135000	16	224	549	12876	2	266	37622	835
136000	11	255	482	12863	39	327	37573	700
137000	11	291	420	12812	22	429	36103	1117
138000	6	287	414	12623	63	608	36463	1803
139000	9	252	486	12592	52	505	37824	1483
140000	19	251	581	12384	55	600	36446	1672
141000	22	230	586	12524	126	403	37034	1418
142000	9	276	421	12941	37	299	36133	965
143000	17	260	424	12895	14	367	36456	936
144000	6	254	369	12956	27	408	38335	1208
145000	17	268	425	12832	37	399	37446	932
146000	4	260	493	12777	28	409	36491	992
147000	8	228	580	12440	70	599	35741	2037
148000	16	253	576	12202	81	832	36196	2311
149000	11	282	352	12669	82	666	35430	1753
150000	10	276	470	12423	82	725	35703	2489
151000	2	270	421	12431	66	786	36235	2142
152000	9	275	622	12028	51	936	35351	2483
153000	6	293	366	12293	55	993	36053	2656
154000	10	239	399	12327	86	966	35720	3504
155000	10	238	538	12338	95	730	35144	2176
156000	10	249	448	12533	91	676	36552	2211
157000	8	238	471	12620	18	594	37192	1709
158000	8	280	463	12692	42	497	37082	1631
159000	8	238	463	13004	36	220	38201	848
160000	2	238	391	13198	6	157	37737	336
161000	7	260	507	13148	5	81	38779	161
162000	9	271	464	13112	0	120	37828	215
163000	3	252	394	13319	3	79	38966	250
164000	8	235	495	13136	2	92	38851	380
165000	13	267	558	12902	0	164	38728	527
166000	8	310	439	13090	4	144	37739	355
167000	14	309	461	13089	0	93	36638	244
168000	0	282	443	13252	0	5	37535	9
169000	11	252	464	13096	132	10	37295	432
170000	23	253	526	13040	78	46	36825	423
171000	12	292	455	13016	119	99	36954	480
172000	7	236	473	12981	169	105	37514	765
173000	14	279	449	13024	53	172	36935	808
174000	14	261	495	12998	23	153	36890	551
175000	6	274	385	13094	5	258	37834	889
176000	7	248	458	13027	11	229	38047	652
177000	12	248	545	12894	22	189	38429	482
178000	8	271	504	13044	0	100	37195	368
179000	13	249	575	12939	2	171	38075	598
180000	11	243	566	12931	7	145	38428	352
181000	16	261	415	13151	42	108	36333	508
182000	6	285	413	13234	37	49	38379	136
183000	4	247	435	13202	31	112	37069	480
184000	7	258	422	13196	16	99	38658	456
185000	6	269	577	12980	0	69	39093	152
186000	16	245	531	13042	2	114	36730	365
187000	14	242	536	12996	4	158	37829	539
188000	10	290	550	12978	26	79	36509	293
189000	17	277	673	12877	17	25	38038	120
190000	11	254	495	13113	77	63	36233	432
191000	9	289	454	13148	44	76	36558	393
192000	3	240	467	13226	36	41	37699	276
193000	8	259	513	13125	5	52	38247	91
194000	13	264	442	13127	3	147	36916	384
195000	17	253	487	13073	31	118	38068	360
196000	10	236	546	13101	24	46	39076	323
197000	7	281	465	13165	23	68	37839	169
198000	17	249	413	13161	21	132	38231	297
199000	12	272	480	13053	56	67	37184	333
200000	4	219	361	13355	34	73	38705	432
201000	5	273	421	13288	13	34	37737	154
202000	9	219	555	13104	0	41	38432	48
203000	25	250	491	13179	0	9	39184	35
204000	10	266	526	13161	0	8	36741	20
205000	12	249	523	13085	97	6	38023	372
206000	8	220	514	13137	54	24	37934	209
207000	18	242	568	13003	65	42	37816	316
208000	13	283	525	12963	78	91	37366	425
209000	11	220	572	12879	67	149	38100	701
210000	14	269	395	13196	43	95	37702	311
211000	6	222	367	13284	48	128	38059	543
212000	5	253	460	13078	54	155	38246	746
213000	7	234	521	13037	7	155	36671	330
214000	11	222	544	12813	25	294	35730	888
215000	14	234	624	12712	97	177	37148	950
216000	8	260	476	13052	49	149	38328	737
217000	9	254	538	13000	32	123	37158	469
218000	13	265	467	13035	47	158	37262	477
219000	12	256	413	13196	13	121	36788	272
220000	2	253	412	13259	1	115	37080	238
221000	4	261	365	13320	0	90	37562	273
222000	13	283	470	13104	0	116	37759	288
223000	2	280	517	13123	0	24	36808	89
224000	10	261	533	13113	0	4	37985	2
225000	8	316	452	13100	75	25	36565	338
226000	11	285	504	13116	21	15	37691	97
227000	18	276	569	12981	15	49	37552	103
228000	10	249	526	13042	48	45	38039	305
229000	18	232	599	12959	32	62	36738	173
230000	15	304	545	12970	12	84	36939	259
231000	18	275	480	13169	22	18	38223	40
232000	15	253	469	13200	1	12	37986	39
233000	9	253	442	13241	0	19	38838	64
234000	9	251	369	13257	119	14	39362	306
235000	15	230	614	12909	79	67	38683	272
236000	15	231	469	13209	18	34	37768	156
237000	7	255	463	13210	4	52	37477	132
238000	22	236	539	13119	0	54	38146	137
239000	8	258	562	13057	1	90	36221	200
240000	11	267	515	13101	12	50	37116	232
241000	11	259	426	13268	38	29	37345	198
242000	11	245	480	13158	37	48	37026	227
243000	11	249	516	13119	6	19	38106	40
244000	18	249	611	12847	133	1	37915	258
245000	11	260	588	12807	126	106	37393	806
246000	11	255	533	12976	89	81	37976	593
247000	5	272	445	13109	86	107	38229	547
248000	10	293	499	13011	49	77	37940	288
249000	12	249	532	12910	57	179	38273	524
250000	9	234	550	13049	35	88	37641	517
251000	6	240	392	13145	46	205	36803	610
252000	7	263	484	12854	19	340	36826	1160
253000	9	254	399	12980	6	376	39272	892
254000	8	256	392	12990	22	344	37939	922
255000	11	259	426	12993	25	251	37720	1021
256000	15	289	537	12839	29	211	36826	520
257000	9	262	461	13088	73	149	37185	438
258000	5	285	482	13148	2	58	37831	223
259000	11	240	450	13267	8	16	37477	66
260000	11	288	474	13234	4	1	38648	39
261000	10	262	382	13248	136	1	37747	323
262000	9	235	501	13093	80	57	38052	344
263000	12	239	352	13331	45	62	38779	453
264000	11	242	471	13167	15	83	38471	243
265000	11	249	480	13148	7	60	38217	255
266000	4	303	462	13139	2	126	37121	341
267000	13	251	431	13179	9	113	38338	381
268000	4	275	380	13260	3	74	37490	280
269000	4	246	404	13211	8	133	37605	366
270000	9	244	428	13252	23	70	37823	260
271000	9	246	465	13228	0	8	39097	3
272000	20	272	608	12767	197	18	36141	513
273000	16	265	557	12882	97	124	36515	574
274000	6	285	442	13056	23	148	37494	566
275000	10	277	484	12985	35	180	36537	553
276000	6	273	479	12883	31	325	38007	1120
277000	8	253	481	12888	22	336	37441	921
278000	14	270	547	12874	0	204	36021	632
279000	14	244	453	13109	13	135	37957	317
280000	12	257	454	13020	26	216	37683	631
281000	13	257	512	12988	3	218	36343	399
282000	11	269	607	13007	0	57	38002	259
283000	5	248	367	13390	1	59	38140	185
284000	10	250	506	13181	0	0	37728	2
285000	11	278	495	13126	41	9	38816	120
286000	15	293	459	13141	68	8	37842	231
287000	8	294	363	13316	24	28	36975	83
288000	14	229	511	13137	11	17	38035	176
289000	9	245	444	13282	1	3	37882	7
290000	7	262	457	13122	133	17	38450	437
291000	13	214	639	12918	73	56	38543	293
292000	18	252	615	12862	27	148	38184	539
293000	12	259	519	13074	29	84	36605	297
294000	10	256	488	13115	3	99	38151	270
295000	7	273	524	13092	0	7	37609	2
296000	14	259	585	12974	126	3	36508	296
297000	6	260	386	13229	119	49	37910	542
298000	19	255	609	12825	60	120	37084	505
299000	20	232	499	13026	64	142	36468	578
300000	9	301	589	12813	61	179	36977	790
301000	8	248	430	13121	56	159	37868	489
302000	11	216	495	13078	6	188	37667	644
303000	13	273	461	13017	23	209	37307	720
304000	11	231	475	12995	41	203	37781	803
305000	23	240	598	12951	19	131	37416	338
306000	14	278	584	12804	12	224	37038	813
307000	7	273	370	13048	2	310	38197	932
308000	6	277	403	13045	43	243	37810	638
309000	12	261	512	12880	41	219	38029	765
310000	7	264	609	12658	64	297	36689	1123
311000	10	275	535	12679	30	405	36436	1262
312000	7	245	418	12679	30	614	36590	1545
313000	10	237	602	12466	26	562	37338	1503
314000	14	244	495	12434	53	735	37170	2239
315000	9	286	386	12726	75	526	36541	2196
316000	12	254	419	12843	46	459	38384	1633
317000	11	244	456	12959	20	291	38486	715
318000	9	262	382	13012	8	308	38170	989
319000	6	302	293	13154	12	300	37030	823
320000	17	261	410	12903	12	393	38249	1273
321000	9	267	428	12936	27	347	36222	1165
322000	12	281	495	12802	54	285	36780	940
323000	9	276	640	12590	68	306	36161	1025
324000	24	272	495	12853	19	301	36865	776
325000	13	270	542	12925	26	176	37661	843
326000	10	237	469	12905	31	331	36473	978
327000	20	282	507	12628	31	466	37427	1343
328000	9	271	523	12498	37	573	37848	1646
329000	6	263	418	12852	29	411	37078	1214
330000	6	284	472	12938	6	296	37623	818
331000	15	257	497	12911	57	242	37745	795
332000	11	249	523	12957	50	187	37489	568
333000	6	285	446	13119	5	124	36592	459
334000	7	260	377	13316	12	66	38520	274
335000	12	246	479	13196	1	68	37516	225
336000	10	281	482	13072	1	100	36752	272
337000	8	269	492	13064	3	116	37890	304
338000	5	232	385	13374	3	54	38936	350
339000	4	270	305	13464	5	46	38136	222
340000	17	280	504	13110	0	78	37092	242
341000	3	270	420	13228	5	90	37392	254
342000	11	262	554	12940	40	149	37290	594
343000	9	247	417	13058	50	241	36410	840
344000	4	245	422	13086	28	234	38993	679
345000	15	267	519	12792	39	321	35975	1001
346000	19	239	421	12877	26	412	37189	1145
347000	1	256	446	12851	3	421	36582	1128
348000	5	252	407	12936	48	371	35871	1384
349000	15	259	474	12667	38	515	36939	1459
350000	8	278	492	12477	25	726	35402	2265
351000	14	282	508	12039	52	1039	35291	2958
352000	5	269	515	11997	104	1091	34611	3390
353000	9	275	467	12167	127	975	35818	2868
354000	18	265	410	12197	186	945	35413	3814
355000	3	222	403	12216	143	1043	35194	3126
356000	12	257	414	12119	119	1084	34946	2717
357000	24	242	511	11894	184	1123	34397	3483
358000	12	284	513	12232	71	890	35083	2792
359000	17	263	512	12244	54	892	36182	2151
360000	6	268	368	12408	52	931	36094	2862
361000	11	260	482	12308	101	823	34639	2372
362000	9	258	424	12635	88	567	36640	1792
363000	12	266	555	12552	109	479	35261	1521
364000	15	234	567	12479	43	529	36562	1683
365000	3	266	450	12667	65	539	36979	1563
366000	9	224	514	12617	92	537	37716	1742
367000	10	250	590	12494	34	543	35104	1599
368000	10	284	447	12720	52	503	36158	1633
369000	5	266	546	12487	162	489	35780	2131
370000	12	233	481	12575	136	554	35475	2233
371000	12	215	449	12572	92	663	36762	1914
372000	11	249	461	12179	177	937	35816	3311
373000	6	259	445	12081	172	1013	35351	3029
374000	13	259	466	12106	194	924	35436	3162
375000	19	237	511	12186	222	801	35790	2969
376000	19	237	558	12004	225	885	35086	2943
377000	13	277	503	12327	118	745	36478	2557
378000	6	289	490	12333	162	696	35702	2318
379000	18	260	578	12074	155	808	34604	3006
380000	9	250	399	12186	202	937	34619	3158
381000	6	276	431	12128	188	991	34368	3502
382000	11	227	612	11820	189	1043	35577	3708
383000	9	289	478	11994	220	971	32849	3734
384000	16	237	672	12066	189	678	35857	2439
385000	18	253	556	12238	117	721	36238	2194
386000	10	231	539	12282	81	842	36131	2303
387000	19	304	608	12273	77	634	34567	1937
388000	13	253	470	12664	120	438	36182	1496
389000	14	252	467	12874	107	291	37954	1003
390000	12	278	488	12750	56	376	36837	983
391000	11	289	458	12877	53	294	36586	999
392000	10	297	460	12862	26	305	38009	900
393000	6	259	455	12975	6	312	36574	1128
394000	12	268	419	12905	41	337	35969	1064
395000	10	292	570	12819	10	211	37700	751
396000	8	283	459	13241	6	11	37551	116
397000	14	282	541	13001	23	67	37219	275
398000	11	261	516	13124	0	40	37019	48
399000	11	247	480	13183	0	53	38362	51
400000	7	237	496	13203	44	26	38087	136
401000	9	253	618	12884	22	105	37760	350
402000	8	246	492	13140	9	110	37726	305
403000	14	246	425	13109	35	183	36740	641
404000	14	244	536	12830	79	244	38496	946
405000	12	293	443	12883	42	291	36503	735
406000	8	289	507	12741	126	311	36685	1096
407000	7	255	445	12862	95	333	37655	1271
408000	18	223	598	12608	110	375	38144	1388
409000	15	262	501	12365	165	629	35692	2442
410000	15	241	551	12348	227	540	35438	2042
411000	11	248	592	12300	142	622	35341	2346
412000	15	276	615	12111	271	643	36322	2541
413000	13	273	460	12321	303	603	35276	2499
414000	17	272	599	12115	249	660	33586	2588
415000	16	292	491	12504	135	538	36272	1834
416000	10	257	529	12505	159	477	36903	1643
417000	12	271	453	12683	77	525	35567	1884
418000	8	248	384	12843	49	488	36536	1305
419000	3	277	457	12726	55	457	35625	1151
420000	17	258	528	12410	93	642	37119	2124
421000	1	290	467	12561	38	617	36479	2346
422000	4	253	405	12883	43	438	37079	1390
423000	12	252	497	12681	51	451	35603	1831
424000	2	247	431	12686	41	586	36740	1565
425000	14	272	423	12676	40	568	36578	1648
426000	8	310	424	12645	89	503	35771	1966
427000	6	277	393	12682	131	575	36657	1977
428000	7	287	433	12638	91	561	36758	1658
429000	15	280	411	12476	73	693	36170	1880
430000	5	256	446	12518	62	729	38353	2016
431000	12	281	486	12436	94	695	35740	2284
432000	7	264	407	12500	107	727	36626	2409
433000	6	244	357	12752	70	629	35781	2103
434000	6	255	419	12584	69	641	35701	1993
435000	18	251	425	12601	95	572	36630	2154
436000	7	312	423	12438	141	700	35102	2212
437000	12	247	611	12294	92	641	37040	1972
438000	13	266	517	12316	77	798	35530	2292
439000	12	238	404	12821	77	494	37063	1670
440000	9	264	597	12382	63	602	35966	1707
441000	19	226	611	12521	47	471	36292	1487
442000	11	266	443	12723	24	558	35680	1314
443000	9	256	510	12671	29	500	35905	1828
444000	7	240	691	12504	67	343	36652	1234
445000	16	261	557	12624	114	356	37071	1243
446000	17	271	561	12620	90	376	35821	1235
447000	9	228	526	12731	21	427	37283	1379
448000	13	278	373	12894	37	418	38253	1169
449000	10	277	522	12584	38	543	37295	1509
450000	10	232	593	12494	105	490	36146	1427
451000	12	252	539	12431	243	454	34463	1972
452000	19	248	627	12337	240	412	36346	1747
453000	11	242	554	12622	102	426	37016	1361
454000	26	251	437	12438	157	683	34865	2333
455000	18	245	552	11996	278	862	34006	2755
456000	12	239	587	11951	278	868	34638	3837
457000	11	280	581	11737	98	1219	34222	3761
458000	9	252	459	12043	222	1006	35447	3359
459000	13	237	499	12183	169	897	36346	3155
460000	14	232	587	12140	143	820	35351	3123
461000	9	229	499	12106	159	972	36518	2731
462000	13	238	497	11804	160	1253	34787	3792
463000	11	222	412	11721	168	1480	35282	4627
464000	17	256	606	11595	171	1302	33263	4153
465000	22	249	547	11550	191	1350	33697	3974
466000	12	280	696	11545	149	1196	34237	4120
467000	22	292	591	11643	298	1083	35036	3856
468000	8	252	415	11910	209	1193	34011	4171
469000	17	280	525	11731	203	1158	33609	4195
470000	16	272	546	11804	290	1019	34130	3509
471000	15	277	474	12022	259	918	34720	3346
472000	17	197	521	12128	231	858	36035	2872
473000	18	253	509	11963	333	862	34506	3290
474000	14	266	620	11996	280	723	34678	2948
475000	10	252	648	12099	151	754	36200	2066
476000	12	253	517	12088	151	920	34156	3123
477000	7	248	499	12077	97	1041	34764	3173
478000	21	265	469	12090	94	1026	35420	3357
479000	12	262	575	12189	70	873	35216	2409
480000	15	247	425	12152	89	1050	34971	3373
481000	15	274	499	11999	163	997	35444	3328
482000	13	267	453	11914	237	1069	34961	3958
483000	17	249	495	11819	241	1153	35183	4092
484000	11	266	415	12059	200	1105	34398	3319
485000	11	243	525	11767	166	1202	33751	3910
486000	9	292	457	11821	177	1222	34255	3915
487000	14	252	488	12116	147	922	34993	2783
488000	17	283	450	12200	130	873	34494	2730
489000	17	263	374	12318	150	881	32929	2770
490000	13	280	528	12365	130	609	36055	1903
491000	15	270	532	12249	135	719	35217	2143
492000	7	296	475	12259	79	871	35868	2853
493000	8	276	437	12356	67	828	35587	2372
494000	6	217	388	12455	128	837	34923	2741
495000	14	264	478	12441	88	675	36711	2256
496000	15	259	517	12404	111	639	37455	1933
497000	13	273	567	12360	150	595	36247	2437
498000	4	244	514	12846	51	281	38443	1020
499000	9	271	492	12870	97	229	36192	1053
500000	17	246	505	12856	53	258	35266	881
501000	9	263	459	12901	37	308	36674	783
502000	13	240	557	12960	17	186	36686	477
503000	9	277	601	12901	1	108	37473	239
504000	7	247	501	13119	16	101	36235	351
505000	26	244	612	12962	5	74	37609	299
506000	11	261	434	13215	0	51	37103	138
507000	9	295	515	13146	0	1	37441	36
508000	11	265	463	13113	131	17	37416	221
509000	10	216	595	12991	95	38	40091	432
510000	12	239	625	12893	64	81	36184	448
511000	12	260	598	12967	17	76	37775	216
512000	9	212	520	13094	20	93	38560	315
513000	13	280	465	13159	5	46	38364	123
514000	9	237	406	13272	4	46	37667	161
515000	9	287	452	13163	0	47	38273	95
516000	8	223	414	13331	1	18	39278	64
517000	12	286	502	13142	0	18	36054	19
518000	16	259	513	13153	1	0	38655	2
519000	12	262	531	13022	97	44	38255	488
520000	23	256	394	13007	95	222	36284	955
521000	20	239	504	12839	27	300	35645	833
522000	17	267	487	12949	49	211	37597	770
523000	13	234	467	13064	28	181	37726	781
524000	6	276	504	13071	4	107	37368	335
525000	5	276	485	13147	0	67	37347	129
526000	6	246	359	13309	8	102	37566	413
527000	16	262	486	13172	0	40	38886	27
528000	13	281	527	13068	0	33	37472	44
529000	7	234	409	13208	132	2	38727	382
530000	16	301	501	12893	117	101	37379	468
531000	7	269	542	12971	59	88	36797	455
532000	15	243	604	12936	11	93	37036	422
533000	11	270	440	13279	0	32	37131	107
534000	7	243	577	12986	0	116	38011	331
535000	8	257	599	13028	5	47	38468	123
536000	8	248	476	13197	0	58	38094	77
537000	6	250	503	13236	0	22	39766	5
538000	17	286	533	13123	0	2	38173	0
539000	6	282	455	13062	154	1	37606	217
540000	6	291	462	13129	87	15	38718	364
541000	9	263	525	12999	113	50	37998	362
542000	14	235	635	12824	79	87	37700	443
543000	8	225	564	12841	44	224	38369	912
544000	15	293	433	13027	31	178	38235	609
545000	7	291	402	13125	27	173	37712	596
546000	18	277	456	13112	26	98	35965	286
547000	5	235	534	13084	5	68	38003	190
548000	2	253	512	13156	1	29	38199	79
549000	9	267	532	12954	177	2	37381	243
550000	16	227	613	12806	140	71	35468	688
551000	9	275	574	12883	150	70	36612	541
552000	15	250	638	12770	124	81	35456	721
553000	10	215	409	13138	59	173	38189	592
554000	12	244	428	13007	40	291	37435	871
555000	8	261	506	12870	13	354	35405	921
556000	7	249	478	12742	51	480	37043	1562
557000	22	274	489	12541	58	563	36950	1629
558000	5	242	539	12471	61	620	35079	1963
559000	12	250	514	12464	97	623	37290	1817
560000	13	285	417	12633	62	608	35782	1894
561000	6	278	569	12725	56	305	36869	1231
562000	10	243	414	12900	21	413	35798	1405
563000	8	273	495	12825	56	300	37811	728
564000	10	252	475	12942	7	275	36892	677
565000	1	282	397	13224	0	112	37110	498
566000	14	235	509	12998	5	197	36641	581
567000	12	270	580	12966	5	104	39457	333
568000	11	284	402	13192	2	134	37190	357
569000	9	255	434	13198	0	98	38953	383
570000	6	269	364	13320	2	51	38297	169
571000	12	264	417	13251	34	44	37514	170
572000	10	258	463	13237	2	34	36698	109
573000	3	233	412	13392	0	3	37235	35
574000	12	245	378	13267	100	52	37940	448
575000	12	266	427	13158	28	109	38595	242
576000	12	263	429	13119	38	146	38637	476
577000	6	244	393	13097	65	205	38515	654
578000	11	262	447	13140	3	137	36622	591
579000	7	254	483	13097	7	85	37376	262
580000	5	247	333	13467	5	12	36528	77
581000	5	265	382	13198	149	25	38533	410
582000	16	211	435	13139	84	104	36476	554
583000	8	213	602	12999	36	55	38539	288
584000	8	284	453	13202	5	55	38375	188
585000	8	227	480	13168	0	61	38191	196
586000	10	243	427	13319	0	6	38315	58
587000	23	243	682	12881	3	38	38449	36
588000	5	301	400	13262	0	35	36964	20
589000	12	261	582	13025	3	27	38600	141
590000	8	266	432	13297	0	9	38250	118
591000	8	255	604	13048	0	15	38234	25
592000	7	258	521	13206	0	1	37689	1
593000	9	263	491	13146	38	7	38002	287
594000	5	253	450	13188	82	33	37541	316
595000	7	276	409	13232	82	34	37557	370
596000	8	292	406	13089	122	133	37807	708
597000	24	220	640	12581	153	292	37670	1298
598000	20	257	627	12356	132	508	34325	1662
599000	9	275	320	12832	130	479	36323	1646
600000	11	252	392	12667	175	544	35431	1965
601000	16	230	400	12683	137	541	36782	1581
602000	7	292	438	12585	56	627	36711	2029
603000	17	255	415	12654	98	588	36828	2064
604000	17	261	420	12682	177	427	35674	1703
605000	15	302	554	12542	105	427	36425	1575
606000	20	262	624	12369	128	496	37001	1696
607000	8	232	578	12439	106	608	35317	1896
608000	16	228	551	12458	125	542	36010	1822
609000	12	274	491	12427	44	690	35664	1951
610000	9	293	285	12793	66	647	35192	2312
611000	10	249	406	12558	103	705	36588	2535
612000	14	252	618	12174	158	699	35705	2416
613000	8	269	498	12110	137	975	34127	2828
614000	17	249	516	12109	144	900	34329	2684
615000	10	247	645	11978	99	928	35554	2788
616000	14	255	655	11959	87	899	34209	2616
617000	11	275	618	11999	118	875	35518	2644
618000	8	233	588	12055	129	886	34896	3125
619000	12	237	419	11968	222	1140	33024	3405
620000	14	263	476	11564	144	1499	33693	4551
621000	24	246	472	11241	243	1735	32270	5894
622000	20	220	472	11109	248	1912	32447	6321
623000	17	226	478	10779	264	2176	31076	6933
624000	7	228	410	11368	164	1866	33471	5775
625000	13	251	406	11386	166	1812	32824	6201
626000	19	240	469	11177	265	1803	32224	5550
627000	25	232	417	11189	294	1841	31138	5811
628000	19	266	535	11417	287	1435	32682	5047
629000	18	273	470	11311	348	1551	32584	5735
630000	18	254	427	11014	353	1947	32235	5905
631000	13	237	430	11331	297	1683	33884	5974
632000	13	228	485	11109	351	1756	31733	5542
633000	10	243	452	11515	230	1567	33247	4558
634000	12	216	501	11498	260	1482	32910	4619
635000	6	241	483	11544	258	1443	33378	5035
636000	11	273	424	11521	157	1615	33644	5198
637000	11	284	436	11447	190	1648	32357	5678
638000	13	268	397	11664	225	1460	33918	4604
639000	18	303	459	11411	286	1498	32121	4496
640000	13	266	528	11364	200	1563	32289	4713
641000	15	299	437	11341	301	1571	33035	5254
642000	10	279	477	11414	258	1530	33312	5541
643000	12	249	461	11310	339	1612	33655	5081
644000	14	225	457	11206	276	1838	33016	6234
645000	7	243	441	11305	177	1848	32200	5876
646000	15	286	433	11485	126	1650	32182	5060
647000	9	291	335	11621	117	1643	33228	4661
648000	11	231	493	11816	263	1143	35073	3861
649000	13	255	467	11744	185	1327	34013	3896
650000	7	246	604	11395	203	1438	33459	4721
651000	16	255	428	11582	189	1535	32969	4837
652000	10	272	471	11583	77	1554	33466	3851
653000	14	252	539	11789	43	1313	34477	3969
654000	11	224	454	11928	78	1320	33242	3928
655000	7	240	373	12133	56	1217	35993	3812
656000	35	270	462	12073	127	986	34680	3422
657000	16	254	508	12082	183	889	37218	2788
658000	18	259	589	12167	148	775	36092	2564
659000	5	254	587	12306	154	612	36079	2408
660000	23	237	567	12404	74	621	35660	2128
661000	16	263	445	12502	70	699	35887	1875
662000	14	269	505	12449	148	534	36109	1836
663000	7	253	436	12624	32	623	35862	1908
664000	5	263	479	12446	82	696	36706	2217
665000	12	214	616	12148	53	834	36339	2205
666000	11	231	512	12490	63	650	37408	2160
667000	12	264	429	12553	58	686	35921	2052
668000	15	266	494	12398	81	733	36186	2066
669000	8	265	444	12495	132	665	35454	2206
670000	26	248	589	12236	159	663	36804	2276
671000	13	264	592	12002	128	935	35893	3004
672000	15	271	431	12306	119	866	36511	2706
673000	11	238	399	12063	152	1145	33653	3750
674000	14	227	311	12187	268	1048	34944	3239
675000	6	270	365	12222	132	1070	35194	3017
676000	6	258	441	12391	137	776	35030	2656
677000	6	275	370	12467	166	761	37035	2366
678000	13	246	346	12237	213	973	35198	2891
679000	10	275	419	12232	61	1021	34963	3058
680000	13	234	556	12056	52	1040	35585	3197
681000	9	306	419	12356	96	816	34741	2723
682000	17	267	576	12166	93	764	34682	2284
683000	9	277	478	12362	100	776	34954	2431
684000	10	247	522	12541	78	611	36508	1968
685000	7	253	388	12624	131	608	36940	1850
686000	17	244	442	12613	86	592	36315	1610
687000	6	231	386	12443	105	856	35390	2779
688000	16	233	466	12447	75	760	36482	2787
689000	14	253	435	12514	51	734	35176	2315
690000	12	248	422	12570	61	684	37788	2353
691000	16	286	408	12392	110	779	35631	2091
692000	16	238	478	12289	148	796	35291	2665
693000	12	280	565	12467	117	503	36063	1687
694000	10	279	321	12769	128	533	36379	1979
695000	9	249	438	12698	59	520	35572	1978
696000	9	226	431	12981	100	277	37713	1286
697000	9	267	532	12854	72	265	36742	969
698000	20	230	564	12605	205	303	36787	1080
699000	10	274	436	12704	129	435	35876	1485
700000	10	249	551	12431	98	604	36258	1862
701000	8	269	479	12456	87	648	36047	2208
702000	9	274	343	12426	153	832	35459	2668
703000	24	248	405	12462	143	750	36614	2755
704000	12	251	459	12439	79	759	35784	2531
705000	13	276	516	12309	145	706	34852	2338
706000	10	235	504	12192	87	938	35172	2772
707000	9	255	472	12201	116	926	35534	2952
708000	8	211	367	12438	183	825	35405	2803
709000	3	237	427	12527	145	670	37370	2595
710000	16	252	342	12366	174	870	35388	2926
711000	21	259	610	11934	239	804	34635	2797
712000	13	252	610	12145	126	734	33871	2454
713000	9	292	548	12156	165	769	35694	2824
714000	14	235	415	12473	187	692	35897	2953
715000	10	257	496	12176	167	900	34430	2623
716000	8	234	407	12375	238	746	36074	2715
717000	12	284	558	12022	172	910	33896	2692
718000	16	272	489	12273	205	731	34372	2538
719000	17	230	595	12089	232	723	35224	2475
720000	15	249	608	12112	196	716	36475	3272
721000	9	255	533	11977	108	1061	35005	3179
722000	11	274	509	11826	213	1162	33936	3430
723000	12	251	424	11532	218	1595	32811	4451
724000	12	266	364	11600	207	1567	31599	4498
725000	19	302	491	11351	177	1617	31885	5095
726000	8	247	430	11828	197	1336	34924	4023
727000	25	257	468	11700	257	1260	35212	4263
728000	17	218	598	11726	394	955	33804	4333
729000	16	251	581	11718	296	1058	35050	4102
730000	26	253	565	11488	290	1310	32654	4866
731000	22	289	446	11598	186	1428	31914	4258
732000	5	230	496	11801	112	1338	34987	4007
733000	9	246	460	11607	111	1566	32783	4214
734000	15	259	520	11666	147	1322	34679	3724
735000	6	272	391	12083	116	1140	34720	3244
736000	13	257	386	12195	90	1071	35620	3344
737000	5	239	341	12336	90	1042	35036	3257
738000	7	283	371	12348	94	900	35868	2372
739000	6	233	452	12387	76	801	35784	2662
740000	11	276	457	12599	70	629	35394	1839
741000	6	265	558	12523	73	536	36393	1868
742000	13	292	520	12538	13	564	35880	1819
743000	8	296	394	12670	46	580	37027	1673
744000	15	242	361	12718	34	686	37298	1959
745000	21	211	557	12063	44	989	34020	2787
746000	6	250	513	12338	50	822	35420	2909
747000	7	286	544	12234	91	761	34323	2510
748000	11	234	480	12649	96	495	36221	1703
749000	17	257	519	12512	119	504	37314	1862
750000	14	248	529	12510	38	592	35675	1651
751000	12	254	675	12356	20	558	36942	1864
752000	12	275	481	12521	100	610	36392	2193
753000	10	242	504	12520	82	603	35849	1746
754000	17	223	528	12449	115	607	36946	1843
755000	9	294	559	12147	173	757	34485	2761
756000	10	288	446	12286	280	670	36233	2230
757000	13	225	466	12143	253	827	34891	3245
758000	10	211	581	12097	124	900	35916	2530
759000	13	267	567	11870	182	993	35142	3535
760000	14	237	483	11841	195	1194	35800	3731
761000	16	256	555	11622	192	1308	33441	4379
762000	15	244	421	11674	283	1366	34842	4252
763000	10	254	479	11718	157	1360	33851	4424
764000	9	265	473	11775	111	1343	35889	3359
765000	10	258	429	11735	124	1436	33364	4403
766000	11	248	394	11946	159	1278	33253	3794
767000	12	274	435	11661	225	1334	34970	4318
768000	11	250	511	11672	186	1344	34703	4424
769000	2	246	344	12041	88	1291	35413	3591
770000	3	257	359	11842	79	1502	34533	4283
771000	6	255	410	11873	120	1329	33856	3934
772000	24	271	455	11608	241	1387	35275	3821
773000	6	268	391	11765	180	1427	32655	4394
774000	13	219	428	11521	281	1525	33777	4882
775000	13	255	375	11658	223	1528	33277	5136
776000	17	270	363	11533	298	1528	34204	4798
777000	21	255	465	11400	219	1650	33637	5358
778000	10	275	472	11358	231	1611	33089	5340
779000	11	246	389	11346	265	1799	31838	5487
780000	13	240	411	11233	293	1822	31577	5778
781000	10	237	498	11133	294	1763	32769	5368
782000	14	255	584	10888	227	1957	31389	6183
783000	13	251	467	10973	187	2103	32130	6647
784000	16	250	484	10873	125	2243	30978	6594
785000	15	259	403	11165	176	2009	32677	6704
786000	5	255	340	11308	133	2025	32227	6415
787000	11	237	393	11035	275	2067	32941	6891
788000	10	255	429	10850	320	2134	30742	6697
789000	17	229	384	11312	275	1794	34109	6046
790000	19	250	475	11133	259	1826	31891	5155
791000	8	245	380	11319	191	1895	32036	5382
792000	17	271	481	11169	230	1808	33507	5490
793000	11	268	515	10747	203	2173	32432	5960
794000	16	247	482	10777	214	2239	31382	6831
795000	7	279	352	10691	234	2478	31701	6818
796000	19	250	389	9836	423	3107	28838	8596
797000	14	255	435	9821	448	2983	28161	8877
798000	13	232	393	9836	604	2956	29516	10211
799000	30	245	425	9945	570	2761	29241	9833
800000	29	273	497	9721	569	2843	28117	10237
801000	20	235	485	9520	464	3234	27492	10250
802000	23	233	453	9550	455	3229	27175	10811
803000	15	241	444	9728	494	3068	28722	9895
804000	20	300	490	9818	586	2792	28804	9485
805000	30	242	582	9333	723	3001	28711	10862
806000	12	238	476	9336	724	3200	25980	10095
807000	20	234	369	9834	498	3062	27524	10628
808000	17	230	411	9377	539	3424	26373	10615
809000	20	212	543	9259	611	3284	27880	11106
810000	11	233	432	9351	652	3327	26275	10434
811000	22	245	501	9382	791	2990	26531	10899
812000	46	245	623	8820	934	3232	25668	11227
813000	20	252	587	8920	960	3176	25890	11818
814000	15	223	580	9388	622	3113	28329	11005
815000	26	228	480	9184	779	3246	26076	10938
816000	36	253	453	9561	592	3091	27742	10693
817000	33	246	590	9049	501	3396	27189	11257
818000	18	262	434	9421	578	3247	27671	10947
819000	14	267	442	9586	639	3063	28000	10664
820000	19	247	449	9805	546	2908	27913	9452
821000	22	243	464	9499	608	3139	27534	10515
822000	24	258	407	9513	814	2962	28040	10967
823000	14	222	469	9061	1061	3140	27641	11657
824000	19	271	486	9159	901	3089	27933	11108
825000	25	240	512	9202	926	3042	27417	11315
826000	19	219	694	9354	755	2819	28574	10206
827000	28	238	574	9561	626	2866	28991	9534
828000	14	245	478	9955	534	2738	28614	9590
829000	18	253	544	10065	463	2582	29301	9397
830000	14	279	458	10408	392	2444	30193	8097
831000	21	270	434	10521	374	2367	31799	6961
832000	13	221	410	10604	305	2500	29831	7535
833000	16	271	592	10453	355	2232	29206	7103
834000	20	255	475	10741	399	2085	31598	7039
835000	15	219	628	10637	282	2112	29984	7229
836000	10	286	391	10455	198	2645	31216	7263
837000	9	277	415	10973	302	2040	31090	6024
838000	17	251	510	10682	395	2094	32163	6541
839000	21	244	498	10975	381	1818	30243	6359
840000	22	283	430	10961	348	1947	31582	6357
841000	18	249	497	11098	422	1668	32587	5645
842000	15	240	444	10925	458	1908	32194	6685
843000	9	276	394	11175	209	1961	32187	6210
844000	11	281	444	11157	138	1982	33566	5954
845000	11	217	535	11189	254	1718	32311	5777
846000	11	254	502	11440	306	1454	32394	4207
847000	11	238	485	11481	269	1473	33250	5211
848000	22	230	595	11901	218	949	35707	3547
849000	4	251	433	12061	255	974	36065	3153
850000	7	243	497	12228	90	877	35489	2799
851000	3	233	582	12177	46	898	36069	2515
852000	14	231	527	12202	99	889	35259	2498
853000	14	239	600	12217	72	753	35808	2228
854000	11	261	422	12356	127	856	35102	3043
855000	6	250	491	12194	66	972	35273	2882
856000	9	230	470	12220	155	942	34691	3106
857000	14	254	432	12241	122	929	36954	2792
858000	9	246	457	12390	47	851	37676	2735
859000	6	216	405	12489	47	862	36194	2658
860000	9	289	401	12287	68	943	34664	2954
861000	13	276	399	12300	148	894	33701	2918
862000	7	266	490	12225	108	857	35977	2562
863000	6	295	572	12017	174	858	35907	2542
864000	18	273	617	12264	98	659	35960	2107
865000	15	241	656	11936	208	793	35499	3036
866000	7	282	581	12182	157	728	35821	2292
867000	16	252	514	12133	187	874	35148	2921
868000	16	252	514	12114	186	898	36333	2949
869000	13	264	422	12070	87	1171	33999	3724
870000	14	247	356	12365	141	915	34054	3169
871000	12	285	480	12303	73	818	35065	2638
872000	3	237	400	12280	98	1007	35800	2978
873000	11	266	435	12167	176	934	36099	2853
874000	17	240	537	12393	112	633	36174	2360
875000	4	276	425	12313	66	923	34018	2601
876000	15	261	506	12236	132	839	36144	3133
877000	4	269	444	12211	74	996	34789	3017
878000	13	228	524	12334	91	747	35478	2695
879000	4	237	460	12384	122	755	36857	2154
880000	17	230	479	12256	154	848	35516	2500
881000	13	257	628	12207	156	641	35172	2326
882000	14	274	636	12289	148	485	36152	1926
883000	17	253	454	12729	35	482	36713	1922
884000	6	276	500	12575	39	559	35952	2235
885000	7	319	450	12623	49	560	36543	2046
886000	5	276	370	12820	11	567	35300	1757
887000	6	267	424	12960	12	361	37287	932
888000	4	294	383	12858	48	452	37090	1159
889000	9	239	488	12879	30	346	35971	1098
890000	10	225	409	13060	3	278	38035	734
891000	21	240	450	13115	5	130	38487	508
892000	21	252	408	13148	16	155	36541	463
893000	8	236	420	13153	81	103	38624	449
894000	7	259	426	13072	70	170	37851	668
895000	13	256	469	13074	39	144	37756	587
896000	9	248	493	13047	31	112	37232	395
897000	8	275	578	12788	37	262	38013	864
898000	17	258	499	12779	7	397	38070	1130
899000	18	227	537	12701	12	436	36946	1144
900000	8	217	584	12652	18	401	37726	984
901000	10	328	576	12738	19	254	36961	839
902000	16	241	578	12793	9	286	37923	767
903000	14	225	369	13255	10	190	38548	593
904000	9	270	481	12864	21	360	36668	1231
905000	6	286	590	12786	62	216	38121	678
906000	17	263	468	13096	30	116	38264	447
907000	2	247	460	13191	2	104	39172	356
908000	11	280	465	13167	0	24	38683	97
909000	5	241	362	13413	0	18	39145	90
910000	8	286	386	13297	1	35	39320	85
911000	12	227	480	13248	0	20	39203	54
912000	8	275	455	13165	131	0	39373	78
913000	12	238	545	13007	136	34	37818	351
914000	10	243	568	12926	59	105	36888	377
915000	7	280	624	12819	17	153	37014	352
916000	8	271	619	12858	9	169	38758	435
917000	18	260	432	13071	0	222	38987	466
918000	9	264	397	13123	1	205	39236	473
919000	8	247	423	13038	28	291	38156	992
920000	9	275	374	13004	22	360	36945	1082
921000	6	269	321	13164	62	227	36394	760
922000	12	258	415	13020	46	239	37404	674
923000	13	250	444	13027	14	243	38083	729
924000	15	249	531	12830	61	247	36448	1003
925000	10	261	381	12946	31	423	36740	1149
926000	7	255	400	12881	47	419	38154	1236
927000	5	245	475	12739	49	463	35929	1335
928000	10	263	473	12702	98	440	37982	1223
929000	21	246	546	12707	92	320	37389	1213
930000	11	228	486	12754	131	326	36116	1454
931000	5	248	591	12653	144	290	35139	1182
932000	11	258	445	12873	46	332	37710	974
933000	7	247	434	12963	60	271	36473	1101
934000	12	273	447	12897	29	329	37253	843
935000	2	269	307	13268	15	223	37871	664
936000	6	223	441	12898	50	351	37649	1212
937000	7	289	416	12843	63	395	36623	1319
938000	11	267	480	12715	79	455	36726	1276
939000	5	267	534	12715	11	383	36543	1028
940000	14	275	504	12696	46	434	36884	1367
941000	6	251	375	12844	87	461	37320	1448
942000	8	281	519	12591	125	448	37794	1631
943000	11	230	484	12509	167	584	36821	1944
944000	16	223	554	12220	234	720	35752	2230
945000	12	266	621	11646	279	1049	33262	3861
946000	10	265	584	11864	294	908	34212	4096
947000	21	239	552	11521	324	1275	34043	4009
948000	17	289	580	11428	282	1286	32652	3871
949000	4	275	486	11650	224	1343	34334	4238
950000	5	263	489	11861	70	1294	34468	3917
951000	9	268	404	11789	92	1432	34399	3956
952000	15	275	452	11511	154	1551	32929	4555
953000	13	232	442	11571	268	1449	32505	4794
954000	10	291	440	11286	267	1699	32803	5448
955000	14	235	523	11062	356	1747	33090	5602
956000	13	254	571	10986	337	1732	31462	5383
957000	16	266	531	10871	448	1847	31882	6127
958000	12	243	467	11081	298	1894	30743	5611
959000	15	265	490	11107	366	1659	31410	5960
960000	19	207	609	10899	444	1704	33435	6630
961000	13	248	538	11062	432	1651	30940	5771
962000	26	262	485	10876	566	1721	31862	5961
963000	13	259	423	11025	322	1956	32053	6044
964000	15	273	429	11105	188	1986	33188	5857
965000	21	262	471	11152	212	1874	30890	6120
966000	16	268	441	11616	143	1521	33638	4536
967000	16	274	414	11133	227	1890	33549	5762
968000	13	302	527	11042	245	1828	31348	6218
969000	18	281	415	11206	208	1877	32799	5447
970000	13	261	481	11216	281	1692	31599	5317
971000	17	274	525	11293	283	1558	31942	5052
972000	17	249	615	10943	366	1762	33705	5392
973000	14	226	573	11538	161	1426	31783	4491
974000	12	245	508	11665	183	1350	34335	4415
975000	15	262	448	11716	131	1413	33170	4357
976000	7	283	437	11782	70	1451	33537	3870
977000	13	254	448	11926	83	1269	34253	3659
978000	5	257	422	11989	91	1247	34905	3741
979000	14	283	532	11580	141	1439	34365	4026
980000	9	251	409	11744	97	1505	34191	4730
981000	9	249	385	11904	108	1356	35326	4389
982000	5	258	470	11759	115	1351	34850	3944
983000	6	265	440	12224	91	996	34957	3258
984000	7	254	463	12146	52	1060	34330	3215
985000	9	244	378	12073	116	1191	34204	3546
986000	10	242	445	12113	92	1113	36775	3192
987000	9	232	464	12229	100	956	35764	3435
988000	13	284	455	12104	124	1020	34167	3167
989000	11	241	507	11867	120	1199	35253	3637
990000	17	250	369	12303	148	962	35916	3506
991000	15	243	369	12213	103	1052	34196	3252
992000	7	270	313	12177	133	1135	34132	3685
993000	9	272	406	12196	132	1018	35668	3570
994000	10	255	457	11779	68	1446	33089	4076
995000	12	283	511	11230	304	1611	31906	5013
996000	15	237	495	11099	215	1887	32612	5348
997000	4	296	533	11171	233	1672	32014	5721
998000	8	241	629	11111	217	1693	32869	5281
999000	22	249	503	11173	366	1630	32516	5615
