0	0	0	0	14400	0	0	0	0
1000	16	234	580	12949	81	48	39504	386
2000	20	213	1058	12255	49	73	38879	472
3000	24	208	1452	11679	19	89	39077	166
4000	38	237	1562	11406	0	99	38336	266
5000	39	220	2109	10669	0	3	37473	11
6000	38	213	1702	11290	38	10	38442	158
7000	79	210	2238	10435	0	0	37675	1
8000	54	224	2399	10116	13	0	36805	96
9000	64	179	2545	9963	0	40	36162	140
10000	60	199	2992	9207	10	20	36143	188
11000	55	245	2624	9626	34	68	36308	252
12000	45	205	2513	10065	8	26	35776	190
13000	66	212	2717	9575	0	125	35380	451
14000	35	206	2919	9327	0	37	35395	119
15000	76	207	3546	8316	6	0	34998	81
16000	53	178	2992	9249	19	0	35216	32
17000	56	205	2726	9539	128	24	35199	432
18000	59	243	2420	9893	96	155	35313	830
19000	55	227	3041	8835	167	122	34494	612
20000	76	170	2825	8977	299	188	35284	1411
21000	70	223	3528	7972	125	143	33485	1007
22000	147	150	4704	5973	23	61	31882	303
23000	144	140	5481	4416	9	149	28573	585
24000	93	117	5369	4849	0	0	30343	1
25000	118	148	5009	5564	109	6	30643	383
26000	94	98	4831	6008	1	0	31104	84
27000	123	188	5047	5153	225	22	30274	536
28000	165	150	4901	5273	298	90	30197	1129
29000	112	134	4551	6159	0	287	32133	727
30000	159	141	5003	5180	129	123	30243	583
31000	87	118	5270	4933	0	0	30068	3
32000	84	107	5007	5512	232	1	30340	709
33000	118	179	4705	5715	215	121	30754	862
34000	80	147	4406	6666	67	82	33390	627
35000	58	156	4348	7099	0	0	33160	17
36000	102	171	3759	7606	83	0	33221	65
37000	59	188	3053	9024	119	1	35535	218
38000	105	200	3186	8732	105	1	34270	285
39000	64	209	3051	9055	34	61	34620	460
40000	58	184	3157	8842	88	0	36532	128
41000	61	201	3581	7884	262	19	33150	733
42000	114	124	4313	6398	452	21	32876	1511
43000	119	132	4548	5281	834	359	29121	2981
44000	123	95	5291	4072	743	195	27776	2633
45000	157	76	5266	3397	753	815	24555	4759
46000	179	83	5060	3006	1388	1041	24256	5858
47000	175	94	5005	3435	1336	695	24395	5124
48000	211	65	4915	3214	1935	559	22870	6312
49000	162	99	4498	3789	2373	278	23828	7989
50000	148	150	5340	2506	1802	547	22485	6550
51000	156	63	5122	2995	1837	273	24222	6452
52000	106	99	4744	4064	1511	485	26341	5039
53000	137	69	5216	3777	665	643	25567	3816
54000	178	67	4954	4260	958	359	27555	3796
55000	177	128	4424	4828	930	694	27270	4889
56000	124	140	3890	6188	1016	381	30127	4451
57000	102	164	4053	6706	390	388	31578	2248
58000	128	143	3866	7373	17	281	32483	752
59000	88	176	3465	8278	0	30	34350	60
60000	78	171	3309	8461	1	62	35369	159
61000	108	232	3129	8899	0	0	34320	33
62000	118	173	3995	7378	7	0	34960	63
63000	92	252	3896	7572	6	4	33188	50
64000	117	190	4501	6439	49	0	32123	74
65000	123	152	4576	5924	215	6	31244	677
66000	76	157	3158	8705	304	21	35136	935
67000	88	190	3748	6842	886	58	30441	2206
68000	132	133	3810	7065	356	214	31286	1638
69000	133	160	4091	6411	785	165	31661	2315
70000	101	157	4139	6386	439	379	30604	2703
71000	55	172	3531	7343	410	551	31790	2731
72000	84	218	3232	6950	561	1211	30760	5116
73000	86	119	4091	6300	458	660	29994	3199
74000	58	134	3971	6351	707	534	30957	3329
75000	105	129	3657	7502	179	403	32696	1509
76000	83	156	3581	7820	32	477	33561	2118
77000	76	227	2657	9266	97	375	34004	1629
78000	81	159	3600	7723	4	406	33868	1309
79000	106	186	3264	8064	214	372	32229	1283
80000	57	191	2896	8401	530	394	33564	3040
81000	70	201	3162	8477	150	368	33996	1560
82000	66	177	3379	8365	141	40	32981	553
83000	98	165	3353	8425	147	56	34979	739
84000	85	160	3839	7590	20	98	32964	471
85000	88	148	2961	9034	136	7	34501	162
86000	84	146	3003	8835	312	10	35021	976
87000	53	175	3019	8687	495	33	34377	1446
88000	95	132	3704	7457	295	282	31589	1851
89000	65	193	3510	7129	697	496	31502	2806
90000	57	148	3618	7336	388	486	32860	2481
91000	107	173	3919	6961	226	411	30951	1606
92000	114	136	3599	7554	354	177	31580	1192
93000	90	128	3967	7313	276	94	32754	1271
94000	29	198	2500	9983	62	68	36218	490
95000	55	214	3002	9120	60	56	36028	494
96000	70	204	2792	9526	44	0	35542	9
97000	88	214	3228	8788	0	0	34916	1
98000	100	139	4356	6784	132	3	31722	421
99000	99	111	4138	7101	23	26	34130	306
100000	111	143	4174	7078	0	0	32866	3
101000	115	135	4386	6786	0	0	32752	3
102000	130	148	4644	6339	0	0	32441	1
103000	140	99	5272	5141	0	0	30520	1
104000	109	127	4586	6208	179	0	31945	272
105000	116	140	4380	6082	544	75	31256	2369
106000	70	142	4622	5937	375	164	30770	2035
107000	106	190	3819	7433	319	33	32286	917
108000	132	171	4404	6627	19	8	31369	374
109000	101	179	4495	6423	0	0	33199	7
110000	96	153	4024	7352	0	0	32946	4
111000	81	175	3531	8194	70	1	35217	221
112000	60	189	3185	8741	92	92	35693	362
113000	74	158	2992	8943	36	102	36046	335
114000	43	187	2653	9512	15	274	36081	995
115000	68	212	2241	9879	151	467	35927	1594
116000	39	208	2827	9000	112	491	35818	1410
117000	70	235	2804	8532	98	843	32298	2378
118000	71	172	2775	8291	220	1027	31802	4263
119000	86	135	2885	8223	472	771	31759	3779
120000	74	217	2857	7724	979	678	30996	4304
121000	105	116	3869	6800	522	413	31205	2588
122000	77	195	3403	7257	460	826	30029	3325
123000	98	191	3290	6997	492	1144	31544	4531
124000	97	225	3332	6997	188	1379	29527	4944
125000	103	166	4120	5552	624	1066	27552	4268
126000	103	115	4926	5254	190	341	29423	1720
127000	132	179	4931	5145	70	307	28775	905
128000	110	159	4752	5660	45	364	29639	1008
129000	113	163	4253	6146	123	667	30925	1884
130000	124	139	4715	5731	106	329	31422	1277
131000	92	126	3963	7123	145	187	33063	1200
132000	72	196	4100	7123	50	81	33340	362
133000	62	161	4697	6430	0	0	32691	8
134000	90	174	4058	7285	13	24	32709	80
135000	103	157	4557	6364	24	0	33020	63
136000	81	229	4282	6963	3	0	32135	34
137000	105	212	3915	7367	222	0	32361	369
138000	93	165	3317	8117	457	95	33355	1448
139000	103	214	3991	6965	81	371	32758	1193
140000	106	221	4261	6848	0	0	31743	105
141000	137	163	4709	5586	329	7	29888	768
142000	154	178	4630	5713	348	97	30466	1259
143000	81	166	4131	6502	592	208	30483	2034
144000	87	143	4223	5972	851	314	29825	3244
145000	109	172	3869	7014	300	383	31488	1738
146000	125	154	4335	6138	289	307	30966	1828
147000	81	120	4084	6514	282	589	31583	2228
148000	69	176	3745	6969	617	373	32271	3024
149000	123	138	3934	6387	786	267	30235	3427
150000	121	118	3777	7043	716	92	32453	2578
151000	90	246	3934	7108	397	25	32155	1273
152000	110	163	4084	7011	183	40	32748	603
153000	74	156	3888	7398	135	67	32490	721
154000	143	177	4609	6283	11	3	30683	78
155000	105	148	4174	6860	168	23	33004	531
156000	92	121	3891	7660	0	7	33789	83
157000	86	172	3712	8024	0	0	34448	1
158000	78	159	4340	6904	0	7	32493	116
159000	82	195	4576	6368	11	6	31072	108
160000	175	178	5041	5219	61	0	30180	135
161000	121	155	4375	6637	77	7	31156	190
162000	95	94	4800	6020	23	0	30423	78
163000	73	146	3889	7624	129	10	33897	447
164000	80	167	4027	7146	233	88	32819	1090
165000	84	208	3477	8135	124	151	33346	937
166000	69	202	3316	8584	142	0	35404	353
167000	54	199	3214	8894	2	0	34750	53
168000	71	175	3518	8335	42	0	34932	50
169000	67	185	3474	8373	16	0	34207	59
170000	78	223	3025	9133	40	2	34383	162
171000	54	166	2860	9296	247	4	35854	592
172000	75	215	2717	9360	124	145	34568	937
173000	55	172	3006	9186	0	40	37240	63
174000	50	202	2495	9999	0	17	35029	89
175000	32	230	2214	10439	0	17	36800	60
176000	77	175	2573	9785	94	0	37200	84
177000	137	175	3597	8051	23	0	34498	129
178000	91	124	3867	7685	0	0	32967	5
179000	91	165	3830	7573	169	0	32054	506
180000	99	176	4300	6714	250	1	31918	307
181000	85	160	3990	7268	115	12	31277	566
182000	83	248	4135	7009	80	0	32058	43
183000	112	173	4933	5404	364	14	29036	1100
184000	104	116	4496	6103	424	13	31685	1316
185000	170	122	4391	5418	1150	82	29050	3344
186000	105	87	3958	5602	1548	343	26955	5623
187000	101	160	4170	4856	1338	893	26102	6091
188000	131	206	3234	6517	1262	863	28734	6115
189000	144	188	3816	5605	1435	606	28246	5385
190000	134	90	4902	4476	892	450	27271	4436
191000	111	86	5455	4238	196	400	29022	2107
192000	241	118	5770	3528	141	110	27448	1099
193000	200	74	6498	2011	56	31	25038	422
194000	193	53	6423	2296	15	0	25333	64
195000	163	52	6600	1835	0	0	24449	31
196000	334	57	6684	866	0	0	21612	1
197000	214	23	6573	1531	10	0	23457	17
198000	169	28	6786	694	0	0	22235	42
199000	311	55	6698	695	40	0	20831	47
200000	224	3	6767	436	67	0	20242	304
201000	265	0	6646	0	0	0	20290	0
202000	221	0	6744	0	0	0	19627	0
203000	212	0	6692	0	0	0	20571	0
204000	224	0	6742	0	0	0	20695	0
205000	168	0	6934	0	0	0	20785	0
206000	323	0	6723	0	0	0	18481	0
207000	269	0	6831	0	0	0	19532	0
208000	178	0	6871	0	0	0	19947	0
209000	289	0	6875	0	0	0	20277	0
210000	269	0	6792	0	0	0	20017	0
211000	347	0	6729	0	0	0	18738	0
212000	293	0	6700	0	0	0	19404	0
213000	389	0	6605	0	0	0	18956	0
214000	236	0	6568	0	0	0	19618	0
215000	268	0	6832	0	0	0	19201	0
216000	246	0	6868	0	0	0	19981	0
217000	247	0	6734	0	0	0	21780	0
218000	411	0	6465	0	0	0	19332	0
219000	252	0	6763	0	0	0	19383	0
220000	317	0	6720	0	0	0	19062	0
221000	308	0	6765	0	0	0	20730	0
222000	282	0	6791	0	0	0	19051	0
223000	273	0	6592	0	0	0	19476	0
224000	295	0	6707	0	0	0	19446	0
225000	338	0	6670	0	0	0	19363	0
226000	207	0	6723	0	0	0	19997	0
227000	323	0	6682	0	0	0	19890	0
228000	256	0	6858	0	0	0	20172	0
229000	258	0	6676	0	0	0	19126	0
230000	176	0	6818	0	0	0	18519	0
231000	304	0	6783	0	0	0	19567	0
232000	265	0	6926	0	0	0	18455	0
233000	252	0	6835	0	0	0	19319	0
234000	327	0	6606	0	0	0	19810	0
235000	305	0	6768	0	0	0	19716	0
236000	216	0	6780	0	0	0	19747	0
237000	258	0	6707	0	0	0	20427	0
238000	284	0	6803	0	0	0	19777	0
239000	203	0	6916	0	0	0	20023	0
240000	189	0	6740	0	0	0	20559	0
241000	280	0	6707	0	0	0	19911	0
242000	212	0	6692	0	0	0	19549	0
243000	260	0	6780	0	0	0	19596	0
244000	222	0	6841	0	0	0	19751	0
245000	344	0	6700	0	0	0	18349	0
246000	267	0	6906	0	0	0	19440	0
247000	218	0	6775	0	0	0	19859	0
248000	280	0	6734	0	0	0	20621	0
249000	366	0	6751	0	0	0	19668	0
250000	240	0	6733	0	0	0	20271	0
251000	276	0	6850	0	0	0	19463	0
252000	278	0	6622	0	0	0	19992	0
253000	243	0	6741	0	0	0	19685	0
254000	376	0	6734	0	0	0	19011	0
255000	246	0	6754	0	0	0	21212	0
256000	210	0	6797	0	0	0	20347	0
257000	311	0	6821	0	0	0	20423	0
258000	209	0	6836	0	0	0	20210	0
259000	281	0	6709	0	0	0	19153	0
260000	233	0	6852	0	0	0	20354	0
261000	272	0	6616	0	0	0	19123	0
262000	295	0	6991	0	0	0	19550	0
263000	241	0	6806	0	0	0	18709	0
264000	289	0	6660	0	0	0	19674	0
265000	294	0	6685	0	0	0	19428	0
266000	316	0	6897	0	0	0	19340	0
267000	160	0	6731	0	0	0	19739	0
268000	183	0	6804	0	0	0	19011	0
269000	237	0	6737	0	0	0	19873	0
270000	296	0	6679	0	0	0	20047	0
271000	249	0	6859	0	0	0	19997	0
272000	228	0	6689	0	0	0	19924	0
273000	294	0	6753	0	0	0	19133	0
274000	251	0	6737	0	0	0	19824	0
275000	329	0	6735	0	0	0	20035	0
276000	343	0	6728	0	0	0	19812	0
277000	288	0	6620	0	0	0	19408	0
278000	257	0	6732	0	0	0	19916	0
279000	215	0	6739	0	0	0	20898	0
280000	259	0	6805	0	0	0	20515	0
281000	216	0	6719	0	0	0	19566	0
282000	372	0	6659	0	0	0	19094	0
283000	319	0	6651	0	0	0	19731	0
284000	444	0	6514	0	0	0	19071	0
285000	223	0	6761	0	0	0	19530	0
286000	297	0	6733	0	0	0	19714	0
287000	279	0	6752	0	0	0	19153	0
288000	234	0	6721	0	0	0	19402	0
289000	237	0	6809	0	0	0	20696	0
290000	249	0	6804	0	0	0	19925	0
291000	301	0	6700	0	0	0	18752	0
292000	388	0	6653	0	0	0	19773	0
293000	175	0	6748	0	0	0	19331	0
294000	392	0	6650	0	0	0	17710	0
295000	272	0	6629	0	0	0	18659	0
296000	203	0	6927	0	0	0	21269	0
297000	464	0	6639	0	0	0	19351	0
298000	278	0	6652	0	0	0	20073	0
299000	182	0	7013	0	0	0	18481	0
300000	220	0	6733	0	0	0	18747	0
301000	200	0	6864	0	0	0	20098	0
302000	309	0	6620	0	0	0	19697	0
303000	285	0	6867	0	0	0	20333	0
304000	343	0	6679	0	0	0	19953	0
305000	420	0	6633	0	0	0	19805	0
306000	462	0	6560	0	0	0	18453	0
307000	203	0	7018	0	0	0	19488	0
308000	256	0	6737	0	0	0	19890	0
309000	292	0	6781	0	0	0	19788	0
310000	198	0	6771	0	0	0	19790	0
311000	236	0	6765	0	0	0	19548	0
312000	178	0	6784	0	0	0	19403	0
313000	299	0	6653	0	0	0	19416	0
314000	229	0	6761	0	0	0	20191	0
315000	233	0	6755	0	0	0	19715	0
316000	268	0	6695	0	0	0	19973	0
317000	268	0	6757	0	0	0	19726	0
318000	198	0	6858	0	0	0	20887	0
319000	284	0	6567	0	0	0	19722	0
320000	291	0	6808	0	0	0	18732	0
321000	198	0	6695	0	0	0	19126	0
322000	413	0	6721	0	0	0	19361	0
323000	302	0	6823	0	0	0	19490	0
324000	303	0	6727	0	0	0	19520	0
325000	209	0	6807	0	0	0	18586	0
326000	363	0	6831	0	0	0	20129	0
327000	290	0	6855	0	0	0	20573	0
328000	175	0	6892	0	0	0	19392	0
329000	373	0	6579	0	0	0	20018	0
330000	279	0	6757	0	0	0	19480	0
331000	248	0	6715	0	0	0	19522	0
332000	339	0	6694	0	0	0	20512	0
333000	359	0	6616	0	0	0	19688	0
334000	323	0	6698	0	0	0	18375	0
335000	306	0	6739	0	0	0	19289	0
336000	374	0	6614	0	0	0	19691	0
337000	176	0	6770	0	0	0	20469	0
338000	266	0	6790	0	0	0	20818	0
339000	240	0	6704	0	0	0	19318	0
340000	292	0	6712	0	0	0	19255	0
341000	274	0	6914	0	0	0	20856	0
342000	284	0	6872	0	0	0	19613	0
343000	272	0	6662	0	0	0	19117	0
344000	230	0	6665	0	0	0	20152	0
345000	348	0	6774	0	0	0	19455	0
346000	242	0	6711	0	0	0	19353	0
347000	173	0	6875	0	0	0	19198	0
348000	197	0	6919	0	0	0	19424	0
349000	264	0	6854	0	0	0	19055	0
350000	322	0	6607	0	0	0	19834	0
351000	222	0	6760	0	0	0	20099	0
352000	364	0	6810	0	0	0	18934	0
353000	191	0	6825	0	0	0	19591	0
354000	302	0	6788	0	0	0	19688	0
355000	210	0	6779	0	0	0	19739	0
356000	313	0	6645	0	0	0	19528	0
357000	228	0	6864	0	0	0	19583	0
358000	171	0	6908	0	0	0	20299	0
359000	319	0	6667	0	0	0	19891	0
360000	315	0	6762	0	0	0	20242	0
361000	260	0	6647	0	0	0	20051	0
362000	153	0	6834	0	0	0	20273	0
363000	323	0	6780	0	0	0	20243	0
364000	155	0	6910	0	0	0	19674	0
365000	258	0	6851	0	0	0	19827	0
366000	338	0	6658	0	0	0	19853	0
367000	400	0	6532	0	0	0	20109	0
368000	184	0	6941	0	0	0	19983	0
369000	202	0	6859	0	0	0	19851	0
370000	362	0	6780	0	0	0	20764	0
371000	165	0	6795	0	0	0	20103	0
372000	492	0	6450	0	0	0	19660	0
373000	185	0	6923	0	0	0	20627	0
374000	243	0	6738	0	0	0	19266	0
375000	278	0	6782	0	0	0	19662	0
376000	268	0	6623	0	0	0	20199	0
377000	226	0	6998	0	0	0	19524	0
378000	415	0	6536	0	0	0	20201	0
379000	273	0	6707	0	0	0	19800	0
380000	375	0	6680	0	0	0	19760	0
381000	228	0	6881	0	0	0	20004	0
382000	271	0	6685	0	0	0	20585	0
383000	280	0	6707	0	0	0	19288	0
384000	287	0	6669	0	0	0	19485	0
385000	224	0	6867	0	0	0	20133	0
386000	204	0	6834	0	0	0	19653	0
387000	351	0	6774	0	0	0	18888	0
388000	253	0	6813	0	0	0	19920	0
389000	301	0	6716	0	0	0	19456	0
390000	173	0	6690	0	0	0	20261	0
391000	406	0	6754	0	0	0	19272	0
392000	317	0	6786	0	0	0	19674	0
393000	232	0	6740	0	0	0	19969	0
394000	263	0	6728	0	0	0	19632	0
395000	377	0	6695	0	0	0	20139	0
396000	234	0	6750	0	0	0	19575	0
397000	345	0	6700	0	0	0	20461	0
398000	176	0	6813	0	0	0	20464	0
399000	259	0	6687	0	0	0	19676	0
400000	186	0	6856	0	0	0	19463	0
401000	186	0	6827	0	0	0	20157	0
402000	236	0	6849	0	0	0	19249	0
403000	236	0	6840	0	0	0	19789	0
404000	249	0	6800	0	0	0	19601	0
405000	186	0	6917	0	0	0	20105	0
406000	313	0	6568	0	0	0	19737	0
407000	450	0	6716	0	0	0	18432	0
408000	189	0	6838	0	0	0	19614	0
409000	431	0	6575	0	0	0	19320	0
410000	203	0	6939	0	0	0	19482	0
411000	213	0	6827	0	0	0	19329	0
412000	240	0	6893	0	0	0	19792	0
413000	227	0	6884	0	0	0	20288	0
414000	231	0	6955	0	0	0	20205	0
415000	131	0	6824	0	0	0	20812	0
416000	355	0	6642	0	0	0	19728	0
417000	477	0	6667	0	0	0	19166	0
418000	300	0	6704	0	0	0	20388	0
419000	176	0	6904	0	0	0	20308	0
420000	315	0	6644	0	0	0	19012	0
421000	300	0	6692	0	0	0	20015	0
422000	328	0	6631	0	0	0	19398	0
423000	224	0	6766	0	0	0	19516	0
424000	207	0	6754	0	0	0	19819	0
425000	281	0	6703	0	0	0	18873	0
426000	226	0	6803	0	0	0	20694	0
427000	237	0	6705	0	0	0	20705	0
428000	334	0	6711	0	0	0	20004	0
429000	244	0	6775	0	0	0	20171	0
430000	288	0	6644	0	0	0	18620	0
431000	219	0	6899	0	0	0	19897	0
432000	261	0	6770	0	0	0	18748	0
433000	221	0	6815	0	0	0	19726	0
434000	284	0	6658	0	0	0	19877	0
435000	335	0	6591	0	0	0	18854	0
436000	312	0	6820	0	0	0	19386	0
437000	239	0	6887	0	0	0	19293	0
438000	274	0	6668	0	0	0	19445	0
439000	194	0	6871	0	0	0	20098	0
440000	270	0	6526	0	0	0	19409	0
441000	209	0	6704	0	0	0	19783	0
442000	187	0	6835	0	0	0	20406	0
443000	163	0	6937	0	0	0	20127	0
444000	164	0	6891	0	0	0	19696	0
445000	215	0	6791	0	0	0	20364	0
446000	153	0	6783	0	0	0	20183	0
447000	212	0	7049	0	0	0	19860	0
448000	198	0	6849	0	0	0	19463	0
449000	193	0	6836	0	0	0	20187	0
450000	323	0	6747	0	0	0	19945	0
451000	313	0	6677	0	0	0	19244	0
452000	215	0	6822	0	0	0	20335	0
453000	275	0	6760	0	0	0	19737	0
454000	308	0	6845	0	0	0	19648	0
455000	239	0	6863	0	0	0	19370	0
456000	287	0	6657	0	0	0	20263	0
457000	375	0	6763	0	0	0	19428	0
458000	245	0	6837	0	0	0	19668	0
459000	201	0	6857	0	0	0	20816	0
460000	385	0	6551	0	0	0	18985	0
461000	358	0	6684	0	0	0	19050	0
462000	239	0	6809	0	0	0	19751	0
463000	231	0	6849	0	0	0	18588	0
464000	234	0	6615	0	0	0	21052	0
465000	224	0	6778	0	0	0	19878	0
466000	181	0	6813	0	0	0	19364	0
467000	314	0	6595	0	0	0	19823	0
468000	275	0	6731	0	0	0	18673	0
469000	244	0	6738	0	0	0	19417	0
470000	227	0	6915	0	0	0	19789	0
471000	233	0	6673	0	0	0	19726	0
472000	313	0	6780	0	0	0	18814	0
473000	328	0	6735	0	0	0	20697	0
474000	206	0	6976	0	0	0	19912	0
475000	285	0	6656	0	0	0	19682	0
476000	254	0	6734	0	0	0	18900	0
477000	347	0	6707	0	0	0	19488	0
478000	276	0	6653	0	0	0	19793	0
479000	251	0	6766	0	0	0	18815	0
480000	270	0	6767	0	0	0	19771	0
481000	229	0	6757	0	0	0	20494	0
482000	318	0	6548	0	0	0	19565	0
483000	205	0	6765	0	0	0	20056	0
484000	160	0	6896	0	0	0	20567	0
485000	167	0	6775	0	0	0	19964	0
486000	252	0	6901	0	0	0	19730	0
487000	179	0	6789	0	0	0	21121	0
488000	414	0	6529	0	0	0	19025	0
489000	339	0	6661	0	0	0	20428	0
490000	234	0	6723	0	0	0	19318	0
491000	264	0	6744	0	0	0	19478	0
492000	251	0	6742	0	0	0	19452	0
493000	302	0	6677	0	0	0	19783	0
494000	335	0	6737	0	0	0	20109	0
495000	295	0	6670	0	0	0	18390	0
496000	212	0	6824	0	0	0	19778	0
497000	158	0	6657	0	0	0	19126	0
498000	320	0	6721	0	0	0	19333	0
499000	452	0	6481	0	0	0	19391	0
500000	260	0	6542	0	0	0	19157	0
501000	343	0	6708	0	0	0	19212	0
502000	250	0	6890	0	0	0	20997	0
503000	213	0	6690	0	0	0	19454	0
504000	182	0	6911	0	0	0	19453	0
505000	336	0	6770	0	0	0	19502	0
506000	222	0	6790	0	0	0	20042	0
507000	267	0	6733	0	0	0	19561	0
508000	211	0	6842	0	0	0	20057	0
509000	268	0	6695	0	0	0	19007	0
510000	204	0	6850	0	0	0	19878	0
511000	309	0	6609	0	0	0	18938	0
512000	211	0	6829	0	0	0	20124	0
513000	287	0	6723	0	0	0	19690	0
514000	213	0	6932	0	0	0	19132	0
515000	238	0	6794	0	0	0	20198	0
516000	358	0	6733	0	0	0	18791	0
517000	341	0	6649	0	0	0	20384	0
518000	212	0	6895	0	0	0	20089	0
519000	289	0	6815	0	0	0	20503	0
520000	229	0	6848	0	0	0	19557	0
521000	214	0	6901	0	0	0	20246	0
522000	170	0	6827	0	0	0	19387	0
523000	313	0	6801	0	0	0	19245	0
524000	403	0	6534	0	0	0	20570	0
525000	282	0	6777	0	0	0	19797	0
526000	320	0	6699	0	0	0	19682	0
527000	360	0	6535	0	0	0	19326	0
528000	297	0	6721	0	0	0	19327	0
529000	325	0	6661	0	0	0	19761	0
530000	397	0	6578	0	0	0	19979	0
531000	137	0	6862	0	0	0	20386	0
532000	285	0	6689	0	0	0	20377	0
533000	256	0	6737	0	0	0	18894	0
534000	342	0	6761	0	0	0	18956	0
535000	280	0	6806	0	0	0	19020	0
536000	360	0	6591	0	0	0	18908	0
537000	197	0	6801	0	0	0	19496	0
538000	247	0	6922	0	0	0	20104	0
539000	314	0	6601	0	0	0	19214	0
540000	203	0	7016	0	0	0	18485	0
541000	142	0	6815	0	0	0	20668	0
542000	335	0	6759	0	0	0	20169	0
543000	287	0	6712	0	0	0	20498	0
544000	329	0	6786	0	0	0	20021	0
545000	404	0	6592	0	0	0	19636	0
546000	295	0	6712	0	0	0	18809	0
547000	390	0	6706	0	0	0	19481	0
548000	208	0	6681	0	0	0	19742	0
549000	230	0	6837	0	0	0	19918	0
550000	368	0	6748	0	0	0	18969	0
551000	177	0	6818	0	0	0	18972	0
552000	341	0	6610	0	0	0	18877	0
553000	231	0	6922	0	0	0	19172	0
554000	453	0	6485	0	0	0	19956	0
555000	321	0	6805	0	0	0	19396	0
556000	429	0	6539	0	0	0	20351	0
557000	244	0	6714	0	0	0	19718	0
558000	220	0	6859	0	0	0	19802	0
559000	320	0	6580	0	0	0	20493	0
560000	303	0	6744	0	0	0	18957	0
561000	411	0	6688	0	0	0	17852	0
562000	244	0	6722	0	0	0	19130	0
563000	367	0	6691	0	0	0	20109	0
564000	312	0	6670	0	0	0	19031	0
565000	267	0	6779	0	0	0	20076	0
566000	293	0	6725	0	0	0	19021	0
567000	245	0	6665	0	0	0	18717	0
568000	251	0	6789	0	0	0	20372	0
569000	251	0	6708	0	0	0	20721	0
570000	257	0	6904	0	0	0	19808	0
571000	261	0	6722	0	0	0	19727	0
572000	244	0	6845	0	0	0	19139	0
573000	316	0	6668	0	0	0	19164	0
574000	250	0	6678	0	0	0	20238	0
575000	163	0	6892	0	0	0	20198	0
576000	251	0	6645	0	0	0	19347	0
577000	160	0	6923	0	0	0	20748	0
578000	238	0	6720	0	0	0	19406	0
579000	302	0	6661	0	0	0	19260	0
580000	177	0	6701	0	0	0	19528	0
581000	260	0	6737	0	0	0	19681	0
582000	358	0	6721	0	0	0	20689	0
583000	261	0	6802	0	0	0	19862	0
584000	188	0	6792	0	0	0	20205	0
585000	225	0	6808	0	0	0	20003	0
586000	395	0	6682	0	0	0	19826	0
587000	255	0	6749	0	0	0	19451	0
588000	171	0	6838	0	0	0	19534	0
589000	286	0	6798	0	0	0	19541	0
590000	201	0	6914	0	0	0	19801	0
591000	227	0	6726	0	0	0	19385	0
592000	241	0	6738	0	0	0	18994	0
593000	178	0	6849	0	0	0	20344	0
594000	190	0	6896	0	0	0	19313	0
595000	249	0	6774	0	0	0	18852	0
596000	210	0	6739	0	0	0	19318	0
597000	413	0	6796	0	0	0	18877	0
598000	201	0	6864	0	0	0	19702	0
599000	108	0	6861	0	0	0	20140	0
600000	256	0	6695	0	0	0	20197	0
601000	273	0	6750	0	0	0	19302	0
602000	261	0	6737	0	0	0	19189	0
603000	310	0	6596	0	0	0	18798	0
604000	192	0	6918	0	0	0	19534	0
605000	381	0	6628	0	0	0	19529	0
606000	223	0	6766	0	0	0	19490	0
607000	355	0	6739	0	0	0	18541	0
608000	200	0	6983	0	0	0	19901	0
609000	261	0	6790	0	0	0	18988	0
610000	493	0	6555	0	0	0	18487	0
611000	255	0	6752	0	0	0	18903	0
612000	267	0	6780	0	0	0	19792	0
613000	255	0	6934	0	0	0	19956	0
614000	285	0	6906	0	0	0	19413	0
615000	390	0	6598	0	0	0	19530	0
616000	322	0	6763	0	0	0	19775	0
617000	314	0	6620	0	0	0	19976	0
618000	261	0	6716	0	0	0	20473	0
619000	170	0	6781	0	0	0	19279	0
620000	170	0	6895	0	0	0	19578	0
621000	224	0	6791	0	0	0	20242	0
622000	279	0	6824	0	0	0	19752	0
623000	288	0	6806	0	0	0	20116	0
624000	369	0	6651	0	0	0	18703	0
625000	254	0	6715	0	0	0	20602	0
626000	266	0	6654	0	0	0	19567	0
627000	183	0	6863	0	0	0	19669	0
628000	237	0	6795	0	0	0	20057	0
629000	203	0	6783	0	0	0	19588	0
630000	207	0	6745	0	0	0	19691	0
631000	385	0	6710	0	0	0	19533	0
632000	286	0	6752	0	0	0	19879	0
633000	351	0	6559	0	0	0	19527	0
634000	374	0	6674	0	0	0	18620	0
635000	233	0	6873	0	0	0	19942	0
636000	239	0	6539	0	0	0	19224	0
637000	192	0	6935	0	0	0	19178	0
638000	267	0	6736	0	0	0	20091	0
639000	218	0	6795	0	0	0	19950	0
640000	244	0	6754	0	0	0	19833	0
641000	248	0	6725	0	0	0	20148	0
642000	267	0	6763	0	0	0	20476	0
643000	264	0	6837	0	0	0	20687	0
644000	220	0	6872	0	0	0	20308	0
645000	196	0	6878	0	0	0	20234	0
646000	161	0	6806	0	0	0	19196	0
647000	292	0	6711	0	0	0	20618	0
648000	210	0	6819	0	0	0	19480	0
649000	373	0	6648	0	0	0	19223	0
650000	444	0	6576	0	0	0	19077	0
651000	278	0	6818	0	0	0	21039	0
652000	234	0	6946	0	0	0	19351	0
653000	348	0	6828	0	0	0	18998	0
654000	271	0	6729	0	0	0	19608	0
655000	353	0	6617	0	0	0	18945	0
656000	313	0	6691	0	0	0	17628	0
657000	239	0	6699	0	0	0	20604	0
658000	510	0	6497	0	0	0	19007	0
659000	323	0	6701	0	0	0	19640	0
660000	309	0	6712	0	0	0	19694	0
661000	276	0	6799	0	0	0	18911	0
662000	240	0	6716	0	0	0	20096	0
663000	281	0	6763	0	0	0	19192	0
664000	281	0	6833	0	0	0	19871	0
665000	390	0	6525	0	0	0	19116	0
666000	340	0	6698	0	0	0	20462	0
667000	166	0	6845	0	0	0	20234	0
668000	225	0	6822	0	0	0	19506	0
669000	196	0	6897	0	0	0	19753	0
670000	286	0	6761	0	0	0	20753	0
671000	220	0	6899	0	0	0	19747	0
672000	285	0	6609	0	0	0	20264	0
673000	263	0	6656	0	0	0	20473	0
674000	283	0	6687	0	0	0	20378	0
675000	338	0	6585	0	0	0	18851	0
676000	259	0	6779	0	0	0	19761	0
677000	263	0	6832	0	0	0	20248	0
678000	267	0	6754	0	0	0	19696	0
679000	211	0	6766	0	0	0	19953	0
680000	372	0	6638	0	0	0	19368	0
681000	284	0	6836	0	0	0	19738	0
682000	330	0	6704	0	0	0	19736	0
683000	188	0	6835	0	0	0	18864	0
684000	459	0	6531	0	0	0	19269	0
685000	242	0	6921	0	0	0	19314	0
686000	346	0	6747	0	0	0	20178	0
687000	195	0	6690	0	0	0	20581	0
688000	424	0	6699	0	0	0	18723	0
689000	379	0	6696	0	0	0	20325	0
690000	211	0	6727	0	0	0	18877	0
691000	240	0	6851	0	0	0	18848	0
692000	353	0	6625	0	0	0	19849	0
693000	305	0	6726	0	0	0	18625	0
694000	295	0	6654	0	0	0	19017	0
695000	325	0	6680	0	0	0	19723	0
696000	212	0	6745	0	0	0	19690	0
697000	209	0	6789	0	0	0	20088	0
698000	197	0	6958	0	0	0	19991	0
699000	280	0	6665	0	0	0	20183	0
700000	222	0	6778	0	0	0	20233	0
701000	299	0	6802	0	0	0	19006	0
702000	285	0	6616	0	0	0	20471	0
703000	402	0	6567	0	0	0	19261	0
704000	236	0	6790	0	0	0	20353	0
705000	217	0	6791	0	0	0	20052	0
706000	316	0	6690	0	0	0	20713	0
707000	177	0	6765	0	0	0	19510	0
708000	265	0	6744	0	0	0	19838	0
709000	214	0	6800	0	0	0	19670	0
710000	194	0	6842	0	0	0	19642	0
711000	294	0	6703	0	0	0	19953	0
712000	301	0	6681	0	0	0	20030	0
713000	255	0	6805	0	0	0	19811	0
714000	261	0	6656	0	0	0	19566	0
715000	308	0	6695	0	0	0	19781	0
716000	189	0	6847	0	0	0	19637	0
717000	259	0	6773	0	0	0	20298	0
718000	182	0	6792	0	0	0	19807	0
719000	332	0	6743	0	0	0	20536	0
720000	223	0	6862	0	0	0	19971	0
721000	327	0	6790	0	0	0	19463	0
722000	265	0	6726	0	0	0	19806	0
723000	313	0	6706	0	0	0	19188	0
724000	365	0	6767	0	0	0	19803	0
725000	244	0	6766	0	0	0	20707	0
726000	257	0	6886	0	0	0	19921	0
727000	276	0	6903	0	0	0	20628	0
728000	306	0	6765	0	0	0	20384	0
729000	216	0	6821	0	0	0	19727	0
730000	313	0	6603	0	0	0	19321	0
731000	314	0	6840	0	0	0	19806	0
732000	329	0	6711	0	0	0	19370	0
733000	345	0	6759	0	0	0	19301	0
734000	321	0	6640	0	0	0	20311	0
735000	344	0	6752	0	0	0	19684	0
736000	292	0	6789	0	0	0	19600	0
737000	297	0	6719	0	0	0	19397	0
738000	207	0	6941	0	0	0	19864	0
739000	323	0	6563	0	0	0	18756	0
740000	211	0	6893	0	0	0	20217	0
741000	275	0	6713	0	0	0	19138	0
742000	378	0	6652	0	0	0	19394	0
743000	202	0	6865	0	0	0	19548	0
744000	264	0	6725	0	0	0	18543	0
745000	360	0	6621	0	0	0	19170	0
746000	232	0	6780	0	0	0	19992	0
747000	263	0	6684	0	0	0	18538	0
748000	201	0	6833	0	0	0	19811	0
749000	202	0	6767	0	0	0	19808	0
750000	185	0	6842	0	0	0	20987	0
751000	233	0	6855	0	0	0	19578	0
752000	222	0	6854	0	0	0	20320	0
753000	245	0	6779	0	0	0	19519	0
754000	397	0	6513	0	0	0	19231	0
755000	269	0	6890	0	0	0	20298	0
756000	176	0	6781	0	0	0	19389	0
757000	288	0	6633	0	0	0	19406	0
758000	286	0	6679	0	0	0	19960	0
759000	238	0	6807	0	0	0	19709	0
760000	361	0	6618	0	0	0	19344	0
761000	310	0	6717	0	0	0	20244	0
762000	295	0	6690	0	0	0	18710	0
763000	217	0	6762	0	0	0	20459	0
764000	186	0	6776	0	0	0	20126	0
765000	337	0	6592	0	0	0	19547	0
766000	241	0	6679	0	0	0	19703	0
767000	357	0	6729	0	0	0	19884	0
768000	249	0	6854	0	0	0	18999	0
769000	183	0	6827	0	0	0	19125	0
770000	248	0	6815	0	0	0	19822	0
771000	184	0	6871	0	0	0	20079	0
772000	236	0	6674	0	0	0	19994	0
773000	170	0	6900	0	0	0	20267	0
774000	194	0	6764	0	0	0	19926	0
775000	228	0	6768	0	0	0	20248	0
776000	235	0	6722	0	0	0	19503	0
777000	216	0	6822	0	0	0	20003	0
778000	364	0	6590	0	0	0	19897	0
779000	380	0	6683	0	0	0	20110	0
780000	304	0	6710	0	0	0	20435	0
781000	279	0	6709	0	0	0	20188	0
782000	362	0	6627	0	0	0	18773	0
783000	225	0	6666	0	0	0	18966	0
784000	278	0	6865	0	0	0	19655	0
785000	299	0	6741	0	0	0	19778	0
786000	207	0	6866	0	0	0	20574	0
787000	241	0	6892	0	0	0	20223	0
788000	256	0	6598	0	0	0	20117	0
789000	361	0	6732	0	0	0	19422	0
790000	181	0	6928	0	0	0	20533	0
791000	296	0	6712	0	0	0	20140	0
792000	286	0	6728	0	0	0	19968	0
793000	252	0	6662	0	0	0	18653	0
794000	360	0	6683	0	0	0	19898	0
795000	301	0	6795	0	0	0	18741	0
796000	213	0	6812	0	0	0	19851	0
797000	355	0	6723	0	0	0	19601	0
798000	386	0	6486	0	0	0	18790	0
799000	111	0	6854	0	0	0	20163	0
800000	308	0	6773	0	0	0	20140	0
801000	173	0	6718	0	0	0	19664	0
802000	269	0	6814	0	0	0	19376	0
803000	312	0	6943	0	0	0	19045	0
804000	240	0	6751	0	0	0	19731	0
805000	258	0	6793	0	0	0	19728	0
806000	329	0	6754	0	0	0	19945	0
807000	316	0	6806	0	0	0	19611	0
808000	307	0	6698	0	0	0	19488	0
809000	332	0	6739	0	0	0	19528	0
810000	241	0	6819	0	0	0	19533	0
811000	107	0	6803	0	0	0	19831	0
812000	247	0	6689	0	0	0	19248	0
813000	246	0	6901	0	0	0	19638	0
814000	175	0	6862	0	0	0	19336	0
815000	226	0	6775	0	0	0	20202	0
816000	199	0	6813	0	0	0	19039	0
817000	246	0	6719	0	0	0	20224	0
818000	382	0	6589	0	0	0	19691	0
819000	276	0	6728	0	0	0	19168	0
820000	339	0	6632	0	0	0	20545	0
821000	302	0	6704	0	0	0	19969	0
822000	290	0	6717	0	0	0	20793	0
823000	317	0	6540	0	0	0	20430	0
824000	233	0	6872	0	0	0	19983	0
825000	372	0	6721	0	0	0	18860	0
826000	215	0	6722	0	0	0	20606	0
827000	229	0	6798	0	0	0	19600	0
828000	231	0	6884	0	0	0	19979	0
829000	324	0	6720	0	0	0	19256	0
830000	202	0	6820	0	0	0	19457	0
831000	233	0	6819	0	0	0	19685	0
832000	214	0	6835	0	0	0	19685	0
833000	197	0	6827	0	0	0	19533	0
834000	316	0	6690	0	0	0	18479	0
835000	302	0	6769	0	0	0	19195	0
836000	262	0	6739	0	0	0	20548	0
837000	251	0	6672	0	0	0	19649	0
838000	346	0	6735	0	0	0	19636	0
839000	256	0	6724	0	0	0	19602	0
840000	198	0	6748	0	0	0	19933	0
841000	205	0	6870	0	0	0	20698	0
842000	323	0	6709	0	0	0	20112	0
843000	328	0	6794	0	0	0	19434	0
844000	310	0	6683	0	0	0	20076	0
845000	260	0	6638	0	0	0	19612	0
846000	197	0	6728	0	0	0	20036	0
847000	274	0	6707	0	0	0	19750	0
848000	285	0	6670	0	0	0	20058	0
849000	304	0	6636	0	0	0	19423	0
850000	230	0	6986	0	0	0	20046	0
851000	361	0	6683	0	0	0	19640	0
852000	311	0	6882	0	0	0	19827	0
853000	293	0	6723	0	0	0	19687	0
854000	271	0	6755	0	0	0	19820	0
855000	232	0	6759	0	0	0	19971	0
856000	276	0	6568	0	0	0	18629	0
857000	165	0	6887	0	0	0	20099	0
858000	208	0	6789	0	0	0	20140	0
859000	258	0	6956	0	0	0	19242	0
860000	359	0	6783	0	0	0	20296	0
861000	242	0	6816	0	0	0	19139	0
862000	246	0	6746	0	0	0	21728	0
863000	340	0	6692	0	0	0	20125	0
864000	233	0	6756	0	0	0	19165	0
865000	316	0	6727	0	0	0	19468	0
866000	207	0	6810	0	0	0	19546	0
867000	371	0	6582	0	0	0	19329	0
868000	223	0	6711	0	0	0	18287	0
869000	263	0	6639	0	0	0	18970	0
870000	255	0	6827	0	0	0	18345	0
871000	213	0	6958	0	0	0	19984	0
872000	199	0	6859	0	0	0	20105	0
873000	252	0	6716	0	0	0	19899	0
874000	155	0	6845	0	0	0	20186	0
875000	250	0	6890	0	0	0	19162	0
876000	222	0	6699	0	0	0	19840	0
877000	345	0	6647	0	0	0	19770	0
878000	300	0	6750	0	0	0	18890	0
879000	282	0	6861	0	0	0	20147	0
880000	279	0	6874	0	0	0	20228	0
881000	344	0	6699	0	0	0	19720	0
882000	354	0	6718	0	0	0	19017	0
883000	309	0	6702	0	0	0	19614	0
884000	170	0	6767	0	0	0	20383	0
885000	267	0	6790	0	0	0	18984	0
886000	307	0	6816	0	0	0	19475	0
887000	266	0	6639	0	0	0	19336	0
888000	300	0	6691	0	0	0	20556	0
889000	160	0	6896	0	0	0	19976	0
890000	253	0	6773	0	0	0	20618	0
891000	283	0	6869	0	0	0	20748	0
892000	376	0	6784	0	0	0	19515	0
893000	287	0	6616	0	0	0	19791	0
894000	137	0	6916	0	0	0	19613	0
895000	339	0	6730	0	0	0	20026	0
896000	332	0	6713	0	0	0	19107	0
897000	236	0	6739	0	0	0	18795	0
898000	275	0	6630	0	0	0	20168	0
899000	228	0	6845	0	0	0	19752	0
900000	237	0	6716	0	0	0	19463	0
901000	169	0	6939	0	0	0	19555	0
902000	256	0	6706	0	0	0	19271	0
903000	186	0	6939	0	0	0	20293	0
904000	384	0	6694	0	0	0	19372	0
905000	306	0	6608	0	0	0	19253	0
906000	269	0	6724	0	0	0	19950	0
907000	232	0	6796	0	0	0	20524	0
908000	179	0	6883	0	0	0	19394	0
909000	292	0	6743	0	0	0	18829	0
910000	300	0	6644	0	0	0	19343	0
911000	220	0	6813	0	0	0	19624	0
912000	282	0	6634	0	0	0	18949	0
913000	166	0	6860	0	0	0	20793	0
914000	256	0	6732	0	0	0	21616	0
915000	218	0	6868	0	0	0	19947	0
916000	424	0	6514	0	0	0	19125	0
917000	321	0	6746	0	0	0	19235	0
918000	176	0	6868	0	0	0	20461	0
919000	371	0	6757	0	0	0	19069	0
920000	215	0	6892	0	0	0	19545	0
921000	301	0	6816	0	0	0	19481	0
922000	217	0	6846	0	0	0	19340	0
923000	229	0	6758	0	0	0	19799	0
924000	289	0	6720	0	0	0	20292	0
925000	319	0	6801	0	0	0	20034	0
926000	322	0	6786	0	0	0	20815	0
927000	247	0	6797	0	0	0	18383	0
928000	257	0	6634	0	0	0	20237	0
929000	334	0	6579	0	0	0	18533	0
930000	255	0	6530	0	0	0	20564	0
931000	236	0	6766	0	0	0	20750	0
932000	222	0	6821	0	0	0	20462	0
933000	320	0	6485	0	0	0	19208	0
934000	440	0	6518	0	0	0	19720	0
935000	424	0	6671	0	0	0	19740	0
936000	297	0	6666	0	0	0	19435	0
937000	326	0	6678	0	0	0	20859	0
938000	198	0	6790	0	0	0	19969	0
939000	149	0	6831	0	0	0	19899	0
940000	227	0	6852	0	0	0	19629	0
941000	230	0	6760	0	0	0	20277	0
942000	354	0	6552	0	0	0	20192	0
943000	360	0	6743	0	0	0	19824	0
944000	350	0	6749	0	0	0	19448	0
945000	266	0	6735	0	0	0	19898	0
946000	202	0	6858	0	0	0	19716	0
947000	307	0	6948	0	0	0	20230	0
948000	304	0	6671	0	0	0	19380	0
949000	214	0	6918	0	0	0	19575	0
950000	251	0	6838	0	0	0	20854	0
951000	348	0	6766	0	0	0	20395	0
952000	166	0	6807	0	0	0	19516	0
953000	340	0	6799	0	0	0	18598	0
954000	217	0	6831	0	0	0	19225	0
955000	328	0	6615	0	0	0	20035	0
956000	292	0	6746	0	0	0	20216	0
957000	199	0	6949	0	0	0	20987	0
958000	248	0	6741	0	0	0	20003	0
959000	185	0	6909	0	0	0	19333	0
960000	380	0	6732	0	0	0	20054	0
961000	234	0	6885	0	0	0	19830	0
962000	345	0	6717	0	0	0	18661	0
963000	163	0	6827	0	0	0	19996	0
964000	221	0	6856	0	0	0	19651	0
965000	208	0	6710	0	0	0	20735	0
966000	308	0	6779	0	0	0	19659	0
967000	146	0	6960	0	0	0	20759	0
968000	375	0	6585	0	0	0	20052	0
969000	283	0	6672	0	0	0	19416	0
970000	327	0	6799	0	0	0	18747	0
971000	210	0	6823	0	0	0	19244	0
972000	209	0	6860	0	0	0	20104	0
973000	251	0	6717	0	0	0	18684	0
974000	263	0	6836	0	0	0	20012	0
975000	241	0	6677	0	0	0	19930	0
976000	158	0	7034	0	0	0	19376	0
977000	241	0	6678	0	0	0	19672	0
978000	241	0	6698	0	0	0	20180	0
979000	297	0	6537	0	0	0	19540	0
980000	229	0	6638	0	0	0	20418	0
981000	277	0	6887	0	0	0	20009	0
982000	265	0	6837	0	0	0	19858	0
983000	219	0	6839	0	0	0	19260	0
984000	261	0	6622	0	0	0	21119	0
985000	310	0	6789	0	0	0	19738	0
986000	369	0	6693	0	0	0	19942	0
987000	341	0	6654	0	0	0	19079	0
988000	327	0	6658	0	0	0	19140	0
989000	245	0	6660	0	0	0	19931	0
990000	262	0	6787	0	0	0	19698	0
991000	265	0	6806	0	0	0	20023	0
992000	330	0	6649	0	0	0	18031	0
993000	230	0	6765	0	0	0	19164	0
994000	136	0	6908	0	0	0	19429	0
995000	229	0	6844	0	0	0	18696	0
996000	238	0	6636	0	0	0	19769	0
997000	177	0	6823	0	0	0	19579	0
998000	168	0	6865	0	0	0	20547	0
999000	246	0	6761	0	0	0	19038	0
