0	0	0	0	14400	0	0	0	0
1000	5	236	367	13284	61	61	38242	488
2000	10	269	635	12908	26	62	37768	338
3000	13	257	585	12947	1	92	37551	313
4000	18	284	551	12993	15	71	37609	168
5000	18	251	492	13033	18	113	37404	333
6000	11	250	551	12997	21	141	38018	526
7000	16	272	489	12983	13	193	38371	570
8000	14	260	582	12827	41	179	36598	554
9000	10	226	617	12699	51	340	37236	1179
10000	6	258	496	12757	23	401	36875	1349
11000	6	278	491	12863	12	316	36689	1155
12000	14	230	443	13046	33	236	37528	970
13000	6	272	460	12995	20	247	37006	778
14000	11	237	439	12978	9	319	37388	1088
15000	7	255	398	13045	11	294	37697	822
16000	14	264	488	13039	3	176	36864	742
17000	13	241	531	12893	17	244	37430	561
18000	10	302	518	12807	36	277	36979	843
19000	16	317	473	12855	28	265	37383	807
20000	14	271	540	12715	10	369	37134	1118
21000	4	262	505	12820	19	393	37492	1094
22000	11	264	602	12522	106	415	36591	1047
23000	4	278	481	12685	15	511	36788	1446
24000	9	256	460	12783	36	449	36799	1643
25000	6	262	425	12747	40	524	36653	1435
26000	7	280	469	12856	55	333	35518	964
27000	10	286	486	12938	65	196	37312	771
28000	8	244	440	13116	58	125	37578	441
29000	23	247	522	12832	52	260	36295	602
30000	1	231	382	13183	10	220	38014	786
31000	8	265	384	13103	2	242	37320	680
32000	14	276	508	12818	2	343	36295	877
33000	15	263	484	12977	15	220	38973	820
34000	13	296	560	12941	12	132	37030	580
35000	8	247	619	12887	77	85	38174	324
36000	13	267	509	12988	72	113	37653	516
37000	15	274	432	13025	50	202	37104	615
38000	10	300	407	12994	11	293	37145	1060
39000	7	261	459	13029	12	197	37335	738
40000	2	269	411	13071	53	217	37834	746
41000	10	259	485	12980	52	190	36545	786
42000	9	267	347	13232	27	162	37362	464
43000	11	300	441	13080	52	119	36530	560
44000	14	247	493	13109	21	72	38804	420
45000	6	300	455	13145	3	55	38552	158
46000	7	258	518	13102	0	72	37648	156
47000	8	232	571	12989	9	89	38662	316
48000	8	255	529	13155	15	28	38057	120
49000	9	262	476	13159	17	34	37246	157
50000	12	262	484	13215	0	1	37676	22
51000	21	280	521	12994	100	49	36238	505
52000	15	265	503	13010	108	97	35759	609
53000	12	250	525	12961	123	77	36731	479
54000	11	260	460	13016	8	216	36684	453
55000	9	265	451	12983	18	291	37155	912
56000	6	260	474	12972	8	231	37509	708
57000	12	269	528	13014	1	142	37901	279
58000	6	277	542	13010	5	88	38028	258
59000	11	278	477	13057	44	90	35821	363
60000	6	276	486	13086	52	58	39040	372
61000	14	221	516	13148	40	28	37541	191
62000	7	259	384	13313	47	4	38650	77
63000	22	271	555	13022	15	6	37262	70
64000	13	229	560	13129	22	11	38571	93
65000	10	237	407	13336	15	13	37560	55
66000	17	254	419	13219	0	62	38880	106
67000	10	276	487	13132	0	43	37008	85
68000	5	279	495	13126	10	34	38052	112
69000	5	286	376	13382	2	12	39344	17
70000	7	266	422	13262	0	43	38073	47
71000	11	245	571	13066	0	17	36458	54
72000	9	242	595	12946	90	6	38151	253
73000	13	260	497	13169	2	2	37767	8
74000	3	261	440	13286	0	31	38314	65
75000	8	240	398	13304	3	70	37887	357
76000	10	266	442	13210	0	89	38565	172
77000	8	222	366	13376	3	47	38246	164
78000	3	245	399	13388	0	9	37823	24
79000	10	239	452	13255	0	15	38653	32
80000	11	289	520	13096	0	30	38337	69
81000	11	298	482	13110	4	88	37110	322
82000	10	267	442	13245	8	62	37244	202
83000	9	300	416	13201	0	50	37856	104
84000	5	235	548	13123	0	38	38056	100
85000	18	261	474	13152	0	65	36710	146
86000	16	285	575	13029	6	15	37815	90
87000	11	253	455	13208	0	46	37476	89
88000	6	241	525	13124	0	25	36948	32
89000	13	291	438	13225	0	57	37675	96
90000	10	243	477	13164	0	83	36371	210
91000	6	240	527	13138	5	50	37161	177
92000	7	278	510	13091	0	16	37173	49
93000	7	285	399	13325	0	0	37002	1
94000	10	226	624	12777	116	150	37720	824
95000	17	287	509	12864	39	235	36734	872
96000	10	289	652	12632	16	249	37720	795
97000	5	226	435	12960	20	350	36491	1223
98000	15	242	564	12762	32	275	36195	955
99000	9	273	448	12888	40	315	36510	977
100000	9	270	685	12419	72	401	36331	1350
101000	9	252	592	12637	115	346	36357	1231
102000	15	313	612	12589	136	191	37461	916
103000	9	269	470	12933	90	245	35904	893
104000	9	239	519	13050	34	129	37240	490
105000	3	250	348	13270	13	126	37885	420
106000	6	213	448	13114	0	193	38038	327
107000	3	260	493	13120	9	118	36025	471
108000	12	240	481	13087	5	127	38518	375
109000	15	240	481	13050	7	214	37457	416
110000	9	282	417	13208	2	102	37490	296
111000	9	267	496	13122	14	66	38495	183
112000	9	261	481	13136	0	60	37386	59
113000	8	253	417	13280	2	61	36553	187
114000	14	296	368	13334	0	22	38542	34
115000	16	246	397	13349	4	7	38670	43
116000	5	249	426	13275	2	24	37525	105
117000	8	267	531	13153	0	10	39096	42
118000	5	225	529	13127	0	47	36751	72
119000	9	285	460	13205	0	43	38809	99
120000	4	253	435	13278	0	23	37613	20
121000	9	221	560	13098	0	22	38680	58
122000	13	253	421	13284	0	13	39304	77
123000	10	249	455	13141	128	1	37845	124
124000	17	246	461	13044	132	68	38499	618
125000	6	258	438	12986	69	270	38323	775
126000	12	234	494	13101	39	75	37852	355
127000	12	236	555	13046	1	88	37812	191
128000	15	260	656	12917	0	43	37982	164
129000	8	242	500	13166	0	71	38623	119
130000	10	239	520	13101	0	75	37907	307
131000	12	263	499	13112	2	113	37777	379
132000	5	252	421	13154	3	157	38623	384
133000	5	254	518	13027	12	163	36757	414
134000	25	250	553	12676	42	386	36649	1167
135000	10	246	507	12872	11	336	36723	895
136000	13	303	422	12822	10	456	37276	1362
137000	14	253	434	12668	39	586	36616	1606
138000	10	277	433	12797	4	477	37385	1706
139000	7	259	394	12796	11	567	36041	1488
140000	8	282	434	12643	44	549	36312	2028
141000	12	283	420	12663	15	612	36333	1685
142000	14	255	467	12514	52	694	35608	1949
143000	9	256	543	12344	39	759	36900	1950
144000	6	290	422	12444	66	778	37470	2542
145000	13	271	597	12223	35	742	35358	2280
146000	6	255	487	12486	95	664	36027	2218
147000	7	265	399	12715	151	506	37282	1819
148000	13	279	431	12426	116	756	35011	2327
149000	9	223	446	12514	199	629	36219	1932
150000	6	247	508	12343	146	720	36204	1963
151000	11	269	447	12429	129	723	35254	2310
152000	14	280	449	12215	101	909	34063	2548
153000	11	274	489	12283	125	801	35030	2666
154000	16	271	531	11992	84	1078	33357	3006
155000	5	251	429	12427	31	855	36152	2214
156000	12	262	458	12156	31	1020	35933	2479
157000	7	295	426	12180	100	988	34851	3031
158000	14	252	480	11919	124	1146	34169	3544
159000	16	254	545	12041	111	983	35228	2924
160000	13	276	531	11982	222	940	34943	2920
161000	12	243	452	12021	168	1042	34092	3637
162000	14	247	449	11736	221	1322	34464	4565
163000	3	262	548	11360	224	1580	32936	5579
164000	12	227	479	11644	246	1349	35369	4617
165000	20	256	560	11183	407	1491	32482	4894
166000	15	252	497	11446	337	1388	32629	4975
167000	6	263	585	11222	317	1539	33305	4764
168000	13	249	521	11689	179	1281	34113	3760
169000	9	277	452	11686	228	1333	33252	4069
170000	12	261	483	11785	157	1253	35023	3533
171000	7	281	417	11847	97	1383	32277	3554
172000	8	221	458	11897	57	1333	35429	4059
173000	5	286	369	11999	64	1338	34492	3502
174000	5	238	371	12106	57	1238	35180	3804
175000	14	272	450	12013	49	1179	34343	3709
176000	9	294	478	12070	46	1087	34676	3361
177000	14	298	414	12089	62	1140	33682	3206
178000	5	263	457	12184	77	1026	35106	2955
179000	11	274	482	12054	112	1029	36022	3247
180000	15	257	512	12204	125	856	34565	3069
181000	6	221	478	12507	59	726	37134	2461
182000	10	265	444	12391	86	783	33826	2562
183000	11	223	544	12011	144	958	36241	3153
184000	14	261	391	11844	151	1341	32741	3875
185000	6	226	372	12074	151	1165	35579	3505
186000	15	262	471	11929	81	1211	35119	3433
187000	7	259	350	12159	117	1162	33110	3665
188000	13	257	479	11901	151	1181	35858	3673
189000	22	283	365	12100	213	1049	33511	3728
190000	11	277	424	12041	128	1110	33782	3593
191000	15	220	472	12490	125	698	35934	2328
192000	8	262	572	12230	158	679	35268	2666
193000	15	247	556	12316	123	702	35750	2279
194000	14	289	585	12421	74	530	36302	1572
195000	20	258	490	12411	93	672	35813	2230
196000	8	287	481	12335	211	640	34554	1955
197000	14	250	542	12098	166	833	35067	2635
198000	8	271	444	12447	62	758	35716	1802
199000	12	241	410	12333	67	926	35838	3169
200000	4	264	330	12450	44	992	35786	2886
201000	9	267	380	12080	139	1153	33991	3334
202000	17	253	543	12175	140	836	34764	2935
203000	15	273	482	12306	128	726	36014	2502
204000	9	273	521	12380	36	747	35624	2162
205000	9	237	403	12537	51	770	36317	2114
206000	12	255	501	12269	104	815	35727	1978
207000	21	228	557	12368	86	671	36814	2256
208000	27	291	681	12244	61	524	35430	1859
209000	15	240	420	12573	71	642	36499	1987
210000	7	284	489	12383	62	740	36781	2304
211000	10	240	536	12231	102	813	35267	2605
212000	11	304	412	12038	109	1117	34183	3587
213000	15	249	495	12082	101	1023	35131	2962
214000	17	272	497	12097	200	913	35189	2622
215000	7	260	445	12454	152	697	35823	2769
216000	10	220	402	12538	71	764	35232	1913
217000	9	246	412	12633	85	628	36007	2081
218000	7	234	574	12530	88	527	36986	1803
219000	12	269	524	12431	102	590	35359	2097
220000	8	219	445	12639	94	589	36508	2071
221000	4	274	397	12701	74	563	35903	1838
222000	14	273	432	12751	122	394	37049	1565
223000	8	241	435	12806	94	402	36684	1490
224000	9	261	389	12971	48	328	37041	1087
225000	19	266	524	12864	40	258	37485	654
226000	10	278	518	12878	73	190	37371	910
227000	10	266	538	12859	68	243	35641	814
228000	11	231	506	12912	53	259	38202	681
229000	11	267	437	13128	28	143	37986	561
230000	12	289	591	12887	69	84	37177	479
231000	5	254	567	13066	3	66	37466	199
232000	8	299	522	13048	1	112	37541	302
233000	5	268	445	13190	0	64	37241	310
234000	7	287	484	13131	0	57	37259	140
235000	4	265	390	13289	0	58	37863	153
236000	15	249	478	13137	10	112	37762	318
237000	6	297	350	13219	1	133	37887	284
238000	13	268	409	13246	6	60	37658	224
239000	8	244	489	13117	34	62	38345	149
240000	14	286	520	13047	24	89	38130	229
241000	7	224	429	13238	1	90	39270	265
242000	10	258	556	13042	0	69	37139	65
243000	4	285	369	13350	1	23	38433	121
244000	12	250	471	13204	0	10	37631	11
245000	7	260	563	13077	0	17	37469	10
246000	6	272	562	13033	0	32	39112	123
247000	9	269	528	13119	0	17	37784	68
248000	10	249	441	13256	1	55	38183	107
249000	11	246	506	13208	1	11	38761	41
250000	11	221	408	13350	5	33	38151	71
251000	18	257	538	13121	0	10	38901	96
252000	9	273	393	13197	119	5	38506	150
253000	10	273	562	13006	23	55	38139	183
254000	12	225	684	12951	0	22	37465	49
255000	7	266	467	13230	0	26	39086	101
256000	7	239	416	13300	0	54	39122	163
257000	7	218	457	13280	0	8	39381	5
258000	8	283	365	13283	86	20	37881	320
259000	9	285	532	12971	25	97	37633	213
260000	9	283	496	13113	7	64	36300	145
261000	11	248	624	12959	5	55	37339	119
262000	13	231	506	13176	0	21	38160	73
263000	4	249	393	13346	2	12	38299	59
264000	7	288	390	13331	0	7	38274	44
265000	3	270	480	13180	0	0	38311	2
266000	4	249	448	13233	77	7	36710	267
267000	16	238	538	12989	48	94	38727	417
268000	10	236	519	13055	27	116	37279	256
269000	14	225	421	13168	49	111	37504	411
270000	10	284	332	13299	73	70	36786	362
271000	9	299	474	13114	54	26	36538	192
272000	14	246	441	13244	26	53	38187	139
273000	9	309	469	13068	35	91	37438	356
274000	4	285	570	12915	39	109	36172	418
275000	13	246	481	13136	35	99	37401	203
276000	8	246	466	13117	3	165	37116	484
277000	13	275	357	13216	0	155	37510	340
278000	9	252	366	13251	2	187	37882	324
279000	12	244	441	13161	14	118	37938	387
280000	10	221	575	13055	0	63	38796	141
281000	9	265	550	13057	1	30	37972	59
282000	8	232	419	13321	0	3	38688	29
283000	12	232	419	13321	1	6	38459	1
284000	7	285	380	13385	0	4	38888	41
285000	6	277	433	13172	134	1	37122	234
286000	8	269	445	13068	122	81	37611	365
287000	4	259	416	13213	34	54	37950	380
288000	11	315	471	13095	19	47	38097	194
289000	8	227	554	13103	0	81	38898	187
290000	8	270	542	12928	2	177	38175	459
291000	15	279	529	12932	1	244	37248	692
292000	7	295	537	12871	30	191	36086	669
293000	8	240	425	13095	28	171	38065	651
294000	8	273	482	12946	11	255	36558	741
295000	17	276	415	13047	15	220	37946	642
296000	5	304	320	13205	20	216	38529	628
297000	4	275	438	13090	50	148	37177	517
298000	10	274	525	13054	5	66	37660	228
299000	12	267	510	13155	3	20	38911	39
300000	6	283	455	13217	0	22	37909	70
301000	6	269	496	13185	0	13	37570	57
302000	12	257	439	13174	138	0	39308	0
303000	16	242	468	13080	112	65	38731	549
304000	11	283	585	12985	22	98	37328	294
305000	7	257	622	12850	37	124	37772	407
306000	13	253	443	13179	2	83	37316	290
307000	7	285	470	13045	1	129	38836	373
308000	7	271	573	12960	13	106	37576	331
309000	10	266	517	12932	1	179	36930	414
310000	10	237	505	13055	25	145	38718	430
311000	18	301	465	13068	8	140	38707	391
312000	10	275	555	12950	3	145	37266	492
313000	10	271	420	13212	21	77	38421	322
314000	14	243	683	12914	0	59	37519	137
315000	14	210	726	12766	1	127	39293	301
316000	4	268	612	12881	13	138	37974	357
317000	13	251	497	12968	3	232	37794	643
318000	12	245	436	13039	10	263	37187	695
319000	6	235	493	12940	1	287	37249	959
320000	6	220	483	12953	4	330	37282	1058
321000	6	249	392	13127	0	274	37328	869
322000	11	249	465	13005	37	232	36948	779
323000	5	258	463	13118	18	146	37428	636
324000	14	272	559	12949	9	149	36415	373
325000	5	286	593	12788	101	130	38471	440
326000	9	280	578	12875	54	69	38475	471
327000	13	242	532	12892	11	248	36780	718
328000	8	266	511	12861	10	317	36674	884
329000	8	222	521	13001	14	198	37387	460
330000	7	290	535	12950	22	134	36878	357
331000	13	263	437	13205	18	41	37689	152
332000	15	241	487	13174	14	41	36720	55
333000	9	293	449	13245	0	2	37352	11
334000	12	248	485	13034	103	63	37914	384
335000	6	270	478	13058	70	90	37326	464
336000	9	291	570	12777	78	178	37310	596
337000	5	255	488	12976	61	177	36224	824
338000	10	268	527	12864	39	229	36375	780
339000	10	252	581	12620	8	432	36879	1019
340000	8	267	403	12978	21	336	37544	1045
341000	6	253	351	13071	18	366	37956	1172
342000	16	279	463	12812	26	384	37321	1212
343000	9	261	490	12813	16	374	35543	1179
344000	3	288	377	12974	5	358	36554	1124
345000	9	283	373	13032	21	309	37443	836
346000	10	253	483	12914	20	269	36708	852
347000	9	230	511	12970	6	281	38120	855
348000	7	295	497	12919	10	247	37348	779
349000	6	277	477	13072	8	132	37415	459
350000	12	237	412	13080	49	201	38370	646
351000	6	280	417	13059	33	231	37085	621
352000	6	273	368	13080	47	263	37235	686
353000	9	257	365	13125	47	203	37668	701
354000	4	278	509	12821	30	273	38187	1126
355000	12	270	449	13006	8	242	37099	881
356000	7	272	547	12942	17	172	38090	750
357000	4	242	365	13234	8	180	37983	568
358000	8	267	422	13171	0	142	37071	254
359000	6	251	398	13106	10	231	35812	665
360000	10	232	487	13076	17	124	37642	555
361000	7	278	425	13063	23	235	37046	771
362000	13	217	483	13033	36	199	37518	493
363000	9	265	433	12976	12	306	35978	860
364000	10	263	393	13000	12	351	36351	879
365000	8	271	500	13013	22	189	36607	629
366000	7	240	386	13194	3	183	38504	639
367000	5	244	352	13302	4	143	39451	389
368000	11	261	521	12952	3	228	36667	510
369000	10	269	457	12909	3	310	38375	860
370000	10	263	433	12959	16	303	37481	1008
371000	12	289	440	12874	112	261	37424	1029
372000	15	262	381	12833	94	469	35503	1688
373000	6	280	434	12801	51	421	36892	1243
374000	6	277	457	12670	15	583	35940	1447
375000	9	239	449	12684	10	568	37584	1599
376000	14	236	537	12558	25	566	36361	1717
377000	13	270	429	12720	33	556	36622	1593
378000	13	314	504	12536	96	486	35928	1426
379000	12	291	385	12837	72	424	35487	1568
380000	15	236	450	12855	92	346	36721	1521
381000	15	303	519	12665	29	420	36399	1253
382000	15	245	596	12794	25	222	36866	994
383000	0	280	344	13269	58	93	36616	498
384000	0	292	449	13145	4	122	37848	355
385000	10	275	461	13198	0	52	36413	148
386000	4	264	521	13178	0	8	39511	37
387000	16	225	510	13214	0	0	39403	13
388000	13	233	439	13095	123	52	37767	398
389000	11	272	441	13129	61	103	37729	367
390000	10	221	416	13157	39	142	38110	657
391000	4	261	497	13042	8	169	37062	484
392000	8	296	529	12869	9	215	38503	679
393000	16	267	457	13084	15	129	38000	288
394000	17	297	475	13017	12	143	36248	229
395000	12	269	574	13001	0	99	36565	354
396000	10	253	457	13099	17	156	37683	547
397000	9	251	404	13246	1	100	39057	432
398000	7	276	529	12972	3	132	37774	448
399000	13	227	486	13180	16	66	36107	326
400000	8	253	536	13115	10	31	38147	142
401000	7	229	482	13238	20	20	37913	41
402000	7	274	526	13108	0	17	39066	70
403000	21	263	452	13233	0	26	38505	54
404000	6	282	346	13212	185	19	36795	439
405000	4	282	527	13004	39	90	37390	434
406000	4	264	450	13250	1	46	38257	171
407000	21	280	529	13045	1	88	38237	235
408000	17	273	563	13046	5	51	37580	160
409000	16	260	377	13346	2	27	37978	52
410000	9	246	527	13031	125	0	37702	206
411000	15	251	541	12958	127	76	37624	558
412000	11	244	569	12944	82	121	36484	652
413000	14	253	470	13121	59	49	37680	405
414000	5	250	507	13111	49	33	37192	157
415000	14	247	531	13070	44	37	38365	135
416000	11	262	438	13142	54	54	37210	213
417000	15	265	516	13033	63	49	38464	339
418000	27	253	591	12955	15	42	37386	124
419000	9	255	358	13269	24	95	37726	259
420000	7	267	523	13071	24	65	38101	209
421000	8	250	593	12999	22	53	38494	341
422000	12	277	460	13077	43	78	36665	413
423000	11	228	578	12970	75	95	38272	285
424000	9	298	426	13106	48	111	36449	524
425000	8	258	437	13076	39	155	38288	394
426000	10	269	436	13102	11	171	37985	384
427000	11	277	411	13113	1	213	38055	550
428000	1	265	417	13145	8	170	36949	652
429000	9	270	387	13190	20	162	37789	555
430000	4	304	367	13179	10	189	37217	535
431000	11	273	402	13003	5	277	38051	698
432000	16	217	526	12898	1	266	37603	671
433000	12	259	520	12720	4	423	36939	1129
434000	8	265	407	12656	27	637	35607	2187
435000	10	236	520	12526	43	595	36945	1810
436000	16	257	579	12365	81	587	36401	1814
437000	11	251	474	12666	52	521	35215	1828
438000	6	278	531	12713	22	393	38335	1281
439000	21	239	534	12721	34	372	38095	814
440000	12	299	422	12929	44	311	38338	855
441000	7	250	438	13167	30	140	36690	575
442000	3	258	451	13134	44	124	39337	654
443000	9	211	533	13198	25	35	38703	229
444000	18	202	567	13084	23	39	38105	162
445000	6	273	594	12989	0	32	38598	35
446000	12	255	480	13244	0	6	36813	2
447000	10	250	552	13137	0	9	38898	34
448000	8	269	489	13143	3	39	38794	155
449000	6	257	477	13216	0	2	38671	22
450000	18	258	381	13149	202	19	37153	558
451000	14	264	496	13081	64	38	37512	203
452000	6	285	410	13133	83	74	37143	361
453000	13	249	467	13110	46	69	37007	358
454000	10	261	448	13242	20	15	37553	142
455000	7	281	370	13314	6	39	37233	115
456000	8	289	465	13140	1	58	38431	211
457000	17	268	518	13128	0	43	38251	82
458000	20	241	599	12993	0	77	38558	120
459000	7	300	396	13230	0	116	37295	327
460000	12	271	566	12894	15	145	36142	369
461000	15	263	500	12971	18	185	36866	696
462000	9	270	463	13084	9	174	37198	303
463000	18	260	477	13114	0	120	37985	307
464000	20	259	677	12812	0	75	39689	170
465000	9	241	531	13040	13	125	37288	254
466000	6	270	459	13181	0	73	38413	119
467000	7	266	402	13241	0	62	39545	248
468000	10	283	437	13286	3	30	37626	84
469000	12	267	465	13206	0	43	37789	222
470000	13	254	475	13121	0	69	38603	250
471000	6	256	488	13149	11	44	37110	133
472000	5	279	566	13083	0	13	36787	80
473000	12	255	558	13060	0	15	38782	34
474000	6	261	580	13111	10	4	38500	38
475000	13	247	451	13181	93	5	39063	357
476000	9	240	371	13358	0	26	37955	71
477000	7	252	414	13310	0	17	38692	31
478000	13	251	372	13417	7	7	39851	14
479000	5	276	433	13195	81	19	37780	309
480000	10	238	549	12992	57	71	37370	323
481000	10	254	532	13107	39	40	38185	264
482000	9	303	525	13035	33	49	38441	289
483000	14	262	488	13135	60	42	37916	370
484000	2	256	377	13403	1	10	37303	94
485000	9	274	566	12961	5	118	37242	237
486000	9	250	513	13118	5	52	37305	167
487000	9	255	361	13381	0	28	38328	23
488000	17	271	482	13219	5	12	36448	50
489000	11	268	445	13258	0	6	37077	29
490000	10	248	466	13120	130	0	39149	78
491000	9	221	602	13053	47	7	38938	271
492000	9	239	503	13128	43	24	37212	217
493000	9	282	394	13159	28	144	37750	496
494000	18	281	627	12851	53	92	37142	384
495000	17	253	468	13075	80	103	36538	406
496000	12	233	522	13086	6	106	38265	232
497000	10	254	444	13100	16	150	36412	476
498000	13	227	607	12928	4	113	38667	355
499000	7	273	497	12945	34	230	37975	618
500000	8	270	611	12725	25	297	37659	739
501000	16	239	435	12684	97	521	36499	1688
502000	18	267	599	12397	86	534	37585	1985
503000	17	260	606	12192	154	676	34554	2104
504000	9	253	495	12398	53	786	35010	2299
505000	10	254	620	12018	141	822	36384	2672
506000	10	244	579	12012	178	941	35357	3187
507000	12	278	602	11969	140	889	35871	3023
508000	16	230	512	12169	82	925	34338	3029
509000	2	287	636	12131	31	850	36465	3045
510000	6	280	482	12550	69	587	34940	1938
511000	22	249	613	12351	89	567	35492	1878
512000	5	224	416	12807	94	480	37816	1710
513000	10	234	470	12768	60	464	37112	1198
514000	12	234	586	12504	49	506	37078	1459
515000	11	230	533	12674	39	492	37105	1411
516000	23	237	642	12285	84	596	36859	2040
517000	15	261	532	12671	87	420	36949	1506
518000	10	262	513	12703	51	400	35714	1504
519000	10	280	425	12798	52	406	37753	1095
520000	10	272	486	12719	21	462	36488	1122
521000	14	263	445	12798	46	428	36146	1452
522000	14	252	389	12724	101	528	35877	1891
523000	3	278	438	12786	59	476	36102	1377
524000	4	296	352	12924	128	323	36406	1187
525000	7	277	519	12808	63	282	37143	1227
526000	13	281	480	12880	45	254	37598	886
527000	7	264	389	13091	10	270	37013	563
528000	7	249	457	13081	12	187	37426	746
529000	9	229	482	12925	30	316	36145	771
530000	10	279	475	12913	13	299	35675	705
531000	4	251	382	13069	40	255	37120	597
532000	9	278	569	12715	94	222	37484	961
533000	6	283	461	12738	57	432	37851	1244
534000	16	273	463	12767	43	425	35929	1199
535000	10	258	558	12754	69	262	36008	749
536000	13	265	556	12728	74	317	36965	881
537000	9	240	488	12573	108	557	37269	2102
538000	17	246	526	12589	152	404	36704	1683
539000	3	251	431	12763	108	453	37711	1309
540000	13	269	542	12740	57	343	37249	1050
541000	6	279	542	12702	28	377	37557	1305
542000	4	260	387	12980	37	366	36310	993
543000	10	260	396	12916	71	362	37906	1106
544000	5	262	450	12850	70	380	36833	1061
545000	20	249	448	12873	100	275	36904	1203
546000	8	301	450	12880	33	307	36856	931
547000	9	253	469	12858	28	361	36837	920
548000	4	246	387	13147	11	237	37956	920
549000	9	254	405	13063	12	252	37885	737
550000	6	248	512	12908	9	292	38744	757
551000	9	277	546	12898	23	210	37130	623
552000	13	255	616	12872	7	139	37811	441
553000	17	235	608	12814	17	220	38354	419
554000	14	244	519	12925	3	278	36905	855
555000	6	266	486	12936	8	259	37284	697
556000	7	252	388	13129	2	235	37705	666
557000	9	271	427	12987	7	332	37940	1091
558000	6	274	382	13091	15	264	36355	689
559000	9	251	571	12727	128	243	36765	1025
560000	12	262	437	12870	86	317	35959	907
561000	6	242	345	12965	142	332	38041	1267
562000	12	277	382	12852	150	360	36592	1283
563000	6	239	481	12893	67	307	37092	1215
564000	8	280	398	13066	42	232	37677	913
565000	14	237	523	12818	77	281	36800	1077
566000	12	271	615	12710	53	216	36211	900
567000	11	261	503	12737	39	410	36326	1108
568000	7	271	433	12764	39	490	36320	1549
569000	8	262	455	12679	79	487	37246	1595
570000	15	230	428	12788	49	504	36294	1274
571000	3	290	467	12463	41	710	35429	1889
572000	12	251	439	12645	10	659	35587	1913
573000	7	258	264	12945	33	581	36666	2151
574000	9	251	564	12556	25	530	37389	1776
575000	22	235	475	12492	66	669	35850	2068
576000	13	217	503	12536	68	629	35389	1722
577000	10	263	450	12636	39	583	36292	1769
578000	12	216	487	12672	91	493	35928	1752
579000	15	284	425	12383	213	679	35537	2665
580000	9	265	456	12197	132	940	34260	3265
581000	4	287	557	12032	87	997	35673	2796
582000	16	272	548	12180	74	864	33825	2323
583000	14	297	553	12052	199	814	33416	2440
584000	13	221	431	12430	175	720	35856	2524
585000	16	266	598	12055	141	841	34869	2926
586000	8	316	555	12279	87	697	36935	2306
587000	12	259	528	12347	74	716	35921	2166
588000	22	322	535	12186	63	832	34455	2295
589000	10	228	643	12541	77	377	35589	1200
590000	15	277	587	12800	21	207	38871	718
591000	11	282	572	12761	46	225	37533	764
592000	11	241	332	13132	17	326	36385	1040
593000	14	227	577	12900	3	220	38881	739
594000	8	264	593	12571	50	438	36676	1410
595000	13	247	517	12807	96	290	38181	1206
596000	10	269	430	12853	98	346	36458	1232
597000	14	292	411	12667	116	479	35852	1692
598000	7	274	457	12712	54	531	37781	1515
599000	12	273	485	12662	84	434	38187	1462
600000	8	249	371	12756	93	535	36987	1879
601000	8	261	600	12390	130	499	35409	1601
602000	14	270	573	12314	195	541	35835	1790
603000	15	238	544	12217	216	723	35826	2494
604000	15	280	435	12520	130	622	36381	2301
605000	15	256	469	12679	116	426	36402	1741
606000	16	247	428	12564	161	574	35845	1944
607000	18	255	536	12506	144	498	35122	1636
608000	12	291	564	12454	114	516	35807	1734
609000	11	286	531	12464	72	584	35459	2321
610000	10	245	466	12704	48	479	37002	1481
611000	14	255	445	12799	17	433	36723	1352
612000	11	266	451	12866	19	346	36975	790
613000	2	278	431	13051	10	237	36907	763
614000	7	245	354	13090	18	313	36609	912
615000	6	279	421	12857	44	395	37908	1169
616000	5	255	413	12937	16	339	38143	1170
617000	16	215	498	12806	17	394	35840	1168
618000	17	259	524	12711	16	420	37013	1560
619000	9	275	542	12837	2	313	36886	966
620000	7	274	538	12890	23	213	36543	708
621000	11	270	478	12853	56	245	37596	686
622000	9	269	495	12830	11	325	36356	622
623000	9	266	498	13003	11	237	35952	681
624000	7	270	449	13126	14	107	39276	446
625000	5	256	522	12892	43	225	38298	704
626000	11	281	538	12861	33	234	36524	685
627000	10	259	474	12919	43	274	37344	1178
628000	7	268	538	12885	46	200	38042	530
629000	18	290	564	12694	121	238	35643	923
630000	15	274	514	12923	68	193	36323	671
631000	11	255	479	12963	27	242	36655	534
632000	11	233	489	12868	63	346	36410	1540
633000	7	294	440	13039	51	201	37092	651
634000	19	247	595	12720	43	251	37326	777
635000	15	232	589	12813	45	173	36851	787
636000	11	225	468	13051	39	172	37838	549
637000	4	264	422	13194	10	101	37636	256
638000	9	251	380	13250	7	136	37657	451
639000	20	268	484	13050	32	170	38664	584
640000	6	292	389	13163	24	176	38203	473
641000	6	279	324	13363	12	67	38654	215
642000	10	265	456	13157	5	94	37371	301
643000	9	211	516	13171	15	37	39022	213
644000	7	212	565	13123	4	27	38157	120
645000	16	263	502	13146	0	13	38805	9
646000	9	264	547	13067	5	57	38199	232
647000	6	242	549	13040	0	119	37652	187
648000	14	262	479	13053	7	147	37876	312
649000	13	284	392	13086	40	173	37306	682
650000	12	234	485	13100	3	115	37719	345
651000	8	253	532	13155	0	7	38034	79
652000	6	250	596	13037	0	19	37762	86
653000	18	263	408	13259	0	31	37844	145
654000	9	266	440	13259	0	43	36958	58
655000	5	287	383	13339	0	7	37711	13
656000	13	259	661	12814	106	7	36929	254
657000	6	266	466	13113	100	22	37875	235
658000	15	279	541	13058	67	7	38085	220
659000	6	290	441	13225	10	13	37832	156
660000	12	248	569	13003	59	35	37667	215
661000	11	261	410	13147	85	86	36848	398
662000	19	269	569	12940	15	82	37987	195
663000	7	308	493	12982	33	129	37132	483
664000	14	259	446	13109	16	142	38000	471
665000	15	276	551	12983	1	104	37383	292
666000	6	271	459	13058	3	196	37254	472
667000	5	233	440	13107	6	192	38150	521
668000	11	229	493	13096	24	122	36482	466
669000	15	243	471	12928	86	250	39290	869
670000	9	259	398	12982	65	303	38122	1137
671000	9	253	549	12760	40	322	36585	1090
672000	9	276	549	12720	9	371	35683	1187
673000	12	258	420	12690	26	608	37457	1634
674000	15	262	414	12721	35	565	37240	1854
675000	9	248	459	12364	59	798	35319	2027
676000	12	251	546	12244	56	850	36615	2322
677000	12	234	496	12101	67	1048	34588	3328
678000	13	222	541	12080	96	994	35585	3098
679000	18	231	640	11320	172	1498	32651	4728
680000	8	249	464	11583	222	1455	33653	4822
681000	9	248	430	11727	144	1412	34992	4072
682000	13	259	326	11601	267	1573	33873	4899
683000	14	252	487	11657	101	1464	33676	5132
684000	6	233	471	11479	156	1620	34002	5083
685000	12	237	372	11533	224	1651	33209	4604
686000	24	254	578	11195	145	1725	31968	5623
687000	9	264	520	11415	232	1491	33909	5243
688000	10	239	507	11486	305	1427	32930	4672
689000	19	260	537	11243	398	1464	31600	5508
690000	27	202	528	10870	521	1830	31911	6650
691000	28	279	478	10841	514	1805	30185	6660
692000	12	247	480	10697	486	2078	31247	6985
693000	18	244	484	10219	607	2393	30608	8279
694000	20	210	474	10576	405	2308	28801	8322
695000	17	234	426	10195	662	2463	29471	7901
696000	30	276	505	9987	753	2383	28603	8914
697000	19	237	404	10339	619	2409	30927	9135
698000	9	271	554	10560	410	2127	31318	7217
699000	25	253	443	10702	630	1945	31962	7093
700000	9	256	562	10760	388	1942	31310	6506
701000	20	184	435	10772	539	2043	30882	7543
702000	19	292	592	10490	299	2146	30209	7085
703000	18	266	521	10763	406	1965	30106	6463
704000	19	279	492	10469	480	2172	29935	7632
705000	17	242	472	10098	483	2698	29045	8994
706000	12	257	481	10010	465	2744	28637	8773
707000	18	221	528	9679	366	3145	27075	9363
708000	7	261	333	9950	447	3052	28951	9886
709000	17	256	329	9798	364	3219	28553	9243
710000	20	238	481	9930	500	2822	28250	8760
711000	13	262	527	9630	510	3008	28088	10656
712000	21	249	407	9199	482	3650	26826	11839
713000	12	283	312	9322	668	3489	25530	11028
714000	24	267	285	9366	600	3516	26682	10915
715000	9	215	347	9597	570	3337	26796	11011
716000	13	207	501	9491	543	3206	28607	10495
717000	8	222	436	9936	315	3050	28085	9622
718000	24	223	328	9649	462	3347	27651	10455
719000	15	248	517	9779	395	3034	27174	9768
720000	20	254	541	9478	484	3148	27483	9856
721000	17	257	470	9459	460	3334	26441	10523
722000	14	254	487	9454	502	3229	27481	9901
723000	11	219	370	9817	490	3140	28525	9685
724000	21	279	552	9775	413	2895	26455	9511
725000	22	249	547	9662	572	2880	28784	9332
726000	15	227	534	10089	549	2525	30888	8413
727000	17	253	414	10219	488	2594	29141	8708
728000	23	252	554	10230	491	2360	30173	7874
729000	16	248	642	10147	666	2161	29291	8455
730000	27	227	488	10162	668	2387	28763	8362
731000	23	262	414	10423	444	2437	29650	8051
732000	9	261	407	10601	450	2261	31192	7186
733000	8	261	457	10879	443	1966	31271	6730
734000	16	252	564	10338	451	2328	31091	7098
735000	15	266	370	10541	351	2457	30274	7364
736000	17	256	498	10528	364	2276	30052	7906
737000	18	242	411	10571	673	2108	29843	7838
738000	19	266	408	10775	564	1962	30769	7360
739000	15	264	508	10948	433	1811	32263	6523
740000	11	273	476	11288	417	1491	32696	5846
741000	11	247	406	11240	317	1777	31949	5799
742000	10	266	442	10710	438	2129	30534	7390
743000	10	250	406	10599	355	2355	29713	7510
744000	7	239	425	11128	341	1874	32295	5943
745000	15	235	503	11185	351	1728	33001	6209
746000	17	228	404	10945	459	1977	31327	7140
747000	16	250	595	10800	338	1886	32167	5806
748000	12	220	550	11133	264	1756	33449	5767
749000	10	242	520	11309	80	1826	33494	5535
750000	5	216	468	11620	129	1537	35328	4613
751000	8	259	451	11772	60	1485	33444	4448
752000	18	251	594	11321	75	1677	33270	5222
753000	19	285	449	10984	191	2067	31214	6322
754000	15	243	519	11075	215	1908	31477	6410
755000	12	231	534	11265	208	1710	32146	5954
756000	16	236	563	11134	345	1674	31740	5068
757000	25	299	588	10813	426	1813	31512	6141
758000	14	230	464	11106	366	1822	32001	6384
759000	21	227	501	10905	408	1882	32075	6646
760000	24	241	448	11103	295	1858	31156	5604
761000	21	231	475	11172	164	1918	32199	4910
762000	17	269	479	10962	296	1935	31712	5859
763000	21	267	403	10806	324	2197	31438	7046
764000	13	219	390	10538	408	2464	32394	8147
765000	27	233	514	10478	328	2364	30443	7129
766000	14	231	467	10630	352	2285	31467	6901
767000	10	225	524	10231	512	2451	30042	8211
768000	20	253	565	10366	387	2355	30817	8259
769000	18	237	388	10758	399	2218	31415	7457
770000	27	260	325	10668	421	2343	31924	7140
771000	11	266	436	10379	486	2413	30285	8567
772000	16	249	428	10297	419	2599	29624	8128
773000	30	268	609	9951	293	2772	28919	8618
774000	13	228	605	9899	550	2611	28589	8766
775000	23	215	519	10036	545	2624	30033	8099
776000	20	258	637	9782	601	2582	28689	9098
777000	41	229	573	9017	841	3184	26702	10091
778000	18	248	450	9543	675	3068	29174	10163
779000	19	221	497	9331	689	3185	28673	10278
780000	42	269	542	9102	610	3327	26236	11170
781000	25	208	454	9182	653	3468	25147	11595
782000	30	215	532	8811	765	3513	27096	11928
783000	21	232	543	8958	837	3349	25521	12556
784000	20	264	493	9104	550	3516	26712	11008
785000	29	246	491	9178	656	3361	27846	10540
786000	36	259	500	8872	860	3444	26782	11889
787000	31	245	421	9115	851	3337	25903	12315
788000	22	253	556	8879	661	3571	26321	11893
789000	19	245	552	8753	721	3634	27020	11973
790000	22	253	393	9166	638	3564	27136	11493
791000	16	252	438	9075	551	3635	27069	11530
792000	23	220	566	8955	813	3387	26361	11920
793000	11	252	422	9427	644	3267	27480	11012
794000	29	248	511	9313	655	3161	28237	11225
795000	15	247	420	9421	552	3349	27416	10831
796000	17	236	350	9562	552	3330	27324	10695
797000	17	240	378	9488	613	3303	27500	10273
798000	21	270	385	9284	610	3457	26008	11184
799000	9	224	401	9654	539	3215	27673	11243
800000	16	223	645	9206	517	3290	27331	10265
801000	26	248	412	9096	546	3689	26106	10840
802000	8	282	552	9026	402	3652	27809	12194
803000	10	250	492	9205	432	3557	26319	10534
804000	16	267	439	8939	483	3820	26853	11854
805000	17	238	397	9122	504	3737	26587	12845
806000	21	290	412	9014	616	3642	25343	11503
807000	20	224	563	9198	567	3341	26335	11367
808000	30	263	445	8615	671	3959	24441	13340
809000	19	227	543	8429	662	4055	25359	13964
810000	30	262	477	8305	1118	3770	23549	12825
811000	24	251	566	8350	888	3887	24489	13062
812000	24	228	412	8670	964	3705	25672	13115
813000	18	242	656	8236	774	3950	25528	12566
814000	32	285	503	8389	763	3988	25310	11799
815000	22	287	525	8303	700	4114	23373	13407
816000	29	207	414	8064	1001	4297	23644	15548
817000	26	213	406	8029	939	4367	23204	14470
818000	27	254	322	7874	939	4635	23226	14898
819000	41	237	469	7392	982	4826	21973	16650
820000	40	228	456	7585	1047	4619	22581	15804
821000	23	222	465	7390	1076	4825	21519	16083
822000	52	237	598	7290	1204	4474	22128	16284
823000	46	230	558	6671	1402	4987	20565	17847
824000	29	271	632	6871	1283	4770	19903	16520
825000	29	231	411	6620	1410	5298	19387	18432
826000	30	235	519	6444	1475	5232	19496	18148
827000	35	217	397	6154	1498	5715	18368	19220
828000	54	200	546	5999	1447	5693	19009	18501
829000	29	240	405	5941	1372	6004	17433	19691
830000	46	236	394	5917	1290	6120	17667	20598
831000	39	205	311	5539	1792	6176	15580	22165
832000	42	224	352	5396	1895	6150	16007	22717
833000	44	238	487	5039	1937	6224	15857	21901
834000	54	210	458	4946	1877	6415	16345	22726
835000	49	265	399	4835	1798	6656	14194	24093
836000	70	225	487	4398	2388	6377	13981	24477
837000	52	199	515	4719	2262	6184	14546	23547
838000	58	216	434	4606	2160	6483	13723	24312
839000	42	193	528	4829	1936	6415	14183	24093
840000	39	210	468	4991	1912	6349	14754	23142
841000	46	232	358	4907	2050	6405	15187	23727
842000	52	209	432	5094	1946	6243	15016	23488
843000	28	236	438	4838	2081	6413	14405	24202
844000	60	209	378	4267	2587	6516	12832	25102
845000	66	199	422	4272	2769	6230	11878	25499
846000	70	223	399	4534	2765	5984	13061	24314
847000	58	183	469	3988	3135	6132	12823	25947
848000	76	223	460	3851	2838	6441	11907	25835
849000	77	178	477	4343	3134	5733	13459	24446
850000	77	200	661	3782	3110	6039	12939	25460
851000	75	157	502	3708	3023	6472	12257	27467
852000	58	195	493	3819	2809	6542	12382	25567
853000	60	202	439	3944	2992	6323	12587	26261
854000	68	195	573	3553	3175	6325	11483	27415
855000	52	195	471	3960	2989	6260	12516	26075
856000	57	199	421	4591	2658	6015	13917	24269
857000	32	217	463	4825	2683	5761	14158	22967
858000	66	222	492	4779	2508	5868	15036	22880
859000	40	197	545	5126	2212	5811	15800	22570
860000	51	242	409	5178	2278	5816	15962	21430
861000	45	200	502	5307	2121	5816	15603	23505
862000	62	263	440	5249	2120	5847	15478	21642
863000	47	199	425	5637	2330	5365	18449	22870
864000	51	211	462	5311	2196	5736	16634	21934
865000	28	222	579	5387	2256	5413	15816	21856
866000	54	205	484	5668	1982	5591	15900	21581
867000	50	199	629	4843	2322	5815	15299	21851
868000	58	159	603	4565	2939	5529	14977	24641
869000	52	214	533	4361	2635	6167	13862	24369
870000	54	210	445	4315	2888	6044	13511	25189
871000	67	224	497	4404	2953	5765	14371	24909
872000	57	195	562	4804	2392	5934	14154	23070
873000	32	198	506	5127	2162	5943	15311	22292
874000	49	195	444	5710	2026	5557	16555	21797
875000	53	231	460	5904	1771	5510	17524	20919
876000	59	220	419	5623	1921	5768	17007	20986
877000	68	227	472	5093	1931	6171	15249	22069
878000	39	217	439	5971	2017	5325	17552	20878
879000	38	262	485	6024	1848	5304	17112	20315
880000	49	258	560	6009	1948	5086	18828	19598
881000	51	233	438	6153	1655	5404	19311	19450
882000	32	218	456	6025	1646	5589	17560	18939
883000	39	192	462	6188	1633	5461	18447	20224
884000	22	221	521	6153	1407	5626	18857	19573
885000	24	247	334	6810	1267	5360	19688	19257
886000	32	208	497	6548	1069	5575	19571	18685
887000	34	235	489	6689	1337	5164	20809	17687
888000	44	240	426	6434	1308	5530	18444	19166
889000	24	259	353	6523	1076	5810	19331	18462
890000	27	223	363	6834	1069	5516	20227	17826
891000	32	272	445	6808	1078	5365	20104	17365
892000	31	219	552	7127	1032	4980	20360	17003
893000	27	252	541	7508	877	4749	22587	15381
894000	29	244	630	7648	598	4735	22860	15008
895000	14	255	467	7832	651	4758	22513	14680
896000	26	311	450	7834	731	4625	23209	15194
897000	32	241	397	7936	941	4456	21602	15575
898000	34	238	416	7854	993	4506	23012	14896
899000	23	221	643	7559	936	4473	22941	14001
900000	31	264	424	7844	1024	4435	23254	15095
901000	35	241	537	7139	1114	4860	21563	16021
902000	50	236	481	6634	1297	5284	19598	17740
903000	36	261	500	6991	1207	4925	20625	16948
904000	41	235	519	6863	1164	5087	20870	17496
905000	30	226	537	7125	1066	4956	21741	15830
906000	29	224	420	7536	1140	4637	23098	15025
907000	42	256	307	7139	1221	5112	21101	18316
908000	25	236	410	7082	1009	5237	20898	17970
909000	31	262	375	7223	1161	4959	20765	17637
910000	27	252	420	6992	995	5324	21472	17394
911000	28	268	397	6634	1013	5682	19060	17720
912000	22	245	470	6725	932	5595	19856	17597
913000	34	254	417	6746	1119	5420	20109	18451
914000	36	232	382	6997	1003	5388	20252	18095
915000	31	243	330	6989	1001	5400	19702	17734
916000	39	219	587	6875	1253	4921	20730	17002
917000	40	270	460	6794	1244	5124	19762	17964
918000	34	243	443	6183	1447	5607	18557	19560
919000	39	218	320	6241	1377	5840	18765	20870
920000	33	234	424	6506	1495	5331	20046	18161
921000	37	239	473	6317	1170	5737	18486	19620
922000	20	219	361	6453	1262	5750	18364	19362
923000	39	234	444	6438	1336	5517	19306	19413
924000	34	253	340	6211	1315	5904	18445	19561
925000	46	226	392	6230	1308	5803	17994	20381
926000	37	244	472	6825	1299	5090	19543	16998
927000	32	224	422	6749	1188	5357	20771	17987
928000	23	251	308	6636	1274	5561	19664	18496
929000	33	207	383	6744	1456	5203	19978	18782
930000	33	243	447	6150	1526	5562	18290	19140
931000	47	221	464	5787	1484	5920	16481	20859
932000	47	210	439	6022	1804	5487	17684	20694
933000	28	229	451	6504	1565	5174	18876	18929
934000	50	220	473	6113	1652	5498	18310	18830
935000	45	216	379	5993	1550	5812	18097	20978
936000	33	210	422	5577	1420	6334	17080	21259
937000	43	235	514	5962	1562	5632	17677	19256
938000	38	220	606	6431	1340	5282	19209	19179
939000	38	240	417	6335	1452	5515	18008	19629
940000	33	246	423	6375	1476	5421	18327	20341
941000	44	239	496	5920	1527	5684	18068	20058
942000	46	245	538	5168	1671	6257	16947	22093
943000	37	183	473	5224	1641	6395	16781	22569
944000	32	212	432	5730	1551	6013	16692	21364
945000	36	239	426	5940	1440	5872	17634	20721
946000	36	214	531	5510	1747	5930	16223	21595
947000	42	227	452	5565	1733	5961	16585	21407
948000	40	228	528	5746	1955	5478	18489	20806
949000	43	223	572	5835	1849	5439	17223	19645
950000	50	226	448	6159	1684	5433	18311	19765
951000	51	210	620	5269	1971	5761	15913	21959
952000	55	235	544	5508	1707	5842	16879	21464
953000	35	254	490	5822	1539	5827	17666	20256
954000	38	206	432	6271	1828	5201	18306	19782
955000	39	257	428	6313	1666	5262	19097	18753
956000	49	229	427	5760	1532	5979	17370	20594
957000	33	241	372	5472	1541	6334	16899	21587
958000	36	266	477	5645	1600	5954	16188	21783
959000	39	249	471	5424	1768	5985	16192	22793
960000	54	248	351	5339	2219	5812	16963	21843
961000	53	178	464	5783	1957	5473	18002	20701
962000	39	186	392	5971	1903	5529	17094	20289
963000	35	233	444	5245	2065	5995	17117	21873
964000	59	225	588	5559	1987	5440	16617	20554
965000	62	182	540	5395	2334	5409	15330	21161
966000	73	212	456	5210	2202	5826	15514	22020
967000	57	209	562	4967	2435	5634	15102	23062
968000	45	212	519	4558	2890	5731	14929	23277
969000	46	237	656	4158	2614	6147	13055	25047
970000	62	237	518	4217	2620	6253	12613	25353
971000	48	229	473	4196	2184	6816	13365	25992
972000	54	197	317	3759	2594	7115	11197	25797
973000	57	214	513	3717	2576	6832	11109	27037
974000	59	215	382	3473	3103	6737	10559	27142
975000	60	244	335	3848	2654	6884	11415	26710
976000	39	214	394	4357	2368	6626	12875	24999
977000	60	204	459	4387	2150	6696	12746	25059
978000	37	190	436	4504	1922	6903	14522	24430
979000	57	220	570	4354	1918	6776	14029	23381
980000	37	223	545	4845	1816	6414	14192	22941
981000	51	213	500	4520	1890	6761	15313	23167
982000	48	238	324	4951	1878	6568	14632	24165
983000	34	234	495	5097	1967	6107	15771	21239
984000	39	256	411	5934	1665	5686	17520	20478
985000	42	227	473	6046	1598	5513	18858	19876
986000	28	221	404	5926	1644	5789	17915	20275
987000	33	201	432	6097	1808	5428	18277	21829
988000	55	191	556	6274	1662	5183	17813	18405
989000	46	217	542	6381	1612	5092	18542	18695
990000	49	205	516	6418	1743	5021	19174	19393
991000	26	265	509	6546	1357	5275	19328	18027
992000	21	207	444	6964	1209	5164	21592	16721
993000	19	214	412	7049	1387	4889	22169	17945
994000	31	247	427	7547	1090	4654	21437	16793
995000	39	224	556	7519	1170	4418	22889	15403
996000	20	220	516	7764	894	4520	22499	14984
997000	28	216	474	7965	899	4357	24713	15215
998000	26	210	382	7874	962	4549	22286	14552
999000	33	237	425	7777	914	4597	22944	14880
