0	0	0	0	14400	0	0	0	0
1000	4	204	546	13086	63	38	40151	291
2000	17	241	873	12625	0	61	38637	269
3000	16	217	982	12368	0	109	39008	307
4000	20	240	810	12645	2	130	39733	458
5000	23	226	893	12466	0	154	39672	431
6000	17	220	917	12464	83	58	38416	383
7000	17	251	1164	11984	56	67	38363	361
8000	27	244	1333	11644	64	233	36452	784
9000	18	218	1002	12003	164	278	38215	1261
10000	20	258	868	11849	226	563	37850	2190
11000	10	196	738	12304	168	484	37408	1772
12000	19	229	836	12067	161	489	36834	1932
13000	18	246	1018	11838	134	423	38040	2009
14000	21	247	872	11927	84	577	39676	2021
15000	29	232	815	11773	185	729	37021	2694
16000	26	253	826	11742	150	799	36185	3011
17000	14	273	686	12142	72	738	37111	2056
18000	6	216	537	12290	51	917	36708	3240
19000	11	228	783	11655	150	951	35833	3376
20000	14	209	1050	11278	289	849	36018	3474
21000	18	205	761	11708	300	849	37267	3204
22000	18	231	979	11559	203	747	37543	2483
23000	13	260	764	11951	273	601	37114	2869
24000	18	236	723	11965	204	709	36950	2312
25000	12	281	613	11786	138	1032	35375	3172
26000	14	248	557	11901	59	1147	35890	3776
27000	15	255	660	11882	219	858	36441	2713
28000	14	234	754	11921	173	730	36949	2813
29000	13	218	661	11895	172	911	36126	3136
30000	11	255	950	11421	143	964	35003	3661
31000	13	226	835	11780	150	798	36186	2763
32000	27	248	1057	11446	189	731	37973	2207
33000	15	222	1136	11576	146	506	38423	2185
34000	33	253	1110	11624	175	461	36846	2168
35000	21	233	1013	11694	132	623	37760	2272
36000	8	245	785	11974	66	753	38048	2200
37000	29	266	912	11881	153	455	37498	2298
38000	17	252	779	11969	173	609	36784	2182
39000	20	217	924	11925	82	531	37795	1496
40000	14	241	1089	11663	72	515	36642	1401
41000	15	228	803	12236	41	496	38718	1636
42000	12	269	694	12444	79	402	37680	1141
43000	19	230	723	12549	84	262	37549	1053
44000	16	186	939	12343	4	201	38874	875
45000	30	228	1187	12058	1	147	38819	498
46000	23	258	1037	12202	21	93	38363	300
47000	10	203	819	12684	12	69	38683	264
48000	31	249	798	12699	0	19	39405	55
49000	21	260	853	12548	115	16	39145	356
50000	28	272	926	12392	110	37	40149	563
51000	27	227	682	12895	11	17	39106	141
52000	16	228	715	12843	0	55	39845	235
53000	17	228	1000	12326	0	121	38787	270
54000	27	227	1065	12257	3	74	40189	188
55000	12	235	1124	12242	0	16	38112	36
56000	23	226	1004	12337	96	14	39622	399
57000	30	237	1110	12008	67	169	39347	709
58000	15	253	828	12424	41	247	39436	839
59000	20	222	977	12094	28	326	37975	1080
60000	33	209	1113	11932	183	132	37907	937
61000	27	268	1107	12044	52	144	38388	609
62000	20	228	783	12698	0	112	38815	314
63000	10	255	847	12601	0	71	38816	326
64000	17	247	868	12628	0	13	38618	155
65000	18	243	874	12572	51	5	38424	249
66000	15	247	1185	12116	40	5	41164	136
67000	13	223	991	12425	2	64	39638	182
68000	14	231	747	12848	0	28	40236	143
69000	19	206	681	12818	3	117	38434	207
70000	19	245	799	12573	2	88	39609	256
71000	9	228	686	12831	0	86	39795	265
72000	12	225	842	12617	1	113	39970	253
73000	14	247	898	12445	11	123	38142	290
74000	24	247	867	12430	7	169	38517	430
75000	15	221	717	12836	14	51	40318	160
76000	18	237	631	12915	0	76	39229	304
77000	16	222	976	12398	2	103	38153	241
78000	29	253	1149	11952	0	218	38268	496
79000	15	260	854	12442	4	219	36789	691
80000	31	255	996	12235	16	174	37862	645
81000	16	264	1104	12139	9	48	38073	121
82000	8	217	1154	12074	0	92	39214	192
83000	24	227	983	12360	6	58	40109	191
84000	20	228	864	12643	6	33	38625	213
85000	11	251	889	12594	0	0	39778	4
86000	25	236	960	12383	88	37	39100	419
87000	23	248	977	12081	95	313	39578	973
88000	17	243	736	12323	200	328	37662	1773
89000	16	209	655	12743	120	134	40061	761
90000	22	239	1037	12157	154	61	38813	589
91000	15	223	976	12145	217	172	38369	1045
92000	25	224	892	12169	159	273	37793	1094
93000	29	249	1070	11718	153	419	37475	1760
94000	39	185	877	11958	198	466	38015	1978
95000	20	252	625	12200	240	575	37679	2321
96000	12	253	862	11447	197	988	35445	2691
97000	10	224	776	11564	162	1045	37235	3510
98000	12	209	991	11345	157	976	36919	3945
99000	21	237	897	11062	172	1364	34851	4157
100000	27	199	842	11362	127	1235	36020	3822
101000	16	234	611	11340	365	1348	34023	4741
102000	21	261	640	11429	233	1306	35890	4430
103000	20	210	813	11474	301	1015	35384	4395
104000	15	264	909	11265	77	1197	35270	3837
105000	32	224	1201	11047	40	971	37015	3057
106000	24	239	880	11501	50	1095	35916	3583
107000	22	238	862	11647	124	910	36412	3323
108000	11	250	645	11786	124	1082	36108	3178
109000	13	234	656	11937	72	963	35973	3050
110000	18	231	763	11671	68	1062	37027	3074
111000	13	234	748	11660	162	961	38058	3357
112000	22	232	855	11441	128	1077	34861	3581
113000	14	263	611	11858	198	989	36429	3284
114000	12	254	594	11937	163	989	36976	3676
115000	15	206	629	11809	190	1070	35622	4058
116000	21	265	1064	11318	104	913	35427	3328
117000	29	234	711	11790	74	927	36783	3005
118000	13	204	841	11562	131	1063	35229	3043
119000	11	266	900	11365	130	1099	35204	3751
120000	10	232	755	11970	68	840	37736	2913
121000	23	253	1013	11414	173	746	37200	2835
122000	22	255	911	11894	197	482	36293	2330
123000	12	255	1106	11894	109	278	36817	1137
124000	19	206	1062	12136	67	203	38723	903
125000	36	225	1048	11907	156	240	38372	862
126000	23	197	780	12298	88	398	37525	1448
127000	16	236	742	12212	129	507	37984	2024
128000	14	218	809	12303	109	375	38440	1750
129000	18	240	831	12148	106	444	38689	1406
130000	18	228	685	12404	162	367	37798	1588
131000	21	211	787	12414	87	270	38625	1088
132000	18	208	679	12694	81	191	39957	941
133000	12	263	816	12333	72	307	38561	1148
134000	16	267	901	12336	21	225	38707	571
135000	13	201	1021	12162	40	234	39422	685
136000	24	241	936	12233	57	189	38186	702
137000	25	266	891	12468	5	72	37912	391
138000	22	179	1047	12382	10	36	39311	47
139000	16	235	1125	12202	0	23	40317	70
140000	12	239	998	12462	0	8	39072	40
141000	16	248	837	12676	0	13	39379	43
142000	10	217	723	12858	0	24	37770	7
143000	16	226	662	12998	0	16	40565	30
144000	18	200	712	12781	137	5	39123	352
145000	11	216	755	12817	18	0	40707	47
146000	22	245	835	12616	73	33	40059	231
147000	21	266	751	12742	30	14	38736	91
148000	9	229	650	12965	3	12	40177	44
149000	15	230	687	12880	5	0	40241	95
150000	11	236	767	12719	93	20	40942	244
151000	19	247	663	12760	120	59	38377	428
152000	18	212	675	12895	38	39	39759	159
153000	21	239	829	12646	43	2	40082	141
154000	17	239	804	12582	81	70	38175	370
155000	10	247	619	12785	6	218	38943	527
156000	11	223	635	12878	9	181	40114	650
157000	12	226	683	12690	2	272	39073	793
158000	14	246	729	12627	1	233	39713	884
159000	20	222	954	12103	13	375	39678	1326
160000	14	272	738	12521	15	284	39286	973
161000	18	259	669	12782	16	101	38548	510
162000	23	246	778	12614	4	110	39523	348
163000	16	212	772	12766	2	89	39300	144
164000	28	234	1160	12090	47	10	38745	144
165000	26	241	1065	12170	93	49	39381	441
166000	20	223	1057	12232	81	54	39541	372
167000	14	215	798	12664	74	36	39268	260
168000	21	242	888	12507	31	44	40293	159
169000	15	192	980	12467	9	31	40991	86
170000	28	250	942	12422	0	18	38284	12
171000	14	228	1251	12056	0	0	38381	15
172000	15	265	887	12481	97	42	39270	359
173000	26	319	817	12516	37	56	39492	282
174000	23	232	986	12392	28	64	39887	178
175000	24	267	956	12504	0	0	39202	17
176000	17	232	917	12399	136	30	38348	472
177000	20	235	717	12523	134	239	38941	1161
178000	17	264	722	12413	142	248	38371	1290
179000	12	223	751	12465	106	283	39438	1399
180000	21	228	956	12157	87	282	37877	984
181000	10	244	746	12451	82	275	39879	850
182000	14	242	692	12615	73	199	38051	1070
183000	21	237	759	12615	20	175	39860	593
184000	17	218	867	12586	4	109	39564	326
185000	8	259	752	12725	14	83	39768	199
186000	20	262	915	12459	72	62	38989	326
187000	23	231	852	12327	120	191	36911	892
188000	16	250	1016	12008	156	270	36725	1466
189000	13	255	972	12097	63	313	39509	924
190000	13	250	867	12131	36	452	37563	1614
191000	21	249	868	12347	66	186	38332	621
192000	27	204	861	12352	61	223	39767	750
193000	8	214	798	12400	9	380	38626	1031
194000	17	219	1036	11896	2	501	38769	1635
195000	17	227	773	12039	18	781	37999	2305
196000	19	238	928	11686	61	800	36324	2538
197000	16	254	714	12063	46	735	36370	2161
198000	9	251	804	11915	115	716	37888	2083
199000	13	225	654	11938	133	933	37006	3033
200000	8	288	660	11929	73	911	36628	3033
201000	11	262	693	11689	204	972	35391	3460
202000	16	262	682	11764	188	969	36050	3220
203000	38	246	810	11746	173	748	35529	2700
204000	16	268	807	11783	104	838	35433	2610
205000	16	245	980	11547	131	737	35694	2176
206000	16	225	818	12203	90	442	38092	1463
207000	14	238	992	12015	108	338	37795	1631
208000	25	234	870	12018	260	321	37760	1712
209000	30	251	782	12272	145	385	38802	1407
210000	14	248	663	12535	130	301	37974	1363
211000	23	279	830	12268	79	335	39037	1047
212000	20	241	879	12284	11	365	38034	1068
213000	8	208	946	12180	11	375	37919	1110
214000	13	271	624	12607	12	343	39715	1253
215000	11	253	568	12643	70	392	39998	1173
216000	7	273	629	12583	32	366	39206	1260
217000	9	235	658	12575	45	347	37458	1325
218000	11	238	633	12704	73	218	39007	940
219000	9	256	750	12572	44	239	38065	871
220000	17	235	713	12786	1	100	38524	257
221000	16	258	781	12647	5	125	40082	500
222000	12	271	595	12950	0	106	39907	285
223000	15	242	643	12902	2	109	39290	335
224000	7	212	605	12890	1	193	40492	410
225000	12	238	636	12809	0	137	39416	419
226000	5	229	540	13105	6	98	39844	336
227000	19	233	758	12661	10	112	39129	257
228000	9	262	728	12644	7	205	38562	500
229000	12	260	798	12618	22	98	38518	511
230000	12	225	995	12264	61	122	38811	462
231000	20	232	918	12384	21	156	38819	523
232000	7	217	675	12657	73	245	38565	724
233000	15	256	635	12841	65	128	41222	538
234000	15	243	762	12754	2	59	38605	306
235000	7	248	557	13069	6	47	39733	113
236000	10	233	775	12795	0	8	39973	18
237000	20	280	919	12372	113	13	39791	341
238000	9	263	864	12545	92	41	39768	341
239000	13	229	772	12726	65	16	39097	251
240000	34	202	970	12455	20	34	39391	109
241000	9	189	769	12781	54	11	39845	198
242000	22	216	844	12642	20	41	40855	299
243000	18	238	933	12545	0	7	39550	118
244000	19	212	1056	12363	0	23	39862	69
245000	18	261	1035	12342	0	0	37737	1
246000	19	272	953	12374	55	47	38302	371
247000	5	228	744	12596	126	119	39901	519
248000	19	247	812	12406	62	286	38829	823
249000	16	251	717	12615	17	246	39234	707
250000	18	232	803	12533	12	205	38739	651
251000	20	239	703	12665	14	210	39396	509
252000	9	242	754	12673	6	124	39632	309
253000	13	227	762	12782	0	39	39744	209
254000	16	256	802	12575	140	3	39745	360
255000	25	264	797	12587	115	32	38119	385
256000	24	254	947	12349	26	91	38147	444
257000	30	240	981	12369	1	90	39977	294
258000	19	230	1001	12390	9	0	40164	19
259000	18	236	807	12731	0	3	39333	17
260000	22	195	735	12688	171	22	37549	540
261000	25	248	795	12625	65	68	39074	428
262000	22	266	756	12714	44	5	38459	59
263000	25	256	887	12364	174	23	39551	562
264000	21	242	971	12419	52	11	38630	371
265000	17	253	949	12472	10	4	38744	62
266000	22	202	826	12722	42	2	39694	96
267000	15	236	1033	12300	0	85	38575	174
268000	26	261	1053	12088	38	143	40105	434
269000	15	231	857	12563	6	72	39070	292
270000	18	220	1014	12385	7	23	39661	199
271000	40	197	1162	12056	134	19	38179	343
272000	36	256	1197	11918	106	65	37905	545
273000	20	246	863	12483	48	93	38432	289
274000	40	281	1127	12140	27	10	38975	183
275000	32	220	1113	12313	6	0	39671	63
276000	30	223	1137	12125	89	2	37568	347
277000	29	205	1007	12198	101	98	38978	484
278000	16	233	910	12342	77	158	36869	690
279000	25	220	655	12786	95	107	39199	507
280000	11	256	507	12890	142	164	38526	824
281000	9	213	701	12608	15	299	38620	942
282000	15	262	672	12824	0	105	37277	299
283000	15	221	763	12735	3	77	40464	243
284000	15	223	844	12637	0	65	39163	134
285000	12	242	733	12813	0	43	40341	168
286000	13	235	750	12703	3	115	38077	399
287000	23	202	837	12560	39	126	38890	446
288000	26	248	1001	12273	7	128	39474	520
289000	15	254	847	12577	4	60	38566	176
290000	14	240	882	12530	1	92	38749	293
291000	7	219	700	12902	0	23	38322	88
292000	18	238	828	12666	0	17	40528	39
293000	16	276	678	12923	0	6	39610	4
294000	18	248	731	12698	119	0	40372	30
295000	29	213	1096	12223	77	23	39273	327
296000	21	224	988	12246	70	143	38383	661
297000	12	235	959	12324	32	198	38351	591
298000	13	229	968	12316	38	124	40884	503
299000	19	251	1278	11847	27	82	39095	512
300000	15	242	915	12220	101	244	37831	1295
301000	21	212	859	12486	18	228	39307	794
302000	16	224	1085	12142	1	194	38533	504
303000	21	220	1164	12054	0	137	38777	407
304000	21	254	1224	12018	8	61	39116	229
305000	8	229	1083	12330	0	0	39981	3
306000	16	236	753	12803	1	4	39836	3
307000	22	217	909	12425	111	35	40146	519
308000	17	227	934	12418	67	58	39372	470
309000	21	231	861	12431	21	193	37861	618
310000	13	197	728	12716	36	171	38988	585
311000	15	214	881	12356	26	243	40432	456
312000	28	219	862	12070	65	515	39150	1465
313000	6	198	954	12054	93	364	38043	1352
314000	20	257	884	11994	8	599	37258	1770
315000	14	213	645	12387	16	606	37396	1674
316000	5	265	630	12289	35	705	37856	2294
317000	17	235	821	11893	117	768	36571	2670
318000	26	220	991	11523	98	814	36437	2410
319000	26	240	770	11969	93	683	36442	2352
320000	11	243	864	11970	59	591	38127	2009
321000	15	224	689	12325	66	535	36736	1607
322000	24	226	674	12606	43	280	38137	1074
323000	10	230	951	12393	38	88	38476	427
324000	12	232	772	12620	49	130	39212	589
325000	16	238	822	12592	42	90	38124	354
326000	20	251	811	12484	33	130	38712	388
327000	7	246	912	12401	2	145	39098	426
328000	10	259	934	12434	9	90	38574	270
329000	16	263	927	12472	0	28	39033	57
330000	11	333	807	12633	0	13	39211	47
331000	14	244	897	12522	0	27	39351	43
332000	20	237	892	12596	0	9	39716	7
333000	28	235	767	12657	131	6	38985	219
334000	14	224	664	12918	51	11	40087	130
335000	11	222	695	12937	0	0	40465	9
336000	20	201	870	12683	17	29	39173	184
337000	10	192	892	12657	0	23	39753	99
338000	7	252	862	12632	7	25	40426	146
339000	24	200	928	12513	0	69	39906	206
340000	26	208	1114	12251	1	20	39970	42
341000	23	252	1135	12113	0	28	38855	41
342000	20	222	1003	12419	0	69	39051	193
343000	19	252	1013	12226	3	137	38638	519
344000	26	238	1180	12070	34	9	39183	134
345000	21	252	839	12703	0	2	38993	41
346000	12	226	712	12813	66	32	39494	218
347000	24	215	890	12587	64	4	38966	189
348000	18	247	857	12621	0	0	40594	4
349000	13	280	737	12693	112	14	39742	356
350000	18	220	951	12414	89	28	37637	204
351000	12	279	730	12661	81	105	37538	653
352000	10	243	742	12631	72	172	38563	817
353000	15	222	833	12451	104	166	38465	909
354000	26	217	883	12409	50	158	39656	685
355000	13	222	884	12351	87	191	38813	1171
356000	8	229	928	12407	8	120	38902	497
357000	12	246	893	12395	46	198	39155	697
358000	17	248	838	12344	65	226	38207	534
359000	12	271	758	12511	39	201	37265	900
360000	14	290	686	12416	97	313	38688	1115
361000	11	253	646	12686	59	225	38941	751
362000	14	285	837	12333	71	247	38294	999
363000	23	235	752	12601	51	157	37487	689
364000	14	228	878	12407	112	98	39297	557
365000	20	277	979	12151	122	184	37504	687
366000	18	205	873	12180	101	363	37236	1157
367000	22	220	1055	11915	66	386	37604	1436
368000	21	229	1014	11886	15	508	37318	1326
369000	19	239	756	12273	116	414	38600	1449
370000	34	218	947	11893	117	494	37819	1503
371000	24	211	1093	11561	71	631	36964	2115
372000	31	229	1349	11064	212	605	35981	2280
373000	23	213	876	11793	329	480	38004	2246
374000	26	261	844	11643	260	711	36792	2447
375000	15	233	883	11700	80	838	36128	2301
376000	7	254	861	11762	92	792	36329	2491
377000	17	240	752	11726	108	1012	34770	2951
378000	18	280	900	11770	43	782	35987	2559
379000	14	236	755	12161	70	617	38801	2204
380000	26	261	972	11653	97	714	37153	2422
381000	17	267	909	11906	79	537	36941	1712
382000	23	241	966	12154	28	345	37876	1148
383000	22	252	824	12444	19	196	39069	619
384000	15	228	829	12651	1	73	38687	263
385000	16	249	766	12694	11	104	39301	522
386000	16	233	791	12680	0	55	39750	184
387000	15	299	593	12983	5	16	41075	7
388000	9	251	655	12950	0	28	38548	80
389000	11	227	841	12657	0	0	39029	16
390000	22	209	952	12554	13	0	40690	64
391000	18	235	825	12541	139	0	38410	256
392000	28	231	876	12452	84	96	39468	348
393000	18	252	872	12479	27	78	39162	236
394000	7	200	785	12702	5	124	39197	315
395000	17	214	825	12652	0	110	39493	295
396000	11	212	871	12598	0	24	38951	124
397000	16	249	1021	12315	112	1	40431	109
398000	15	224	1089	12263	48	56	39314	234
399000	28	237	980	12446	15	3	37667	64
400000	28	248	1087	12177	35	56	39111	378
401000	19	269	872	12562	0	36	40062	120
402000	14	276	908	12492	8	33	38929	78
403000	16	240	899	12616	0	0	39832	3
404000	15	218	717	12666	115	100	38364	435
405000	14	267	726	12567	56	210	37816	832
406000	23	209	819	12453	39	203	39085	680
407000	13	228	836	12476	54	184	38266	763
408000	11	284	806	12538	47	105	40020	503
409000	18	212	846	12682	11	38	37975	226
410000	30	187	1265	12018	28	20	38296	204
411000	9	213	888	12631	9	20	38430	47
412000	24	233	909	12548	0	78	38119	161
413000	17	249	875	12586	0	60	39534	141
414000	15	227	811	12735	0	0	42193	1
415000	15	261	980	12346	99	29	38498	379
416000	35	257	1039	12195	65	33	37991	282
417000	18	215	864	12555	63	87	39546	367
418000	7	204	736	12762	40	77	40113	360
419000	14	247	745	12641	81	108	39272	457
420000	15	206	930	12351	87	89	38531	341
421000	12	241	908	12509	11	82	38346	228
422000	15	247	752	12640	0	148	38993	296
423000	6	256	715	12652	16	225	38850	881
424000	12	228	684	12757	5	187	38419	530
425000	12	269	594	12889	21	113	39592	405
426000	10	264	821	12608	11	92	38786	408
427000	18	234	713	12798	6	66	39296	199
428000	11	243	576	13107	0	14	39566	50
429000	20	215	821	12575	140	14	38982	451
430000	16	235	923	12238	216	123	36918	830
431000	32	244	989	12290	98	45	37991	510
432000	20	256	885	12349	63	201	37349	564
433000	25	268	1070	12062	81	101	38125	817
434000	24	269	1197	11909	12	226	38344	534
435000	17	241	876	12185	48	397	37838	1351
436000	7	231	744	12435	46	392	37371	1406
437000	18	230	579	12447	104	514	37706	1921
438000	10	245	882	11875	180	520	39202	1854
439000	14	235	835	12192	87	449	37086	1473
440000	10	277	791	12192	43	514	37068	1713
441000	17	255	694	12254	40	597	36398	1908
442000	12	254	681	11747	149	1027	37170	3686
443000	13	220	721	11636	209	1021	36254	3958
444000	12	203	829	11653	221	875	37343	2761
445000	18	215	710	11988	194	727	37768	2797
446000	18	219	892	11831	109	678	37049	2546
447000	27	211	777	11938	198	604	37253	2327
448000	15	225	738	12012	287	537	37859	2124
449000	14	264	777	11871	238	665	36638	2731
450000	20	257	872	11904	166	558	37822	1690
451000	37	227	1025	11501	284	612	37907	2442
452000	17	270	858	11705	186	769	36016	2933
453000	11	209	676	11783	177	1024	35681	3156
454000	20	264	866	11486	146	985	35870	3668
455000	6	242	694	12076	85	767	36588	3010
456000	21	184	917	12037	50	557	38215	1547
457000	20	259	837	12186	66	453	36395	1464
458000	18	235	893	12069	55	476	37796	1773
459000	21	201	630	12268	58	714	37845	2319
460000	9	268	690	12163	90	671	36471	2326
461000	8	237	812	12089	54	606	37491	1814
462000	6	191	714	11899	245	796	37041	2732
463000	11	197	809	11705	201	869	38942	2862
464000	26	247	842	11697	110	856	36100	2981
465000	15	261	816	11520	116	1053	37491	3260
466000	8	233	685	11730	91	1085	35890	3054
467000	16	211	727	11559	131	1207	35730	3969
468000	15	227	776	11514	112	1195	34222	3800
469000	19	230	842	11400	268	1041	36053	3767
470000	25	210	932	11202	320	1025	36764	3716
471000	31	265	1190	10943	306	861	33697	3489
472000	21	242	980	11743	337	367	36691	2155
473000	24	251	1003	11864	270	260	36369	1658
474000	16	235	1065	12007	118	244	37609	1425
475000	27	214	1123	12019	40	172	38554	453
476000	20	268	880	12404	65	132	38559	805
477000	16	209	1091	12173	44	88	38011	483
478000	17	218	897	12489	55	59	38546	248
479000	20	225	744	12829	24	0	39084	86
480000	18	202	781	12682	107	0	39323	194
481000	25	224	874	12268	119	183	37608	799
482000	25	220	931	12308	77	165	38975	740
483000	20	263	624	12773	47	162	38645	532
484000	11	281	660	12878	15	35	38330	105
485000	11	244	738	12790	0	16	38723	28
486000	16	233	956	12505	0	4	40187	36
487000	5	242	691	12878	33	6	39620	119
488000	15	248	670	12942	14	6	39477	130
489000	14	226	972	12345	115	12	39916	246
490000	16	237	811	12579	72	35	39890	351
491000	13	212	859	12548	77	65	38875	440
492000	14	254	1083	12058	91	132	37604	608
493000	15	241	871	12487	54	149	39576	623
494000	12	273	806	12323	102	315	38644	948
495000	20	217	976	12196	81	246	38887	908
496000	16	252	667	12772	21	174	37856	877
497000	19	219	836	12374	60	259	39288	916
498000	9	233	810	12448	36	287	38890	908
499000	29	254	848	12128	43	472	37389	1244
500000	19	196	1109	11966	41	333	39028	1217
501000	20	282	1009	11835	150	353	36329	1154
502000	17	237	781	12320	173	281	37343	1300
503000	28	250	970	12003	186	295	36959	1444
504000	16	197	945	12210	145	195	38327	949
505000	20	227	805	12478	154	131	38102	785
506000	31	231	1196	11961	93	80	37729	576
507000	6	235	1124	12101	78	87	38098	577
508000	13	233	1034	12230	15	80	38488	322
509000	23	273	1047	12151	24	108	38649	280
510000	29	232	1002	12149	27	210	39035	527
511000	20	253	992	12174	89	174	38022	728
512000	15	230	818	12460	23	255	39543	882
513000	20	241	902	12499	0	63	40571	467
514000	10	250	750	12755	5	48	39854	117
515000	12	259	916	12512	0	34	39034	55
516000	28	217	1040	12376	0	20	38103	41
517000	31	275	1074	12260	0	14	38321	12
518000	23	240	1168	12150	0	0	38572	4
519000	8	238	822	12681	59	23	37948	167
520000	10	234	862	12427	143	79	40402	555
521000	14	245	917	12318	87	185	38837	781
522000	16	206	779	12640	42	87	38908	337
523000	10	238	909	12406	39	109	39400	410
524000	19	253	1021	12061	49	265	38693	871
525000	20	226	917	12310	59	218	39906	737
526000	21	214	1105	12139	33	137	39784	518
527000	25	213	1031	12149	63	156	38221	708
528000	11	245	1024	11983	47	354	37018	1085
529000	26	233	1046	11804	61	456	38305	1750
530000	14	243	853	12218	16	478	38098	1586
531000	13	200	669	12406	36	525	38092	1519
532000	25	240	689	12417	48	396	39604	1322
533000	11	272	704	12448	41	403	39836	1553
534000	6	263	701	12206	34	669	38356	1863
535000	20	236	830	12020	33	597	37115	2051
536000	16	249	1004	12152	2	287	37623	697
537000	30	279	980	12001	18	358	36930	1290
538000	24	253	884	12280	35	248	37907	876
539000	20	231	1139	12008	16	229	37500	941
540000	17	266	871	12432	21	149	38277	326
541000	22	249	1082	12063	5	170	38438	534
542000	14	257	1024	12222	8	174	38893	495
543000	16	253	891	12412	1	166	37852	527
544000	22	225	1048	12073	60	209	38958	717
545000	22	242	986	12252	30	167	37984	530
546000	16	231	859	12543	24	109	38294	435
547000	43	209	1113	12232	16	42	39173	273
548000	16	262	891	12409	172	8	37951	547
549000	23	217	1126	11968	193	43	38497	590
550000	10	251	953	12378	63	48	37803	251
551000	21	247	795	12491	63	191	38910	590
552000	18	290	994	12125	44	222	38827	817
553000	25	199	847	12210	120	382	36696	1324
554000	18	210	758	12195	152	477	38650	1564
555000	21	224	722	11984	124	797	36632	2865
556000	20	221	1084	11163	123	1052	35896	2993
557000	23	278	627	11774	91	1100	35221	3127
558000	13	241	746	11469	124	1262	34760	3840
559000	16	224	812	11498	187	1038	35377	3754
560000	25	203	917	11221	213	1163	34590	3546
561000	30	199	922	10624	285	1635	33119	5469
562000	14	227	773	11330	100	1375	35417	4359
563000	20	269	853	11065	122	1474	33718	4535
564000	15	237	883	11216	192	1185	35940	4103
565000	16	230	975	10633	287	1558	33820	5432
566000	12	227	597	11124	165	1801	32829	6397
567000	15	201	646	10978	88	1947	34765	5927
568000	17	246	627	11032	194	1776	34744	5682
569000	19	233	848	10649	197	1804	33563	5647
570000	31	187	740	10494	291	2114	33008	6650
571000	26	238	704	10679	293	1921	32775	7012
572000	20	230	751	10969	207	1608	34159	5067
573000	33	223	913	10246	406	1928	32752	6236
574000	30	265	981	10082	468	1914	32113	6581
575000	23	227	992	10126	519	1830	32637	6602
576000	21	255	972	9929	395	2151	32061	6906
577000	31	251	855	10015	361	2257	30935	7745
578000	26	220	838	10231	354	2084	31750	8036
579000	16	219	810	9682	592	2465	31681	7926
580000	18	209	643	9898	498	2580	30808	9649
581000	23	264	843	9273	671	2705	31495	9139
582000	26	225	698	8963	822	3071	28124	11847
583000	22	205	704	8952	1106	2864	29432	11519
584000	44	188	928	8648	921	3018	27796	10355
585000	28	206	785	8302	1062	3420	26897	12405
586000	30	204	801	8396	1122	3236	25398	13159
587000	32	207	957	8321	857	3310	27768	11343
588000	36	247	868	7906	947	3777	25517	13862
589000	29	226	835	7680	781	4238	25718	14302
590000	26	205	833	7633	897	4181	24537	13992
591000	40	266	946	7471	1224	3785	23334	14991
592000	36	237	735	7803	1032	3976	26018	14889
593000	26	224	743	7949	767	4093	24807	14151
594000	27	232	975	7518	807	4123	25680	14126
595000	34	229	833	7622	878	4241	24469	15053
596000	20	242	826	8164	901	3617	26756	13581
597000	18	264	643	9056	585	3297	25934	11327
598000	15	246	836	8865	615	3176	28293	11614
599000	45	183	1110	8481	927	2894	28401	9892
600000	40	216	892	9107	602	2880	28055	10589
601000	33	206	914	9401	721	2468	29107	9393
602000	25	238	871	9115	677	2857	27984	10349
603000	14	255	811	9550	763	2419	29572	9285
604000	27	226	882	9733	478	2384	30327	8583
605000	20	234	942	9820	382	2291	31862	6967
606000	30	246	964	10033	484	1961	30131	7616
607000	27	232	884	9922	483	2233	30963	7476
608000	20	227	846	10129	372	2173	31143	7275
609000	25	205	607	10463	554	2037	32569	7637
610000	25	236	714	10069	535	2266	30817	8587
611000	23	270	650	9756	598	2587	30205	8878
612000	22	263	762	9462	620	2660	30020	9858
613000	21	220	810	8814	614	3343	28785	11768
614000	28	258	827	8580	774	3299	28213	11744
615000	36	226	652	8624	1041	3296	28286	12597
616000	20	226	696	8554	1206	3185	26491	12064
617000	37	221	715	8334	1003	3566	27247	13644
618000	30	227	890	8195	627	3750	26732	13196
619000	27	227	600	8527	634	3905	26544	12447
620000	26	177	745	8300	727	3851	26694	13776
621000	24	196	799	8239	896	3632	26226	13175
622000	31	225	713	8530	1132	3239	27217	12229
623000	28	226	708	8870	1025	3008	27994	12276
624000	42	227	892	8090	1172	3339	27108	12479
625000	40	215	971	8491	776	3213	26148	12394
626000	19	185	811	8355	1015	3427	27002	12802
627000	52	246	793	8488	1008	3171	27091	11918
628000	39	212	948	8532	809	3163	26902	12011
629000	35	240	828	8595	794	3289	28122	11512
630000	21	215	737	9352	625	2928	27986	10372
631000	12	247	652	9748	408	2850	29126	9936
632000	13	245	679	9163	513	3253	30098	10443
633000	30	240	642	9391	453	3155	28818	11003
634000	19	236	934	9070	626	2848	28521	10164
635000	28	184	698	9407	525	2990	28660	11088
636000	21	293	634	9480	475	2935	30636	9428
637000	13	242	850	9610	486	2574	29548	9336
638000	32	212	926	10052	465	2010	32861	7290
639000	17	221	832	10229	511	2012	30952	7532
640000	21	224	876	9671	446	2502	30783	8899
641000	21	248	677	10175	480	2271	30920	7759
642000	30	207	732	10049	650	2174	31466	8468
643000	40	229	955	9867	669	1952	32255	7675
644000	20	251	841	10275	463	1954	32933	6979
645000	22	213	675	10649	443	1878	33791	6574
646000	20	246	600	10845	461	1762	35017	6237
647000	38	258	725	10944	469	1376	33190	5361
648000	39	245	810	10616	478	1591	34190	5542
649000	14	234	721	10786	427	1641	34033	5886
650000	18	214	645	10849	445	1697	33888	6442
651000	22	216	730	10853	455	1553	33370	6198
652000	32	220	784	10738	591	1459	33835	6419
653000	32	220	788	10786	536	1479	32846	5192
654000	20	233	704	11197	328	1351	32848	4787
655000	27	252	990	11354	179	865	36476	2817
656000	22	244	846	11023	309	1344	34121	4597
657000	24	216	849	11014	327	1327	35161	4926
658000	18	240	768	11343	312	1121	35312	4335
659000	18	240	893	11399	208	972	35029	3877
660000	29	249	949	11254	315	907	34634	3517
661000	18	220	895	11424	161	1062	35171	3527
662000	21	244	683	11634	167	1094	36176	3932
663000	19	251	712	11786	114	961	36050	3039
664000	9	187	824	11731	56	964	37950	3106
665000	24	255	761	11896	119	749	37960	2414
666000	11	230	703	12228	186	477	37742	1849
667000	20	237	1014	11615	235	623	38122	2348
668000	15	236	1013	11514	193	678	36617	2806
669000	29	235	1225	10645	567	845	34611	3917
670000	18	232	997	11207	331	948	34760	3874
671000	12	215	1012	11498	272	705	35331	3215
672000	22	221	1048	11685	239	481	37401	2150
673000	19	244	960	11923	236	345	36930	1669
674000	20	250	727	12236	266	303	38266	1730
675000	16	220	649	12410	164	442	37789	1781
676000	10	228	711	12413	115	403	37805	1292
677000	34	252	939	12081	53	305	37927	1275
678000	16	245	1055	12018	96	284	38134	1034
679000	20	218	1084	12081	47	206	37860	903
680000	25	309	1137	11948	30	178	37033	748
681000	13	261	1175	11886	51	191	38570	478
682000	17	224	1183	12090	9	65	38803	446
683000	8	223	1098	12046	44	234	37074	734
684000	10	242	862	12384	38	266	37780	934
685000	10	224	739	12593	50	203	38034	735
686000	9	179	902	12266	58	379	38708	1054
687000	14	223	965	11959	76	513	38577	1734
688000	11	225	826	12204	142	387	36936	1213
689000	17	223	874	12202	110	310	39063	1055
690000	10	230	717	12624	10	245	38112	651
691000	11	224	728	12601	2	248	39167	667
692000	18	247	593	12839	4	181	38920	465
693000	13	221	838	12632	0	83	39231	246
694000	25	266	877	12512	4	40	39663	233
695000	16	242	753	12811	0	0	40207	30
696000	16	234	713	12804	58	10	40417	150
697000	6	296	684	12803	57	20	39863	244
698000	22	223	743	12899	0	0	39114	2
699000	15	280	711	12713	88	16	39245	220
700000	12	253	766	12606	88	43	39375	368
701000	20	224	1001	12293	50	88	38664	296
702000	30	234	879	12511	30	15	38342	51
703000	10	248	681	12892	9	38	40133	120
704000	11	243	851	12642	3	45	39358	53
705000	10	250	741	12812	1	43	39812	329
706000	19	216	839	12638	7	18	39065	39
707000	20	278	775	12620	1	113	38759	248
708000	13	244	718	12736	9	121	37496	297
709000	10	227	655	12906	2	95	39449	352
710000	13	213	561	13057	2	103	39566	318
711000	15	267	904	12464	0	84	38369	230
712000	12	219	877	12539	0	141	39331	257
713000	23	248	798	12639	1	102	38416	279
714000	14	242	888	12609	0	10	40123	25
715000	16	236	685	12873	0	14	38447	68
716000	7	259	622	13006	0	0	39907	1
717000	20	262	697	12783	101	15	38989	339
718000	22	238	796	12687	46	38	39585	201
719000	19	265	884	12497	55	44	39256	446
720000	30	254	999	12237	115	49	37541	364
721000	23	237	1097	12149	71	97	39213	459
722000	23	239	849	12487	61	105	39655	428
723000	15	238	769	12637	9	162	37828	301
724000	15	260	791	12575	1	136	39019	518
725000	26	259	1008	12286	32	47	38489	285
726000	16	246	730	12804	10	20	40485	186
727000	14	207	676	12961	1	5	40998	18
728000	17	267	782	12623	97	10	40017	351
729000	14	256	629	12917	1	115	40223	517
730000	15	237	750	12766	24	101	40079	640
731000	16	266	718	12723	0	105	39671	397
732000	9	225	881	12527	0	93	39480	216
733000	9	240	697	12797	3	119	39181	267
734000	10	213	892	12565	14	107	39214	281
735000	14	259	1057	12321	3	25	39215	38
736000	22	216	995	12332	23	84	39429	276
737000	18	257	875	12422	2	150	38161	503
738000	14	275	853	12525	1	68	38518	387
739000	18	245	798	12662	0	39	39910	183
740000	7	202	695	12956	0	25	39181	118
741000	17	238	712	12919	0	0	39202	1
742000	21	257	910	12516	25	5	38880	113
743000	32	235	1059	12228	101	17	38189	346
744000	31	205	1082	12207	44	67	39345	492
745000	12	236	1090	12212	3	78	37398	300
746000	13	249	937	12487	0	32	39669	94
747000	20	247	902	12536	0	38	37474	74
748000	16	271	768	12693	0	57	39170	151
749000	12	203	962	12481	0	50	39024	160
750000	26	237	1257	11992	0	27	37499	59
751000	15	226	1194	12069	0	44	38798	60
752000	26	244	1231	11919	2	113	37860	345
753000	30	270	741	12695	0	81	40172	218
754000	12	214	748	12731	11	152	38944	387
755000	9	255	811	12590	9	110	39146	475
756000	16	222	686	12903	0	25	39576	137
757000	11	258	893	12565	0	20	40032	78
758000	19	266	878	12560	0	30	38477	62
759000	16	231	715	12890	0	22	40037	79
760000	19	241	766	12728	0	46	39473	136
761000	4	246	668	13002	0	30	39468	57
762000	28	259	840	12690	0	0	38668	1
763000	25	276	787	12496	257	5	38238	474
764000	23	231	939	12178	211	176	39135	1352
765000	15	267	810	12251	25	437	38887	1513
766000	5	264	718	12113	74	668	36040	2157
767000	12	231	631	12599	33	424	38485	1742
768000	26	210	741	12367	61	403	37937	1680
769000	8	262	918	11808	93	677	37466	1889
770000	16	223	1060	11389	52	896	36740	2659
771000	17	221	830	11668	55	950	36764	3736
772000	17	216	794	11883	50	876	36252	2715
773000	26	229	778	12144	46	568	37116	1889
774000	13	240	780	12093	91	536	37778	2016
775000	14	263	717	12150	171	503	37646	2092
776000	16	249	794	11996	150	553	37525	2099
777000	26	246	710	12315	159	431	38071	1464
778000	12	237	651	12141	128	716	37154	2601
779000	26	239	740	11940	72	805	37803	2691
780000	13	234	831	11573	144	966	37455	3111
781000	17	228	808	11804	120	855	36542	3487
782000	7	228	769	12143	30	614	37152	1897
783000	29	254	732	12440	73	286	37259	1219
784000	14	234	744	12549	97	186	37842	776
785000	22	212	816	12338	95	255	40333	863
786000	18	224	1015	12336	45	85	39039	396
787000	17	230	1067	12336	27	0	38940	67
788000	24	229	1180	11965	145	13	39082	466
789000	14	229	826	12514	117	93	37897	455
790000	19	221	952	12352	116	82	38060	533
791000	21	231	704	12704	137	77	39188	866
792000	16	229	879	12425	81	128	38001	516
793000	18	246	905	12504	33	59	39045	368
794000	22	239	895	12499	24	52	38789	138
795000	23	245	764	12680	4	120	38306	522
796000	11	230	960	12335	36	130	38934	532
797000	21	287	1040	12204	3	108	37804	426
798000	19	254	842	12454	2	161	39374	252
799000	19	269	925	12416	1	120	40075	493
800000	12	234	574	12896	11	206	41102	510
801000	14	235	714	12608	27	264	39607	1047
802000	14	246	788	12592	0	189	38828	666
803000	34	231	1155	12051	0	150	38064	354
804000	33	211	1018	12236	15	146	38703	608
805000	17	237	1187	11976	6	188	40053	682
806000	15	220	975	12338	12	145	37222	616
807000	10	237	792	12515	79	155	39173	642
808000	12	274	817	12325	138	231	39614	1165
809000	16	254	827	12402	44	219	36782	1040
810000	11	284	767	12654	25	74	39201	268
811000	21	197	999	12419	19	62	39768	180
812000	13	242	899	12371	2	198	39130	470
813000	13	200	773	12571	41	205	39628	975
814000	10	199	978	12210	7	260	38727	717
815000	12	229	762	12609	1	201	38721	407
816000	13	226	771	12722	6	82	38381	428
817000	14	231	827	12623	10	102	38618	327
818000	15	274	771	12499	24	224	39677	407
819000	17	287	839	12451	32	177	38570	694
820000	12	251	704	12665	25	188	39138	568
821000	8	233	657	12621	111	241	38369	985
822000	23	262	773	12462	28	247	38161	805
823000	7	256	744	12550	21	277	37903	798
824000	20	261	977	12197	9	246	36664	670
825000	43	240	876	12412	32	124	38092	450
826000	32	249	960	12374	3	122	37615	464
827000	26	243	859	12564	0	64	40035	199
828000	9	213	856	12634	11	89	38886	492
829000	17	235	802	12510	29	178	39845	612
830000	19	281	691	12594	4	258	38680	894
831000	17	222	717	12463	13	446	38621	1250
832000	19	218	911	11768	2	793	36160	2204
833000	17	233	845	11761	63	851	35627	2990
834000	19	257	1030	11463	137	735	36586	2337
835000	8	236	711	12054	137	710	37868	2367
836000	25	246	781	11585	217	950	36602	3360
837000	14	224	937	11629	201	781	35437	3265
838000	16	247	960	11339	289	837	34353	3432
839000	35	258	759	11489	126	1141	35368	3699
840000	19	243	747	11613	241	942	34518	3492
841000	21	248	938	11278	186	1087	35511	3955
842000	19	228	740	11116	296	1459	33916	5018
843000	11	215	622	11145	188	1714	34205	5501
844000	17	214	642	11419	227	1326	35881	4353
845000	21	241	728	11032	307	1521	34674	5180
846000	13	236	703	11163	256	1463	35109	5048
847000	11	234	863	11313	195	1120	34913	3709
848000	45	231	1320	10312	301	1260	34406	5038
849000	46	255	1540	10389	218	956	33831	3191
850000	30	227	1138	10784	335	1066	33829	4481
851000	17	234	901	11124	367	1053	34702	4738
852000	13	207	945	10855	273	1413	34218	5193
853000	26	243	795	10819	280	1660	35243	5203
854000	31	203	907	10706	390	1456	34110	5718
855000	20	237	855	10866	294	1466	33626	5555
856000	24	229	676	11608	247	1099	35876	4442
857000	20	223	631	11560	282	1182	34959	4029
858000	17	263	639	11843	285	834	34998	3476
859000	12	190	700	11755	299	908	37375	3381
860000	24	223	741	11570	285	1014	35726	3409
861000	23	237	850	11091	295	1269	34162	3989
862000	34	229	1049	11002	313	1005	34633	4123
863000	8	242	804	11928	94	786	36467	2372
864000	16	238	672	12093	37	819	38056	2725
865000	24	276	1104	11106	44	1101	34731	3137
866000	24	191	1100	11139	213	972	35924	3223
867000	18	220	878	11504	120	1032	35732	3237
868000	21	227	779	11539	198	1004	36106	3909
869000	12	208	755	11595	164	1102	36107	3136
870000	19	234	772	11473	219	1124	35551	3726
871000	23	248	651	11549	244	1175	36066	4246
872000	14	263	874	10754	209	1633	34295	5444
873000	22	231	874	11026	187	1466	34263	5147
874000	26	251	986	10668	368	1463	34662	5404
875000	20	211	1021	10719	442	1283	34503	5471
876000	18	271	973	11072	288	1077	35461	4315
877000	20	205	836	11126	445	1186	35531	4204
878000	27	253	854	10758	487	1369	33315	5011
879000	29	232	1385	10106	235	1415	33140	5098
880000	19	201	1060	10002	529	1835	32409	6709
881000	45	218	937	9925	714	1830	31045	7640
882000	27	245	957	9784	707	2020	30789	7356
883000	35	225	981	9856	833	1834	31623	6614
884000	27	222	865	9968	615	2049	32218	7860
885000	21	224	854	9547	459	2629	30509	8942
886000	36	277	729	9528	397	2817	29691	9185
887000	24	238	711	9876	442	2546	31766	9137
888000	18	221	781	9714	492	2573	29195	9137
889000	39	226	857	9868	710	2108	31314	8490
890000	23	264	884	9840	828	1892	32822	7995
891000	38	187	1082	9682	896	1779	31916	7786
892000	39	219	945	9093	814	2599	28573	9890
893000	24	213	721	9673	811	2456	29603	9349
894000	18	302	613	9660	599	2697	29765	9099
895000	35	227	836	9190	494	2988	30299	9706
896000	16	243	684	8832	517	3558	28654	11104
897000	18	216	781	8354	735	3730	27497	13080
898000	30	224	925	7918	775	3877	25712	13468
899000	54	196	1008	7628	747	4025	25408	14798
900000	37	204	834	6893	1093	4695	22342	16995
901000	47	216	854	7156	1451	3988	23586	15112
902000	50	224	778	7161	1281	4266	23264	15205
903000	34	197	890	7638	1029	3982	26167	14630
904000	39	197	677	7730	1453	3775	24345	16096
905000	33	180	839	7961	1272	3508	24364	14482
906000	29	199	933	7979	850	3678	26037	13329
907000	34	248	875	7453	1009	4117	23810	15303
908000	38	222	725	7865	1026	3935	25142	15178
909000	35	204	877	7736	1174	3745	25748	13866
910000	40	222	666	7379	1270	4252	23150	14560
911000	40	206	715	7340	1255	4268	23472	16299
912000	43	188	721	7307	1279	4318	24704	15926
913000	30	218	662	7383	1061	4523	24644	16469
914000	22	232	750	7423	1314	4052	23263	16022
915000	47	212	847	7674	1012	3976	25328	14495
916000	35	249	608	8187	857	3973	26033	14159
917000	26	194	828	8285	870	3539	26472	13266
918000	46	217	735	8217	928	3665	26714	12456
919000	50	236	826	7702	1061	3856	24917	14130
920000	46	237	915	7621	812	4085	25911	14147
921000	34	251	789	8174	1005	3560	26299	13003
922000	39	203	934	8483	829	3206	28383	12059
923000	16	265	846	8389	401	3885	25986	12496
924000	15	223	642	8517	526	3908	25559	12736
925000	30	225	913	8356	732	3469	27035	12117
926000	35	230	934	8244	816	3486	27537	13062
927000	37	243	869	8354	913	3353	26971	12422
928000	23	240	751	8606	704	3519	27895	13009
929000	22	268	880	8564	592	3428	25997	12287
930000	59	214	842	8288	928	3438	27434	12272
931000	39	233	1078	8416	689	3187	26144	11409
932000	42	221	926	7962	1117	3419	25950	13899
933000	32	225	817	8516	1224	3003	27027	12650
934000	40	225	973	9058	751	2674	28904	10495
935000	35	214	1050	8248	963	3166	27882	12314
936000	24	235	915	8458	863	3254	26385	11532
937000	25	225	1017	8305	909	3174	25882	11602
938000	38	215	849	8798	1106	2755	28703	11968
939000	39	221	1132	7876	922	3389	27185	12866
940000	43	209	928	7965	1128	3487	25878	13549
941000	55	186	983	7933	1460	3113	27177	12726
942000	43	225	1026	8371	1376	2644	26693	11665
943000	40	231	894	8409	1560	2610	27647	11889
944000	45	198	994	8284	1416	2742	28057	13622
945000	31	236	973	8966	1002	2495	28749	10902
946000	42	245	943	8670	1113	2727	28710	10614
947000	24	248	761	8645	1192	2953	27079	11894
948000	45	226	903	8244	1137	3149	26584	13164
949000	37	251	926	8391	1057	3031	27406	11778
950000	29	257	1034	8095	806	3476	26048	12233
951000	40	227	1108	8679	822	2712	27990	9631
952000	24	237	854	8718	645	3291	28214	11654
953000	11	270	553	9438	412	3238	28179	10774
954000	25	261	591	9863	373	2786	31218	9235
955000	20	250	581	9916	533	2672	30065	9455
956000	13	229	557	10084	580	2473	31229	8913
957000	28	235	644	9998	503	2474	31853	8570
958000	27	246	688	9885	456	2587	30530	9327
959000	17	228	748	10367	436	2015	30542	7113
960000	31	257	993	9611	345	2453	30464	8840
961000	21	228	794	9256	687	2811	29446	10307
962000	25	221	690	9359	489	3093	28490	10472
963000	34	256	773	9179	464	3106	29176	9647
964000	23	246	631	8971	614	3431	27443	10837
965000	24	264	712	8974	587	3307	29330	11857
966000	38	257	852	8640	590	3350	28117	11854
967000	24	222	1084	8263	643	3393	28558	11514
968000	18	206	619	8755	620	3697	25614	11799
969000	12	245	724	8916	547	3391	28854	12184
970000	33	213	807	8870	793	3108	27550	12639
971000	25	214	781	9078	631	3102	28971	10473
972000	23	227	764	9329	635	2817	30596	9858
973000	31	177	783	9605	553	2655	30211	9257
974000	30	224	1110	9009	746	2537	29190	10499
975000	29	223	928	9024	682	2867	29935	10065
976000	31	241	930	9109	781	2598	28486	10244
977000	32	218	1213	8548	654	2888	28148	10586
978000	32	230	949	8789	500	3203	28440	10398
979000	25	258	786	8775	621	3380	28087	11361
980000	36	206	800	8699	836	3213	28002	12271
981000	35	216	877	8903	877	2885	28939	10729
982000	32	217	964	9152	861	2466	29589	10143
983000	34	222	879	9474	899	2199	30459	8689
984000	38	210	1050	9394	618	2331	29944	8963
985000	27	264	905	9829	498	2201	31469	7664
986000	32	225	921	10128	317	2065	31579	7198
987000	21	265	851	9940	274	2446	32830	7460
988000	23	201	908	10055	294	2207	32765	7117
989000	28	179	759	9992	341	2512	31726	9299
990000	19	229	710	9754	590	2481	30785	8404
991000	14	188	810	10206	488	2072	31880	8152
992000	18	220	830	9998	649	2114	30751	7948
993000	32	250	901	9930	586	2070	31997	7908
994000	31	245	1030	9581	375	2409	31591	8509
995000	15	229	904	9865	378	2346	31978	7500
996000	24	255	690	10148	495	2267	31195	7674
997000	18	202	849	10367	331	1949	33234	6783
998000	28	231	853	9817	471	2342	30962	8320
999000	14	250	711	10307	286	2298	33403	7312
