0	0	0	0	14400	0	0	0	0
1000	7	227	432	13146	119	69	39394	593
2000	12	227	687	12709	95	112	39218	556
3000	16	202	824	12278	214	275	36862	1317
4000	20	257	919	12257	66	247	39762	1036
5000	32	238	942	12243	26	240	39823	902
6000	17	221	1086	12162	23	154	39876	650
7000	18	247	802	12405	6	320	37586	1052
8000	18	212	804	12433	11	349	39953	958
9000	20	245	907	12250	28	341	37178	1054
10000	17	256	922	12068	45	431	39737	1448
11000	22	237	1060	11846	47	444	36982	1399
12000	27	249	1031	11917	40	358	38294	1070
13000	29	260	881	12336	4	246	38933	646
14000	29	235	1176	11968	0	179	40029	584
15000	21	235	927	12332	24	146	39238	455
16000	17	253	912	12381	4	176	39317	592
17000	25	193	1022	12378	0	110	39164	388
18000	21	209	1076	12284	0	100	37370	201
19000	31	201	1027	12409	2	14	39237	113
20000	22	235	1064	12293	13	35	38231	127
21000	25	221	934	12405	3	88	39711	235
22000	12	243	1042	12226	0	131	39811	395
23000	14	214	853	12568	1	94	38186	270
24000	22	211	948	12403	23	49	39596	244
25000	21	277	902	12458	1	96	37793	318
26000	22	216	1078	12289	0	14	39962	29
27000	13	214	942	12428	106	6	38959	161
28000	19	248	1246	11973	93	23	37993	296
29000	27	222	1004	12317	37	79	40371	185
30000	19	270	777	12593	24	158	38254	541
31000	28	248	991	12246	71	119	38986	492
32000	16	222	775	12651	12	119	38862	309
33000	13	271	1004	12411	0	26	38527	73
34000	28	191	1294	11994	0	8	38797	167
35000	8	211	836	12692	66	2	40032	274
36000	11	252	668	12961	0	3	38779	5
37000	10	260	613	13068	0	0	40498	5
38000	20	227	896	12531	99	6	38897	276
39000	16	257	866	12528	72	17	39577	236
40000	25	252	1065	12295	7	0	39433	6
41000	34	296	1032	12099	142	42	38976	359
42000	10	230	1122	12125	25	60	39524	453
43000	8	262	964	12272	55	148	38645	716
44000	18	254	914	12389	57	101	37948	545
45000	14	209	1004	12351	6	84	39066	424
46000	17	206	808	12699	18	48	39133	219
47000	18	260	784	12653	40	31	38938	229
48000	9	244	812	12587	67	53	39680	340
49000	16	239	741	12689	4	97	38402	345
50000	14	263	948	12418	8	98	38293	442
51000	11	286	930	12471	0	72	37936	123
52000	15	234	840	12529	8	126	39736	202
53000	4	256	951	12446	3	64	39441	218
54000	27	243	1079	12173	20	71	39153	315
55000	23	235	937	12355	66	88	38320	395
56000	29	222	773	12575	53	188	38410	643
57000	25	243	908	12329	58	160	38445	511
58000	15	260	903	12292	96	198	38006	1028
59000	26	199	1075	11909	104	272	36977	975
60000	11	230	909	12073	102	366	37238	1140
61000	25	226	1038	11970	185	261	37703	1291
62000	20	214	1083	11903	109	278	36673	1383
63000	16	211	1115	12033	21	203	39200	545
64000	21	255	992	12298	0	104	39242	350
65000	16	274	879	12460	5	71	38640	416
66000	22	231	936	12520	3	24	38748	133
67000	9	243	1000	12397	2	57	38412	249
68000	12	207	884	12546	10	125	39899	344
69000	21	254	1131	12150	2	68	39908	244
70000	25	242	1187	12000	0	85	38234	248
71000	12	239	920	12409	1	167	38749	488
72000	13	215	772	12622	5	199	38913	708
73000	15	237	719	12779	0	93	39577	290
74000	14	226	684	12939	0	55	39391	152
75000	10	229	822	12683	0	15	38840	53
76000	22	236	1026	12325	96	17	38336	256
77000	26	236	876	12515	28	18	38738	127
78000	25	223	1123	12062	203	0	39572	292
79000	23	234	1061	12264	70	27	38468	447
80000	27	240	1193	11955	14	101	40930	394
81000	18	224	746	12626	4	243	38517	762
82000	17	230	1023	12152	0	278	38524	687
83000	22	247	854	12572	0	105	40071	418
84000	16	237	736	12760	0	37	39518	114
85000	7	258	649	12967	0	24	40324	125
86000	7	229	657	12910	0	25	39013	122
87000	28	219	827	12678	0	27	39311	70
88000	21	262	802	12680	0	48	40677	91
89000	15	240	737	12816	0	46	40017	100
90000	17	233	912	12563	1	27	38786	136
91000	20	242	734	12838	0	0	39199	1
92000	14	253	913	12510	34	11	39392	222
93000	9	253	769	12714	29	58	39595	319
94000	13	230	591	12961	10	95	39172	382
95000	11	236	681	12683	43	161	38631	748
96000	11	219	725	12696	48	144	38524	519
97000	18	251	836	12511	42	154	39232	646
98000	16	204	695	12454	144	339	38541	1538
99000	31	234	751	12301	135	359	37261	1542
100000	30	244	833	12112	121	446	38088	1646
101000	18	270	748	11736	233	860	36232	3237
102000	17	247	739	11561	115	1182	35945	4579
103000	28	216	636	11085	125	1782	34359	5061
104000	12	215	654	10910	292	1778	34321	5991
105000	30	234	748	10881	150	1791	33330	5687
106000	8	251	795	11000	222	1530	34690	5098
107000	21	249	758	11267	222	1325	34642	4444
108000	13	227	740	11331	196	1335	35155	4461
109000	20	227	755	11733	151	891	37107	3127
110000	19	255	786	11647	99	982	36880	3168
111000	19	226	977	11368	78	1058	35573	3567
112000	31	229	957	11247	74	1169	36150	3971
113000	28	233	1133	11173	142	920	35964	2760
114000	26	227	1246	10973	67	1014	35754	2890
115000	17	184	919	11412	123	1082	36370	3369
116000	35	242	974	11067	299	1064	35008	3662
117000	14	251	768	11130	333	1362	34932	5411
118000	18	257	732	11208	232	1365	35087	4309
119000	20	216	1023	11101	130	1148	35868	4272
120000	16	217	800	11566	153	1077	33428	3490
121000	13	246	734	11393	186	1305	35262	4463
122000	16	239	788	11305	234	1196	36045	4421
123000	30	234	1027	10612	307	1432	33799	5251
124000	27	256	836	10592	402	1659	32800	6014
125000	28	218	889	10254	618	1715	33356	5927
126000	37	217	879	10225	612	1773	33028	7355
127000	24	238	907	9947	637	2014	31496	7290
128000	21	236	681	10299	410	2217	31843	8091
129000	20	254	852	10556	331	1774	32512	5980
130000	19	245	881	10829	275	1514	35035	4901
131000	14	234	647	11151	274	1563	35224	4797
132000	14	277	630	11364	148	1471	32623	4528
133000	19	237	527	11632	204	1330	33513	4455
134000	12	245	706	11691	212	970	35704	3801
135000	19	235	831	11393	168	1116	35757	4201
136000	25	249	842	11535	185	950	36119	3223
137000	20	274	733	11910	75	810	37494	2879
138000	31	214	915	11534	86	912	37478	2864
139000	14	244	1086	11399	93	827	35017	2707
140000	13	224	953	11831	178	521	37869	2050
141000	29	271	931	11948	70	404	37238	1776
142000	26	222	884	11957	101	542	37116	1666
143000	22	265	729	11885	146	817	37638	2964
144000	13	271	840	11827	114	697	35916	2551
145000	36	204	872	11811	143	683	38116	2904
146000	18	270	773	12143	91	500	37769	1792
147000	9	239	805	12150	103	459	38225	1694
148000	23	209	803	12254	88	433	39615	1472
149000	27	225	952	12003	68	474	37434	1613
150000	26	294	1098	11781	23	419	36844	1393
151000	26	235	1029	11814	45	471	36279	1850
152000	21	225	939	12126	29	429	38187	1694
153000	12	213	839	12276	52	413	38346	1506
154000	8	269	523	12990	2	187	38192	623
155000	18	221	908	12361	29	225	38278	720
156000	14	236	616	12630	11	394	37996	979
157000	13	268	679	12596	7	309	38349	780
158000	8	258	703	12669	13	231	39051	675
159000	15	243	804	12600	12	147	39175	610
160000	15	242	852	12387	42	219	37384	875
161000	23	276	946	12277	7	210	38625	429
162000	18	222	928	12281	22	264	38598	776
163000	20	236	855	12433	16	192	39960	769
164000	15	218	685	12735	18	171	39864	456
165000	17	237	621	12819	33	183	39592	547
166000	10	262	806	12540	51	124	39642	595
167000	16	260	697	12674	19	180	39550	694
168000	13	244	891	12456	17	132	38951	492
169000	6	253	791	12673	3	112	38383	277
170000	12	242	839	12582	3	59	39720	243
171000	25	261	852	12588	2	62	39803	161
172000	21	260	915	12461	33	49	40185	402
173000	22	217	960	12288	7	149	39883	505
174000	23	250	1404	11630	9	196	38478	669
175000	24	201	858	12350	39	294	38733	882
176000	17	252	1023	12159	50	174	38723	761
177000	12	270	661	12630	11	294	39653	780
178000	20	246	554	12807	5	254	40037	845
179000	27	249	702	12651	28	176	38404	707
180000	6	236	797	12572	58	149	39047	593
181000	27	202	921	12360	40	153	40841	658
182000	14	270	843	12470	6	208	40457	508
183000	14	259	864	12342	6	271	39186	789
184000	19	215	679	12800	16	137	40087	581
185000	19	252	709	12686	30	179	39005	564
186000	18	236	850	12537	34	52	40367	264
187000	18	227	908	12525	0	2	39371	44
188000	32	254	973	12181	233	19	38772	691
189000	30	255	950	11810	413	250	36341	1684
190000	17	263	1058	11746	123	488	36722	1880
191000	29	271	1159	11498	121	510	37530	1855
192000	22	282	1011	11675	255	392	37785	1889
193000	31	184	1134	11697	60	483	37521	1941
194000	25	268	1100	11910	166	222	37092	1365
195000	24	287	833	12218	111	270	36749	1095
196000	19	213	697	12400	100	442	38714	1598
197000	23	226	836	12111	37	539	38409	1599
198000	23	221	689	12505	85	334	38714	1349
199000	9	267	714	12612	35	248	39719	807
200000	16	192	839	12445	38	197	40394	557
201000	22	229	993	12209	12	163	39055	591
202000	23	250	994	12072	21	279	36852	672
203000	17	248	684	12653	14	239	38056	915
204000	13	227	706	12571	0	371	38023	690
205000	19	257	843	12150	41	449	38041	1350
206000	22	228	790	12183	79	478	38193	1530
207000	26	245	877	11597	80	914	36956	3003
208000	14	263	944	11429	82	971	35417	3610
209000	21	237	703	12068	102	761	37056	2399
210000	10	299	653	12181	61	706	36637	2445
211000	17	254	752	12165	83	582	37416	1961
212000	11	252	822	11891	208	594	36720	2070
213000	17	247	1017	11590	201	634	36625	2734
214000	20	277	812	12083	155	467	35894	1706
215000	14	218	706	12342	41	529	39133	1755
216000	12	252	706	12420	116	353	38901	1241
217000	26	199	819	12514	44	184	38536	905
218000	16	247	772	12476	74	211	38555	785
219000	9	250	888	12449	24	157	39233	717
220000	19	221	963	12389	24	106	39989	457
221000	9	214	760	12706	36	89	38859	453
222000	13	231	785	12659	33	143	39574	489
223000	16	238	721	12652	62	152	39168	669
224000	19	239	1012	12169	17	219	38554	848
225000	16	197	894	12277	2	351	38293	800
226000	23	258	929	12202	20	273	40031	655
227000	26	229	881	12285	6	331	38778	1032
228000	19	230	894	12255	10	333	38141	1000
229000	18	236	1111	11896	5	363	36959	917
230000	19	273	955	12246	2	214	38725	753
231000	9	249	552	12861	12	235	38811	780
232000	12	235	808	12630	13	99	39324	392
233000	20	245	940	12412	2	84	38725	295
234000	18	231	878	12574	0	52	39409	171
235000	15	244	973	12426	5	66	39729	189
236000	32	227	1147	12189	0	15	39983	67
237000	24	238	853	12519	130	15	37522	297
238000	23	285	764	12586	93	63	38631	719
239000	14	235	847	12411	46	216	36999	571
240000	12	234	782	12427	20	362	38490	979
241000	11	195	831	12386	7	375	38621	1232
242000	13	199	1066	12147	14	249	38878	970
243000	25	230	861	12323	100	209	38404	854
244000	15	235	998	12114	113	213	37848	1270
245000	22	255	828	12468	62	111	37668	488
246000	11	249	1035	12113	76	179	38104	504
247000	3	242	883	12592	14	59	39543	250
248000	16	242	839	12610	0	97	38812	256
249000	11	250	561	13117	0	38	39129	81
250000	20	235	644	12926	0	26	40054	113
251000	11	236	684	12858	0	62	39940	72
252000	5	250	725	12836	0	6	39170	64
253000	13	266	776	12651	120	0	39860	271
254000	20	234	882	12381	169	60	37466	752
255000	21	243	724	12621	140	125	38365	835
256000	13	225	775	12585	72	131	40285	667
257000	13	245	798	12551	69	120	38082	436
258000	12	245	943	12390	72	94	38002	377
259000	25	225	947	12416	27	78	39165	258
260000	12	245	812	12568	1	146	38673	323
261000	17	254	851	12387	0	285	38593	686
262000	10	291	553	12655	10	406	38290	1117
263000	17	234	647	12755	13	223	38042	872
264000	13	243	756	12610	2	192	39661	547
265000	23	209	1063	12116	40	222	38087	687
266000	15	236	809	12634	18	77	38966	227
267000	21	233	965	12426	0	98	38561	202
268000	13	200	939	12500	0	43	40039	238
269000	13	252	882	12520	0	132	38105	347
270000	13	250	897	12579	0	19	39025	13
271000	9	275	828	12603	0	59	40263	212
272000	19	254	996	12346	12	46	38630	127
273000	4	246	812	12694	0	77	40025	221
274000	22	226	968	12469	5	22	39449	62
275000	18	229	754	12710	99	2	39170	202
276000	17	252	831	12587	80	21	38580	455
277000	17	241	1012	12272	99	49	38327	596
278000	11	213	784	12703	15	102	39460	375
279000	9	245	727	12791	0	66	38690	278
280000	16	257	793	12668	3	63	39744	202
281000	27	219	895	12544	1	30	38977	171
282000	13	227	754	12798	6	59	39349	201
283000	13	225	916	12391	3	141	38306	380
284000	7	234	824	12651	0	66	38893	110
285000	20	221	773	12745	1	27	40301	68
286000	17	257	763	12788	0	22	38634	213
287000	10	214	749	12835	61	0	40303	252
288000	16	260	870	12566	26	11	40865	186
289000	19	264	942	12545	0	2	39158	5
290000	22	225	976	12405	65	4	37497	181
291000	16	222	880	12644	7	8	39207	35
292000	24	255	737	12712	96	13	39232	387
293000	19	264	962	12422	61	17	39421	186
294000	20	234	730	12839	2	33	39667	96
295000	19	229	672	12831	47	92	39768	467
296000	15	261	716	12603	19	214	40315	708
297000	10	283	620	12772	8	216	37960	785
298000	21	231	586	12827	42	231	39530	730
299000	7	258	606	12835	27	167	38441	602
300000	11	245	668	12764	0	202	38779	729
301000	19	223	824	12499	3	187	41139	805
302000	13	227	679	12793	12	167	39100	544
303000	13	269	621	12781	9	225	38564	650
304000	17	257	773	12281	33	451	38880	1171
305000	18	236	668	12537	15	346	38281	1286
306000	29	263	853	12389	0	212	38313	533
307000	18	286	713	12757	4	87	38944	382
308000	11	241	810	12619	4	108	39229	341
309000	13	244	725	12742	0	149	39302	317
310000	12	268	677	12860	1	55	40507	109
311000	15	257	650	12911	1	45	39928	86
312000	9	268	643	12904	0	79	40444	83
313000	17	254	994	12366	2	74	39405	324
314000	20	267	987	12290	15	74	38722	306
315000	15	246	893	12503	4	48	38725	120
316000	15	266	1020	12352	0	35	38072	123
317000	21	240	831	12686	0	13	39631	42
318000	25	241	926	12412	160	6	37735	377
319000	22	248	1084	12036	243	15	36901	647
320000	14	230	1223	11803	215	81	38005	902
321000	27	231	882	12274	161	152	37971	852
322000	12	222	707	12713	87	108	39065	534
323000	17	236	684	12732	62	115	39305	537
324000	21	237	781	12521	20	220	38906	861
325000	16	235	890	12383	104	119	39134	707
326000	22	248	709	12755	58	35	39359	290
327000	21	242	717	12790	33	61	38541	308
328000	27	252	825	12595	40	85	39121	177
329000	20	210	1217	11898	36	150	37343	479
330000	25	213	1053	12107	28	195	38191	652
331000	10	228	878	12316	92	196	37300	787
332000	19	193	834	12305	125	303	38572	1175
333000	10	200	1031	11914	129	410	37905	1637
334000	21	229	812	12041	126	582	37375	1774
335000	20	220	862	11953	140	538	38053	2281
336000	19	269	947	11856	89	549	37959	1857
337000	24	215	971	11736	162	614	37612	2140
338000	22	247	1120	11650	117	485	37936	1902
339000	18	222	936	12075	61	442	38449	1713
340000	17	274	883	12041	128	426	36834	1569
341000	14	227	844	11961	129	581	37231	1526
342000	28	254	809	11820	176	699	36877	2618
343000	25	230	870	11912	198	576	36643	2394
344000	17	240	834	11874	162	614	37522	2463
345000	18	227	782	11763	178	831	37372	2897
346000	18	242	956	11852	162	510	36713	2597
347000	14	237	774	12095	140	522	36862	1879
348000	25	222	863	11836	265	497	37724	2151
349000	18	230	831	11823	295	536	37828	2260
350000	25	268	1091	11441	91	704	36483	2137
351000	26	230	999	11521	178	711	36316	2572
352000	15	253	786	12321	70	364	37765	1682
353000	11	258	623	12467	84	460	38429	1544
354000	25	263	698	12202	167	505	37632	1726
355000	18	271	772	12170	145	429	36694	1508
356000	13	236	709	12353	100	451	37958	1580
357000	16	261	828	12048	84	572	37023	1899
358000	8	255	643	12496	78	447	37909	1681
359000	20	245	716	12489	50	337	38073	1429
360000	14	266	659	12470	53	420	37565	1132
361000	8	246	573	12680	0	448	38669	1457
362000	15	261	719	12491	37	291	39369	1034
363000	21	256	768	12380	151	226	37507	1371
364000	6	209	608	12738	125	209	41037	923
365000	21	274	927	12292	40	194	38205	611
366000	32	219	962	12197	19	301	37986	970
367000	11	262	803	12518	19	186	38386	531
368000	12	251	754	12661	17	114	39148	260
369000	20	255	768	12720	11	60	38976	210
370000	7	242	758	12784	0	35	39854	113
371000	20	206	832	12731	1	54	39121	163
372000	21	258	975	12365	0	73	39884	151
373000	23	213	1133	12125	0	83	40342	235
374000	15	269	770	12558	27	149	40305	565
375000	15	239	621	12794	76	168	38449	498
376000	27	245	569	12951	36	94	39893	483
377000	9	209	849	12571	53	123	40751	330
378000	22	220	792	12595	35	191	40089	417
379000	20	220	844	12407	50	234	38735	912
380000	20	226	917	12332	0	217	38324	709
381000	17	232	1084	11947	20	360	38125	1145
382000	20	202	949	12287	25	209	37336	625
383000	16	232	685	12726	38	152	39191	485
384000	21	238	962	12248	19	242	38442	457
385000	20	247	789	12389	22	361	39503	881
386000	19	217	816	12473	48	246	39376	915
387000	13	242	885	12425	15	168	39452	535
388000	14	226	1049	12223	1	135	39117	512
389000	15	235	681	12801	5	110	39957	274
390000	13	256	747	12529	9	312	37396	792
391000	17	236	840	12210	64	379	38805	1022
392000	7	260	697	12325	40	558	38970	1796
393000	15	232	768	12241	82	457	36667	1517
394000	18	191	990	12248	52	212	37916	904
395000	15	261	895	12388	0	204	38716	571
396000	15	226	864	12415	3	250	38635	904
397000	15	240	895	12495	7	126	38265	535
398000	19	267	938	12473	0	27	38476	130
399000	23	208	804	12584	125	3	41252	179
400000	26	226	873	12625	10	25	40361	131
401000	17	222	816	12621	74	27	38409	233
402000	24	245	864	12508	97	22	38554	232
403000	42	230	879	12530	26	47	40235	300
404000	22	283	779	12653	4	45	39429	131
405000	27	264	983	12396	9	41	39470	148
406000	26	257	997	12332	0	62	38848	194
407000	14	274	847	12622	0	39	38866	153
408000	20	218	1195	12152	7	2	38372	96
409000	38	223	1451	11651	67	0	39295	207
410000	27	234	1471	11662	15	23	38008	90
411000	22	221	1060	12351	0	17	39153	14
412000	16	248	951	12423	0	81	38871	300
413000	14	220	758	12759	93	0	38469	181
414000	14	198	1049	12386	8	10	38895	24
415000	22	266	929	12537	0	6	39256	25
416000	20	249	702	12716	116	9	38092	491
417000	14	232	693	12720	196	15	39427	494
418000	27	193	1076	12275	15	71	38040	330
419000	21	215	1027	12361	0	27	39408	127
420000	14	238	805	12779	0	11	39635	29
421000	32	232	800	12748	0	0	39115	1
422000	22	209	856	12550	76	49	40793	438
423000	18	251	1028	12212	34	139	38032	711
424000	12	226	980	12346	15	139	38966	663
425000	15	217	754	12754	18	53	38893	325
426000	4	252	850	12632	0	39	38028	185
427000	7	258	681	12785	0	154	38039	377
428000	21	220	975	12193	12	315	38107	773
429000	24	231	1069	12177	15	129	39189	615
430000	35	287	1269	11910	0	0	38725	6
431000	26	225	1434	11678	86	5	39701	177
432000	37	208	1157	11902	125	163	39479	764
433000	20	246	937	12195	106	206	38434	924
434000	16	247	1054	12041	48	218	39232	801
435000	16	266	898	12130	52	358	37967	1440
436000	22	214	852	12417	32	244	39662	858
437000	26	202	1092	11991	7	368	38654	999
438000	20	203	1103	11849	20	458	37727	1479
439000	14	251	833	12157	58	479	38991	1440
440000	17	238	1057	12088	74	199	39097	961
441000	27	236	1104	11844	129	310	35922	1181
442000	32	201	849	12189	127	367	37886	1757
443000	25	193	860	12267	163	257	38949	926
444000	16	195	815	12446	131	202	39024	1081
445000	20	203	808	12229	183	318	37453	1330
446000	23	239	750	12154	130	551	38510	1745
447000	8	208	709	11985	171	793	37729	2388
448000	17	265	867	11388	201	1048	36537	3600
449000	25	253	629	11856	180	945	36455	3039
450000	19	237	864	11378	131	1122	34798	3778
451000	15	199	787	11480	167	1199	34542	3985
452000	10	260	705	11606	185	1101	36146	4053
453000	18	272	724	11404	207	1237	36492	4457
454000	15	234	848	11542	144	969	35145	3613
455000	24	248	889	11721	83	783	37338	2249
456000	16	245	998	11818	209	449	37135	1552
457000	37	219	1024	11520	142	693	37724	2261
458000	22	222	858	11669	341	668	35898	2913
459000	17	206	843	11262	366	1090	36431	3865
460000	15	226	750	11238	311	1328	36095	5056
461000	18	220	948	11361	161	1040	35145	3697
462000	20	246	767	11681	205	870	37297	3272
463000	10	210	784	11918	161	756	37073	2865
464000	24	237	793	11873	125	723	36272	2320
465000	26	192	877	11961	69	638	37434	2060
466000	28	225	1124	11678	29	541	36439	1382
467000	15	255	1019	11689	62	671	38116	2029
468000	10	225	891	11708	92	815	37265	2610
469000	25	251	742	11902	85	833	36529	2950
470000	15	260	715	11820	110	953	36832	3059
471000	27	246	1086	11103	177	969	36538	3572
472000	26	262	1239	10626	289	1079	32959	3455
473000	50	221	1209	10560	250	1258	34591	4028
474000	30	208	1025	10919	347	1145	34880	4274
475000	29	247	929	10572	490	1462	34518	5477
476000	25	256	1057	10228	346	1736	32442	6399
477000	20	261	920	10454	254	1826	34051	5552
478000	21	263	681	11188	197	1467	33233	4720
479000	18	220	828	11114	262	1318	35304	4797
480000	22	244	809	11117	244	1369	34485	5190
481000	10	211	678	11582	238	1170	35373	4675
482000	18	246	589	11427	155	1470	35799	4593
483000	15	220	795	11239	187	1342	35645	4750
484000	26	234	871	11138	63	1462	34761	4963
485000	18	268	724	11463	226	1194	35682	4577
486000	35	224	1161	11104	240	825	36127	2809
487000	23	240	1129	10881	533	807	34679	3526
488000	47	239	1229	10238	489	1331	34419	4888
489000	29	241	973	10717	347	1400	33694	5429
490000	17	242	899	10527	331	1683	32826	5629
491000	17	224	774	10929	308	1580	35436	5249
492000	14	214	752	10720	285	1846	32838	5845
493000	15	229	727	11122	231	1489	33403	4747
494000	13	275	722	10759	277	1805	34316	5396
495000	25	244	758	10938	294	1564	34079	5864
496000	17	252	769	10859	312	1618	35948	5449
497000	20	226	916	10780	239	1529	34215	4905
498000	11	275	881	11120	224	1292	35688	4373
499000	20	250	1027	10848	95	1482	34522	4287
500000	16	276	793	11341	136	1257	35074	4163
501000	13	244	742	11261	147	1366	35168	4017
502000	15	228	746	11452	86	1303	35402	4238
503000	12	256	733	11588	205	1034	35156	3952
504000	10	253	563	12142	122	820	37017	3066
505000	21	244	625	12021	88	908	36537	2918
506000	12	249	821	11857	79	776	38040	2647
507000	30	226	860	11812	172	688	37552	2751
508000	21	224	900	11881	149	542	38191	1837
509000	18	255	883	11914	163	517	37529	2120
510000	14	207	665	12364	88	564	38937	1978
511000	12	259	880	11994	47	548	37061	1970
512000	13	242	816	12166	41	537	37994	1465
513000	16	256	729	12448	8	415	38600	1226
514000	19	258	758	12394	19	371	38486	999
515000	22	228	783	12302	37	399	37997	1305
516000	9	263	659	12740	0	217	37559	467
517000	27	210	1028	12270	0	153	39008	459
518000	30	250	831	12536	13	137	40605	484
519000	17	247	740	12718	4	120	38562	392
520000	14	238	619	12670	21	302	38638	865
521000	18	279	799	12473	9	208	39047	484
522000	12	216	893	12487	18	131	38197	481
523000	36	214	1176	12086	13	44	39296	137
524000	24	213	987	12304	59	77	40199	274
525000	4	247	977	12424	2	63	38371	99
526000	6	272	960	12420	0	74	38348	276
527000	14	263	825	12630	0	22	39425	53
528000	12	238	782	12681	1	79	40238	151
529000	6	246	638	12991	0	12	40048	101
530000	7	214	496	13259	2	5	39278	47
531000	9	252	689	12924	0	0	39684	16
532000	15	277	783	12642	56	23	39042	272
533000	19	184	787	12757	76	31	38689	185
534000	12	275	862	12501	47	78	38214	396
535000	16	224	764	12611	60	108	39763	705
536000	22	252	987	12238	88	121	37643	514
537000	35	203	1001	12039	143	257	37977	1030
538000	24	246	835	12235	173	288	37581	1617
539000	8	235	889	12084	64	453	38529	1568
540000	6	251	725	12349	40	460	38902	1505
541000	12	247	722	12353	93	385	39205	1202
542000	8	223	521	12815	100	283	38810	1025
543000	13	246	608	12647	103	308	37777	1187
544000	20	254	748	12420	119	310	38571	1184
545000	14	221	836	12354	92	301	39874	1088
546000	25	289	783	12074	69	576	37614	1712
547000	8	241	813	12059	134	526	38336	2072
548000	17	251	929	12019	9	531	37837	1446
549000	7	249	702	12608	4	301	37256	934
550000	10	204	706	12461	11	463	39347	1380
551000	15	230	840	12169	38	487	36899	1390
552000	17	266	685	12380	13	484	38243	1457
553000	2	252	574	12564	64	504	38230	1700
554000	16	251	689	12425	100	422	37842	1473
555000	11	262	678	12323	28	549	37876	1923
556000	12	226	816	12216	42	496	37493	1749
557000	9	248	903	12027	84	512	38803	1595
558000	22	227	916	11625	79	810	37293	2648
559000	19	262	1103	11341	79	865	35838	2742
560000	18	209	924	11716	117	763	36101	2932
561000	16	227	1069	11832	49	476	36053	1670
562000	25	214	1181	11774	38	371	38348	1328
563000	22	215	1253	11843	2	194	37970	516
564000	24	248	1067	11956	19	300	37300	873
565000	8	244	830	12391	25	268	40324	906
566000	15	237	774	12516	0	231	40009	771
567000	12	237	748	12614	3	212	38405	779
568000	15	254	674	12572	0	346	37477	993
569000	15	236	605	12673	6	353	38773	1096
570000	13	243	713	12540	27	288	38264	738
571000	9	237	801	12374	24	373	38576	1038
572000	4	250	867	12102	31	516	38832	1401
573000	9	227	829	12146	45	548	36924	1649
574000	19	259	824	12198	22	470	35776	1558
575000	14	238	759	12238	116	451	38552	2129
576000	14	261	761	12251	73	460	36975	1693
577000	14	240	803	11915	143	719	36229	2515
578000	9	247	694	12088	69	746	36952	2776
579000	16	235	778	11933	107	716	36848	2425
580000	18	252	644	12031	152	821	36572	3383
581000	17	257	781	11962	48	720	36602	2181
582000	12	309	783	11979	44	687	37219	2261
583000	13	261	609	12096	96	833	37852	2597
584000	10	235	700	11915	138	854	36836	2549
585000	23	252	597	12135	158	744	36647	2607
586000	19	245	575	12190	174	710	37029	2807
587000	18	249	796	11741	154	828	37146	2427
588000	20	254	777	11970	122	679	36254	2517
589000	24	226	964	11122	266	1076	36835	3532
590000	6	236	799	11694	405	655	36766	3057
591000	25	223	1009	11532	363	536	36395	3102
592000	20	253	891	11772	269	511	36317	2560
593000	25	222	1050	11579	214	585	36722	2341
594000	34	219	897	12031	32	516	36426	1606
595000	20	255	964	11886	89	553	37118	1782
596000	50	242	1142	11843	78	211	38633	1312
597000	26	271	1020	12083	120	175	38514	811
598000	20	232	900	12370	5	199	38741	691
599000	15	250	734	12631	5	209	39499	656
600000	21	218	748	12490	33	276	38365	1047
601000	24	260	879	12296	30	252	37389	704
602000	24	206	1069	12182	4	195	38075	449
603000	22	256	852	12327	7	281	38574	882
604000	14	247	797	12425	83	295	38125	861
605000	21	240	982	11818	195	473	37374	1750
606000	19	268	944	11647	175	650	38657	2089
607000	18	226	916	11710	203	653	36654	2901
608000	31	247	982	11285	230	877	35286	2676
609000	19	262	1000	11064	204	1149	35272	3779
610000	21	236	1075	10859	236	1240	33971	4534
611000	21	240	804	11390	134	1161	35600	3602
612000	19	232	841	11056	143	1433	34599	4821
613000	20	270	770	11330	123	1303	36010	3768
614000	8	221	720	11708	121	1075	36191	3618
615000	13	234	753	11811	57	953	37043	2642
616000	11	221	801	11777	9	982	37316	2301
617000	18	240	851	11939	34	706	37956	2241
618000	34	229	1017	11720	33	647	38135	1780
619000	15	221	893	11900	59	655	37128	2158
620000	12	249	863	12091	111	393	38137	1639
621000	21	218	880	12028	35	554	38551	1498
622000	28	267	972	11809	73	569	37398	1817
623000	15	234	834	12065	57	586	39814	1968
624000	11	229	741	12096	45	718	37129	2637
625000	12	218	690	12370	31	528	37864	1292
626000	18	229	826	12311	47	354	38514	1224
627000	16	251	600	12506	157	404	37613	1432
628000	13	259	619	12299	185	520	38313	1978
629000	24	269	929	11785	146	570	37479	2581
630000	10	275	607	12094	118	790	36623	2681
631000	16	279	645	12082	152	701	36537	3074
632000	25	199	660	11813	314	866	36965	3072
633000	12	244	689	12090	108	701	37096	2576
634000	14	207	794	11792	153	850	36466	3053
635000	25	230	742	11417	227	1215	34982	3941
636000	17	206	930	11301	400	851	36466	3928
637000	27	230	1051	10722	389	1235	35044	4296
638000	26	212	834	10898	370	1432	33193	5278
639000	24	227	822	11225	324	1153	34600	4228
640000	34	229	872	11063	263	1285	35135	4005
641000	21	199	866	11187	191	1338	36333	4224
642000	19	250	815	11068	210	1474	34378	4897
643000	26	221	988	10544	246	1648	34021	6043
644000	23	239	900	10407	390	1807	33228	6920
645000	17	197	834	10736	315	1698	33949	6102
646000	18	238	771	10775	352	1702	33229	6759
647000	31	242	910	10937	277	1301	33960	4655
648000	26	210	833	11464	305	926	35391	3928
649000	22	223	781	11948	206	626	37583	2375
650000	22	266	785	12005	139	597	37967	2165
651000	16	260	728	12068	91	674	38460	2112
652000	16	199	834	11688	71	943	37662	2878
653000	27	201	1076	11199	129	1018	35741	3429
654000	21	242	1069	11354	96	831	35434	2883
655000	17	254	870	11691	170	761	36965	2648
656000	35	245	880	11816	241	554	37482	2616
657000	19	229	839	12026	196	450	37890	1965
658000	27	243	927	11713	340	472	37647	1956
659000	24	240	892	11802	325	462	35975	2364
660000	26	243	835	11819	283	570	36428	2284
661000	20	259	821	11933	216	532	37393	2564
662000	14	246	820	11712	162	825	37299	2989
663000	24	219	827	11843	143	697	35866	2486
664000	16	219	707	11805	243	842	36640	3424
665000	16	197	734	12033	152	708	37899	2281
666000	10	264	675	12044	92	770	37014	2996
667000	27	209	926	11776	133	639	36841	2296
668000	14	215	932	11876	106	600	38151	2040
669000	10	263	886	12103	53	464	38550	1528
670000	31	270	997	11998	23	354	36604	887
671000	33	191	1167	11550	50	548	36274	1705
672000	4	258	899	11896	120	551	37078	1562
673000	23	241	832	12101	80	534	37384	1516
674000	18	260	946	11881	120	500	38423	1479
675000	14	234	788	12233	19	556	37606	1538
676000	30	259	795	12050	15	596	36807	1837
677000	17	238	1097	11692	28	591	37656	1971
678000	24	267	994	11609	128	635	36258	2108
679000	18	243	690	12131	152	605	38616	2231
680000	20	244	662	11776	153	1060	36423	2955
681000	20	236	882	11198	221	1126	34224	3752
682000	24	260	820	11224	230	1217	35666	4180
683000	15	233	665	11661	145	1201	36382	4099
684000	17	205	715	11676	61	1176	36368	3752
685000	17	189	634	12003	252	817	36706	2953
686000	25	258	912	11491	195	819	36768	3414
687000	17	244	1077	11177	336	762	35429	3305
688000	23	226	934	11282	204	1050	35598	3581
689000	23	254	936	11527	115	863	35279	3063
690000	13	203	1129	11225	98	931	36462	2865
691000	9	281	807	11655	51	982	35454	2737
692000	15	256	724	11980	122	697	36910	2115
693000	14	259	734	11952	91	760	36868	2869
694000	19	224	820	11948	73	697	35758	3024
695000	10	238	784	11955	83	683	37401	2392
696000	10	231	838	12074	77	507	38262	1759
697000	17	221	970	11932	30	575	38682	2347
698000	28	214	907	11845	25	699	37799	2148
699000	13	248	892	11784	100	724	36894	2344
700000	21	258	741	11581	106	1123	36207	4122
701000	11	243	666	11617	145	1226	36420	3717
702000	13	206	852	11864	130	728	36542	2615
703000	20	235	824	12138	142	463	37183	2072
704000	19	216	765	11991	184	635	36966	1871
705000	12	229	729	12112	78	693	37152	2189
706000	10	249	865	11906	35	735	36907	2409
707000	22	288	794	12060	65	576	37036	1964
708000	17	269	908	11812	98	660	36411	1779
709000	26	237	695	12050	183	668	37470	2659
710000	13	223	673	12478	75	423	39038	1304
711000	9	228	807	12206	78	471	37058	1295
712000	22	194	936	12162	73	336	39223	1471
713000	13	293	806	12400	55	201	38241	602
714000	27	213	1046	12070	76	246	37878	872
715000	13	190	904	12333	92	235	37265	719
716000	28	231	1152	12043	37	106	38876	397
717000	18	267	1090	12147	1	174	39195	404
718000	18	229	943	12512	0	25	39042	165
719000	12	255	615	12902	0	132	39704	294
720000	10	237	666	12851	0	101	38259	287
721000	20	247	777	12548	15	187	38229	495
722000	25	223	818	12624	0	85	39450	285
723000	9	230	785	12769	14	40	40542	187
724000	5	261	804	12696	0	29	39752	53
725000	11	238	744	12752	99	2	39484	176
726000	15	249	708	12624	141	61	38996	484
727000	17	250	859	12480	56	89	39121	628
728000	24	228	861	12371	101	177	39335	760
729000	12	252	705	12705	40	88	39297	292
730000	19	295	858	12414	33	169	36524	562
731000	17	234	722	12779	5	89	39533	294
732000	18	248	815	12646	0	58	40472	81
733000	16	257	888	12553	0	29	37944	94
734000	17	270	816	12665	0	28	39898	49
735000	20	223	861	12680	5	10	39063	33
736000	9	261	738	12685	134	8	38598	391
737000	30	242	805	12653	85	2	38646	306
738000	18	258	901	12579	45	5	37495	135
739000	12	232	880	12554	21	67	40002	402
740000	19	227	1094	12157	6	129	39270	255
741000	17	241	1024	12154	33	171	37973	642
742000	16	256	1074	12147	68	97	38309	382
743000	19	253	708	12765	2	78	38679	348
744000	27	254	851	12520	2	126	38537	292
745000	20	234	806	12599	0	86	39135	252
746000	4	275	923	12380	12	139	39948	335
747000	15	245	911	12340	4	223	38679	639
748000	10	255	866	12479	9	131	39530	333
749000	16	246	858	12541	6	137	39543	441
750000	12	234	740	12654	17	155	40017	370
751000	18	281	756	12645	4	107	39741	371
752000	12	237	800	12692	16	51	39684	190
753000	8	226	729	12851	3	8	40179	48
754000	14	237	599	12962	1	69	38548	221
755000	26	212	787	12762	0	48	38573	138
756000	15	246	747	12756	0	38	39520	79
757000	4	277	686	12878	14	26	38709	112
758000	17	223	729	12896	0	0	40869	18
759000	8	238	738	12735	112	7	40562	239
760000	15	265	635	12882	80	28	38916	306
761000	14	234	828	12597	38	100	40304	441
762000	21	237	894	12523	26	40	37849	165
763000	20	248	954	12501	0	0	39039	7
764000	24	263	1088	11936	217	90	37856	730
765000	35	186	1182	11904	193	135	37463	828
766000	36	248	1076	11880	122	247	38767	958
767000	17	220	868	12262	106	271	38800	1025
768000	17	209	789	12495	69	190	40382	908
769000	26	207	876	12303	113	228	39074	908
770000	18	235	776	12471	59	269	38655	918
771000	15	226	819	12349	4	379	38774	998
772000	19	227	685	12408	33	439	39271	1471
773000	15	227	631	12677	49	331	38784	1133
774000	19	215	826	12314	105	317	36624	1363
775000	17	216	1087	11871	108	427	37443	1340
776000	20	269	1000	11920	140	323	37588	1233
777000	14	256	1090	11685	54	532	38161	2006
778000	15	224	786	12310	47	403	38789	1362
779000	8	222	826	12474	6	292	38546	1072
780000	26	264	986	12114	54	200	38740	626
781000	17	228	944	12283	25	180	37865	613
782000	8	213	920	12406	1	175	38013	479
783000	14	204	774	12644	22	181	39859	502
784000	10	244	606	12864	26	141	39868	573
785000	15	225	776	12640	4	169	39033	615
786000	21	258	811	12502	10	188	39551	689
787000	18	220	924	12406	17	178	38269	541
788000	23	270	983	12307	22	104	38244	461
789000	13	244	976	12358	0	47	39538	123
790000	10	226	1020	12381	21	10	38649	115
791000	11	235	727	12855	0	10	40673	4
792000	19	218	849	12593	133	1	39618	398
793000	19	271	791	12558	141	24	39074	456
794000	17	254	789	12682	69	25	38677	280
795000	11	203	1033	12390	29	21	39870	130
796000	16	256	858	12610	5	12	38700	67
797000	21	279	967	12353	103	7	38921	259
798000	26	261	870	12456	74	91	37988	514
799000	23	240	936	12430	41	54	39078	185
800000	21	245	963	12387	11	64	39199	207
801000	15	275	679	12757	30	68	38999	125
802000	15	259	643	12892	10	28	39740	120
803000	7	227	670	12978	7	2	39113	78
804000	21	261	812	12588	56	27	40100	202
805000	15	273	900	12544	24	2	38616	97
806000	22	206	1141	12258	0	1	37797	8
807000	14	214	899	12563	26	26	39666	362
808000	19	243	817	12714	0	31	40388	84
809000	15	271	947	12430	34	20	39067	136
810000	18	195	771	12780	0	38	40668	152
811000	13	237	781	12736	0	54	40012	252
812000	11	239	668	12938	0	19	40474	64
813000	14	197	609	13102	0	4	41121	21
814000	12	282	710	12685	131	21	38877	343
815000	15	235	814	12509	142	98	39160	586
816000	17	252	801	12320	122	314	36206	1181
817000	24	223	583	12638	146	312	39110	1370
818000	15	271	852	12163	175	348	38932	1368
819000	19	266	660	12313	91	515	37917	1502
820000	9	277	776	12144	140	460	38961	1964
821000	26	233	837	11910	205	599	36515	2580
822000	18	212	862	11779	224	662	36130	2572
823000	15	228	727	12179	94	628	37554	2612
824000	13	228	827	11952	98	666	37844	2189
825000	17	239	758	11777	238	783	36780	3071
826000	13	229	749	11761	149	920	38109	2888
827000	13	218	705	11830	94	992	36620	3217
828000	27	253	748	11651	57	1089	36437	3639
829000	19	245	805	11447	44	1223	34988	3491
830000	15	233	882	11544	98	978	37615	3096
831000	9	229	1083	11744	42	551	36464	1950
832000	18	217	1085	11881	42	396	38131	1527
833000	14	257	828	12251	91	332	38978	1417
834000	22	280	1099	11753	79	449	36058	1577
835000	29	247	1231	11634	3	369	37058	1127
836000	22	232	1345	11566	73	306	36772	863
837000	26	243	889	11875	60	655	38331	1660
838000	30	217	1128	11464	69	671	34908	2514
839000	17	221	897	11752	58	802	36374	2555
840000	12	249	764	11766	43	1029	35845	3311
841000	14	227	744	11588	71	1166	37386	3769
842000	20	210	674	11764	211	1034	36396	3894
843000	18	192	807	11347	202	1207	34818	4568
844000	17	233	786	11257	219	1307	35550	4357
845000	18	243	849	11086	197	1336	35521	4214
846000	16	190	748	10929	197	1767	33416	5222
847000	14	208	742	10856	204	1816	34965	5661
848000	43	227	863	10323	368	1910	33138	6775
849000	23	230	733	10529	581	1727	31330	6553
850000	29	239	811	10495	382	1812	34018	6565
851000	19	233	675	10168	484	2242	31405	7503
852000	32	199	643	10209	667	2114	31187	8170
853000	21	239	742	10258	395	2182	32483	7627
854000	23	238	827	10458	469	1818	32540	6598
855000	24	257	894	10840	403	1373	32951	5546
856000	32	209	935	10666	476	1396	35376	5274
857000	36	217	928	10589	361	1607	34425	4792
858000	14	259	782	10591	477	1695	33163	6385
859000	30	258	870	9771	683	2124	31072	8053
860000	26	194	1279	9824	358	1847	30998	7311
861000	40	265	1047	10101	309	1850	32073	6715
862000	30	215	1070	10263	365	1723	32435	6295
863000	23	225	891	10194	544	1870	32390	7117
864000	26	209	910	10458	262	1874	34074	5978
865000	27	261	742	10726	240	1830	33654	6142
866000	15	224	896	10909	147	1602	34831	4868
867000	17	193	678	10836	151	1980	34556	6148
868000	14	231	629	10542	129	2344	32124	7436
869000	21	237	691	10325	203	2368	32804	7541
870000	31	194	813	9991	378	2401	31604	8061
871000	16	220	683	10062	359	2546	32203	8895
872000	28	212	737	10106	538	2220	32925	7939
873000	22	237	586	10719	441	1946	33748	7003
874000	21	228	658	10433	563	1957	32898	8019
875000	25	236	744	10332	350	2163	31207	6830
876000	28	186	880	10078	492	2104	31252	8000
877000	27	246	887	10128	440	2039	32004	6966
878000	18	188	873	9983	538	2158	31790	8166
879000	30	248	772	10064	561	2141	32469	7299
880000	39	217	1088	9649	628	2065	32152	7188
881000	35	207	1059	9378	658	2321	30036	8599
882000	17	186	1157	8709	726	2807	29670	10095
883000	24	211	937	9445	560	2520	29674	8240
884000	26	255	675	9463	537	2902	29365	10345
885000	24	227	731	9277	659	2918	29722	9854
886000	21	243	812	9669	571	2514	31098	9154
887000	39	250	707	9519	752	2592	29254	9614
888000	44	221	871	9040	1024	2560	28063	10597
889000	25	180	984	9006	903	2614	29179	10461
890000	36	230	1023	8760	833	2791	27857	11519
891000	34	225	895	8195	686	3698	27868	12714
892000	25	239	675	8453	922	3580	27335	13456
893000	25	219	669	8273	982	3685	27585	14034
894000	22	198	871	8765	549	3393	27178	11867
895000	31	197	659	8268	883	3821	26648	13262
896000	23	176	780	8056	1030	3783	25021	14597
897000	37	230	857	7986	1384	3316	26741	13379
898000	38	197	963	8593	1234	2662	27577	10892
899000	44	192	1050	8158	1282	2898	27219	11616
900000	42	182	1166	7894	1152	3137	26174	13172
901000	28	219	1243	8238	806	2971	28004	10697
902000	26	230	1093	7981	668	3614	25414	12928
903000	17	271	755	8846	608	3350	27851	11541
904000	21	255	773	9259	642	2835	30146	10159
905000	21	234	959	8727	920	2895	27771	10845
906000	41	195	1031	7868	940	3576	26587	12616
907000	35	235	978	8098	818	3553	26051	12261
908000	28	225	744	8515	700	3594	26712	13094
909000	23	236	795	8759	632	3366	29669	11694
910000	20	225	664	9051	598	3364	27084	11665
911000	32	220	822	8817	711	3183	27893	10997
912000	26	217	1117	8607	648	3001	28194	10826
913000	36	218	868	9031	840	2742	29556	11420
914000	25	212	909	8928	780	2920	28561	9979
915000	32	224	797	9039	778	2902	29741	11662
916000	42	216	1085	8580	893	2877	28805	11174
917000	47	208	1085	8141	918	3215	26120	11630
918000	48	187	1124	8014	976	3248	26403	12617
919000	49	213	751	8369	1131	3307	26761	13737
920000	33	232	975	8766	807	2849	28765	10918
921000	41	259	779	8167	983	3560	25313	12786
922000	37	230	943	8167	1079	3247	25330	12567
923000	35	192	838	8634	1048	3038	29221	11367
924000	31	215	1112	8577	995	2670	27568	10910
925000	43	216	1064	8589	1059	2709	27309	10614
926000	52	173	1248	7957	1503	2579	27004	11708
927000	50	229	1180	8474	1512	2175	26909	10574
928000	48	197	1271	8526	1389	2076	29447	9992
929000	35	200	1275	8141	1580	2310	27649	11980
930000	71	187	1357	7651	1535	2678	25739	12608
931000	38	221	1218	7687	1551	2877	26479	12476
932000	45	255	831	8031	1393	3218	25813	13052
933000	45	229	750	8292	1301	3266	26887	14188
934000	53	227	836	7379	973	4269	24047	14352
935000	50	205	1219	6678	1437	3971	23350	15348
936000	62	211	993	6778	1353	4239	23033	17003
937000	56	227	828	6737	1305	4635	22339	17010
938000	30	268	683	6975	1242	4646	21090	16924
939000	44	218	769	7272	1470	4047	22027	17755
940000	30	221	690	7187	1252	4489	23210	16183
941000	39	190	781	7180	1265	4369	24167	16452
942000	38	195	937	7078	1331	4092	23255	16538
943000	32	223	1208	7148	1333	3691	23202	15390
944000	30	226	768	7557	1481	3704	23746	15711
945000	51	163	894	7253	1575	3782	24461	14878
946000	36	237	901	6987	1609	3931	22771	15596
947000	70	240	849	7233	1626	3737	23345	16645
948000	38	177	937	7293	1335	3956	24082	14621
949000	30	220	859	7368	1089	4207	24903	16575
950000	22	236	764	7071	1308	4421	23943	16406
951000	37	214	886	7079	1231	4312	22726	15943
952000	42	209	810	7177	1311	4242	22608	17566
953000	43	180	786	6605	1707	4461	23625	18420
954000	38	202	722	6561	1675	4631	20913	18028
955000	50	197	865	6718	1532	4376	21699	18473
956000	39	217	829	6674	1643	4384	21587	17209
957000	32	189	674	6719	1399	4850	22411	18048
958000	61	200	876	6953	1580	4081	23292	16847
959000	56	211	961	6794	1744	3939	22666	16883
960000	35	219	959	6601	1358	4554	22776	16854
961000	39	224	787	6228	1202	5315	19432	18811
962000	27	225	729	6270	1558	5032	19732	18955
963000	32	222	769	6473	1315	4991	21150	18584
964000	40	206	696	6552	1616	4725	21308	18840
965000	48	199	713	6710	1497	4654	22670	18286
966000	47	222	778	6675	1590	4479	21675	18346
967000	26	220	588	6575	1360	5155	20835	18920
968000	44	259	662	6911	1171	4809	21410	16966
969000	51	171	962	6866	1489	4122	23028	16439
970000	56	216	849	6430	1383	4813	20393	18001
971000	35	217	836	6817	969	4904	22383	17756
972000	34	251	522	7565	965	4613	23235	16531
973000	30	235	719	7769	893	4153	24392	15112
974000	31	218	910	7618	958	4032	24627	15705
975000	44	246	878	7196	880	4557	23278	14988
976000	31	257	773	7064	922	4781	23544	15828
977000	28	182	691	7083	873	4998	22724	17246
978000	41	250	760	7229	994	4532	23335	15907
979000	40	228	618	7318	1039	4630	24050	15836
980000	38	239	638	7437	1167	4404	23238	16501
981000	53	206	561	7201	1659	4212	23533	17408
982000	55	207	814	6911	1751	4065	22878	16660
983000	53	195	867	6606	2036	3974	21387	16420
984000	46	219	883	6677	1750	4113	24000	17252
985000	34	223	873	6939	1378	4295	22538	16610
986000	27	223	725	7262	1160	4435	21873	16877
987000	44	206	848	7396	961	4317	24450	15855
988000	32	242	824	7179	1083	4406	22979	15668
989000	41	178	918	7144	1457	3960	23500	15872
990000	46	226	1066	7938	1302	3066	26695	13638
991000	31	198	1033	7626	1226	3509	24918	14537
992000	42	179	781	7735	1036	4018	24392	15355
993000	36	229	867	7364	1341	3932	24217	15500
994000	43	188	905	7836	1074	3720	26162	13757
995000	39	212	991	8165	936	3361	26638	13761
996000	32	206	872	8303	870	3454	26618	13033
997000	32	217	1069	8160	1235	2957	27094	11839
998000	49	195	1220	8244	1173	2671	28573	11142
999000	66	203	1098	7852	1688	2718	25934	12642
