0	0	0	0	14400	0	0	0	0
1000	1	281	320	13326	81	40	38672	308
2000	9	295	411	13163	36	73	37938	343
3000	4	252	392	13304	15	75	38322	291
4000	13	267	479	13145	4	67	36708	97
5000	13	263	468	13139	0	75	39121	182
6000	5	262	481	13206	11	16	37730	90
7000	8	235	602	13015	13	6	37245	54
8000	14	254	513	13213	0	0	37676	1
9000	11	266	434	13195	45	41	38371	193
10000	10	248	442	13291	1	43	36679	129
11000	4	238	417	13287	10	60	38046	102
12000	15	295	422	13274	0	12	37392	93
13000	15	303	527	12928	148	20	37618	294
14000	17	272	488	13009	149	43	37323	427
15000	13	228	431	13227	28	70	38509	375
16000	5	235	470	13170	39	92	37993	296
17000	5	265	613	12883	14	131	37837	354
18000	14	261	496	13072	2	139	38554	416
19000	9	295	414	13215	3	58	39732	164
20000	20	247	391	13309	0	13	37720	66
21000	10	225	552	13108	0	34	37415	36
22000	9	258	414	13298	0	31	38529	235
23000	8	264	448	13194	0	65	38226	153
24000	5	245	476	13204	3	41	38139	111
25000	6	275	401	13301	0	42	37588	106
26000	11	263	546	13116	0	21	38038	59
27000	8	224	447	13262	0	15	38690	69
28000	6	255	502	13183	0	6	36969	12
29000	10	271	520	13149	0	6	37204	37
30000	13	281	587	12931	80	16	38600	352
31000	7	300	670	12763	54	37	37928	249
32000	12	265	612	12911	21	87	36940	362
33000	11	225	512	13168	0	49	38661	190
34000	7	243	497	13199	0	0	38129	5
35000	4	200	520	13019	104	84	39473	613
36000	9	276	602	12920	75	40	38449	275
37000	5	265	436	13235	0	59	38628	132
38000	10	265	383	13327	4	47	37898	167
39000	5	277	356	13362	1	35	39147	101
40000	9	259	473	13160	0	74	39555	107
41000	9	259	487	13153	15	57	37575	206
42000	6	259	403	13234	5	131	38016	252
43000	10	240	423	13203	14	87	37424	523
44000	18	287	613	12868	10	137	37629	727
45000	13	247	542	13034	17	74	35573	159
46000	12	235	500	13011	73	119	37719	437
47000	12	235	522	13118	14	70	38853	276
48000	6	296	389	13298	6	28	37462	146
49000	10	262	604	12991	1	26	37132	85
50000	17	272	542	12942	184	6	36254	459
51000	13	261	555	12774	223	127	37288	837
52000	14	290	507	12560	175	395	35975	1661
53000	9	259	530	12648	57	433	36967	1201
54000	10	267	408	13072	28	239	36985	685
55000	9	275	560	12727	12	328	37542	1188
56000	14	280	463	12859	89	318	36093	1036
57000	11	260	527	12653	119	411	35232	1496
58000	16	227	642	12536	171	334	36060	1433
59000	10	246	435	12952	61	252	37144	900
60000	7	253	526	12672	87	379	36735	980
61000	12	287	435	12772	58	484	35885	1418
62000	10	252	467	12889	69	323	36746	1222
63000	10	245	484	12870	21	303	37448	1181
64000	7	267	425	13032	21	283	36854	1217
65000	5	218	496	12973	76	201	38403	854
66000	10	205	628	12821	91	148	37500	849
67000	7	249	517	12904	20	235	36164	795
68000	9	280	391	13034	12	252	37162	632
69000	8	259	475	13010	60	148	36721	622
70000	25	248	527	12931	51	167	37116	594
71000	9	285	505	13012	56	94	36962	436
72000	5	272	505	13003	50	135	36636	473
73000	13	249	458	13029	17	233	38183	603
74000	14	250	412	13172	17	141	38356	485
75000	12	230	501	13047	29	147	37007	576
76000	11	240	652	12956	14	35	37221	101
77000	6	266	551	13088	40	40	36827	343
78000	12	267	483	13111	46	32	37750	198
79000	7	247	545	13148	0	46	38723	107
80000	7	256	520	13088	44	25	39200	143
81000	6	244	505	13169	42	28	39251	158
82000	11	279	495	13127	9	39	38339	133
83000	13	296	484	13144	0	25	37691	92
84000	8	258	463	13263	0	17	38362	36
85000	6	286	393	13324	0	5	38317	8
86000	8	245	432	13343	10	4	39189	60
87000	11	282	457	13219	15	27	35871	92
88000	6	198	515	13169	6	48	38755	110
89000	10	253	441	13272	0	27	37897	112
90000	6	283	487	13208	0	0	38196	2
91000	9	260	462	13114	90	32	38122	456
92000	14	272	447	13195	29	50	36048	279
93000	12	262	519	13060	40	64	37322	329
94000	5	308	428	13075	21	148	36893	631
95000	9	274	461	13035	27	185	36531	458
96000	11	261	470	13115	22	107	37762	444
97000	14	226	544	13088	2	86	37636	408
98000	19	239	565	12995	1	102	37240	418
99000	8	244	379	13313	8	79	38739	172
100000	7	256	430	13244	15	49	37139	151
101000	15	280	485	13107	0	75	38373	250
102000	6	264	462	13129	0	87	37273	335
103000	19	236	603	13052	0	23	36725	64
104000	6	228	715	12880	0	22	38708	37
105000	8	305	568	12888	114	16	37463	344
106000	17	233	523	13070	54	48	38041	205
107000	10	259	497	13091	47	37	38104	296
108000	16	254	507	13119	10	89	37355	358
109000	4	276	476	13118	4	112	37367	124
110000	12	338	499	13006	0	85	36650	230
111000	6	270	391	13265	4	77	38109	189
112000	2	275	529	13028	18	139	37785	321
113000	11	265	440	13163	2	111	38206	205
114000	7	227	456	13176	13	107	38245	271
115000	8	275	360	13255	1	130	38171	480
116000	12	252	516	13018	7	130	38566	349
117000	8	226	536	13063	18	99	37825	259
118000	19	249	650	12920	58	5	38747	117
119000	12	270	440	13227	7	15	37067	66
120000	19	272	555	13044	0	16	38563	67
121000	6	251	401	13336	0	8	36804	32
122000	5	251	527	13103	57	16	38373	260
123000	14	270	477	13172	34	8	37567	98
124000	7	223	507	13213	6	0	37272	22
125000	10	244	538	13141	0	0	38617	14
126000	9	234	470	13201	46	32	37917	230
127000	19	244	481	13135	27	56	38537	186
128000	7	267	495	13203	9	5	37688	69
129000	6	288	506	13163	7	6	37456	6
130000	12	265	593	13047	16	1	36469	64
131000	7	241	596	13013	13	31	38014	105
132000	5	313	392	13280	5	44	36943	218
133000	15	305	544	13031	0	24	38816	37
134000	9	254	504	13159	0	17	37637	4
135000	17	258	512	13160	0	8	37774	37
136000	12	284	649	12782	153	2	36886	316
137000	8	222	564	12985	136	20	38440	526
138000	7	277	603	12889	91	59	37573	329
139000	13	273	560	12848	109	140	35338	561
140000	6	242	533	12932	84	190	36721	892
141000	11	299	552	12856	55	161	37405	637
142000	12	231	528	13010	55	114	36862	392
143000	13	245	584	12856	3	208	36975	640
144000	11	267	525	12967	5	183	37525	735
145000	11	228	479	13052	0	188	38507	541
146000	9	285	482	12990	28	197	37104	440
147000	10	220	562	12931	50	144	38568	520
148000	10	237	451	13206	7	97	38681	345
149000	10	302	658	12821	10	108	37307	383
150000	11	283	589	12997	7	45	36801	76
151000	10	264	503	13123	3	69	36614	326
152000	10	252	488	13031	4	168	38925	400
153000	8	227	361	13328	1	134	39658	399
154000	10	251	399	13271	0	101	39628	437
155000	8	262	457	13087	4	144	35926	426
156000	13	238	386	13164	19	187	37978	573
157000	7	274	449	13136	3	128	38531	255
158000	9	247	406	13117	16	203	37627	568
159000	5	267	470	12990	4	218	38626	412
160000	15	268	500	12951	11	189	37102	456
161000	17	246	436	12977	39	237	35929	841
162000	8	257	495	13023	39	137	38805	547
163000	16	232	465	13102	15	139	37321	483
164000	9	251	500	13021	15	152	37363	402
165000	11	253	462	12991	39	214	37454	710
166000	5	256	491	12992	23	226	37134	709
167000	13	253	612	12761	108	162	36504	800
168000	21	269	628	12539	84	367	36627	1504
169000	8	265	513	12568	108	482	36822	1729
170000	11	285	459	13004	53	223	37440	728
171000	10	307	422	13131	51	101	37253	403
172000	8	252	453	13141	17	126	38435	358
173000	10	283	440	13142	38	90	38005	485
174000	11	244	600	12960	22	39	38717	214
175000	8	268	469	13176	0	48	37593	157
176000	9	266	532	13150	0	9	36700	23
177000	19	236	533	13130	0	25	37430	42
178000	7	239	490	13214	0	0	37938	31
179000	12	241	551	13061	66	5	38126	262
180000	7	272	459	13125	78	47	38149	321
181000	15	242	555	12854	72	209	37062	719
182000	10	256	522	12975	61	116	38517	521
183000	21	245	473	12994	81	151	36396	616
184000	14	239	483	12913	68	280	37465	999
185000	21	235	482	12772	97	373	37809	1271
186000	7	196	458	12907	35	415	36553	1268
187000	6	277	522	12508	63	571	36569	1664
188000	8	271	464	12676	81	475	36583	1471
189000	9	287	454	12744	41	437	37780	1336
190000	14	306	420	12726	4	542	36454	1258
191000	6	238	480	12921	29	317	36934	919
192000	5	289	397	13019	19	271	37561	750
193000	6	292	358	13153	0	199	38573	592
194000	15	225	422	13273	1	85	38532	206
195000	9	259	556	13064	0	44	36649	104
196000	15	251	584	13040	0	28	37773	82
197000	7	260	454	13238	2	5	39248	25
198000	8	282	547	12968	108	24	37574	278
199000	23	248	486	13083	24	83	38451	348
200000	13	237	502	13002	11	144	37144	476
201000	7	255	445	13166	4	128	37343	451
202000	8	262	447	13025	2	260	38263	678
203000	13	268	534	12855	15	223	36139	636
204000	6	249	419	13138	31	156	38896	521
205000	7	237	377	13207	6	210	37842	495
206000	13	251	412	13141	33	173	37386	540
207000	6	243	477	13157	21	67	38795	202
208000	10	301	431	13218	2	58	36475	175
209000	3	274	369	13371	0	35	38061	110
210000	10	256	334	13421	0	56	39126	126
211000	4	293	517	13079	1	42	37082	76
212000	8	238	505	13088	0	95	37707	115
213000	5	284	448	13180	5	81	37462	150
214000	16	281	531	12957	1	163	38133	233
215000	8	255	530	12971	39	145	38244	457
216000	10	245	634	12807	18	195	37349	537
217000	29	296	683	12627	63	162	35706	479
218000	12	263	523	12826	50	282	36405	677
219000	21	256	541	12784	159	173	35978	741
220000	13	251	545	12685	73	331	35766	1122
221000	14	290	467	12645	145	430	35582	1726
222000	7	259	428	12788	129	406	35758	1541
223000	14	237	443	12759	66	496	36458	1723
224000	9	268	519	12586	52	540	37081	1713
225000	4	250	404	12834	55	469	36893	1339
226000	13	234	490	12786	24	381	36424	1215
227000	7	248	415	12852	9	484	36205	1436
228000	15	259	359	13008	24	404	36701	1396
229000	6	240	389	12940	11	403	37420	1166
230000	2	287	340	13101	0	322	38461	841
231000	6	274	392	12802	28	519	35818	1746
232000	4	260	406	12810	30	500	35888	1243
233000	4	274	342	13068	13	351	37773	1252
234000	4	273	427	12869	30	387	36673	1214
235000	27	281	537	12564	62	491	36140	1386
236000	12	245	435	12696	119	522	37067	1834
237000	9	239	418	12772	129	436	36971	1773
238000	11	237	458	12792	80	433	36946	1767
239000	3	280	577	12713	12	306	36077	1344
240000	13	290	380	12946	30	362	37531	846
241000	8	246	420	13053	6	267	38904	648
242000	5	268	457	12982	1	237	36200	709
243000	5	236	550	12972	5	208	37701	533
244000	7	267	375	13201	7	163	39770	503
245000	11	269	462	13158	23	78	38420	334
246000	11	273	429	13106	25	155	36770	526
247000	12	265	403	13096	15	230	36419	578
248000	8	239	376	13186	9	205	38811	692
249000	5	274	383	13120	4	241	36669	695
250000	6	250	387	13254	0	106	38005	446
251000	8	263	424	13212	2	64	37482	136
252000	3	251	429	13229	2	100	37006	293
253000	5	279	417	13274	0	62	38420	186
254000	10	244	433	13179	20	88	38306	254
255000	9	260	492	13110	28	91	37189	309
256000	2	270	404	13247	9	62	37775	127
257000	3	268	368	13319	5	69	39540	111
258000	12	261	503	13146	3	49	37971	193
259000	5	266	417	13301	7	38	37884	163
260000	5	281	426	13256	20	16	38094	94
261000	5	226	545	13177	2	5	37914	21
262000	24	334	593	12911	39	16	37675	186
263000	15	272	545	13006	86	33	37145	355
264000	8	257	557	13002	24	75	37310	159
265000	13	279	610	12986	3	41	37605	114
266000	4	237	512	13192	0	2	38192	5
267000	15	251	464	13175	108	10	37815	446
268000	11	266	529	12962	84	90	37276	475
269000	10	243	511	12876	84	220	36516	852
270000	9	232	463	12986	103	195	37232	892
271000	6	255	361	13223	29	164	38824	333
272000	9	251	540	12805	98	206	37231	714
273000	7	282	538	12770	48	267	36734	875
274000	12	257	469	12894	31	322	37645	918
275000	10	267	439	12918	34	345	36393	978
276000	8	284	374	12758	42	573	36907	1226
277000	7	244	409	12858	35	481	36673	1712
278000	6	254	433	12546	64	716	36043	2069
279000	7	252	476	12697	54	544	35239	1664
280000	15	260	459	12685	38	531	37804	1587
281000	6	273	465	12761	31	427	38176	1026
282000	14	265	522	12642	42	484	35551	1281
283000	14	251	578	12531	28	484	36174	1517
284000	11	231	406	12952	13	384	37103	1212
285000	10	297	463	12885	34	320	36638	1072
286000	10	245	364	13006	31	374	38720	1056
287000	2	260	434	12899	27	364	36277	1039
288000	5	297	440	12679	7	569	35077	1395
289000	10	262	538	12598	40	502	36180	1518
290000	8	264	446	12948	8	331	37882	1041
291000	6	297	509	12795	11	303	36851	952
292000	12	279	481	12801	24	408	35475	1467
293000	15	265	525	12849	41	275	36739	749
294000	4	223	497	12941	37	286	37440	888
295000	10	304	491	12942	10	224	35821	742
296000	13	257	380	13087	8	255	37197	647
297000	10	236	565	12612	44	449	37385	1448
298000	11	218	480	12682	82	527	37625	1842
299000	8	224	499	12118	142	973	36566	2854
300000	13	278	517	12245	93	799	36191	2659
301000	8	230	441	12732	21	566	37291	1752
302000	15	267	346	12838	104	512	37888	1630
303000	5	284	394	12631	148	547	37030	2437
304000	10	276	381	12778	85	462	36325	1697
305000	12	295	411	12861	22	389	35917	1114
306000	10	260	388	12903	55	417	37625	1293
307000	2	253	502	12759	17	429	36309	1228
308000	3	283	455	12628	95	516	37042	1456
309000	7	268	475	12663	92	480	36097	1528
310000	6	223	490	12836	82	337	37933	1327
311000	5	266	342	12949	112	378	36801	1260
312000	5	222	529	12539	165	447	37620	1850
313000	21	238	668	12304	118	545	35750	1955
314000	14	248	608	12265	158	575	36482	1670
315000	6	290	505	12396	87	678	36725	2097
316000	10	235	503	12261	197	781	35645	2579
317000	21	259	536	12298	174	642	35772	2151
318000	14	277	482	12486	113	583	36518	1822
319000	10	246	486	12379	173	634	35313	2052
320000	13	283	492	12395	55	737	35571	2285
321000	7	225	418	12648	36	648	35413	2110
322000	14	249	516	12222	69	896	36159	2342
323000	6	248	434	12229	159	952	34186	2701
324000	12	218	562	11960	201	979	35443	3277
325000	13	271	486	11844	188	1148	34220	4070
326000	8	272	546	11914	52	1124	34726	2887
327000	11	267	462	12016	123	1121	34710	2982
328000	10	262	413	12349	76	927	34548	2628
329000	5	271	538	12262	56	815	35135	2524
330000	6	256	389	12564	96	730	37679	2318
331000	12	255	503	12592	90	518	37980	1495
332000	23	271	632	12291	196	512	37246	1882
333000	16	278	608	12254	183	595	36285	2055
334000	22	269	604	12227	311	480	35300	2170
335000	18	238	625	12216	261	527	35178	2228
336000	19	303	609	12224	138	592	34981	1988
337000	10	233	563	12435	174	505	35951	2144
338000	20	249	427	12639	208	474	38001	1731
339000	9	218	478	12476	202	628	35947	2418
340000	4	276	399	12677	61	617	37305	1797
341000	10	277	480	12581	71	525	37949	1867
342000	12	272	455	12494	79	697	35680	1857
343000	10	269	477	12350	43	809	35062	2019
344000	9	277	421	12477	99	706	36582	2161
345000	9	229	422	12588	32	750	34980	2513
346000	9	285	600	12141	41	800	36129	2440
347000	13	280	634	12476	18	498	36559	1245
348000	12	260	605	12536	23	509	36831	1487
349000	11	261	436	12884	14	390	36283	968
350000	11	273	488	12652	50	497	35834	1256
351000	16	237	602	12707	82	279	38138	1106
352000	16	256	483	12767	47	356	37421	1172
353000	13	260	457	12893	13	356	37915	1101
354000	12	274	571	12705	23	338	38134	916
355000	13	251	514	12923	8	240	38174	692
356000	6	251	316	13221	38	223	36566	597
357000	6	246	361	13215	8	192	38608	598
358000	7	237	385	13233	9	161	38858	514
359000	13	234	427	13196	3	134	38337	350
360000	6	240	497	13066	2	154	37483	484
361000	10	263	357	13335	1	99	39078	326
362000	8	218	469	13202	4	100	37031	123
363000	5	231	422	13279	8	56	38222	56
364000	5	286	387	13307	29	18	37892	201
365000	3	255	431	13239	7	71	37171	158
366000	7	263	491	13213	7	13	38377	64
367000	12	256	426	13247	0	86	38034	303
368000	10	242	416	13261	0	82	37775	353
369000	5	260	447	13131	9	119	38271	368
370000	10	268	471	13121	0	98	37568	327
371000	10	247	467	13201	0	80	37640	286
372000	14	248	441	13167	0	100	38102	232
373000	7	246	513	13107	1	106	36798	192
374000	10	264	660	12940	7	28	38285	90
375000	6	264	531	13162	5	0	38741	18
376000	9	257	510	13068	117	11	37176	343
377000	6	292	433	13109	100	93	38272	407
378000	9	279	489	13031	44	142	38400	553
379000	8	256	437	12902	51	351	37759	894
380000	16	260	536	12498	190	449	36368	1623
381000	8	261	594	12647	92	301	35605	1204
382000	13	255	544	12747	29	363	36208	1003
383000	7	257	594	12676	66	336	37526	1023
384000	8	260	414	13017	45	297	37046	1066
385000	12	250	552	12770	20	356	36595	1250
386000	8	283	481	13057	9	166	37891	506
387000	14	224	482	13078	11	136	37301	391
388000	11	276	469	13072	64	70	37672	315
389000	4	259	370	13316	45	43	37481	218
390000	9	242	508	13114	31	33	37492	168
391000	17	249	415	13231	62	54	38226	408
392000	13	237	513	13145	21	43	37725	153
393000	19	291	542	13101	0	2	37564	0
394000	5	271	400	13302	39	25	37331	292
395000	16	253	454	13188	46	49	37102	182
396000	11	258	434	13216	17	77	38793	188
397000	6	274	365	13335	6	51	38930	142
398000	10	247	434	13256	17	52	37360	181
399000	8	242	496	13167	7	70	38508	310
400000	14	252	572	13010	1	54	38028	209
401000	13	247	487	13169	2	84	37997	340
402000	15	269	541	12994	4	81	37512	282
403000	20	251	618	12960	10	50	38614	201
404000	11	226	541	13121	5	37	38679	142
405000	4	253	643	12928	0	2	36886	19
406000	17	236	598	12926	140	7	37256	373
407000	7	249	523	13044	33	84	38132	312
408000	8	256	440	13150	31	124	38483	624
409000	8	239	530	13027	69	64	37386	318
410000	10	230	490	12970	93	159	38480	688
411000	10	270	498	12872	125	180	38352	740
412000	10	251	512	13045	37	138	37304	638
413000	8	266	546	12959	27	113	38927	388
414000	10	238	556	12936	2	166	38318	374
415000	17	242	596	12888	10	128	37355	346
416000	17	266	496	13097	5	64	37689	240
417000	7	246	398	13365	0	33	38326	149
418000	8	249	491	13225	0	0	37747	1
419000	14	255	619	12941	37	23	38306	305
420000	18	268	532	13054	5	35	36958	49
421000	9	223	470	13229	21	18	38766	47
422000	13	288	422	13230	16	13	36701	91
423000	14	247	555	13064	5	33	36850	100
424000	10	271	468	13105	3	121	38279	254
425000	12	282	482	13023	6	165	37911	494
426000	5	289	465	13002	2	206	35284	604
427000	9	277	496	12942	27	214	39209	646
428000	9	242	516	13053	1	152	36623	326
429000	15	281	464	13157	0	32	36670	37
430000	11	250	518	13152	0	1	37185	31
431000	12	236	578	12892	180	42	36783	661
432000	13	250	641	12796	67	113	36234	666
433000	2	257	411	13222	23	77	38963	336
434000	19	215	446	13209	1	61	38032	96
435000	8	254	425	13239	0	85	37783	280
436000	17	254	538	13094	0	47	38978	192
437000	6	278	590	12992	0	27	37376	59
438000	5	222	372	13293	101	33	36815	232
439000	7	280	405	13263	30	17	37797	100
440000	7	262	423	13234	49	26	38148	140
441000	12	233	516	13109	0	68	37393	200
442000	13	249	480	13241	0	15	39172	39
443000	6	231	548	13123	0	24	39076	14
444000	7	230	398	13347	0	28	37451	162
445000	1	269	275	13533	0	6	38081	28
446000	12	272	510	13090	58	9	36841	257
447000	4	251	527	13064	88	18	38108	252
448000	7	217	500	13197	54	8	39715	187
449000	7	301	461	13174	27	23	36951	207
450000	16	242	591	12955	46	42	37479	305
451000	14	201	487	13202	33	47	37519	185
452000	10	275	403	13268	15	22	39071	92
453000	19	259	447	13215	6	8	36719	71
454000	9	276	397	13340	3	23	39081	34
455000	15	250	522	13039	129	3	37238	154
456000	12	268	569	12980	92	33	37107	264
457000	8	243	455	13235	26	24	37632	111
458000	9	270	494	13149	18	28	38499	118
459000	14	256	481	13180	0	25	37010	27
460000	9	234	432	13337	0	4	38725	11
461000	11	238	598	12822	224	21	38027	593
462000	13	221	684	12732	192	56	36402	717
463000	7	261	408	13160	107	84	37497	409
464000	10	231	478	13161	23	63	37882	357
465000	3	284	483	13123	2	102	37340	225
466000	10	239	391	13300	1	81	38050	208
467000	7	278	416	13105	5	180	37287	350
468000	15	294	490	13037	1	146	37614	616
469000	2	277	344	13234	0	165	37013	317
470000	7	269	506	13085	1	125	37980	466
471000	11	261	437	13150	7	111	37418	286
472000	4	286	400	13230	5	112	36955	286
473000	7	277	524	13020	2	115	37591	234
474000	12	259	646	12925	0	99	37572	220
475000	9	284	458	13121	0	92	37107	396
476000	5	258	485	13142	1	59	38171	66
477000	11	286	528	13117	0	12	38164	135
478000	6	245	600	12931	125	1	37226	235
479000	9	257	562	12990	37	59	37950	223
480000	6	265	487	13085	25	101	38023	293
481000	12	261	521	12968	32	147	38876	389
482000	10	250	515	12904	20	250	37397	665
483000	5	277	524	12912	11	207	37970	659
484000	9	260	502	12970	7	192	36621	635
485000	20	257	556	12853	10	237	37537	947
486000	12	273	444	13038	15	217	38580	450
487000	11	288	462	13038	10	218	37365	637
488000	7	285	400	13130	2	207	36690	447
489000	8	278	450	13150	0	125	37416	333
490000	6	239	536	13116	0	53	38095	170
491000	18	260	724	12764	0	51	38585	158
492000	8	222	617	13037	0	6	37674	57
493000	20	294	555	12943	85	8	37899	307
494000	7	304	421	13128	77	51	38540	544
495000	18	206	590	12887	124	86	37971	329
496000	11	250	527	12992	27	114	36642	502
497000	5	252	476	13086	17	155	38676	567
498000	2	261	439	13213	3	90	36015	245
499000	12	234	403	13297	11	76	37192	349
500000	7	264	409	13228	0	109	37232	276
501000	14	260	541	13014	2	118	36748	452
502000	6	282	434	13159	0	155	37276	453
503000	8	259	502	13023	15	167	39110	562
504000	12	253	473	13150	1	82	37618	243
505000	10	254	498	13130	1	71	38215	210
506000	13	265	494	13069	0	122	37743	432
507000	5	286	439	13200	21	58	37008	94
508000	10	255	400	13294	9	38	37967	133
509000	18	288	476	13089	50	39	37210	229
510000	10	278	460	13175	24	25	37405	145
511000	5	250	456	13283	0	0	38350	35
512000	9	260	559	13008	70	12	37318	264
513000	11	314	514	13069	23	23	38203	121
514000	12	277	521	13096	0	40	39835	31
515000	11	239	537	13082	0	52	38335	175
516000	9	272	576	12940	11	109	36962	381
517000	5	268	522	13117	8	30	37534	99
518000	11	239	575	13105	0	13	38114	83
519000	13	264	496	13184	0	2	36951	2
520000	11	251	560	12941	77	57	36919	386
521000	9	249	481	13162	52	35	38810	397
522000	16	234	502	13055	102	40	37675	537
523000	11	209	598	12869	87	134	38092	502
524000	13	278	437	13180	30	113	38742	379
525000	6	244	493	13090	21	137	37505	473
526000	16	241	420	13292	0	57	39810	255
527000	5	243	497	13145	2	89	38027	289
528000	13	255	486	13084	0	114	37158	291
529000	9	282	558	12936	24	145	37651	407
530000	7	287	475	13046	15	137	37076	369
531000	10	252	501	13086	0	128	38516	486
532000	10	282	540	13055	2	51	38784	167
533000	11	251	481	13133	9	42	37280	144
534000	11	245	490	13142	15	42	39449	113
535000	17	282	557	13013	1	30	38236	75
536000	15	248	503	13184	0	15	37804	103
537000	2	275	489	13179	0	29	36995	44
538000	6	267	326	13429	1	36	38489	154
539000	11	237	417	13336	0	5	38297	36
540000	3	243	477	13253	2	12	37520	19
541000	11	252	437	13261	0	17	37656	57
542000	6	256	452	13293	0	4	38082	8
543000	9	218	450	13174	121	23	37972	485
544000	9	244	658	12811	97	59	37455	477
545000	13	253	502	12988	65	160	36465	827
546000	9	280	531	12789	78	257	36795	829
547000	4	249	524	12951	7	255	35834	694
548000	16	241	484	12961	3	238	37536	898
549000	12	281	403	13148	1	179	35985	454
550000	3	263	463	13052	3	201	38205	356
551000	26	279	508	12935	5	177	36618	762
552000	7	265	497	13062	6	151	39215	293
553000	12	259	478	13069	6	116	37220	220
554000	12	312	479	13009	0	157	36566	504
555000	12	265	495	12971	16	195	36969	580
556000	7	230	423	13248	7	121	38374	524
557000	11	233	488	13182	10	77	37745	203
558000	9	289	566	13055	8	15	38080	74
559000	17	233	564	13001	110	2	38743	243
560000	11	253	598	12932	71	12	36320	195
561000	11	238	477	13154	34	48	37005	168
562000	2	261	411	13260	4	86	36742	141
563000	6	248	453	13205	11	84	37997	238
564000	13	250	480	13092	2	155	38611	314
565000	16	229	550	12975	14	195	36977	541
566000	8	269	600	12903	14	113	37931	460
567000	2	284	450	13107	2	145	37547	274
568000	9	254	597	12971	2	82	38813	212
569000	7	277	330	13318	12	102	38761	372
570000	17	295	473	13007	67	151	35599	619
571000	10	254	464	13026	25	170	37805	655
572000	14	297	429	13067	4	207	36480	671
573000	7	281	530	12867	9	262	38266	707
574000	12	258	625	12797	10	210	37769	377
575000	15	227	638	12860	0	176	37839	507
576000	5	247	575	12980	0	131	38783	464
577000	6	272	625	12961	12	32	37703	136
578000	5	206	547	13218	0	1	37914	5
579000	7	247	527	12990	127	50	37318	400
580000	9	241	564	12874	104	136	36597	642
581000	17	260	504	12997	49	109	36419	367
582000	13	254	580	12979	14	65	38350	290
583000	4	285	481	13101	10	119	37022	229
584000	8	246	454	13138	1	153	37946	435
585000	11	260	384	13168	23	185	37268	542
586000	13	251	407	13107	27	208	37080	422
587000	8	263	547	12968	35	116	36560	482
588000	5	255	429	13195	11	87	37025	314
589000	15	287	452	13119	26	90	37409	281
590000	16	245	459	13159	36	99	37038	436
591000	12	218	430	13161	35	178	37871	732
592000	8	251	440	13093	31	209	37534	783
593000	8	231	443	13170	25	109	39114	552
594000	9	269	520	13033	23	108	36702	452
595000	8	286	421	13225	5	64	37407	299
596000	3	232	298	13476	4	53	37955	240
597000	5	272	320	13443	3	30	39508	81
598000	12	264	424	13334	0	0	38323	1
599000	10	241	562	13023	40	52	37648	279
600000	10	234	507	13109	31	81	38862	347
601000	8	288	548	13034	23	53	37862	232
602000	22	272	611	12979	0	39	38511	82
603000	12	258	558	13056	0	38	37383	143
604000	8	250	590	13001	0	42	38004	92
605000	3	253	532	13084	8	72	35961	132
606000	12	282	592	12892	72	100	36736	339
607000	8	258	399	13215	16	141	36938	646
608000	12	278	426	13224	0	68	37497	221
609000	12	256	493	13191	2	21	38940	113
610000	16	210	581	13041	1	65	36989	237
611000	11	263	414	13316	1	26	37741	77
612000	11	248	441	13212	78	2	39170	171
613000	8	242	516	13045	115	53	37326	385
614000	10	235	485	13027	91	134	37393	746
615000	8	250	475	12901	38	275	36682	980
616000	5	235	519	12792	27	345	35559	715
617000	7	255	500	12767	43	419	36059	1202
618000	14	271	478	12817	48	334	38661	1477
619000	8	273	431	13153	44	119	37748	486
620000	9	227	438	13170	70	92	38646	618
621000	12	276	567	12918	43	103	37357	396
622000	11	295	534	13034	0	74	38630	209
623000	9	264	683	12875	2	33	38833	138
624000	12	241	649	12969	0	22	37601	71
625000	9	299	460	13214	0	8	37140	95
626000	4	234	426	13342	0	20	39063	40
627000	12	264	339	13406	0	21	37817	84
628000	5	278	440	13236	0	27	39136	64
629000	16	239	505	13173	0	22	36613	64
630000	14	252	614	12939	2	86	37779	77
631000	8	273	577	12976	6	117	38903	274
632000	5	231	489	13115	23	136	37936	344
633000	25	261	530	12947	27	112	36892	413
634000	12	260	524	12938	128	51	36552	571
635000	9	266	594	12804	69	166	35984	567
636000	15	220	410	13169	39	122	38700	529
637000	12	295	454	13171	0	82	36161	253
638000	5	242	411	13255	1	83	38383	164
639000	9	249	499	13116	3	108	38109	251
640000	19	232	520	13092	25	59	37958	200
641000	14	270	463	13198	3	51	36738	219
642000	7	240	441	13229	1	102	38419	291
643000	11	238	409	13130	6	234	37889	566
644000	11	309	359	13207	4	125	37914	635
645000	10	268	450	13175	0	94	37425	307
646000	9	255	584	13029	1	50	37743	233
647000	10	271	529	12906	8	221	38002	498
648000	9	237	502	13010	3	253	37600	701
649000	5	213	469	13111	11	161	37640	439
650000	15	251	472	13025	10	177	36674	464
651000	8	251	530	13030	14	137	38210	297
652000	9	281	540	13041	55	24	37607	288
653000	14	248	481	13098	37	73	38805	378
654000	14	303	720	12670	15	75	37463	337
655000	7	302	459	13083	31	136	37819	429
656000	9	245	436	13143	43	134	38029	432
657000	7	259	498	13010	18	136	36679	441
658000	15	246	614	12771	8	235	37072	435
659000	12	301	602	12718	74	181	37011	802
660000	10	248	525	12809	106	241	37811	888
661000	12	237	533	12722	76	361	36585	1029
662000	8	233	369	12921	40	435	37312	1332
663000	13	253	390	12777	50	527	37082	1474
664000	17	220	363	12946	37	454	38221	1441
665000	6	272	424	12866	40	392	36949	1178
666000	4	240	492	12734	9	514	37364	1744
667000	12	242	485	12833	40	343	35046	1216
668000	15	261	504	12852	91	254	37273	987
669000	13	271	569	12798	14	263	38086	627
670000	8	257	467	13012	27	213	36716	741
671000	12	317	518	12828	31	214	38239	1006
672000	13	277	525	12949	12	177	36803	559
673000	12	273	509	13036	0	123	37787	350
674000	20	269	497	13046	0	137	37796	339
675000	7	223	513	13144	5	64	38255	327
676000	6	268	503	13233	0	6	38513	30
677000	15	238	456	13081	138	47	37758	293
678000	6	239	475	13018	80	159	37615	756
679000	15	288	477	12907	150	155	35442	769
680000	15	295	585	12684	129	254	37116	974
681000	11	265	505	12635	167	334	36845	1293
682000	17	250	447	12808	46	414	37311	1147
683000	10	257	402	12799	110	422	36713	1286
684000	14	294	496	12887	45	271	36003	1016
685000	11	252	500	13029	78	108	37879	531
686000	12	298	598	12885	54	86	37374	419
687000	4	274	613	12989	1	25	39431	103
688000	10	257	402	13371	0	3	37839	13
689000	15	241	587	12997	109	4	37187	259
690000	14	223	678	12778	101	86	36230	430
691000	25	241	647	12869	63	51	37647	290
692000	7	231	615	12901	76	37	36727	431
693000	12	257	540	13063	41	52	38495	141
694000	4	283	488	13192	1	0	37274	8
695000	10	241	540	12950	135	34	38021	510
696000	5	269	547	13011	52	55	37461	306
697000	13	269	513	13098	32	63	37947	282
698000	11	279	350	13299	49	61	37852	172
699000	13	228	488	13175	3	14	38400	74
700000	13	247	485	13230	0	24	37881	44
701000	11	301	492	13092	86	7	37968	304
702000	8	242	389	13273	84	8	37542	161
703000	12	244	481	13050	99	68	38480	554
704000	14	282	554	12938	42	94	36869	413
705000	17	267	565	12919	36	116	36628	444
706000	20	256	430	13026	133	111	38767	770
707000	7	280	514	12980	36	116	36534	426
708000	11	225	439	13131	7	145	39417	362
709000	6	256	381	13176	8	143	36511	411
710000	6	280	380	13124	0	223	38032	607
711000	11	247	464	13047	7	223	37174	683
712000	15	280	531	12880	2	266	37055	676
713000	11	231	473	13018	23	194	36407	535
714000	10	238	408	13111	5	253	37948	773
715000	10	233	490	12975	5	244	37397	545
716000	6	279	466	13145	0	96	37674	287
717000	15	263	496	13023	2	110	37093	378
718000	8	296	538	12932	1	171	38458	355
719000	9	285	627	12815	6	168	37071	536
720000	9	256	511	12997	0	201	38695	379
721000	1	280	594	12912	10	157	36885	563
722000	8	259	537	12941	5	206	37132	594
723000	21	269	532	13002	3	152	37173	494
724000	16	258	584	12810	7	217	35581	583
725000	25	257	662	12795	0	128	36613	413
726000	6	274	455	13176	2	89	38101	240
727000	11	292	424	13230	0	36	38722	87
728000	10	257	455	13266	0	15	36930	36
729000	11	265	468	13240	0	24	37305	41
730000	9	264	407	13330	0	8	38307	41
731000	14	221	591	12820	109	81	37301	439
732000	11	270	674	12583	72	271	36979	778
733000	9	261	503	12770	22	357	37419	1011
734000	23	236	701	12573	8	334	36625	1023
735000	10	243	482	12746	93	349	36238	1147
736000	4	266	331	13084	39	339	37014	1077
737000	12	241	546	12707	68	379	37506	1225
738000	13	235	460	12771	52	459	37124	1444
739000	13	254	550	12639	25	480	36274	1640
740000	13	272	461	12719	17	504	36827	1313
741000	10	221	527	12718	21	456	38148	1546
742000	4	216	473	12813	82	367	37663	1227
743000	9	264	453	12984	40	249	37240	1100
744000	13	299	467	12946	33	248	35517	840
745000	18	258	536	12535	19	533	37347	1470
746000	3	250	402	12670	108	621	36131	2091
747000	15	248	462	12319	94	856	36430	2565
748000	5	267	496	12033	111	1080	35024	3438
749000	11	265	409	12233	132	953	34200	2856
750000	8	290	380	12111	135	1105	33843	3515
751000	19	258	427	12036	106	1196	35167	3706
752000	20	277	401	11573	222	1504	32815	5008
753000	12	264	467	12026	124	1069	32778	3275
754000	7	275	509	12118	174	843	34678	2841
755000	14	273	466	12112	139	947	35334	2985
756000	3	230	410	12220	69	1079	36023	2954
757000	16	261	377	12417	86	843	36098	2376
758000	10	268	417	12403	75	815	36294	2390
759000	5	236	500	12185	96	957	35944	3060
760000	9	237	431	12213	72	1031	37216	2817
761000	11	258	452	11989	144	1134	34767	3362
762000	17	236	458	11977	164	1140	34905	3603
763000	17	250	466	11877	101	1261	35160	3549
764000	7	247	328	11977	238	1278	33790	4487
765000	13	252	525	11790	237	1151	33442	3924
766000	21	267	502	11671	295	1194	34263	4133
767000	11	251	554	11641	287	1185	32787	3770
768000	12	258	411	11619	346	1344	34323	4271
769000	12	273	357	11998	280	1127	33879	3816
770000	8	235	433	11794	212	1302	33741	4457
771000	9	264	517	11604	333	1247	33382	4614
772000	13	263	435	11861	328	1082	33505	3969
773000	11	275	495	11843	179	1166	34144	3592
774000	9	270	463	11952	220	1078	33717	3359
775000	8	275	554	11934	211	983	34632	3735
776000	15	297	527	11790	199	1149	33993	4395
777000	14	276	401	11703	138	1495	34085	4623
778000	12	250	416	11766	178	1390	35001	4316
779000	15	216	443	11821	139	1377	34235	4066
780000	12	238	550	11515	101	1497	34269	4590
781000	15	244	574	11692	101	1309	33428	4004
782000	11	218	487	12234	126	935	35365	3081
783000	16	286	508	12073	135	959	35101	2721
784000	7	264	458	12144	149	972	34810	2969
785000	12	250	445	12153	264	825	35242	3080
786000	8	225	512	12202	120	917	35215	3134
787000	12	257	482	12218	49	951	33924	2762
788000	10	289	398	12185	86	1048	34394	3268
789000	7	226	327	12566	108	845	34882	2542
790000	9	232	551	12076	103	981	36147	3632
791000	5	250	611	12044	129	863	35624	2761
792000	17	252	474	12206	227	814	34902	2302
793000	19	269	525	12252	168	741	34071	2788
794000	15	248	448	12063	203	1056	33288	2940
795000	15	237	413	12218	249	836	34661	3088
796000	11	267	650	11876	245	834	36025	2983
797000	20	282	720	11754	233	813	34884	2532
798000	19	244	506	12067	193	890	35471	3271
799000	17	246	616	12065	94	888	33933	2940
800000	9	236	457	12195	136	911	34558	2947
801000	14	232	362	12332	118	966	35170	3145
802000	10	301	383	12147	153	1036	34421	3052
803000	18	263	544	12077	74	981	33916	2852
804000	16	263	407	12325	101	881	34897	2501
805000	9	269	455	12382	78	767	34119	2383
806000	10	241	370	12621	95	698	37038	2431
807000	14	254	475	12617	81	563	35969	1364
808000	9	266	568	12530	80	460	37306	1736
809000	19	297	484	12619	52	533	36565	1441
810000	9	290	498	12644	41	478	35530	1569
811000	11	259	530	12669	17	474	36602	1458
812000	16	233	427	12888	17	422	38282	1067
813000	12	269	493	12746	12	430	36553	1132
814000	12	251	544	12577	55	508	36592	1266
815000	8	249	394	12775	43	569	35744	2003
816000	4	287	373	12727	71	585	36375	1727
817000	14	243	430	12764	66	490	37219	1636
818000	7	242	506	12709	25	459	37377	1500
819000	7	244	543	12577	24	561	35614	1541
820000	9	264	450	12778	49	436	35580	1062
821000	8	275	450	12861	28	350	38433	1120
822000	11	267	393	12948	42	352	35961	1032
823000	7	264	481	13103	14	126	36851	683
824000	13	271	457	13126	1	112	37797	288
825000	9	256	581	12907	22	150	36097	568
826000	10	225	610	12937	24	117	38273	343
827000	9	262	526	13052	22	89	38566	286
828000	14	265	570	13021	3	80	38260	220
829000	6	228	518	13183	0	20	38513	70
830000	9	235	499	13151	1	25	38547	91
831000	5	193	463	13269	4	39	39023	112
832000	12	214	448	13208	3	77	38663	121
833000	13	282	524	13072	0	44	36407	103
834000	12	267	534	13068	0	80	38924	230
835000	17	236	653	12861	26	68	37350	210
836000	4	268	405	13189	13	131	37357	341
837000	17	288	520	12909	25	180	37638	624
838000	10	269	495	12869	70	256	39112	851
839000	10	272	463	12943	45	263	36839	753
840000	15	225	648	12726	31	258	36145	928
841000	10	275	550	12946	3	174	37492	449
842000	10	259	551	12943	13	187	37322	444
843000	5	260	727	12731	10	124	38519	377
844000	11	243	662	13002	0	16	37428	33
845000	6	273	488	13090	110	3	37318	298
846000	10	266	527	13051	63	58	37452	339
847000	16	226	524	13070	79	39	38622	242
848000	8	251	452	13214	30	33	38115	189
849000	3	251	531	13130	11	21	38255	200
850000	9	239	481	13262	8	2	38260	29
851000	14	282	369	13367	8	0	37755	4
852000	9	291	477	13154	24	1	38008	140
853000	10	255	435	13285	0	0	39305	2
854000	19	262	517	12948	59	141	36995	479
855000	19	220	540	12986	33	135	38458	395
856000	12	271	486	13139	25	52	37283	181
857000	14	263	421	13240	19	43	38389	187
858000	6	226	484	13177	58	38	39746	266
859000	12	238	459	13178	9	64	39052	264
860000	14	254	519	13155	8	35	37828	164
861000	6	299	578	13056	0	7	36791	5
862000	16	275	548	12903	168	9	37534	315
863000	21	264	628	12823	62	130	39572	464
864000	8	249	482	12892	58	304	36848	782
865000	27	225	738	12417	151	296	36027	1309
866000	10	280	536	12580	140	371	37020	1476
867000	11	230	502	12963	28	206	38274	867
868000	14	288	416	13099	32	172	37352	502
869000	12	239	465	13143	7	118	38088	361
870000	13	266	441	13163	1	83	38557	347
871000	4	328	385	13276	0	29	38106	62
872000	25	256	602	13024	0	1	37844	1
873000	17	224	578	13048	64	25	36229	309
874000	9	252	552	12900	141	65	37174	498
875000	20	264	537	12885	82	127	37871	506
876000	16	270	653	12790	50	104	36291	363
877000	6	258	431	13073	118	90	37283	552
878000	5	229	461	13094	54	142	37412	545
879000	7	241	482	13127	58	96	38160	418
880000	9	210	595	12857	68	214	37457	1038
881000	7	233	500	12998	86	137	38278	893
882000	12	232	485	13047	29	177	38306	526
883000	6	249	526	12862	29	243	37300	654
884000	20	256	715	12429	38	381	38403	1033
885000	9	241	456	12986	3	299	36776	675
886000	13	271	505	12842	5	298	37579	665
887000	12	246	525	12866	4	340	37531	908
888000	9	252	542	12796	18	336	37645	952
889000	22	266	517	12839	56	237	37475	974
890000	9	245	476	13019	15	213	37555	657
891000	12	272	629	12683	26	282	35737	853
892000	19	222	641	12747	54	187	37916	567
893000	9	303	448	13032	62	171	36879	599
894000	9	273	546	12880	45	196	37734	368
895000	14	274	553	12853	58	182	38459	820
896000	8	200	444	13022	19	331	37000	1297
897000	9	266	458	12855	38	386	38325	1206
898000	16	212	488	12726	75	455	37376	1520
899000	7	269	524	12510	37	576	36403	1457
900000	8	254	577	12195	86	794	36096	2284
901000	11	292	414	12453	93	751	35097	2153
902000	12	219	604	12296	141	661	34978	2364
903000	11	269	456	12467	246	546	35804	2393
904000	7	245	346	12581	167	698	35306	2267
905000	10	269	391	12462	222	681	34924	2685
906000	11	270	301	12777	92	623	37282	2035
907000	9	273	384	12545	80	705	36409	1846
908000	6	262	477	12706	97	417	37067	1686
909000	8	249	395	12841	173	339	34262	1958
910000	19	285	396	12798	96	403	35359	1582
911000	9	255	410	12804	36	528	36489	1611
912000	19	251	465	12720	23	475	37340	1388
913000	4	285	451	12787	28	454	36859	1285
914000	6	249	387	12940	12	422	36452	1446
915000	8	271	363	12895	8	469	36909	1266
916000	4	257	400	13008	16	315	36986	1008
917000	5	232	462	13089	29	165	36995	540
918000	12	263	407	13031	31	239	39575	836
919000	14	266	618	12811	37	167	36922	451
920000	9	273	554	12832	10	284	35766	972
921000	10	263	547	12849	15	269	36803	879
922000	10	274	521	12824	5	306	36940	889
923000	5	245	359	13122	25	304	36647	1009
924000	8	288	504	12843	15	302	37061	791
925000	2	240	463	12918	16	354	38383	976
926000	5	276	384	12919	71	367	37212	1212
927000	14	232	528	12626	27	514	35720	1490
928000	14	238	479	12895	40	319	37995	1123
929000	13	232	370	13195	10	225	38275	516
930000	6	299	504	12853	50	241	37358	778
931000	6	235	506	12779	102	355	36225	1339
932000	6	292	408	12708	61	554	36533	1593
933000	10	250	555	12365	94	683	36293	2034
934000	8	258	445	12414	134	717	35933	2264
935000	12	241	525	12239	160	784	34255	2868
936000	26	238	544	12266	166	699	36147	2285
937000	11	253	587	12235	171	676	35428	2360
938000	11	242	519	12342	122	718	35927	2422
939000	5	280	445	12436	142	698	35606	1672
940000	9	236	450	12695	54	558	35840	1820
941000	7	247	540	12578	93	493	36861	1705
942000	8	231	525	12554	92	522	35460	1920
943000	15	273	344	12929	36	461	36338	1298
944000	16	231	530	12665	36	421	36414	1471
945000	10	256	373	13048	41	328	36314	1002
946000	13	284	430	12732	51	495	36272	1095
947000	7	241	481	12669	90	524	34412	1766
948000	14	247	392	12712	55	601	36910	2026
949000	5	289	377	12623	85	643	36917	1796
950000	14	282	488	12559	105	552	37623	1866
951000	24	280	526	12455	78	572	35541	2023
952000	8	237	495	12630	88	509	35457	1747
953000	10	244	397	12848	33	457	37421	1588
954000	9	286	431	12958	25	336	37337	961
955000	8	259	466	12976	31	271	35959	984
956000	7	271	298	13326	23	158	36680	659
957000	11	237	465	13099	17	148	36844	503
958000	11	272	487	12936	10	272	35230	783
959000	21	272	602	12783	16	186	36994	728
960000	12	257	574	12791	22	277	36763	864
961000	9	232	456	12909	45	357	36528	1152
962000	16	256	461	12974	17	249	37100	772
963000	12	267	446	12976	47	229	38287	923
964000	8	283	550	12925	9	187	37156	626
965000	14	233	561	12884	22	192	38564	506
966000	10	266	478	13074	22	129	37304	387
967000	12	244	426	13191	12	101	36951	386
968000	12	249	492	13139	4	74	38463	186
969000	10	234	513	13174	0	50	37463	146
970000	7	264	421	13213	0	75	37105	177
971000	10	268	551	13057	1	64	37718	243
972000	18	236	545	13069	7	87	37219	230
973000	14	254	501	13157	0	38	38142	80
974000	13	272	514	13158	2	5	38849	100
975000	14	259	564	13069	0	7	37851	41
976000	9	290	510	13023	81	20	37556	232
977000	12	236	631	12969	20	24	37601	182
978000	8	235	453	13232	0	16	37784	67
979000	6	249	455	13189	61	17	38299	249
980000	7	253	431	13241	51	22	38116	230
981000	8	311	400	13263	19	6	37167	70
982000	7	306	543	13006	70	19	38368	380
983000	11	283	580	13001	21	34	38292	381
984000	11	277	584	12843	161	1	38281	192
985000	15	243	602	12944	96	38	37850	458
986000	9	269	485	12970	78	148	37369	589
987000	12	291	529	12991	35	95	37985	242
988000	12	237	425	13137	40	99	38768	515
989000	8	240	518	13062	31	99	37346	281
990000	11	214	438	13131	64	111	37761	505
991000	16	235	505	12932	93	203	37575	849
992000	13	260	538	12814	30	265	36797	677
993000	12	261	417	13129	32	157	38870	581
994000	13	272	551	12839	43	199	36746	822
995000	7	247	514	12998	26	175	37100	493
996000	10	272	502	12921	10	230	37626	746
997000	8	246	482	13163	1	75	38338	305
998000	14	251	539	12977	1	156	38614	383
999000	13	288	450	12914	4	340	36489	786
