0	0	0	0	14400	0	0	0	0
1000	43	479	571	12689	81	53	22231	158
2000	29	422	752	12594	18	37	22214	82
3000	17	416	767	12591	0	19	23058	17
4000	14	456	603	12719	88	24	22642	231
5000	22	382	864	12404	39	36	22735	85
6000	27	401	921	12383	0	2	22500	1
7000	30	400	971	12168	93	32	22248	137
8000	20	435	639	12614	29	170	22224	390
9000	25	411	847	12341	4	158	22104	260
10000	26	489	649	12611	2	83	22739	155
11000	33	442	633	12689	0	83	22685	116
12000	25	428	731	12550	0	94	23368	199
13000	29	391	758	12487	2	95	22593	246
14000	12	386	625	12876	0	25	23581	60
15000	28	452	648	12716	0	0	21780	1
16000	33	379	967	12206	99	25	23383	167
17000	15	465	791	12487	18	16	22026	43
18000	31	420	917	12219	117	50	22321	201
19000	29	424	809	12318	80	131	23058	302
20000	15	455	690	12381	11	315	22460	627
21000	36	446	958	12016	1	282	22211	443
22000	28	426	809	12232	67	224	22001	566
23000	31	438	923	12053	95	153	21744	368
24000	38	428	873	12192	20	205	21714	347
25000	20	400	770	12533	9	121	22352	386
26000	9	391	719	12501	28	187	22550	419
27000	19	447	901	12149	27	215	22563	393
28000	29	407	851	11958	102	489	22009	855
29000	74	424	989	11654	109	429	21976	797
30000	20	448	852	12059	134	264	21473	622
31000	46	374	992	12162	65	54	22170	267
32000	26	481	1039	11998	78	41	21200	123
33000	41	446	1293	11580	4	165	21673	241
34000	26	399	1215	11741	26	197	23187	294
35000	22	432	711	12605	1	80	22676	159
36000	19	407	646	12780	2	66	23263	194
37000	28	423	879	12381	0	36	21990	24
38000	27	427	825	12497	0	23	21103	69
39000	20	429	855	12402	0	61	22638	105
40000	21	407	910	12314	2	79	22600	140
41000	25	383	1079	12066	31	33	21390	98
42000	40	475	850	12141	93	125	22946	206
43000	33	405	924	12265	54	85	22537	284
44000	25	391	886	12244	41	176	22260	447
45000	24	426	742	12437	51	139	22597	262
46000	42	402	758	12374	142	60	22935	225
47000	55	436	776	12272	106	169	20973	441
48000	30	366	1085	11774	138	223	22474	614
49000	54	415	1184	11677	116	100	22070	304
50000	41	407	800	12293	59	193	22400	408
51000	29	423	803	12324	17	244	22644	349
52000	41	366	944	12125	12	232	22147	451
53000	28	389	1013	12053	5	212	21890	342
54000	26	403	930	12099	9	256	22310	461
55000	16	409	656	12467	13	349	21888	624
56000	20	384	686	12406	42	397	22529	952
57000	47	462	860	11966	74	344	21314	660
58000	27	467	858	11904	61	408	21060	767
59000	23	448	793	12041	60	483	22352	761
60000	18	426	714	12383	42	230	21724	554
61000	38	354	672	12468	123	233	23726	483
62000	34	342	777	12380	18	248	22440	392
63000	36	502	655	12481	5	190	22082	262
64000	25	432	629	12508	35	270	22339	363
65000	25	394	715	12433	38	240	22001	513
66000	46	490	778	12360	5	124	21873	237
67000	43	393	938	12238	0	112	23592	218
68000	25	416	878	12073	29	337	22019	372
69000	25	423	844	11938	106	422	21173	822
70000	29	423	1104	11671	95	300	21174	721
71000	32	406	991	11911	131	251	21937	826
72000	28	418	955	12157	33	83	21976	94
73000	25	470	751	12394	30	140	21747	267
74000	24	435	622	12814	0	11	23358	12
75000	35	422	866	12323	107	33	22528	318
76000	45	477	999	12086	36	13	22296	119
77000	28	329	1176	11956	88	0	22694	127
78000	23	452	1131	11962	13	3	22595	61
79000	27	433	804	12486	22	33	21952	110
80000	34	453	639	12775	0	10	23002	14
81000	27	452	613	12600	164	67	22058	272
82000	24	392	765	12314	173	159	22826	441
83000	20	398	715	12310	105	344	21874	856
84000	24	410	691	12350	23	325	22652	541
85000	24	415	695	12300	16	413	21466	859
86000	27	401	830	12038	84	390	21914	751
87000	19	468	520	12293	32	638	21341	911
88000	25	396	743	12164	17	480	21482	901
89000	26	388	686	12234	13	501	22781	938
90000	37	486	759	12004	18	517	21718	1023
91000	51	381	835	12076	66	314	22451	764
92000	50	456	848	12205	40	156	22771	391
93000	30	428	852	12197	29	236	21968	319
94000	23	405	752	12435	29	156	23339	251
95000	18	489	657	12451	34	217	21700	533
96000	25	471	775	12183	16	380	22746	463
97000	43	458	721	12402	16	218	21876	515
98000	22	442	724	12554	41	82	22353	219
99000	35	464	996	12018	31	134	21338	276
100000	52	417	893	12184	53	115	21764	315
101000	9	495	553	12686	30	124	23012	404
102000	19	416	703	12576	21	143	21765	265
103000	28	423	721	12544	7	118	23144	284
104000	34	422	983	12226	34	34	21820	113
105000	26	403	926	12299	39	27	23616	168
106000	30	510	906	12279	5	22	22682	70
107000	17	438	854	12404	0	29	23676	54
108000	25	435	835	12361	101	1	21994	75
109000	39	407	848	12405	34	54	21768	90
110000	29	405	993	12113	94	72	22470	325
111000	47	390	945	12123	122	85	22439	313
112000	20	420	920	12210	79	137	22711	458
113000	29	434	765	12272	64	235	20796	516
114000	27	448	700	12305	16	347	21809	575
115000	25	481	753	12200	12	377	22893	646
116000	21	456	871	12105	31	292	21243	578
117000	21	469	734	12222	25	342	21910	624
118000	23	422	727	12359	34	289	23293	550
119000	23	479	684	12447	14	248	22053	444
120000	17	416	617	12555	6	293	22065	557
121000	11	441	543	12595	15	289	22972	508
122000	26	441	826	12125	109	266	23067	584
123000	27	458	750	12273	75	215	22168	477
124000	22	423	879	12203	9	232	23066	313
125000	13	418	575	12655	49	217	22095	600
126000	37	394	598	12419	172	281	22781	581
127000	27	399	752	12292	26	370	22595	489
128000	37	445	793	12312	21	172	21779	320
129000	23	397	821	12542	0	8	23703	28
130000	23	451	799	12416	32	50	22478	169
131000	29	486	923	12257	54	0	22643	85
132000	22	401	1015	12259	0	0	23396	5
133000	38	440	1239	11821	1	0	21946	5
134000	33	414	902	12374	37	6	22053	65
135000	23	469	870	12372	26	10	21974	47
136000	23	508	778	12492	1	0	22310	0
137000	17	440	827	12428	41	36	22207	36
138000	29	413	935	12292	0	29	21873	12
139000	32	419	955	12138	120	24	22488	148
140000	35	405	1007	12197	4	44	22213	131
141000	28	419	967	12234	25	23	22439	64
142000	26	406	826	12410	110	0	23163	121
143000	34	387	794	12508	25	66	22200	170
144000	19	456	628	12737	0	59	22383	134
145000	19	429	870	12421	0	35	21416	63
146000	32	425	1081	12120	0	22	21640	18
147000	22	404	794	12636	0	22	22388	35
148000	37	445	696	12651	0	2	21681	1
149000	22	381	802	12414	117	37	22741	275
150000	27	457	931	12208	55	34	22074	104
151000	25	473	826	12350	33	63	21774	144
152000	34	394	855	12381	4	52	22812	85
153000	26	452	713	12615	10	17	22124	18
154000	25	446	848	12469	21	3	22852	77
155000	23	395	627	12826	41	0	23156	4
156000	23	401	680	12687	16	40	22579	103
157000	14	395	792	12556	9	35	22594	39
158000	36	427	1107	12034	18	0	22958	13
159000	17	412	920	12364	60	27	24343	119
160000	28	461	910	12306	7	20	22808	21
161000	33	396	944	12332	20	24	22515	48
162000	39	374	724	12683	1	13	22733	9
163000	43	421	821	12514	0	57	23159	136
164000	17	467	816	12300	12	156	22966	177
165000	28	456	843	12284	12	144	21646	321
166000	40	454	923	12263	0	84	22157	137
167000	21	427	811	12502	9	58	22486	199
168000	18	417	742	12600	0	49	22452	103
169000	16	380	834	12515	24	22	22867	100
170000	20	385	909	12372	34	39	22875	153
171000	18	492	661	12652	6	29	22706	113
172000	40	376	953	12329	0	11	22662	19
173000	34	439	999	12101	133	0	22465	98
174000	25	443	1391	11462	129	36	22020	200
175000	26	463	1006	12095	27	88	21552	368
176000	34	394	777	12497	3	123	22351	226
177000	30	457	1048	12037	5	97	22214	125
178000	31	434	850	12381	4	83	21796	161
179000	18	528	1138	11947	0	17	21629	18
180000	27	456	1023	12204	0	4	22607	2
181000	37	428	699	12564	97	30	22173	240
182000	15	400	628	12840	7	28	22158	115
183000	17	408	560	12921	0	4	23469	18
184000	16	432	692	12597	113	3	22617	218
185000	45	507	813	12238	63	54	22147	215
186000	46	465	926	12172	37	83	21410	182
187000	28	456	823	12471	0	27	23158	66
188000	28	342	855	12437	125	0	23449	52
189000	28	452	652	12604	102	45	22377	197
190000	14	419	672	12651	11	107	21929	60
191000	39	427	728	12558	5	77	22352	191
192000	26	433	749	12591	7	39	23123	76
193000	37	495	899	12292	2	25	22396	57
194000	17	444	559	12847	2	60	23216	121
195000	21	492	703	12581	18	61	22178	161
196000	29	415	857	12386	6	61	23113	144
197000	46	416	969	12228	0	49	21347	60
198000	25	428	755	12523	1	65	22779	33
199000	27	368	557	12888	0	66	23032	126
200000	34	420	673	12711	0	41	23339	37
201000	24	382	802	12546	6	32	22230	121
202000	13	400	699	12710	0	10	22729	13
203000	31	444	673	12697	1	10	22619	0
204000	32	457	769	12550	8	3	23229	12
205000	43	472	1024	12087	10	19	22329	76
206000	17	444	767	12556	7	40	23012	73
207000	26	430	781	12531	0	30	22153	29
208000	18	432	731	12600	0	59	22840	114
209000	25	425	650	12711	0	49	23709	147
210000	31	378	868	12413	0	69	22910	80
211000	41	472	990	12133	0	38	21544	14
212000	51	446	1017	12061	4	84	22813	140
213000	48	459	981	12096	0	135	22546	134
214000	23	383	894	12303	26	119	23564	287
215000	24	441	794	12550	0	7	22992	52
216000	41	352	876	12446	32	14	22459	26
217000	24	387	1204	11879	0	27	22002	3
218000	46	433	1033	12040	111	5	21909	144
219000	23	450	1002	12054	107	21	20407	159
220000	28	359	831	12444	107	28	22745	251
221000	42	456	973	11978	97	145	22468	335
222000	40	465	985	11918	104	195	21798	621
223000	44	387	966	11842	109	342	21172	575
224000	27	444	951	11757	79	405	21490	796
225000	36	419	942	11951	33	361	21187	632
226000	41	421	933	11810	78	436	21980	1015
227000	32	430	809	11950	107	512	22758	1163
228000	27	505	852	11868	72	445	22727	758
229000	35	428	983	11740	68	403	22058	672
230000	49	351	857	11910	77	501	21465	1012
231000	19	448	837	11896	59	539	21953	1035
232000	38	385	908	11501	160	723	20984	1338
233000	33	418	889	11507	214	668	20965	1602
234000	26	420	833	11726	124	646	21479	1545
235000	33	433	672	12194	56	516	21203	990
236000	25	430	711	12264	48	387	22050	669
237000	22	399	849	12198	55	269	22019	578
238000	33	473	637	12383	38	355	21938	620
239000	35	441	1044	11888	16	249	21685	399
240000	32	444	727	12231	40	327	21891	516
241000	27	443	819	12167	45	299	21966	680
242000	25	379	913	12035	29	379	23269	597
243000	45	441	756	12213	10	297	22801	461
244000	19	423	750	12339	2	275	21973	519
245000	35	472	818	12307	18	151	21881	227
246000	14	464	590	12609	14	245	22114	415
247000	16	408	730	12456	2	212	22014	318
248000	30	457	756	12224	10	390	21204	692
249000	28	419	738	12255	67	336	21973	746
250000	24	411	770	12187	60	367	21552	759
251000	24	400	897	11988	92	367	22533	936
252000	38	409	966	11864	138	312	20789	565
253000	15	451	728	12264	43	326	21924	688
254000	15	393	828	12289	12	222	23041	499
255000	34	422	1001	12107	1	133	21272	292
256000	31	416	809	12353	10	133	21758	195
257000	22	392	940	12312	15	76	22305	254
258000	31	421	784	12446	0	49	22317	107
259000	28	415	920	12301	0	63	22457	41
260000	51	431	993	12161	1	57	21356	46
261000	38	484	1002	12004	119	11	21596	195
262000	27	408	808	12469	111	2	21977	153
263000	34	431	966	12111	114	43	22620	231
264000	23	472	952	12000	148	144	21835	445
265000	31	437	983	12046	66	172	22324	475
266000	22	406	917	11870	67	411	22370	907
267000	19	378	621	12406	72	419	22462	923
268000	35	383	595	12531	36	323	23224	621
269000	29	429	709	12239	73	334	22233	629
270000	18	428	691	12421	29	271	21360	375
271000	30	433	854	12122	43	303	22052	876
272000	27	370	799	12044	25	508	21280	795
273000	38	441	717	12228	22	377	21872	638
274000	45	446	802	12027	51	380	21815	501
275000	35	426	864	11916	49	456	21461	710
276000	24	406	983	11748	17	521	21129	1105
277000	25	397	802	12151	6	444	21819	857
278000	29	403	740	12243	7	432	21159	678
279000	19	442	684	12458	14	256	22864	364
280000	31	372	729	12350	24	321	21800	616
281000	31	375	784	12105	29	484	21880	634
282000	29	432	666	12214	31	517	20924	865
283000	25	449	851	11929	58	464	22186	1029
284000	37	417	981	11515	160	599	20875	1525
285000	33	409	722	11769	165	773	21688	1372
286000	47	379	953	11490	84	706	20801	1267
287000	24	445	666	12081	86	572	20396	1078
288000	36	397	875	11803	47	608	21261	1256
289000	25	389	564	12186	64	705	20794	1386
290000	33	462	783	11760	101	690	20956	1195
291000	18	405	634	12008	160	628	22042	1252
292000	28	429	660	12010	91	622	21045	897
293000	40	381	701	11841	113	755	21045	1605
294000	28	447	663	11768	102	887	21182	1712
295000	19	409	589	11798	29	1026	21125	1930
296000	28	391	624	11995	85	793	21299	1367
297000	31	384	662	12009	48	724	22633	1438
298000	21	401	747	11537	164	955	21026	1958
299000	27	436	664	11868	130	728	21250	1351
300000	31	473	914	11478	113	738	19954	1106
301000	32	410	1120	11364	205	454	21024	1222
302000	19	403	835	11674	226	632	20824	1449
303000	34	446	698	11905	272	524	20428	1251
304000	18	415	702	12085	193	415	21971	821
305000	40	391	1077	11795	36	265	22935	510
306000	48	406	1100	11774	13	312	22410	580
307000	39	368	861	11989	25	428	22552	641
308000	37	452	742	11966	29	594	21811	838
309000	42	460	747	11637	70	856	21840	1695
310000	20	426	738	11756	22	829	21965	1405
311000	30	448	633	11953	57	788	21899	1370
312000	9	496	613	11798	40	959	21116	1799
313000	31	434	753	11512	121	929	21493	2060
314000	27	426	664	11375	112	1272	20613	2016
315000	11	462	573	11212	108	1583	20471	2617
316000	14	391	626	11415	154	1288	20426	2450
317000	18	434	726	11514	164	1030	20715	2208
318000	43	371	868	11073	384	986	20890	2402
319000	30	460	874	10934	345	1112	20447	2161
320000	42	437	905	10945	221	1184	20748	2552
321000	26	480	815	11086	233	1196	19176	2713
322000	66	338	1213	10730	290	931	19820	2119
323000	46	457	1347	10508	153	957	19604	1737
324000	31	386	860	11344	227	948	20895	1780
325000	55	426	1112	10452	372	1169	19847	2599
326000	47	431	878	11014	245	1125	20349	2599
327000	46	421	781	11085	249	1218	20383	2562
328000	28	441	765	10970	176	1428	19751	2766
329000	23	347	601	11454	225	1231	21305	1897
330000	44	419	874	11141	248	1043	20109	1952
331000	29	419	832	11515	149	862	20587	1720
332000	39	422	905	11204	161	1043	20242	1970
333000	34	398	851	11422	128	987	19710	2070
334000	42	380	865	11450	211	869	20392	1772
335000	19	473	674	11777	179	730	21128	1595
336000	15	410	760	11979	66	609	21737	1270
337000	24	378	1013	11739	77	453	22233	1170
338000	29	410	1045	11809	36	365	21145	791
339000	27	374	998	12174	14	99	22256	193
340000	42	445	1129	11777	11	180	22949	325
341000	24	469	836	12215	10	222	22290	426
342000	38	435	853	12303	18	123	22025	178
343000	38	472	868	12274	30	49	21528	170
344000	39	415	1096	12036	10	30	21116	98
345000	40	419	935	12217	140	7	21261	344
346000	35	434	803	12345	47	110	22148	202
347000	29	428	781	12439	41	95	22665	194
348000	21	414	871	12226	20	210	22845	254
349000	36	410	977	12215	21	81	23305	168
350000	34	409	1007	12058	72	60	22203	147
351000	17	396	1174	11964	36	6	22857	42
352000	24	383	1015	12189	28	4	23718	57
353000	46	446	1076	12047	47	4	22486	105
354000	35	418	1108	12034	0	0	22880	2
355000	40	401	1008	12016	180	46	22093	544
356000	13	369	911	12360	34	89	23207	185
357000	34	430	797	12401	33	81	21793	223
358000	13	403	788	12580	0	34	23483	49
359000	34	420	1013	12212	0	42	22020	80
360000	39	375	927	12318	0	9	23345	8
361000	40	489	846	12343	93	5	22453	98
362000	26	441	798	12415	60	15	22505	129
363000	26	413	911	12307	70	2	23099	113
364000	32	379	860	12448	25	11	22635	132
365000	38	464	943	12117	99	25	21853	123
366000	32	429	857	12288	62	101	21980	213
367000	34	399	937	12157	104	82	22425	387
368000	26	391	800	12350	114	78	22815	396
369000	36	430	750	12318	132	106	21244	354
370000	43	398	1248	11646	118	61	22260	303
371000	30	405	1128	11858	102	104	22252	280
372000	47	436	913	12114	7	219	22733	385
373000	62	319	1146	12017	7	102	23013	197
374000	32	409	989	11834	29	364	22978	442
375000	37	403	734	12319	65	271	21654	520
376000	23	443	667	12476	83	207	21925	540
377000	22	456	704	12482	41	155	21949	534
378000	30	445	1113	11873	22	120	22853	194
379000	31	394	1180	11776	37	213	21480	260
380000	31	401	770	12208	60	319	22646	619
381000	26	463	694	12247	12	427	22186	633
382000	31	366	775	12095	19	536	22473	1014
383000	21	387	909	11549	57	794	21671	1617
384000	24	472	829	11614	158	684	20024	1321
385000	49	458	1198	11364	140	338	21179	691
386000	36	427	1088	11652	59	368	21709	735
387000	31	423	970	11983	83	223	23240	454
388000	27	372	754	12229	170	280	22680	527
389000	28	435	822	12130	82	283	22591	422
390000	37	411	962	11855	70	313	21035	553
391000	22	453	786	12129	119	259	21423	570
392000	29	431	821	12172	94	275	22200	512
393000	34	408	978	11708	148	443	20957	1266
394000	24	429	727	11791	258	602	20289	1530
395000	30	391	1000	11657	211	391	20630	1212
396000	29	353	869	11703	169	637	21206	1327
397000	24	427	924	11842	176	374	20707	897
398000	30	388	861	11952	186	350	20975	793
399000	47	399	961	11613	226	439	20378	1217
400000	39	441	1064	11676	125	282	22009	798
401000	64	475	1314	11233	121	303	20340	689
402000	41	337	1123	11744	131	242	22295	537
403000	37	453	858	11978	90	338	20558	962
404000	27	366	814	12145	84	322	22424	632
405000	36	419	873	12030	32	336	21993	648
406000	39	472	701	12166	17	427	22095	947
407000	21	415	778	12181	55	347	22374	809
408000	18	455	619	12470	56	280	20779	560
409000	32	423	629	12444	37	263	21781	452
410000	44	425	1048	11905	11	213	21024	549
411000	28	414	825	12211	22	274	22551	575
412000	24	455	799	12241	9	289	21417	427
413000	25	455	685	12395	29	265	22432	607
414000	38	360	844	12352	4	120	22067	295
415000	41	387	832	12401	29	111	22649	259
416000	23	464	807	12470	0	43	21922	50
417000	22	390	817	12527	0	28	23515	55
418000	53	374	1036	12037	93	37	20896	244
419000	20	401	919	12223	96	66	22413	281
420000	22	438	926	12109	88	105	22230	332
421000	42	384	827	12433	6	104	23060	209
422000	27	414	746	12562	0	76	22942	100
423000	19	500	599	12708	27	46	23010	47
424000	29	401	865	12298	40	149	22127	199
425000	26	421	623	12576	10	201	22025	264
426000	21	409	872	12374	0	55	22568	115
427000	19	435	745	12584	0	43	22619	106
428000	30	467	576	12800	0	62	22326	114
429000	25	432	698	12638	1	95	22197	115
430000	32	473	715	12582	0	36	22998	20
431000	26	414	742	12645	0	3	22638	6
432000	23	445	892	12187	185	31	22484	272
433000	46	363	1097	12061	57	15	23066	172
434000	20	397	1160	11838	124	42	22147	242
435000	35	453	962	11783	236	208	22096	573
436000	25	441	937	11941	188	138	22551	541
437000	30	434	913	12015	84	235	22016	442
438000	47	437	950	12026	64	220	21112	456
439000	26	408	892	12090	141	193	23112	515
440000	41	462	942	11744	251	244	20960	826
441000	50	499	1236	11231	234	331	21082	1012
442000	53	427	1089	11620	145	314	19793	586
443000	40	458	942	11614	137	514	21686	964
444000	22	422	669	11967	91	688	20785	1295
445000	12	403	660	12224	104	492	21777	933
446000	43	427	877	11770	48	559	21175	823
447000	29	470	822	11700	21	712	20704	1082
448000	20	441	754	12212	96	330	21528	785
449000	24	435	650	12322	112	332	21616	700
450000	37	367	933	11881	55	421	21788	560
451000	39	399	849	11920	22	530	22434	779
452000	38	440	1017	11610	53	478	21567	723
453000	29	410	725	12205	61	421	22018	965
454000	28	380	783	12461	18	147	23608	301
455000	33	422	714	12453	1	164	23539	158
456000	27	447	828	12370	19	112	21746	234
457000	46	379	988	12188	13	98	23233	234
458000	29	402	750	12508	1	137	22801	216
459000	24	393	846	12410	6	74	22240	129
460000	28	419	807	12486	0	28	22730	81
461000	26	384	777	12566	0	62	22048	121
462000	24	407	644	12793	0	34	23420	63
463000	22	442	803	12510	0	8	22323	27
464000	24	382	966	12207	116	0	23556	76
465000	24	437	936	12290	19	38	22670	239
466000	45	458	777	12434	20	64	22273	77
467000	49	389	1021	12089	60	4	22450	142
468000	32	455	682	12574	104	19	21699	191
469000	25	389	877	12323	33	110	22044	245
470000	31	391	760	12457	30	162	22485	310
471000	16	412	631	12607	3	231	21872	258
472000	14	481	733	12503	32	127	20959	156
473000	33	483	758	12447	36	54	22702	206
474000	21	464	914	12267	27	36	23668	87
475000	36	394	979	12226	11	7	23055	26
476000	53	416	939	12265	9	0	22033	20
477000	28	380	1175	11888	134	6	22138	172
478000	22	396	990	12224	55	17	21051	229
479000	17	435	989	12197	31	33	21648	127
480000	22	466	862	12432	0	1	22900	19
481000	24	454	774	12529	20	11	22239	65
482000	26	383	673	12704	81	56	21583	304
483000	38	478	785	12354	66	42	22493	190
484000	18	469	768	12538	9	35	22304	98
485000	22	421	876	12377	0	39	21764	57
486000	42	410	1003	12114	2	82	23563	97
487000	18	434	749	12532	2	100	22689	242
488000	32	454	721	12522	16	81	22643	148
489000	38	395	759	12575	18	51	22739	104
490000	29	451	811	12433	45	20	22558	143
491000	39	386	726	12583	87	3	23586	102
492000	27	441	652	12728	0	21	22440	21
493000	28	482	814	12436	0	0	23160	4
494000	57	442	845	12166	113	74	22551	309
495000	33	451	747	12449	11	105	22143	297
496000	26	392	880	12447	3	24	22086	58
497000	22	460	734	12566	0	9	23172	40
498000	47	432	851	12338	112	7	23360	181
499000	33	441	882	12257	84	15	22222	101
500000	23	445	706	12583	15	105	22729	155
501000	38	464	887	12277	0	80	22102	132
502000	27	421	966	12281	0	21	21990	22
503000	10	460	723	12654	0	5	21941	33
504000	24	363	960	12258	117	15	22397	219
505000	32	409	938	12184	35	90	23670	180
506000	37	412	926	12246	30	86	22345	226
507000	28	410	696	12560	6	138	22213	170
508000	35	363	896	12307	0	152	22406	293
509000	24	462	821	12213	14	248	22614	453
510000	70	393	1166	11712	49	206	21979	460
511000	33	455	732	12285	111	240	21845	596
512000	27	422	677	12408	103	255	21571	428
513000	23	444	579	12590	45	215	21240	436
514000	23	449	732	12333	43	247	21687	370
515000	40	428	690	12500	2	163	21747	235
516000	38	389	756	12313	86	232	21648	412
517000	21	442	762	12199	153	243	22900	625
518000	27	385	757	12265	116	275	22006	594
519000	35	455	772	12130	72	353	21298	1014
520000	29	384	993	11571	14	714	21216	1154
521000	26	415	980	11680	92	536	22541	984
522000	21	450	828	11761	222	529	22490	1139
523000	47	382	933	11335	444	530	19539	1654
524000	48	391	1009	11523	200	492	19923	1259
525000	39	418	830	11870	141	486	21553	1109
526000	30	453	678	12043	181	463	21562	1269
527000	33	367	653	12075	217	530	22557	984
528000	32	463	560	12091	148	627	21250	1479
529000	26	393	878	12067	35	359	21904	743
530000	25	431	795	12171	71	239	21979	654
531000	29	473	882	11981	34	299	21861	574
532000	38	410	977	12095	9	178	22259	432
533000	30	448	841	12088	2	358	21724	436
534000	43	419	917	11698	12	595	20866	906
535000	25	404	916	12020	22	352	21862	540
536000	27	428	817	12238	3	298	22130	551
537000	21	451	608	12368	33	408	21483	810
538000	19	449	621	12335	100	393	22630	924
539000	31	415	772	12062	80	446	21676	1064
540000	25	503	689	12189	81	371	22116	806
541000	39	433	785	12223	57	269	21457	469
542000	35	444	709	11951	113	563	20673	1309
543000	16	428	739	12132	43	480	21774	727
544000	34	459	639	12305	43	391	21711	592
545000	23	441	819	12140	23	357	20949	629
546000	19	458	683	12488	6	197	22664	424
547000	25	411	948	12074	6	232	21772	273
548000	18	382	644	12609	13	199	23663	304
549000	26	418	888	12240	32	126	22339	259
550000	31	357	914	12278	65	65	22142	186
551000	36	450	791	12342	38	104	22682	220
552000	21	420	948	12213	33	99	22243	188
553000	58	413	1012	11966	68	113	22271	307
554000	40	415	1105	11590	184	272	22003	672
555000	64	397	1234	11417	131	361	22289	930
556000	41	376	887	11782	144	458	22690	1174
557000	38	395	902	11801	123	433	22328	1117
558000	16	392	614	12267	165	429	21813	898
559000	24	429	722	12037	92	577	21619	1251
560000	51	417	853	11907	125	397	21971	1133
561000	29	455	922	11866	61	406	21402	906
562000	32	448	858	11914	156	339	21690	824
563000	35	416	692	12270	90	350	22518	743
564000	40	404	1058	11552	160	454	20922	1011
565000	39	422	751	11852	298	443	21630	1246
566000	37	419	860	11699	187	543	20618	1190
567000	50	393	836	11843	143	487	22173	1193
568000	36	374	1342	11204	160	407	20368	994
569000	20	374	872	11834	155	449	20896	1063
570000	32	507	793	11982	58	448	20916	1091
571000	26	443	734	11991	89	572	21087	1366
572000	44	393	861	11611	105	759	20179	1166
573000	24	453	698	11734	96	831	21011	1476
574000	21	451	663	11809	122	793	20165	1600
575000	22	420	718	12085	67	561	21736	992
576000	22	404	720	11910	91	645	21476	1417
577000	29	470	852	11761	130	525	22112	1099
578000	19	443	774	12105	76	392	21234	720
579000	29	382	737	12221	106	360	21251	957
580000	24	394	809	12217	42	329	22544	634
581000	28	451	667	12514	67	156	21228	497
582000	27	405	623	12752	43	41	22515	192
583000	26	436	696	12625	28	27	21985	165
584000	19	428	776	12557	38	5	22733	80
585000	18	452	805	12409	19	75	21951	110
586000	29	454	1269	11692	1	126	20887	211
587000	54	420	1106	11995	16	45	22659	92
588000	36	490	832	12392	15	27	22111	54
589000	45	391	846	12380	3	121	22944	189
590000	21	397	614	12820	4	47	22928	32
591000	38	403	678	12621	0	91	22944	222
592000	24	407	1088	12011	3	88	22060	172
593000	34	367	828	12499	0	32	22395	10
594000	23	399	935	12358	20	0	23016	1
595000	40	425	847	12478	0	2	21506	0
596000	28	393	806	12444	62	40	22186	214
597000	19	458	790	12341	75	120	24063	143
598000	20	453	766	12163	126	317	21483	559
599000	33	432	737	12330	70	235	22294	521
600000	25	502	759	12148	59	312	21868	553
601000	32	412	864	12183	41	216	22460	416
602000	37	429	1001	11799	117	281	20425	745
603000	24	435	794	12164	117	258	23098	549
604000	19	400	649	12358	56	416	23077	601
605000	32	393	676	12150	55	553	21180	892
606000	23	403	819	12091	24	399	22528	731
607000	36	388	964	11886	30	385	21757	798
608000	33	453	858	12285	22	144	22115	437
609000	53	413	849	12258	79	73	22191	312
610000	22	449	698	12462	161	50	22711	343
611000	37	457	873	12272	43	65	22387	207
612000	21	457	713	12568	40	74	21708	130
613000	15	433	536	12868	21	106	23663	291
614000	28	410	644	12579	46	166	22825	323
615000	21	415	671	12576	67	117	22215	297
616000	23	418	838	12252	161	101	21711	302
617000	29	400	869	12095	93	244	22020	591
618000	41	381	871	12258	71	155	21867	472
619000	38	421	817	12249	3	219	22058	400
620000	25	429	931	12229	9	110	22647	261
621000	20	353	922	12205	6	213	22916	453
622000	21	401	831	12389	0	129	22913	183
623000	32	479	963	12168	0	67	21350	143
624000	25	410	955	12133	0	164	23257	186
625000	20	408	947	12174	8	155	22594	250
626000	31	400	977	12250	0	26	23775	51
627000	27	451	810	12344	146	5	22194	191
628000	54	460	1143	11736	145	113	21751	547
629000	35	366	964	12090	53	225	22583	602
630000	43	405	977	12009	67	176	21910	397
631000	55	438	1260	11635	74	80	21320	333
632000	37	410	1134	11793	65	157	21426	397
633000	51	412	986	11878	168	208	21479	867
634000	32	414	1026	11960	101	127	23035	369
635000	40	410	661	12437	115	174	21708	428
636000	27	437	569	12587	145	172	21969	402
637000	20	440	862	12079	128	205	22283	689
638000	35	478	749	12102	149	323	21849	1078
639000	25	409	614	12452	148	237	21864	672
640000	29	487	640	12482	36	198	23438	438
641000	21	460	742	12427	45	173	20888	290
642000	33	397	811	12359	52	136	22399	275
643000	45	439	951	12182	40	62	22269	137
644000	23	494	826	12394	0	27	22773	45
645000	40	458	990	12261	0	0	21654	1
646000	49	389	889	12266	116	39	21612	277
647000	43	384	1051	12007	91	76	22162	338
648000	67	389	960	12022	88	129	22558	443
649000	37	424	993	11604	119	530	20670	863
650000	30	374	920	11923	119	379	21534	975
651000	36	411	1343	11506	30	216	22545	479
652000	26	406	792	12211	45	324	21716	507
653000	41	392	792	12196	81	314	22937	731
654000	17	419	840	11939	113	435	21748	905
655000	27	412	928	11789	22	567	21683	751
656000	30	470	982	11474	65	621	20865	1118
657000	37	428	916	11780	118	430	20542	1002
658000	32	421	960	12106	35	166	22315	533
659000	28	376	943	12056	76	240	22330	567
660000	22	403	1248	11534	35	331	21878	570
661000	27	497	1010	11977	14	219	21313	508
662000	33	475	855	12309	10	93	21987	190
663000	48	367	850	12345	3	154	22399	223
664000	17	447	841	12373	60	57	21919	290
665000	23	402	952	12326	20	39	21633	60
666000	58	468	1250	11770	0	18	21892	23
667000	43	362	1154	11887	162	37	22204	407
668000	70	426	1224	11501	245	136	21854	688
669000	45	433	1041	11812	112	218	21836	605
670000	43	406	877	12262	41	135	23112	371
671000	30	406	902	12099	68	222	22397	572
672000	20	449	780	12188	100	254	23106	814
673000	45	383	798	12036	136	374	21496	839
674000	30	434	852	11435	127	907	20575	1304
675000	41	385	1253	10767	90	1015	19874	2197
676000	42	412	993	10721	91	1470	19463	2509
677000	24	418	743	11203	57	1394	21469	2365
678000	15	394	732	10706	48	1956	19554	3478
679000	27	387	684	11116	120	1557	19249	3084
680000	36	423	755	10979	68	1553	20229	3279
681000	25	443	699	10390	126	2167	19945	3685
682000	41	417	636	10482	155	2130	19624	3445
683000	26	459	555	10690	174	2016	19788	3651
684000	25	463	757	10764	155	1721	19572	2625
685000	36	475	897	10455	189	1709	19849	3044
686000	36	407	846	10394	174	1941	19689	3737
687000	25	433	878	10396	128	1914	19118	3178
688000	39	415	833	10398	298	1766	19529	3597
689000	29	423	724	10718	187	1833	19268	3251
690000	36	389	713	10228	328	2139	18741	4385
691000	46	392	756	10127	271	2163	18979	3844
692000	31	412	783	10475	316	1795	19235	3803
693000	37	393	834	10341	386	1797	19386	3734
694000	44	363	923	10427	359	1589	18590	3334
695000	51	431	883	9955	451	1995	18865	4421
696000	31	416	716	10377	405	1851	18228	3789
697000	30	412	674	10202	476	2078	18686	4241
698000	30	393	802	10438	497	1537	19122	3735
699000	47	439	942	10256	378	1649	18822	3543
700000	40	395	718	10716	365	1592	19135	3250
701000	33	393	911	10319	431	1675	19634	3849
702000	41	386	641	10662	484	1693	18357	3616
703000	29	370	694	10700	538	1548	20138	3769
704000	56	425	817	10717	303	1456	19900	3386
705000	46	422	905	10810	228	1308	19175	2587
706000	31	399	622	11173	180	1491	19274	2783
707000	14	442	541	11276	204	1532	20702	3127
708000	16	430	598	11079	135	1651	20038	2816
709000	14	440	576	11506	138	1277	21034	2227
710000	33	407	702	11557	117	1069	19968	2067
711000	30	371	758	11224	143	1268	20373	2157
712000	23	383	744	11024	167	1446	20738	2776
713000	21	410	621	11396	159	1281	20233	2498
714000	34	415	625	11029	222	1539	19309	2752
715000	41	385	789	11094	147	1348	19437	2508
716000	37	453	740	10678	221	1705	18994	2961
717000	42	348	778	10587	349	1689	18900	3708
718000	27	390	793	10329	417	1880	18391	4198
719000	36	435	818	10199	440	1883	18207	3676
720000	37	415	734	10527	365	1752	18761	4062
721000	37	454	725	10445	274	1881	18289	3732
722000	47	410	820	10443	223	1779	19235	3503
723000	51	470	869	10686	114	1576	18686	2878
724000	32	395	814	10695	147	1699	19169	3367
725000	51	434	832	10526	291	1596	19969	3053
726000	34	397	740	10926	344	1367	20574	2885
727000	14	439	824	11102	273	1129	21031	2255
728000	41	333	1098	10588	403	1163	20256	2501
729000	33	492	1108	10369	429	1184	19163	2821
730000	39	388	1056	10668	208	1335	20126	2661
731000	51	396	1016	11096	278	856	20242	1913
732000	54	415	946	10786	316	1164	20405	2644
733000	40	382	825	11332	262	935	20532	2074
734000	31	386	1010	11176	242	813	20147	1878
735000	23	396	747	11500	110	1046	20833	1782
736000	20	466	614	11207	215	1371	20983	2703
737000	31	426	808	10923	156	1478	19645	2588
738000	38	375	760	11143	248	1256	20791	2278
739000	56	422	660	11161	292	1252	19172	2948
740000	59	459	946	10848	367	989	20213	2008
741000	36	437	545	11395	306	1250	19379	2644
742000	32	400	620	11423	201	1227	20052	2700
743000	23	453	509	11651	133	1179	20100	1975
744000	30	431	660	11601	215	944	20661	2341
745000	23	437	534	11467	167	1283	20523	2057
746000	27	432	694	11713	68	925	21265	1736
747000	33	435	723	11965	56	661	21648	1404
748000	36	414	822	11660	114	716	20350	1485
749000	22	429	836	11646	102	727	19904	1205
750000	19	404	896	11683	143	563	20852	1299
751000	21	418	685	11681	243	811	20949	1606
752000	39	400	704	11801	146	783	21285	1606
753000	77	401	994	11684	132	382	21530	992
754000	52	483	1171	11549	49	248	21229	614
755000	37	380	989	12040	29	227	22313	465
756000	37	370	947	12315	27	32	22487	100
757000	26	430	841	12441	15	54	22667	186
758000	29	389	670	12689	60	59	23496	262
759000	16	430	596	12704	15	142	21909	257
760000	24	404	761	12592	4	86	22371	173
761000	18	391	774	12608	1	48	22989	7
762000	15	439	567	12894	0	0	21930	2
763000	15	464	480	12950	52	10	22357	86
764000	24	408	723	12656	24	10	24012	52
765000	19	389	792	12534	0	16	22438	31
766000	30	397	1136	11930	151	0	22696	81
767000	24	472	628	12654	72	45	22350	184
768000	37	413	758	12399	54	119	22189	430
769000	51	357	990	12038	124	126	22059	379
770000	49	369	1038	11947	39	217	22350	613
771000	58	432	1386	11330	28	164	21832	402
772000	36	413	1341	11439	6	265	22770	369
773000	21	452	1243	11342	81	432	20535	1196
774000	48	453	1145	11506	32	442	21453	793
775000	52	460	1160	11398	35	497	21296	699
776000	33	381	1240	11065	127	661	20862	1571
777000	21	474	843	11591	29	831	21584	1413
778000	37	396	719	11691	32	966	20525	1753
779000	25	426	640	11821	86	847	21025	1549
780000	28	386	768	11612	90	901	21464	1675
781000	31	348	899	11626	80	766	20808	1350
782000	31	406	908	11529	73	792	20251	1542
783000	35	427	752	11593	180	825	21014	1612
784000	29	442	978	11181	325	761	20062	1796
785000	53	403	1149	10806	407	775	20597	2000
786000	53	428	1132	10829	468	728	20411	1945
787000	44	448	955	10820	500	956	20138	2697
788000	33	375	1274	10516	316	948	19559	2179
789000	61	390	1513	10530	190	720	19804	1690
790000	33	402	1177	10997	118	829	20236	1522
791000	28	410	756	11758	74	735	20528	1382
792000	19	411	673	12002	54	663	20912	1050
793000	28	394	968	11825	28	476	21346	861
794000	36	451	901	11654	40	647	21120	960
795000	32	415	754	11979	81	558	22243	880
796000	34	395	711	12160	81	464	21978	874
797000	32	442	818	11943	82	441	21779	711
798000	33	423	813	11963	130	445	22087	971
799000	21	399	611	12228	79	505	21863	962
800000	17	394	664	12209	80	515	22007	916
801000	16	431	723	11936	70	671	21065	1261
802000	29	371	718	11935	158	603	22195	1189
803000	36	422	724	11690	101	783	21105	1298
804000	43	398	969	11410	147	732	21320	1388
805000	40	430	907	11461	89	799	20977	1682
806000	27	438	994	11324	58	815	20680	1600
807000	26	405	695	11960	21	777	21922	1584
808000	29	385	708	11925	37	738	21090	1143
809000	31	430	828	11366	191	967	20534	1843
810000	38	440	863	11350	229	823	20258	1979
811000	40	369	924	10919	281	1180	19259	2708
812000	40	361	900	10691	248	1546	20169	2687
813000	31	385	984	10478	183	1629	20074	2695
814000	34	441	690	10633	340	1710	19322	3401
815000	45	403	983	9979	305	1962	17893	4316
816000	42	391	971	10106	263	1928	18290	3976
817000	35	359	810	10246	390	1940	18848	4293
818000	52	501	938	9623	609	1993	17230	4286
819000	42	389	828	9680	481	2336	18608	4978
820000	50	395	962	9438	542	2345	18085	5067
821000	57	393	1049	8921	481	2749	16997	5663
822000	43	375	1010	9292	519	2381	17312	5565
823000	53	427	841	9529	710	2201	17041	5127
824000	94	374	911	8737	936	2628	15731	6212
825000	62	400	821	8631	883	2974	15598	7324
826000	62	374	1102	8139	836	3068	15242	6437
827000	72	400	1066	7880	987	3219	15460	6995
828000	95	376	1239	7629	900	3262	15105	7009
829000	74	317	1319	7541	1309	2940	14816	7781
830000	87	407	916	6902	1398	3937	13759	8510
831000	66	388	591	6958	1402	4495	12398	8836
832000	84	412	719	6511	1335	4712	12075	10314
833000	76	381	612	6629	1254	4935	12549	9824
834000	56	416	673	6471	979	5249	11677	10298
835000	58	356	614	6948	1381	4518	12894	10102
836000	77	385	653	6386	1435	4930	11235	10176
837000	64	347	757	6593	1264	4768	12321	10439
838000	63	388	586	6899	1226	4745	12609	9493
839000	71	361	689	6467	1282	4984	12290	10423
840000	87	360	704	6342	1371	4921	11970	10449
841000	71	379	457	6676	1406	4935	12473	11012
842000	82	374	682	6128	1497	5071	11381	11211
843000	69	414	633	5912	1327	5539	10567	12444
844000	96	368	548	5952	1538	5398	10819	12019
845000	81	340	793	6068	1421	5034	11631	10828
846000	99	420	710	6498	1552	4526	12593	10271
847000	81	388	781	6437	1689	4414	12258	10612
848000	89	363	898	5928	1826	4586	11476	10890
849000	128	420	950	5888	1748	4544	10907	11237
850000	86	349	994	5820	1698	4672	11318	10659
851000	99	381	957	5938	1890	4329	11781	10350
852000	84	318	1042	5606	1931	4629	11194	11620
853000	82	327	751	5069	1887	5646	10234	12560
854000	91	392	729	5012	2115	5466	9437	13009
855000	78	375	863	4765	1962	5669	9337	12981
856000	100	402	610	4964	2221	5593	9288	13140
857000	63	385	712	4671	1926	6066	8489	13429
858000	86	367	667	4942	1453	6324	9582	12962
859000	70	361	638	4686	1607	6526	9278	13187
860000	79	382	609	4813	1872	6075	8978	13605
861000	65	376	688	5298	1715	5680	9769	12550
862000	94	324	841	4879	1762	5821	10802	12661
863000	89	346	769	5025	1727	5783	9768	12759
864000	70	370	774	5421	1674	5449	10831	11984
865000	92	360	990	4978	1862	5385	10318	12771
866000	75	389	693	5136	2110	5446	9550	13284
867000	92	387	830	5008	1821	5580	9504	12326
868000	105	354	719	5651	2106	4870	11271	12714
869000	113	364	822	5001	2143	5298	9396	12953
870000	136	429	735	4632	2333	5467	8533	13340
871000	92	392	754	4818	2499	5206	9163	13628
872000	116	330	855	4324	2718	5363	8800	14733
873000	126	276	729	4131	2980	5559	7248	14766
874000	129	363	832	3427	2860	6135	7054	15949
875000	137	315	992	3016	3045	6122	6930	15951
876000	172	308	922	2885	3189	6155	6934	15442
877000	175	307	706	2526	4010	6077	6094	17488
878000	135	274	818	2649	3894	6023	5435	16491
879000	150	337	649	2560	3798	6330	5210	17077
880000	161	304	609	2636	4115	5997	5529	16521
881000	202	236	841	2909	4208	5273	5736	16781
882000	183	301	796	2747	4342	5371	5510	16212
883000	170	300	837	2571	4280	5561	6035	17639
884000	191	300	699	2488	4188	5886	4943	16780
885000	224	308	584	2461	4582	5640	4696	16914
886000	122	287	687	2548	4306	5908	6158	17473
887000	160	291	591	2144	4183	6479	5402	18729
888000	122	334	647	2013	3844	6871	4170	17651
889000	147	296	436	2144	3557	7333	4102	18365
890000	132	321	640	2371	3685	6649	5479	17915
891000	161	330	574	2858	4146	5822	5363	16467
892000	144	283	984	3278	3728	5264	6977	15661
893000	190	342	966	3190	4004	4899	7883	14975
894000	120	343	701	3036	3545	6054	6933	16340
895000	152	265	770	2541	4201	5783	5724	16303
896000	146	309	623	2499	4317	5938	5401	16388
897000	145	307	798	2606	3635	6253	6142	16205
898000	105	325	626	2821	3455	6510	6258	17079
899000	118	333	813	3327	2799	6356	7198	15582
900000	109	310	697	3427	2871	6385	6797	14785
901000	119	348	767	3249	2843	6407	6519	15330
902000	113	346	577	3154	3126	6573	5574	16589
903000	130	286	701	2765	3318	6624	6171	17197
904000	132	330	771	2515	3709	6275	5942	16025
905000	169	253	664	2522	3904	6266	5282	18229
906000	136	251	773	2498	4036	6058	5404	17567
907000	167	255	752	3084	3653	5878	6157	17151
908000	126	357	722	2788	3766	6016	5365	16681
909000	145	332	810	3329	3171	5963	6713	15849
910000	103	352	771	3248	2982	6313	6859	16241
911000	118	333	593	3646	2941	6283	7121	15497
912000	89	330	778	4006	2756	5896	8055	15262
913000	134	336	789	3904	3205	5382	8236	14285
914000	143	327	696	4079	2976	5596	7560	13747
915000	123	314	639	3688	3086	5953	6868	14550
916000	119	336	984	3756	2727	5749	8378	16057
917000	159	305	904	3677	2876	5788	7333	14274
918000	120	319	723	3815	3019	5754	7678	14480
919000	126	353	830	4229	2696	5475	8752	14188
920000	121	419	709	4506	2489	5537	8589	12995
921000	73	373	720	5087	2377	5198	9016	13418
922000	130	377	922	4654	2244	5357	9591	12856
923000	99	333	614	4475	2609	5749	9090	14531
924000	111	321	629	4288	2855	5566	8345	13765
925000	127	343	627	4055	2812	5850	8135	14268
926000	136	284	771	4122	3008	5437	8034	14667
927000	90	333	899	4497	2427	5443	8825	13595
928000	108	360	894	4771	2826	4766	9482	13198
929000	97	338	713	5170	2743	4722	9361	11888
930000	121	323	892	5244	2503	4609	10659	11266
931000	72	422	947	5621	1679	5005	10696	11693
932000	66	345	750	5599	1710	5369	10739	12164
933000	69	378	811	5015	2000	5498	10170	12906
934000	83	380	741	5413	1810	5407	9750	11906
935000	97	346	727	5885	1555	5208	11357	11366
936000	61	408	737	6317	1366	4927	12178	10830
937000	79	384	786	6354	1205	4959	11143	10305
938000	65	358	833	6131	1126	5260	12467	10079
939000	58	404	679	7073	967	4699	13234	9156
940000	63	383	765	6874	1319	4383	13177	9106
941000	72	362	899	6860	1243	4313	13471	9630
942000	85	405	877	7782	1144	3458	14459	8099
943000	79	388	1096	7734	926	3401	15214	7086
944000	81	410	966	7190	1410	3657	14130	8785
945000	69	311	728	7109	1464	4125	12878	9277
946000	48	347	793	7463	1297	3841	14796	8676
947000	74	358	949	7283	1064	3931	13628	8308
948000	81	359	1091	7697	1069	3269	15117	7712
949000	76	381	855	8285	983	3177	16445	7271
950000	51	456	755	8255	982	3369	14946	7298
951000	33	370	764	8524	857	3251	16200	7114
952000	53	380	720	8542	888	3242	15964	7107
953000	58	402	694	8251	914	3484	15118	7933
954000	52	386	609	7987	1102	3732	14687	8476
955000	53	363	892	7769	1072	3608	14710	7747
956000	78	422	782	7666	1187	3681	14300	7898
957000	65	404	935	7380	966	3936	13678	8537
958000	74	439	917	7170	1031	4050	13407	8783
959000	75	399	846	7550	1102	3756	13529	7753
960000	64	363	948	7550	936	3864	13946	7739
961000	53	396	832	7011	812	4637	13144	9079
962000	45	367	747	6536	986	5154	12011	10509
963000	64	377	864	6473	1028	4913	11998	11029
964000	64	340	874	6813	1238	4401	13869	9454
965000	62	380	1005	6884	1339	3963	13580	8760
966000	79	412	801	6747	1297	4414	12841	9310
967000	78	384	876	6308	1487	4564	11946	10323
968000	73	370	997	6780	1241	4191	13166	9570
969000	69	369	1025	6996	1467	3721	13403	9517
970000	98	418	785	7279	994	4166	13069	9645
971000	82	380	1031	7120	1288	3771	14225	8535
972000	71	328	995	7021	1677	3602	13740	9439
973000	82	325	979	7680	1438	3108	14538	7529
974000	67	367	927	7350	1181	3844	14385	8132
975000	60	353	965	6847	869	4548	14051	9605
976000	75	390	847	7065	845	4529	14272	8837
977000	51	383	824	7521	1030	3971	14831	8817
978000	57	458	715	7776	1018	3818	13416	8210
979000	65	417	700	7891	782	3967	14732	8342
980000	38	386	775	7493	840	4302	14431	9360
981000	45	416	712	7585	965	4105	14242	8815
982000	58	436	729	7530	1046	4009	13484	8033
983000	52	400	701	7686	911	4102	14284	8460
984000	52	445	727	8039	598	4003	14023	7558
985000	28	413	576	8386	535	3990	15315	8495
986000	46	376	783	7977	833	3780	14929	7732
987000	61	362	997	7653	909	3669	14226	8189
988000	89	391	681	7980	1138	3568	14582	8246
989000	74	405	762	7946	1544	3052	14070	8530
990000	83	344	992	7543	1196	3477	14145	8052
991000	45	411	679	8010	987	3694	13985	7703
992000	42	452	843	8550	723	3130	14726	7060
993000	48	374	667	8624	844	3272	16285	7003
994000	66	368	878	8012	1042	3366	14197	7656
995000	72	402	1104	7857	1184	2977	16066	6573
996000	51	391	1065	8312	775	3094	16796	6535
997000	50	399	894	8075	709	3636	15305	7378
998000	45	401	975	7550	791	3942	14804	8260
999000	54	378	785	7414	960	4242	13864	8885
