0	0	0	0	14400	0	0	0	0
1000	15	374	427	13059	48	83	22500	328
2000	11	371	626	12768	57	97	22347	314
3000	18	419	458	12895	47	134	22347	254
4000	14	466	401	12992	3	136	22782	268
5000	15	397	444	13046	11	61	22399	209
6000	24	448	479	12994	0	16	22536	47
7000	27	402	597	12870	0	5	22665	2
8000	10	415	513	12921	100	0	23212	159
9000	20	432	419	13014	60	73	23224	248
10000	15	391	332	13209	48	50	23464	140
11000	10	451	606	12736	12	93	22918	197
12000	9	482	462	12910	1	85	22558	92
13000	16	362	497	13097	0	12	23365	8
14000	8	482	431	13022	10	37	23581	62
15000	17	380	473	13073	14	12	22318	47
16000	14	412	491	13047	7	6	24468	13
17000	10	417	526	13003	0	0	22413	3
18000	17	441	382	13121	21	6	23120	58
19000	20	456	422	13102	0	0	22984	6
20000	22	396	514	12680	222	78	22721	406
21000	17	456	478	12874	102	82	22835	197
22000	31	407	648	12599	28	167	22819	372
23000	12	408	475	12942	10	121	23594	306
24000	22	406	442	12989	9	147	22304	366
25000	26	469	574	12795	9	78	23099	152
26000	24	444	527	12703	43	206	21636	462
27000	11	445	479	12814	56	162	22458	416
28000	15	452	658	12566	10	174	23082	421
29000	15	438	523	12841	10	121	21821	173
30000	15	435	497	12904	1	89	22551	98
31000	19	500	458	13007	0	26	23351	104
32000	5	445	487	13015	0	51	22577	67
33000	16	427	449	13116	0	11	22881	25
34000	13	453	383	13059	132	4	22929	132
35000	17	407	624	12790	58	32	22498	72
36000	19	403	579	12655	131	144	23157	343
37000	12	468	405	12848	38	237	21305	434
38000	20	415	540	12764	53	172	22446	199
39000	12	405	451	12827	73	217	22207	531
40000	15	406	442	12893	48	191	22427	433
41000	16	466	432	12767	93	233	21795	562
42000	7	450	362	12826	75	337	22275	567
43000	23	421	492	12606	80	344	22516	1026
44000	12	428	365	12867	35	291	22922	578
45000	18	454	452	12745	35	307	22068	447
46000	12	382	390	12891	30	306	23995	445
47000	19	456	487	12757	53	183	22627	432
48000	19	457	421	12848	50	210	23432	345
49000	21	377	515	12398	67	514	23190	620
50000	13	395	618	12479	14	344	22794	888
51000	12	460	433	12840	36	227	22657	406
52000	20	439	539	12727	55	203	21913	660
53000	11	460	471	12629	3	423	21754	801
54000	18	437	485	12556	56	408	21329	843
55000	14	460	551	12414	63	413	21712	848
56000	8	386	425	12726	56	395	22571	808
57000	20	419	420	12812	49	322	22453	690
58000	16	410	505	12721	47	239	22753	398
59000	27	421	503	12694	33	234	23727	401
60000	17	462	512	12861	35	86	22228	160
61000	18	413	523	12878	13	50	22481	96
62000	28	429	644	12752	33	37	22517	104
63000	22	441	491	12938	2	93	21747	127
64000	9	398	443	13080	0	92	22969	106
65000	17	451	551	12804	0	75	22335	152
66000	16	461	405	13115	2	39	23333	76
67000	9	425	442	13107	0	35	22086	20
68000	15	410	575	12934	0	27	23374	19
69000	17	443	555	12937	0	16	22982	37
70000	21	408	545	12959	3	19	22985	15
71000	15	464	382	13196	0	9	23381	10
72000	17	454	399	13079	83	12	22643	143
73000	22	393	461	12939	57	54	22623	208
74000	15	412	518	13008	7	14	23274	68
75000	24	413	458	13039	2	21	22667	21
76000	23	439	445	13032	0	23	23507	80
77000	18	450	556	12884	0	3	21927	14
78000	12	486	429	13026	43	13	22651	75
79000	24	412	501	12943	57	52	21889	164
80000	18	454	427	12819	57	196	22557	507
81000	23	475	502	12743	33	186	22783	406
82000	23	407	532	12821	3	163	23102	187
83000	20	459	601	12602	36	176	21888	257
84000	32	465	564	12579	123	153	22294	357
85000	16	416	469	12769	36	262	21266	502
86000	17	485	341	12852	12	348	22190	649
87000	23	443	508	12719	23	262	22669	386
88000	13	414	420	12921	4	203	21928	212
89000	33	450	504	12835	8	146	22233	247
90000	22	378	438	12959	1	175	23988	299
91000	12	463	413	12800	12	290	22834	347
92000	26	464	712	12249	7	351	22115	537
93000	26	432	630	12679	0	155	23929	158
94000	22	404	422	13012	0	118	22061	305
95000	14	426	410	13081	1	84	22827	76
96000	10	437	383	13140	4	69	22764	155
97000	23	448	468	13029	0	18	23338	49
98000	23	396	639	12702	119	6	23040	99
99000	9	430	587	12821	48	21	23233	116
100000	16	475	395	13035	50	37	23225	237
101000	15	431	539	12889	25	16	23424	44
102000	14	452	505	12968	20	0	22717	39
103000	19	489	616	12726	41	2	22763	68
104000	24	449	700	12683	0	12	23417	22
105000	15	399	562	12846	83	3	22110	197
106000	14	398	427	13126	32	36	23467	113
107000	19	395	487	12964	2	79	23151	131
108000	13	435	527	12921	5	49	23391	56
109000	16	381	590	12831	0	69	22771	143
110000	22	447	531	12847	0	103	22081	345
111000	18	442	519	12824	2	127	22038	99
112000	20	482	399	12938	0	171	22748	360
113000	21	422	393	13025	6	137	23069	226
114000	14	449	493	12866	21	110	23043	320
115000	18	402	535	12762	22	205	23366	308
116000	16	432	546	12799	31	137	21786	298
117000	21	387	464	12907	70	126	22497	345
118000	31	419	503	12679	119	209	22255	613
119000	17	444	435	12682	95	316	22689	720
120000	13	441	428	12826	25	261	21960	733
121000	23	406	481	12718	23	290	22200	401
122000	12	441	512	12759	35	189	22881	529
123000	13	408	408	13108	14	75	21738	182
124000	13	467	430	12967	6	90	23419	97
125000	15	425	459	12972	17	110	23747	171
126000	15	398	584	12622	89	174	22971	237
127000	16	447	544	12688	115	156	21915	581
128000	30	463	517	12574	128	247	22805	394
129000	17	452	464	12769	20	246	23147	491
130000	19	386	436	12816	57	330	22301	697
131000	15	456	544	12623	16	291	22012	511
132000	21	462	573	12498	41	331	22402	638
133000	10	501	482	12754	57	220	22504	650
134000	21	430	447	12704	64	366	22200	779
135000	8	394	377	12631	31	582	21819	923
136000	12	430	437	12642	40	466	22523	1084
137000	15	438	434	12536	30	586	22563	1159
138000	15	428	439	12693	15	422	22564	704
139000	17	446	568	12478	36	385	21179	750
140000	14	445	475	12698	30	322	21821	610
141000	24	408	495	12837	14	190	22686	317
142000	22	479	442	12831	7	193	22399	342
143000	25	432	482	12815	35	181	22208	501
144000	23	477	450	12959	25	81	22585	226
145000	11	479	510	12744	29	141	22951	331
146000	16	429	316	13108	44	129	22654	273
147000	13	435	502	12910	14	121	22671	271
148000	20	440	509	12962	3	31	22817	29
149000	9	401	433	13058	0	98	23181	152
150000	11	436	526	12840	14	104	23131	181
151000	26	467	537	12789	19	92	23003	131
152000	12	458	498	12908	13	53	22013	73
153000	20	452	455	12943	29	77	23882	183
154000	18	468	396	13071	5	61	23257	70
155000	6	471	395	13087	0	15	22386	11
156000	9	447	443	13055	2	23	23381	6
157000	17	466	632	12664	77	8	23496	165
158000	30	490	519	12835	10	24	21458	46
159000	21	467	542	12860	54	25	22333	88
160000	5	440	541	12907	38	4	23459	83
161000	12	497	497	12862	11	63	21571	99
162000	18	376	670	12768	10	38	22471	19
163000	17	431	500	12990	0	56	23121	39
164000	14	417	410	12940	14	197	22172	421
165000	21	523	540	12612	11	231	22423	489
166000	9	463	547	12712	1	185	22523	401
167000	18	449	571	12772	8	131	22688	344
168000	12	433	507	12924	13	72	22394	68
169000	20	438	466	13013	0	44	22824	82
170000	19	395	503	13000	2	36	21833	80
171000	9	434	464	12981	135	0	22796	0
172000	12	436	453	12977	76	48	22412	138
173000	25	468	556	12719	128	34	22317	332
174000	19	410	606	12616	78	186	21934	374
175000	6	424	565	12651	46	239	22071	450
176000	14	380	584	12724	54	136	22774	348
177000	15	414	551	12796	0	183	23642	343
178000	24	487	644	12587	0	128	21725	272
179000	12	401	475	12921	11	151	22884	180
180000	15	422	488	12985	3	48	22867	134
181000	16	515	520	12863	12	28	22643	121
182000	16	473	512	12945	1	5	22662	16
183000	19	428	398	13138	0	30	22715	39
184000	11	443	490	12985	0	43	23165	59
185000	16	381	489	13030	0	54	22909	115
186000	15	397	540	12819	5	162	22764	208
187000	18	406	407	12987	4	169	22616	266
188000	21	425	422	12887	3	166	22526	339
189000	15	468	511	12736	21	189	23208	335
190000	17	467	560	12657	49	191	21904	391
191000	31	408	533	12688	116	147	22047	529
192000	34	470	693	12281	50	341	21706	527
193000	40	435	627	12320	63	400	20589	691
194000	24	445	632	12268	29	469	21777	732
195000	17	427	485	12673	24	376	22033	726
196000	24	444	456	12698	25	325	21856	584
197000	19	441	397	12866	5	267	22526	412
198000	16	425	480	12828	2	190	22907	221
199000	9	482	450	12762	19	265	23537	534
200000	19	493	358	12852	41	281	22171	503
201000	24	343	591	12743	24	197	23040	438
202000	12	421	517	12784	41	158	22286	225
203000	17	444	612	12659	13	158	22307	272
204000	16	482	503	12671	62	213	22199	375
205000	10	427	377	13012	33	150	22678	247
206000	10	468	368	13001	8	181	22269	305
207000	5	419	343	13049	8	226	22204	262
208000	6	414	375	12939	29	296	21418	625
209000	27	413	583	12557	33	279	22685	491
210000	14	475	454	12572	34	448	22812	709
211000	17	409	506	12581	27	437	23569	767
212000	13	439	422	12762	4	375	21363	744
213000	12	442	473	12736	5	310	23295	429
214000	19	442	408	12910	3	250	22280	463
215000	16	405	454	12815	17	284	21901	458
216000	33	419	553	12611	22	312	22421	406
217000	26	460	497	12564	32	369	23090	605
218000	4	432	376	12630	23	578	21809	1075
219000	18	410	475	12491	38	542	22702	1029
220000	23	409	460	12459	76	543	22083	934
221000	21	462	588	12276	67	476	21027	992
222000	30	461	462	12619	26	391	22309	575
223000	9	392	499	12695	24	315	23578	587
224000	7	432	412	12942	12	209	22140	410
225000	8	410	476	12850	30	224	21788	351
226000	15	457	413	13020	3	108	22300	160
227000	23	430	707	12606	2	128	22717	230
228000	22	375	610	12730	19	117	22765	194
229000	14	372	486	12909	11	184	22761	333
230000	28	432	559	12750	13	206	21665	365
231000	15	438	444	12944	0	122	23537	133
232000	9	427	420	13071	0	125	23533	192
233000	13	443	349	13075	22	143	23113	269
234000	17	442	378	13069	37	78	22733	152
235000	16	441	452	13018	15	50	23394	48
236000	20	487	403	13102	0	37	23046	39
237000	20	407	402	13098	0	59	22520	45
238000	12	417	488	13033	0	22	23052	66
239000	12	424	623	12790	0	43	22309	62
240000	22	460	548	12851	0	41	21612	45
241000	21	484	405	13032	3	29	23357	27
242000	17	417	359	13220	5	36	22720	118
243000	18	394	458	13099	3	20	23060	34
244000	20	472	573	12841	0	11	23518	35
245000	20	486	518	12830	104	7	22086	80
246000	18	416	489	13029	56	9	22314	153
247000	22	420	511	12947	49	27	22304	210
248000	4	423	515	12893	83	54	23084	268
249000	17	418	637	12575	96	100	22828	249
250000	25	470	454	12724	21	287	22419	487
251000	9	410	431	12707	45	384	21676	741
252000	28	462	405	12533	29	548	21896	919
253000	11	450	407	12564	55	509	22198	929
254000	17	434	445	12652	35	371	21730	701
255000	18	464	329	13063	29	162	24018	289
256000	10	397	373	13137	15	91	21900	164
257000	12	429	447	12947	25	98	22409	207
258000	16	431	447	13058	0	75	22810	191
259000	13	487	509	12859	2	102	23190	162
260000	21	428	483	13022	1	37	22179	19
261000	43	427	614	12790	0	24	22029	69
262000	12	436	415	13106	0	34	23029	44
263000	14	448	531	12769	165	0	23201	102
264000	18	417	606	12786	62	25	23480	114
265000	20	438	508	12897	9	61	21628	130
266000	19	452	534	12894	21	17	21821	62
267000	19	432	498	12987	4	32	23360	51
268000	22	438	400	13132	0	36	23294	0
269000	24	446	425	13075	0	33	22021	72
270000	35	401	543	12741	195	23	23799	400
271000	21	407	576	12594	225	98	22849	412
272000	16	431	600	12509	137	192	21714	519
273000	23	403	568	12717	24	190	22431	451
274000	12	453	545	12780	42	143	22420	265
275000	17	453	462	12892	25	105	22525	333
276000	11	461	485	12902	1	89	22401	121
277000	9	416	422	13101	34	28	23546	58
278000	18	379	483	13084	17	0	23377	21
279000	26	394	466	13079	22	10	22914	59
280000	22	424	516	12979	4	4	22628	3
281000	24	454	510	12883	108	6	22295	280
282000	12	457	483	12937	52	29	22672	167
283000	17	416	493	12958	21	50	23134	143
284000	10	451	428	13041	23	57	23493	173
285000	11	458	483	12920	13	74	23245	143
286000	10	474	511	12982	3	10	23588	48
287000	24	392	515	13011	0	14	22021	17
288000	23	400	534	12839	132	5	23356	261
289000	23	451	541	12779	99	40	21844	189
290000	27	509	597	12552	116	80	22514	362
291000	22	460	702	12455	54	109	23465	208
292000	17	502	407	13032	23	39	23453	69
293000	12	414	435	13113	5	43	22474	111
294000	20	403	522	12989	0	3	23101	1
295000	18	393	519	12920	61	21	22424	165
296000	14	446	361	13155	31	6	23084	99
297000	11	462	434	13056	29	3	22961	43
298000	20	414	465	13093	2	0	22711	10
299000	22	434	397	13086	69	22	21739	151
300000	14	436	533	12885	37	20	23458	74
301000	33	441	697	12530	69	75	21920	164
302000	12	414	573	12798	66	83	23018	280
303000	20	423	454	13042	1	57	23454	131
304000	18	429	457	13033	0	49	22546	90
305000	9	434	519	12903	1	105	22950	162
306000	14	492	440	12864	1	196	22029	353
307000	8	397	517	12914	23	97	22851	252
308000	9	402	369	13138	0	103	23442	197
309000	19	442	517	12917	0	27	23907	38
310000	14	442	513	12930	0	30	22862	101
311000	13	424	524	12923	58	16	23018	174
312000	29	396	527	12943	14	18	21595	52
313000	21	409	589	12896	5	5	23286	37
314000	15	470	535	12872	0	28	23252	101
315000	22	449	621	12685	101	14	21492	221
316000	11	442	349	13057	114	45	22682	285
317000	10	465	396	12929	122	91	22766	464
318000	20	434	480	12834	83	165	22591	410
319000	9	417	431	12932	46	179	23141	503
320000	16	425	457	13000	35	73	24462	271
321000	10	482	473	12899	30	97	22947	148
322000	15	460	415	13033	22	80	22987	111
323000	13	475	519	12740	12	173	21600	245
324000	18	431	416	13034	4	95	23413	214
325000	8	418	414	13009	18	148	22947	332
326000	15	444	433	12964	11	126	21492	243
327000	14	418	435	12995	11	126	22550	165
328000	11	412	428	13045	5	109	22345	276
329000	13	419	410	13034	15	140	23227	270
330000	15	483	432	12977	13	96	22544	90
331000	12	424	412	13078	4	80	22001	270
332000	12	426	460	12928	14	151	23547	213
333000	18	450	383	12989	10	137	22286	246
334000	9	378	525	12938	2	78	23161	120
335000	20	391	466	13011	2	60	23221	129
336000	11	470	431	13091	0	22	22976	25
337000	20	436	541	12910	0	12	22658	0
338000	13	369	521	12912	139	47	22640	316
339000	23	448	389	13008	95	66	22098	441
340000	7	448	544	12828	6	91	23199	204
341000	16	471	460	12841	9	188	22636	267
342000	21	419	443	12947	2	146	22670	296
343000	24	384	363	13164	0	106	22865	162
344000	6	456	483	12848	10	153	21988	394
345000	12	437	380	13034	25	146	22588	419
346000	10	522	468	12775	30	170	21953	229
347000	14	485	400	12896	17	198	23343	431
348000	26	393	442	12983	0	166	22549	278
349000	14	411	423	13006	10	119	24398	136
350000	16	409	471	12936	0	97	22257	245
351000	18	459	486	12976	6	71	22630	115
352000	9	458	585	12836	15	36	23399	150
353000	12	401	492	13022	3	46	21905	70
354000	19	451	508	12969	1	38	21615	84
355000	16	463	558	12768	3	115	22651	194
356000	14	367	572	12821	11	153	22572	279
357000	14	414	469	12827	53	225	22470	615
358000	22	440	635	12472	32	268	22128	594
359000	22	408	612	12555	69	231	21799	527
360000	23	429	479	12721	116	183	23130	430
361000	23	432	440	12909	73	105	23106	355
362000	25	421	555	12758	17	137	22924	285
363000	30	468	444	12865	35	133	22346	312
364000	11	539	486	12687	12	248	21321	566
365000	11	479	441	12785	36	237	21780	457
366000	12	421	470	12733	67	294	22001	606
367000	19	438	378	12961	56	212	21517	419
368000	9	450	469	12834	24	175	22620	404
369000	11	477	356	12975	34	197	22888	397
370000	7	403	357	13178	0	103	23174	132
371000	9	454	382	13119	0	56	23008	58
372000	12	444	409	13094	0	53	22293	84
373000	22	422	505	12946	1	82	21940	132
374000	17	442	533	12880	11	81	22662	269
375000	12	394	533	12926	7	93	23434	62
376000	15	407	520	12878	2	116	23353	80
377000	18	415	421	13033	0	97	22523	123
378000	34	460	445	13011	0	26	22888	72
379000	10	400	292	13238	1	139	23152	255
380000	4	478	400	13038	0	106	21565	152
381000	21	463	427	12982	0	106	22800	131
382000	16	426	496	12860	3	167	22702	302
383000	26	442	604	12669	23	134	22421	235
384000	35	415	471	12844	20	150	22756	259
385000	16	403	545	12869	22	104	22019	254
386000	15	426	606	12630	3	185	22597	149
387000	17	426	620	12618	7	179	22214	275
388000	22	457	699	12510	4	141	22752	367
389000	17	486	490	12797	38	123	22084	182
390000	19	417	476	12853	69	142	22968	352
391000	26	457	623	12635	30	128	23001	316
392000	14	455	467	12794	10	244	22254	257
393000	28	509	560	12412	24	373	23024	662
394000	14	397	610	12526	18	329	21126	656
395000	15	466	435	12774	14	295	22694	525
396000	13	444	474	12788	13	243	21946	383
397000	15	447	557	12622	64	213	22592	471
398000	14	387	416	12938	28	249	23190	416
399000	25	491	443	12710	25	321	22633	368
400000	14	457	440	12703	74	273	23366	727
401000	26	395	492	12715	96	230	23220	449
402000	23	440	517	12663	122	213	22816	501
403000	15	460	454	12570	135	348	22777	682
404000	18	447	489	12517	146	332	22573	688
405000	19	445	453	12802	69	186	22472	433
406000	20	436	476	12919	6	122	21548	199
407000	9	455	492	12855	12	129	22819	231
408000	20	422	479	12898	38	72	22969	307
409000	13	456	564	12826	75	39	22399	103
410000	8	446	397	13101	46	28	22698	162
411000	19	441	531	12833	59	35	22579	129
412000	20	470	440	13001	12	73	21400	193
413000	17	420	599	12808	28	65	22670	271
414000	25	383	502	12933	10	69	23628	83
415000	10	451	572	12909	0	8	23051	5
416000	19	441	667	12765	0	4	22333	5
417000	28	417	416	13059	43	10	22774	121
418000	13	518	417	12975	53	33	23452	214
419000	20	423	411	13065	10	60	21773	190
420000	20	433	542	12809	63	75	23735	373
421000	20	439	488	12930	26	50	22218	111
422000	16	359	424	13153	42	16	23595	57
423000	9	430	409	13124	20	29	23667	42
424000	8	421	583	12901	0	19	22986	156
425000	26	500	413	13059	0	4	23035	7
426000	21	479	461	12851	115	57	23327	206
427000	19	416	501	12821	129	47	22161	239
428000	12	391	437	12954	100	132	22807	426
429000	27	465	525	12700	42	162	21751	385
430000	26	403	539	12700	32	239	23063	498
431000	16	436	369	12928	25	285	23085	533
432000	18	454	458	12715	64	291	21779	592
433000	22	384	444	12769	111	274	21874	614
434000	16	465	435	12745	35	317	22240	789
435000	20	450	466	12691	119	220	22877	674
436000	27	398	627	12478	107	232	21730	653
437000	20	475	448	12742	96	223	21526	667
438000	10	435	481	12667	65	288	21905	527
439000	25	384	484	12754	57	215	22927	521
440000	15	426	473	12820	29	233	22454	607
441000	17	422	397	12673	106	410	22542	859
442000	20	415	470	12305	138	640	22388	1293
443000	22	407	546	12336	84	523	21520	1101
444000	19	427	524	12276	97	619	21907	1111
445000	24	437	424	12434	82	605	22194	1167
446000	16	436	460	12527	77	450	22508	1045
447000	11	459	445	12623	41	406	22322	1036
448000	12	385	462	12720	37	360	22739	714
449000	20	439	482	12693	34	305	21975	605
450000	14	406	403	13022	32	168	22274	281
451000	18	429	421	12958	64	97	22738	179
452000	25	444	460	13003	15	34	22514	101
453000	15	405	430	13130	0	20	22850	25
454000	14	416	431	13123	0	5	23686	13
455000	14	454	593	12836	0	31	22316	65
456000	21	444	523	12829	0	136	23242	189
457000	20	404	485	12951	7	102	22403	276
458000	12	447	382	13149	0	43	22501	96
459000	27	496	551	12739	124	3	22052	111
460000	22	453	471	12951	71	25	22537	242
461000	31	537	560	12622	91	89	21649	398
462000	8	421	560	12622	162	157	22238	471
463000	16	393	464	12712	104	295	22111	735
464000	12	366	514	12613	186	293	22679	850
465000	19	375	493	12782	92	182	23797	498
466000	13	453	423	12938	69	135	21950	377
467000	8	451	607	12722	24	77	23362	253
468000	24	456	588	12762	28	78	22479	132
469000	20	471	539	12818	33	32	22079	166
470000	30	372	558	12842	83	42	22573	85
471000	17	414	478	12947	76	55	23410	332
472000	26	431	402	12940	86	114	22403	451
473000	22	439	430	12988	51	68	22192	199
474000	9	455	398	12996	16	151	22622	272
475000	17	407	552	12782	7	188	22090	289
476000	22	382	585	12822	39	85	23030	90
477000	10	421	460	12991	6	83	23926	146
478000	10	429	418	12976	7	168	23538	291
479000	22	470	436	12847	3	212	22362	213
480000	8	446	397	12769	12	352	21925	505
481000	17	440	546	12626	40	258	22561	553
482000	16	446	489	12727	36	263	22197	775
483000	18	389	572	12641	99	213	22027	488
484000	28	450	372	12853	61	252	21229	660
485000	17	491	560	12451	29	392	23183	629
486000	19	453	507	12457	60	467	21154	902
487000	23	456	585	12449	85	324	21872	606
488000	25	477	521	12587	27	296	21739	433
489000	17	435	404	12924	13	236	23390	337
490000	16	434	450	12836	7	220	23603	268
491000	20	429	500	12733	5	262	22556	503
492000	13	438	475	12575	40	467	22740	813
493000	12	465	410	12707	1	418	21811	842
494000	14	418	462	12635	25	437	23279	1045
495000	13	494	394	12635	27	444	21982	949
496000	13	446	402	12679	29	459	21930	560
497000	22	385	459	12490	50	608	22159	1087
498000	13	488	474	12544	21	432	21473	607
499000	14	450	376	12847	23	312	23847	798
500000	17	420	459	12873	41	162	22422	354
501000	12	413	562	12899	0	36	22933	61
502000	10	456	585	12755	101	15	22369	268
503000	27	416	545	12847	47	70	22558	201
504000	23	457	430	13024	22	42	23400	229
505000	15	427	616	12776	30	53	23248	159
506000	21	422	434	12877	25	222	22299	398
507000	13	435	357	13025	48	164	23059	195
508000	19	429	472	12851	58	155	23573	307
509000	13	458	474	12867	24	123	21886	150
510000	20	475	455	12965	38	55	21954	174
511000	20	482	443	12894	10	117	23032	232
512000	9	433	348	13210	2	52	22132	137
513000	16	443	476	12994	0	32	22770	52
514000	25	452	526	12957	0	16	22211	15
515000	11	405	501	13030	0	14	23866	86
516000	9	370	463	13113	0	9	22734	11
517000	9	461	413	13021	92	27	22078	331
518000	23	457	417	13033	60	20	23667	184
519000	19	413	404	12957	68	164	22917	321
520000	16	450	681	12577	15	156	22667	220
521000	23	432	634	12622	8	185	23144	367
522000	21	435	505	12805	12	204	22556	383
523000	14	490	470	12703	18	311	23534	377
524000	20	489	599	12377	65	324	21602	727
525000	18	444	611	12508	65	276	23478	820
526000	24	477	522	12527	49	310	22326	474
527000	14	445	514	12648	13	352	22559	608
528000	11	417	581	12616	15	266	22858	590
529000	16	420	525	12715	18	233	23393	294
530000	12	399	576	12627	14	277	22841	599
531000	22	438	536	12682	27	264	22352	396
532000	24	476	543	12610	8	268	21941	437
533000	15	452	502	12608	24	365	21487	784
534000	15	400	444	12820	48	284	22325	652
535000	7	441	384	12773	141	248	22211	711
536000	13	451	446	12738	67	255	21397	519
537000	20	403	477	12949	43	85	21565	199
538000	19	406	435	13087	0	45	23801	90
539000	15	428	472	13065	0	3	23236	0
540000	15	437	466	12915	94	95	22373	238
541000	15	488	473	12758	87	130	22391	271
542000	8	398	439	12946	71	139	23441	498
543000	14	458	522	12788	54	145	23293	317
544000	18	427	557	12596	107	262	22469	728
545000	24	472	636	12424	73	261	21271	662
546000	27	441	699	12319	66	333	22542	638
547000	20	377	456	12581	84	458	22880	806
548000	13	425	415	12614	35	481	21508	854
549000	13	405	425	12752	23	378	23230	659
550000	13	428	467	12620	29	419	22023	827
551000	20	429	458	12744	17	300	21911	556
552000	27	467	653	12515	24	167	21732	228
553000	28	468	489	12706	26	205	21454	327
554000	17	411	405	12854	46	246	23115	593
555000	14	397	487	12730	111	249	21968	452
556000	12	492	516	12696	55	211	22590	496
557000	23	444	627	12667	38	119	21953	210
558000	15	468	417	12992	36	71	22393	162
559000	13	470	458	12979	33	33	22519	269
560000	12	441	433	13048	5	21	22344	1
561000	13	475	469	12958	43	6	23719	145
562000	20	463	519	12767	146	32	22758	276
563000	22	413	492	12760	184	71	22028	361
564000	11	470	366	13021	106	35	22955	144
565000	19	434	495	12907	27	49	21918	85
566000	14	425	425	13119	16	0	23389	27
567000	24	423	484	12885	129	2	22682	117
568000	23	408	560	12641	170	72	22435	369
569000	22	386	543	12919	17	62	21398	129
570000	24	484	489	12955	2	27	23050	16
571000	13	404	493	13025	0	32	22563	51
572000	19	428	459	13039	0	31	21944	32
573000	13	457	467	13016	0	7	22110	1
574000	14	422	417	13110	59	10	23241	126
575000	15	449	538	12842	92	30	22341	282
576000	10	481	486	12808	111	96	22640	244
577000	8	444	577	12761	28	118	23016	140
578000	29	420	446	12901	66	122	23004	278
579000	9	427	457	12940	42	70	22747	247
580000	21	449	407	12986	5	106	22687	235
581000	26	425	519	12807	26	135	22824	298
582000	14	418	383	13010	50	152	22899	389
583000	17	456	469	12879	60	94	22694	286
584000	12	411	450	13016	23	68	22964	180
585000	12	418	531	12855	8	126	22817	185
586000	14	428	521	12881	1	146	23230	165
587000	15	417	587	12774	8	104	23175	240
588000	20	385	505	12936	0	112	22715	192
589000	14	490	656	12511	2	173	22178	397
590000	19	399	446	13025	5	115	23141	126
591000	18	441	540	12803	3	128	23036	214
592000	17	404	582	12856	0	97	22435	101
593000	24	526	549	12524	47	238	22102	505
594000	15	458	407	12885	36	199	22626	461
595000	34	434	527	12693	65	178	22430	462
596000	19	473	490	12811	86	104	22846	317
597000	16	456	513	12764	36	194	22719	409
598000	22	484	523	12750	60	112	22359	314
599000	35	411	592	12860	0	10	23200	34
600000	11	363	566	12953	2	23	22961	103
601000	16	509	444	12973	22	4	22292	69
602000	13	476	587	12861	8	0	23430	12
603000	15	425	485	12904	128	44	21875	526
604000	18	449	533	12894	31	47	22537	162
605000	27	465	459	12964	0	70	23075	76
606000	14	539	502	12866	6	63	21990	152
607000	21	484	398	13095	0	36	22569	27
608000	12	484	547	12822	29	53	23611	188
609000	23	408	501	12887	35	53	23844	128
610000	12	414	535	12975	10	6	23201	51
611000	20	437	375	13173	11	0	21815	19
612000	24	410	474	12918	96	48	23110	239
613000	27	518	450	12900	13	60	23328	239
614000	23	490	497	12900	0	17	23702	9
615000	20	410	484	13034	0	17	23274	27
616000	13	418	445	13127	0	0	24138	3
617000	10	387	432	13020	105	52	23817	396
618000	10	378	587	12812	49	58	22731	170
619000	8	452	519	12779	91	91	22048	399
620000	17	412	390	13076	24	91	22707	194
621000	14	436	470	12950	6	159	23078	265
622000	9	495	512	12896	0	67	22655	111
623000	18	445	584	12841	0	22	23618	30
624000	14	447	462	13026	0	39	21192	1
625000	18	406	517	12967	30	20	23626	98
626000	3	427	476	13034	1	39	22494	43
627000	14	469	475	13042	0	8	22196	8
628000	17	439	632	12654	72	36	22315	185
629000	11	428	451	13043	5	44	22362	96
630000	15	462	468	12949	0	63	23706	96
631000	4	517	380	12952	12	151	22186	230
632000	16	495	420	13029	6	66	22802	198
633000	14	416	568	12830	12	43	23418	76
634000	21	456	463	12976	4	77	22780	158
635000	17	430	410	13112	0	72	22920	117
636000	9	416	430	13081	0	64	22531	104
637000	13	406	528	12993	0	12	23454	52
638000	14	412	534	12963	0	11	22458	33
639000	10	446	453	13063	0	7	22322	5
640000	20	396	438	13048	104	12	22540	168
641000	14	429	467	12866	68	110	21897	234
642000	20	453	469	12810	54	180	22396	435
643000	21	474	473	12721	15	209	22095	341
644000	11	429	410	13004	8	157	22489	182
645000	16	404	524	12826	25	172	21851	238
646000	14	446	430	12906	0	197	22429	389
647000	18	536	470	12759	7	210	22872	183
648000	26	450	473	12769	3	255	23321	369
649000	17	520	447	12736	6	237	22691	359
650000	19	422	493	12860	12	163	22532	299
651000	22	428	597	12668	0	222	22541	213
652000	15	413	412	13032	3	124	22432	282
653000	16	415	589	12848	9	53	22711	136
654000	17	398	491	12989	2	63	23172	115
655000	18	423	487	13045	0	18	23520	39
656000	20	478	581	12846	0	7	22521	11
657000	14	429	462	13047	0	19	21681	58
658000	20	456	389	13076	98	10	23228	149
659000	16	470	479	12969	22	12	22916	51
660000	31	472	524	12931	0	29	22498	16
661000	16	409	525	12971	5	23	22849	55
662000	17	418	475	13065	0	11	22322	10
663000	8	419	406	13085	75	13	22973	179
664000	19	438	492	12930	2	85	22492	110
665000	8	399	428	13162	0	27	23592	93
666000	28	409	475	13054	0	12	23215	49
667000	21	393	423	12986	148	6	23725	182
668000	16	432	357	13149	68	30	22273	222
669000	19	449	394	13016	42	92	22302	195
670000	13	422	457	12992	34	83	21899	215
671000	13	369	537	12999	3	49	22893	24
672000	21	451	481	12940	0	21	23133	28
673000	19	450	460	13043	0	35	22672	32
674000	17	476	457	12953	0	85	23488	109
675000	9	434	560	12852	1	99	22653	160
676000	14	427	385	13129	1	52	21555	148
677000	13	465	438	12982	2	97	22049	151
678000	14	496	348	13057	4	110	21540	156
679000	22	442	593	12765	0	68	23404	148
680000	8	491	430	13069	0	62	23262	123
681000	15	442	460	12946	0	120	22133	178
682000	16	456	477	13001	5	32	22724	60
683000	25	456	344	13074	130	10	24051	125
684000	19	392	386	13035	62	110	22140	264
685000	18	437	475	12856	32	148	22718	221
686000	15	410	396	12999	61	117	23776	308
687000	9	432	541	12784	7	205	22722	322
688000	9	400	396	13131	0	92	22751	169
689000	23	436	433	12952	0	141	22543	312
690000	5	448	412	13014	28	118	23137	262
691000	22	442	392	13030	24	109	22100	290
692000	12	442	394	13092	11	47	22792	88
693000	10	438	441	13050	3	46	22436	88
694000	15	441	419	13082	0	31	22727	24
695000	7	455	405	13087	0	36	22468	19
696000	18	435	467	12990	0	44	23030	146
697000	11	416	551	12917	0	37	22606	27
698000	5	438	471	13069	0	5	22889	0
699000	7	453	388	13025	124	1	23197	200
700000	18	439	437	12984	39	29	22504	65
701000	15	450	407	13081	29	25	23165	49
702000	18	450	498	12952	28	4	23374	125
703000	7	445	479	13025	7	19	21936	40
704000	16	456	420	13037	0	61	23137	53
705000	19	476	510	12908	0	55	21437	27
706000	16	432	454	12928	2	162	23030	307
707000	26	417	427	13025	2	96	23258	165
708000	29	438	617	12781	0	54	23399	110
709000	17	364	494	13033	22	27	22269	48
710000	16	462	531	12899	4	56	21405	121
711000	17	424	460	12972	0	90	23384	149
712000	13	443	442	12990	9	86	22798	197
713000	25	466	487	12838	10	111	22767	195
714000	10	464	437	12895	60	136	22747	484
715000	14	402	373	13041	44	134	22994	392
716000	25	463	464	12970	3	71	21660	121
717000	14	430	402	13067	0	74	21893	72
718000	16	473	533	12873	0	15	22203	33
719000	15	433	437	13111	0	39	22535	86
720000	14	488	460	13030	2	37	22131	44
721000	14	420	476	13020	1	54	21807	77
722000	10	522	423	12992	12	40	23423	90
723000	8	510	506	12896	0	29	22083	54
724000	19	467	506	12918	0	62	22862	76
725000	15	412	455	12970	3	145	24116	285
726000	24	420	513	12926	0	58	21852	96
727000	14	439	441	13031	31	46	23089	97
728000	23	406	644	12685	8	112	23210	265
729000	22	439	612	12694	22	104	22537	157
730000	33	447	520	12797	17	113	23411	280
731000	17	494	483	12927	23	36	22492	39
732000	18	440	567	12862	15	34	22804	36
733000	13	395	476	13008	18	48	22999	94
734000	16	461	454	13017	6	42	22700	91
735000	10	419	519	12956	1	55	23817	67
736000	13	437	435	13037	1	66	22698	112
737000	14	417	415	13091	0	8	23020	13
738000	20	498	546	12834	0	4	23919	0
739000	24	472	604	12728	79	34	22519	206
740000	25	461	718	12480	114	67	21447	257
741000	22	462	512	12796	60	106	21269	380
742000	18	440	439	12874	49	173	21971	279
743000	12	472	483	12834	24	135	22142	241
744000	33	426	510	12771	1	200	23084	394
745000	20	410	622	12583	9	253	22108	568
746000	15	407	478	12867	24	203	22390	483
747000	16	443	500	12816	12	163	22051	291
748000	17	417	450	12927	12	170	22719	199
749000	13	532	511	12738	1	129	23299	189
750000	20	430	524	12783	1	173	21384	252
751000	15	449	421	12811	2	294	22097	469
752000	11	413	441	12905	39	180	23113	366
753000	13	485	449	12906	5	130	22759	171
754000	21	482	493	12779	66	132	22145	210
755000	20	468	633	12662	21	92	22797	121
756000	26	440	551	12755	36	74	23377	107
757000	31	455	515	12809	11	90	22479	167
758000	21	442	568	12864	11	36	22480	71
759000	26	403	645	12656	38	126	22893	266
760000	15	465	518	12772	0	153	21948	325
761000	17	407	420	12987	21	170	22961	298
762000	17	457	379	13021	15	109	21281	240
763000	13	414	363	13148	13	65	22705	104
764000	6	479	387	13176	2	21	22916	71
765000	15	435	453	12900	49	134	22761	268
766000	12	440	472	12784	31	241	21959	408
767000	10	407	377	13018	37	149	22727	271
768000	18	456	462	12847	67	101	21706	240
769000	12	475	497	12733	41	223	21567	615
770000	30	430	488	12742	144	156	21489	452
771000	12	434	385	13028	43	150	22515	304
772000	27	406	471	12948	22	57	23582	264
773000	22	503	491	12887	1	71	22623	116
774000	19	402	454	12973	31	97	23801	300
775000	14	456	422	13062	1	59	23154	62
776000	11	459	442	12996	2	36	22366	13
777000	16	393	535	13028	0	4	23057	31
778000	20	461	457	12924	89	17	22330	149
779000	27	454	413	12941	25	102	22840	286
780000	23	457	621	12715	44	65	21778	184
781000	18	403	426	13055	41	80	21940	374
782000	17	403	477	12988	31	78	22652	196
783000	17	450	490	12769	29	198	22397	444
784000	17	439	580	12667	47	160	22375	481
785000	22	461	496	12750	63	170	23635	536
786000	20	457	579	12699	46	89	21498	320
787000	26	451	503	12768	102	116	21426	358
788000	12	443	408	12911	76	163	22775	354
789000	29	464	437	12915	67	87	21787	205
790000	18	404	500	12802	68	215	22297	453
791000	11	433	512	12800	38	217	23473	499
792000	21	410	456	12798	96	209	22341	411
793000	22	480	393	12762	105	252	21490	551
794000	10	427	460	12595	77	406	22053	883
795000	10	432	408	12808	42	325	22543	492
796000	10	466	552	12643	59	229	22079	593
797000	26	406	614	12682	37	153	23653	418
798000	13	474	431	12849	36	175	22814	365
799000	30	398	549	12613	92	237	23063	479
800000	15	434	463	12618	82	392	22036	879
801000	21	436	452	12676	73	338	21392	803
802000	22	440	457	12569	183	287	22482	732
803000	28	397	513	12567	164	289	22945	784
804000	13	422	445	12633	136	322	21711	908
805000	23	394	431	12754	85	346	22229	619
806000	21	409	536	12452	127	410	21584	834
807000	8	467	436	12471	62	502	22555	939
808000	16	418	491	12525	34	489	21566	1032
809000	21	424	515	12192	95	686	21306	1420
810000	16	388	462	12252	147	718	21564	1262
811000	28	412	493	11997	172	868	21480	1706
812000	18	443	542	11979	161	851	20766	1615
813000	17	432	488	12022	109	915	21425	1866
814000	22	477	403	12073	77	944	22503	2098
815000	17	469	424	11783	162	1150	21043	2435
816000	22	435	415	11499	288	1317	20438	2339
817000	19	441	475	11485	223	1318	20388	2692
818000	21	438	464	11623	185	1283	20486	2549
819000	33	403	575	11383	221	1288	19601	2463
820000	28	426	555	11400	322	1229	20149	2530
821000	33	410	451	11367	406	1299	20041	3271
822000	34	428	481	11625	283	1108	20874	2165
823000	29	476	574	11193	339	1327	19089	2509
824000	21	413	470	11550	206	1299	20206	2379
825000	14	398	433	11507	222	1398	20757	2655
826000	21	393	411	11592	196	1386	20253	2408
827000	21	427	505	11548	91	1312	20723	2480
828000	11	379	450	11532	140	1496	20897	2888
829000	21	417	646	11048	179	1560	19248	2957
830000	40	406	496	11076	355	1569	19462	3285
831000	29	453	445	11170	233	1670	20891	3131
832000	23	401	542	11013	199	1710	19473	2835
833000	26	392	444	11542	221	1355	19795	2662
834000	26	424	382	11829	336	1022	20129	2588
835000	17	403	471	11512	302	1254	20617	2149
836000	30	446	382	11556	282	1339	20369	2487
837000	31	452	498	11434	217	1309	20085	2481
838000	18	412	407	11407	209	1558	19298	3386
839000	25	463	349	11472	218	1542	19346	2927
840000	31	433	434	11539	159	1379	20121	2830
841000	18	445	427	11576	131	1447	19947	2545
842000	18	445	367	11599	201	1386	21275	2685
843000	26	443	411	11599	179	1375	20464	2546
844000	17	439	588	11216	244	1393	19657	2885
845000	20	448	534	11353	211	1359	19463	3199
846000	26	414	531	11301	175	1474	18825	2796
847000	21	429	561	11067	196	1694	18987	3611
848000	28	421	459	11191	191	1674	19651	3201
849000	35	406	373	11420	203	1599	20117	3140
850000	21	428	464	11588	228	1266	20286	2855
851000	19	446	385	11508	264	1375	19689	2923
852000	18	419	513	11584	172	1220	20138	2244
853000	31	434	536	11227	307	1406	18809	3041
854000	23	411	458	11518	275	1302	19502	3064
855000	24	419	450	11608	240	1265	21248	2620
856000	13	445	536	11576	136	1247	20322	2273
857000	36	444	523	11799	120	1039	20477	2114
858000	12	441	581	11881	98	887	20766	1815
859000	12	429	450	12368	78	642	21363	974
860000	18	371	477	12315	111	661	22213	1386
861000	10	424	392	12528	117	543	22252	1071
862000	30	471	437	12477	95	450	22524	907
863000	6	445	436	12573	78	462	23088	665
864000	12	457	474	12599	15	422	22930	759
865000	13	437	451	12450	64	554	21806	738
866000	17	432	489	12530	55	403	22118	715
867000	26	439	409	12501	85	535	21538	1066
868000	23	390	564	12372	76	530	22822	1269
869000	19	475	447	12477	30	537	21588	1032
870000	19	466	572	12542	54	289	22857	552
871000	20	404	516	12688	56	267	22651	717
872000	25	387	542	12701	39	236	22698	361
873000	27	435	438	12879	17	206	22580	292
874000	11	411	483	12787	11	272	22097	472
875000	12	410	419	12858	15	295	22329	535
876000	8	420	447	12935	3	197	22261	326
877000	18	410	462	12821	28	216	22771	256
878000	14	430	582	12705	21	181	22083	302
879000	17	416	428	13051	3	80	23332	227
880000	19	466	451	13007	19	42	22310	76
881000	7	449	521	12932	6	58	22927	86
882000	21	415	512	12938	3	65	23915	159
883000	21	350	541	12935	0	89	23089	158
884000	12	453	461	13013	0	50	22557	59
885000	12	429	489	13047	0	8	21436	4
886000	22	477	502	12843	111	8	22804	221
887000	20	455	392	12910	159	52	21986	353
888000	33	425	652	12638	70	57	22253	142
889000	25	456	501	12840	54	73	22224	235
890000	21	430	644	12686	31	64	21776	153
891000	16	482	626	12721	18	27	23017	0
892000	14	428	512	12976	21	11	22467	15
893000	15	415	373	13198	29	4	21955	37
894000	12	460	453	12975	67	21	22780	186
895000	18	478	533	12817	48	63	22798	129
896000	17	425	459	12896	86	103	23471	436
897000	20	429	466	12834	45	200	23345	551
898000	8	489	465	12695	57	239	22403	375
899000	32	390	670	12503	52	190	21785	309
900000	14	413	471	12846	32	191	23454	465
901000	16	408	507	12921	16	101	24233	247
902000	9	474	387	13032	10	95	22939	152
903000	15	473	482	12950	10	59	23268	110
904000	12	449	463	12936	0	123	23102	268
905000	23	423	437	13063	0	60	23835	49
906000	11	430	384	13075	1	105	23052	120
907000	23	405	497	12951	2	88	22953	167
908000	14	391	425	13036	0	117	23161	159
909000	6	430	518	12927	1	76	22675	30
910000	20	467	581	12723	21	79	22426	164
911000	13	465	417	13048	30	49	22565	132
912000	15	411	530	12895	39	48	23497	92
913000	14	438	441	12965	6	160	23164	348
914000	13	424	461	12903	18	184	22798	325
915000	20	422	578	12552	56	313	22711	536
916000	23	405	596	12615	47	230	22181	297
917000	16	406	535	12795	30	208	22298	410
918000	18	435	583	12555	3	324	22045	567
919000	35	411	551	12599	54	262	22641	377
920000	15	409	532	12633	47	306	22426	472
921000	22	455	460	12728	31	282	22492	417
922000	18	459	584	12532	13	280	21161	360
923000	20	487	498	12730	5	200	21542	197
924000	14	418	426	12989	6	143	22796	242
925000	9	460	525	12792	2	161	21972	305
926000	10	394	455	12980	1	159	22692	235
927000	14	433	558	12913	0	64	22969	123
928000	21	427	470	13089	5	0	23907	1
929000	29	462	370	13048	74	27	22909	187
930000	7	413	422	13008	66	97	22689	226
931000	18	403	489	12789	106	184	22598	534
932000	10	436	513	12774	79	133	23797	403
933000	20	438	418	12969	79	89	22224	233
934000	18	402	460	13017	23	76	23594	212
935000	10	438	459	13022	0	27	22803	18
936000	10	393	498	13030	0	26	22029	33
937000	16	416	459	13106	1	22	22500	33
938000	13	438	469	13016	0	53	23589	77
939000	20	432	403	13112	15	39	22671	88
940000	10	402	477	13093	0	27	23399	81
941000	15	410	379	13085	134	4	22883	193
942000	17	434	501	12848	80	82	21827	435
943000	25	416	566	12736	25	162	21773	303
944000	14	422	372	13096	19	120	22100	196
945000	14	405	397	13001	21	176	22274	453
946000	21	402	511	12902	18	124	23572	182
947000	22	440	619	12645	7	148	22591	232
948000	14	396	526	12853	8	166	23118	307
949000	22	421	529	12659	15	292	22726	528
950000	14	458	387	12691	16	433	22594	587
951000	21	489	466	12685	9	299	21603	546
952000	17	415	429	12727	6	415	21886	655
953000	10	516	327	12804	13	374	22421	592
954000	6	519	394	12580	59	469	22126	815
955000	24	444	460	12535	93	427	21120	773
956000	16	423	377	12523	76	603	22261	1544
957000	18	409	417	12502	139	534	22070	1322
958000	15	423	407	12421	95	623	21330	1078
959000	17	409	498	12432	87	512	22555	1207
960000	19	449	579	12190	84	613	20626	1256
961000	15	525	551	11948	123	796	21755	1437
962000	8	388	580	11660	113	1172	21334	2109
963000	36	408	525	11639	200	1115	21730	2448
964000	18	466	484	11548	222	1237	20796	2722
965000	19	414	514	11414	291	1298	20791	3059
966000	38	407	488	11406	250	1317	20623	2885
967000	25	447	516	11185	241	1557	19461	3448
968000	24	402	604	11256	219	1378	19677	2688
969000	16	452	514	11502	72	1397	20371	2462
970000	21	468	521	11563	121	1270	20309	2347
971000	25	456	511	11534	183	1246	19787	2649
972000	15	448	509	11572	155	1250	21941	2481
973000	14	449	452	11863	123	1082	20829	2156
974000	9	409	452	12029	75	992	21760	1946
975000	15	458	391	12396	75	685	21453	1523
976000	19	446	494	12172	28	766	21343	1132
977000	14	486	470	11975	135	905	20256	1712
978000	30	425	511	11631	223	1132	21537	2118
979000	36	438	601	11130	263	1415	21569	2404
980000	26	456	556	10620	300	1997	19449	3379
981000	15	439	489	10711	218	2062	19136	4082
982000	30	401	471	10953	292	1836	18755	3890
983000	11	407	402	11523	294	1392	19532	2746
984000	17	411	491	11566	227	1264	21030	2929
985000	19	489	525	11388	229	1301	20435	2317
986000	20	448	428	11401	139	1523	20697	2810
987000	25	465	379	11864	102	1197	20991	2383
988000	16	453	411	11636	167	1314	20581	2396
989000	9	471	437	11822	79	1169	20594	1979
990000	11	437	345	12146	88	1015	20821	2059
991000	20	450	477	12075	161	767	20376	1468
992000	17	403	479	12043	196	818	21493	1651
993000	33	384	578	11892	162	872	20949	1643
994000	33	416	483	12259	126	648	21260	1123
995000	27	406	600	11922	210	704	21305	1667
996000	25	436	551	11854	230	851	21203	1904
997000	14	460	522	12183	111	660	21342	1073
998000	18	420	401	12294	88	794	22065	1500
999000	21	442	446	12448	108	533	21848	1384
