0	0	0	0	14400	0	0	0	0
1000	8	266	346	13335	85	8	39019	423
2000	7	245	416	13315	30	24	41067	105
3000	15	234	428	13258	6	73	40551	239
4000	7	265	385	13213	3	125	39979	422
5000	11	238	586	12980	11	70	39573	110
6000	8	267	479	13056	6	184	39122	458
7000	3	248	618	12912	0	150	38830	441
8000	13	209	637	13007	1	49	39769	101
9000	10	229	516	13182	1	32	39705	121
10000	14	236	532	13162	0	5	40196	4
11000	12	276	524	12998	140	44	38336	669
12000	16	253	497	13004	49	142	38410	477
13000	10	234	560	12936	103	92	40884	478
14000	5	252	431	13109	64	129	40423	416
15000	12	230	595	13004	3	88	41126	383
16000	13	269	455	13152	12	97	38907	231
17000	22	272	394	13195	27	90	38233	271
18000	7	250	550	13025	10	93	38679	355
19000	15	221	603	12997	26	61	39548	349
20000	6	241	627	12964	27	62	39619	148
21000	7	273	511	13007	35	123	39434	350
22000	5	242	479	13012	20	206	39734	438
23000	5	263	417	13095	23	191	39593	720
24000	7	283	424	12996	27	256	39430	842
25000	7	265	492	12892	33	266	38056	958
26000	8	251	506	12857	19	324	38951	1072
27000	20	241	493	12852	3	345	38838	1212
28000	11	271	459	12932	52	242	39436	940
29000	8	272	425	13091	22	193	38750	795
30000	9	279	513	12964	11	194	39542	431
31000	12	224	472	12981	29	261	39343	921
32000	9	245	488	12755	69	422	39803	1255
33000	10	267	770	12578	20	192	38984	811
34000	9	257	445	13092	9	154	37589	425
35000	5	273	434	13185	8	94	40006	243
36000	3	256	426	13127	43	130	38282	453
37000	18	260	438	13194	17	72	39302	225
38000	14	247	514	13090	29	57	40380	302
39000	6	267	516	13060	34	85	37882	280
40000	6	227	479	13152	24	61	39081	249
41000	11	256	585	12960	2	110	39387	412
42000	4	257	459	13064	2	172	38570	470
43000	3	234	353	13141	15	294	38837	738
44000	12	237	417	13036	9	284	38781	781
45000	7	253	457	12980	52	248	39443	733
46000	12	226	466	13071	30	157	38549	804
47000	13	237	419	13142	26	178	40290	570
48000	5	253	480	12991	38	209	39118	675
49000	12	260	555	12898	2	235	38411	685
50000	9	208	481	13171	8	88	40595	447
51000	5	234	452	13212	7	75	39898	309
52000	8	225	512	13152	0	55	39359	154
53000	5	259	373	13416	0	9	40984	8
54000	9	238	382	13407	0	9	40084	2
55000	7	200	354	13467	0	16	40799	83
56000	22	214	464	13211	68	10	39731	239
57000	5	238	442	13253	33	13	39950	122
58000	7	283	537	13072	17	19	39844	72
59000	13	241	569	13067	0	0	41527	1
60000	8	230	505	13158	59	8	39273	286
61000	3	232	445	13272	21	28	39071	149
62000	14	248	427	13299	16	21	39708	155
63000	3	284	290	13413	2	69	41075	209
64000	4	258	398	13324	0	65	39495	132
65000	6	240	350	13336	30	109	38690	376
66000	5	263	421	13182	20	112	39839	325
67000	7	286	399	13287	0	66	39038	159
68000	12	224	456	13264	0	34	39061	29
69000	14	275	531	13073	2	44	40128	170
70000	11	222	463	13261	3	30	39988	111
71000	2	225	593	13099	1	19	39834	28
72000	6	271	529	13028	88	43	37962	483
73000	17	236	433	13152	93	106	39142	618
74000	9	264	317	13274	80	116	39452	471
75000	11	250	481	12956	58	151	40532	486
76000	8	228	518	13022	26	142	39404	699
77000	9	236	472	13015	54	172	39323	740
78000	9	233	504	13070	52	139	39530	802
79000	8	253	402	13219	28	109	39442	388
80000	6	278	361	13350	0	74	40688	260
81000	12	245	351	13336	53	34	39960	136
82000	6	260	442	13170	77	22	39689	191
83000	15	290	645	12865	81	29	38274	384
84000	4	275	596	12853	42	122	39472	423
85000	4	280	416	13179	29	85	38899	408
86000	8	261	517	13071	5	109	41268	377
87000	3	277	463	13188	27	67	40204	358
88000	13	249	571	13044	21	51	38289	136
89000	11	247	519	13133	6	60	39619	186
90000	9	266	485	13202	10	21	39270	117
91000	15	222	524	13130	6	57	39557	307
92000	9	209	440	13235	0	78	40169	268
93000	6	231	482	13205	0	69	39908	237
94000	14	245	456	13124	22	126	39953	385
95000	10	282	488	13141	12	64	39870	116
96000	6	259	498	13115	35	30	38857	102
97000	8	235	437	13253	35	52	40676	306
98000	10	248	518	13147	1	59	40484	110
99000	12	240	538	13128	0	9	39261	44
100000	3	239	527	13178	0	0	40329	1
101000	20	228	710	12731	107	34	39253	509
102000	20	274	629	12772	91	110	38589	716
103000	7	243	555	12815	66	225	39641	814
104000	3	256	487	12948	16	246	39345	795
105000	4	244	418	12987	76	257	39584	900
106000	11	209	451	13017	35	247	39845	703
107000	8	231	495	12966	9	307	41135	875
108000	9	250	407	13095	58	199	38424	666
109000	12	235	423	13222	52	56	38572	326
110000	10	238	494	13060	87	65	39122	451
111000	21	255	495	13005	98	73	40402	462
112000	3	235	342	13243	104	113	39322	643
113000	4	229	462	13132	23	150	39213	615
114000	13	247	422	13107	15	196	39030	549
115000	19	245	459	13189	8	91	39331	346
116000	16	279	567	13033	8	26	38784	140
117000	10	272	424	13284	0	11	38443	43
118000	5	237	507	13189	0	15	39575	105
119000	11	231	554	13124	0	10	40477	16
120000	6	224	498	13136	117	0	38892	144
121000	20	233	673	12854	73	38	39529	369
122000	9	226	554	13108	23	27	40285	157
123000	6	253	497	13172	1	45	40936	152
124000	14	248	499	13214	0	0	39473	1
125000	8	255	490	13181	46	11	40264	276
126000	7	265	433	13245	57	1	40824	157
127000	9	263	470	13216	30	5	39261	187
128000	18	266	488	13180	0	5	39580	2
129000	13	241	452	13242	60	10	39351	248
130000	9	231	475	13273	25	0	39246	91
131000	7	217	421	13273	108	3	39605	294
132000	15	258	486	13116	9	51	38995	123
133000	6	277	493	13174	0	12	38944	122
134000	11	259	659	12917	0	36	39571	126
135000	10	242	519	13102	0	52	38823	155
136000	13	247	580	12967	1	105	38600	319
137000	4	268	487	13183	0	57	39621	119
138000	8	233	494	13187	0	46	40575	180
139000	7	241	582	13030	0	67	39556	187
140000	8	262	439	13210	0	77	38962	203
141000	8	237	477	13121	2	146	40109	485
142000	11	279	503	12888	24	265	38677	904
143000	8	244	442	12911	43	327	38251	957
144000	11	251	487	12989	9	267	39903	767
145000	11	286	386	13050	2	298	38469	935
146000	8	207	337	13152	12	308	39514	1052
147000	11	260	325	13067	1	368	37759	1161
148000	11	260	414	12894	9	402	38375	1051
149000	13	245	485	12892	6	331	39264	705
150000	7	267	573	12715	3	382	38918	798
151000	7	250	480	12887	22	341	39291	1325
152000	7	291	445	12894	12	337	40152	1122
153000	10	230	526	12845	32	294	39780	893
154000	11	247	510	12743	20	417	39467	958
155000	12	238	512	12710	19	440	37944	1321
156000	4	251	488	12904	11	318	38623	1084
157000	9	290	429	12851	18	423	39205	993
158000	7	205	430	12851	22	442	40582	1570
159000	2	269	413	12621	36	642	38769	2065
160000	10	209	406	12832	55	516	38178	1543
161000	12	270	494	12606	79	492	38226	1587
162000	7	227	431	12752	114	461	38875	1560
163000	11	222	623	12505	87	454	39399	1428
164000	15	211	545	12637	121	409	37514	1599
165000	19	260	572	12637	91	350	38862	1647
166000	13	229	398	12883	8	477	39529	1531
167000	14	260	445	12773	40	411	39371	1316
168000	7	243	360	12881	86	464	38116	1728
169000	15	247	409	12973	92	263	38596	1004
170000	7	253	510	12643	86	447	38182	1350
171000	7	229	325	12894	67	513	39379	1458
172000	11	262	416	12697	48	566	40258	1511
173000	12	258	494	12880	48	309	38570	903
174000	10	226	606	12614	39	367	37442	1407
175000	4	204	421	12912	13	452	39839	1296
176000	8	230	623	12777	30	265	39350	1196
177000	7	242	504	13023	80	122	38734	563
178000	14	249	478	12903	75	245	38639	908
179000	5	252	474	12757	89	407	39163	1517
180000	9	273	398	12923	105	317	37664	1248
181000	9	227	591	12783	12	314	39233	729
182000	3	233	485	13049	14	191	39125	727
183000	10	220	429	13086	28	212	40676	662
184000	8	257	460	13033	32	193	39297	720
185000	10	252	524	12920	12	269	40199	653
186000	8	275	697	12553	14	307	39332	739
187000	15	238	550	12927	24	163	37977	519
188000	7	233	575	12954	22	152	38753	280
189000	11	275	540	12867	30	228	38753	794
190000	1	244	373	13233	13	172	39502	533
191000	8	222	358	13330	0	132	38637	467
192000	10	221	434	13194	4	134	40379	333
193000	8	230	450	13180	0	113	39778	323
194000	18	249	390	13310	0	55	39720	83
195000	8	239	417	13271	8	73	39947	250
196000	11	235	524	13091	0	104	41100	330
197000	10	282	433	13169	2	81	38675	196
198000	8	229	524	13017	4	159	40123	275
199000	6	260	429	13112	6	188	38927	606
200000	11	261	472	12989	10	231	40106	528
201000	10	237	412	12803	48	515	38782	1489
202000	7	263	419	12843	63	431	38518	1642
203000	8	249	391	13036	52	285	39126	971
204000	14	207	527	12795	67	369	39101	1573
205000	3	267	360	12993	104	291	39488	1125
206000	9	290	435	12960	32	244	38319	992
207000	6	242	417	12962	11	378	38719	1327
208000	7	209	536	12762	35	396	39573	1143
209000	11	242	462	12687	71	502	37266	1934
210000	10	231	437	12681	96	564	39810	1936
211000	6	248	572	12254	162	644	38687	2462
212000	10	273	497	12175	295	701	37298	3204
213000	16	261	569	12223	118	722	37066	2418
214000	10	242	453	12352	150	775	37237	2695
215000	5	267	436	12317	112	881	37724	2788
216000	10	236	451	12458	40	798	37477	2481
217000	3	280	412	12523	59	736	37442	2289
218000	17	226	578	12313	4	766	37820	2346
219000	9	233	444	12638	27	636	37763	1939
220000	14	261	394	12468	88	789	36346	2468
221000	12	240	452	12296	121	855	38018	2403
222000	8	212	377	12397	89	934	36175	3475
223000	10	234	434	12178	122	1005	36429	3228
224000	10	233	475	12396	67	732	37401	2558
225000	10	218	481	12640	53	556	38479	1796
226000	14	210	447	12811	86	410	40033	1699
227000	8	193	476	12824	25	437	39641	1268
228000	4	232	404	12986	45	345	38548	1660
229000	6	273	527	12966	32	196	39449	921
230000	19	256	559	12632	111	359	37972	1230
231000	10	249	467	12895	53	302	39661	1158
232000	9	244	414	13077	14	254	40134	767
233000	15	226	614	12685	47	309	37503	1098
234000	10	239	541	12878	23	284	38037	930
235000	10	258	399	13028	20	308	39045	1028
236000	6	239	461	13020	22	268	38280	1004
237000	12	252	568	12810	73	208	39139	917
238000	8	235	472	12777	20	454	39278	1329
239000	8	225	482	12846	67	327	38648	879
240000	14	233	547	12581	56	473	38101	1422
241000	17	255	638	12215	47	691	38563	2393
242000	24	237	688	12169	154	580	37187	2174
243000	7	256	508	12540	130	530	37628	2086
244000	8	265	536	12577	85	466	38854	1759
245000	6	254	412	13113	76	156	38781	761
246000	15	232	589	12629	110	326	39949	1142
247000	9	239	451	12695	144	466	38313	1749
248000	9	253	378	12690	78	635	38336	2058
249000	11	261	367	12748	69	581	37081	1438
250000	9	272	458	12629	100	501	37473	2054
251000	14	248	444	12716	28	504	37780	1895
252000	17	230	596	12790	66	210	40029	714
253000	12	240	580	12883	8	247	40663	672
254000	17	271	464	13034	19	175	38740	650
255000	5	218	460	13072	21	218	39449	667
256000	13	227	553	12991	9	167	38166	601
257000	3	247	431	13197	0	143	40495	372
258000	12	237	519	13060	5	112	40357	386
259000	11	236	581	13078	3	23	40542	48
260000	14	209	543	13198	0	6	40774	39
261000	3	234	451	13277	0	5	39836	4
262000	10	224	461	13221	79	13	39876	332
263000	15	203	606	12927	81	60	39942	561
264000	9	244	460	13101	22	136	39681	516
265000	3	273	445	13180	49	32	40238	263
266000	11	242	565	12970	43	76	38801	261
267000	14	222	610	12971	15	88	38963	280
268000	6	252	461	13181	5	88	38808	194
269000	8	257	434	13175	22	132	39915	402
270000	5	244	360	13355	7	98	40492	323
271000	9	229	412	13298	0	81	39549	274
272000	8	245	482	13025	53	150	39749	524
273000	7	261	457	12994	34	232	38785	867
274000	9	262	553	12775	0	337	39266	775
275000	9	240	582	12617	37	394	38565	1389
276000	16	266	474	12707	51	435	38772	1653
277000	6	262	674	12168	27	702	38036	2128
278000	10	261	449	12405	46	815	36962	2414
279000	18	281	451	12442	26	736	36945	1908
280000	9	270	379	12396	60	937	37850	2969
281000	10	275	521	12202	96	807	37426	2830
282000	11	250	416	12219	129	986	37603	2998
283000	13	266	339	12393	163	874	37549	2876
284000	7	255	367	12340	246	815	36911	3288
285000	6	246	440	12449	186	680	37663	2699
286000	12	276	480	12436	118	654	37692	2392
287000	7	256	462	12579	210	457	37530	1858
288000	5	217	414	12819	158	392	38517	1388
289000	11	252	526	12394	155	643	38342	1937
290000	13	274	677	12057	133	692	37535	2294
291000	13	294	526	12234	120	761	37297	2747
292000	13	237	586	12303	187	618	37455	2535
293000	16	266	553	12260	101	719	37548	2956
294000	16	249	641	12182	103	681	36075	2325
295000	3	240	449	12525	81	729	38360	2328
296000	13	226	587	12331	67	702	38093	2740
297000	7	237	431	12917	52	344	39712	1263
298000	11	252	329	13043	38	383	38459	1177
299000	5	269	348	13101	13	289	38315	1032
300000	6	235	456	13139	15	174	39469	712
301000	9	235	513	12938	19	252	39138	921
302000	6	250	459	12895	38	337	38655	1049
303000	4	246	409	13114	13	233	39815	1020
304000	9	253	409	13042	4	307	39040	728
305000	16	228	607	12712	61	359	38002	1012
306000	18	245	522	12772	99	321	38944	1187
307000	11	261	525	12613	63	486	37448	1222
308000	9	240	472	12740	97	401	38282	1190
309000	21	278	485	12695	46	420	38471	1731
310000	12	240	414	12815	24	524	38088	1449
311000	10	241	503	12537	84	591	37829	1695
312000	7	243	393	12725	99	586	38534	1752
313000	8	239	473	12514	101	624	36967	2018
314000	11	239	462	12573	82	630	39303	2206
315000	15	268	521	12332	85	743	38609	1851
316000	5	244	376	12667	44	725	37294	2143
317000	13	227	508	12434	121	661	38648	2350
318000	11	236	532	12444	106	620	38120	2221
319000	13	259	413	12570	86	633	38965	1853
320000	4	221	408	12616	166	581	37293	2570
321000	11	265	394	12521	99	768	37378	2349
322000	10	242	450	12602	51	604	36316	1970
323000	10	270	416	12466	102	735	37327	2358
324000	10	273	528	12342	102	723	36984	2805
325000	7	229	464	12544	121	600	38442	2034
326000	18	236	402	12924	64	349	38545	1091
327000	9	244	480	13002	52	162	40246	739
328000	8	261	557	13026	10	68	38802	376
329000	9	277	592	12972	2	4	38928	84
330000	9	278	549	12944	142	25	38769	484
331000	24	248	519	12946	58	106	39916	404
332000	9	244	420	13144	66	119	40868	349
333000	8	264	488	13040	54	146	39052	607
334000	10	221	546	12906	80	159	38836	734
335000	5	241	504	13082	32	91	40408	295
336000	2	226	330	13438	0	65	40225	320
337000	3	269	477	13168	0	56	40582	116
338000	7	235	585	13093	0	0	40616	5
339000	12	205	477	13192	50	34	41273	238
340000	18	255	435	13195	33	73	40152	233
341000	9	258	465	13196	1	61	37839	175
342000	6	218	406	13386	0	32	39342	54
343000	3	235	319	13476	0	25	40511	76
344000	9	233	483	13225	0	27	39362	47
345000	6	252	386	13358	0	0	40536	2
346000	7	252	460	13200	55	28	40143	292
347000	12	198	461	13198	36	64	39168	411
348000	9	259	511	13015	30	150	39181	388
349000	11	211	547	13046	2	112	40765	352
350000	12	255	448	13249	2	30	40573	90
351000	15	257	476	13209	0	20	39396	62
352000	8	262	546	13097	0	4	40100	26
353000	14	237	580	12951	168	18	39917	452
354000	20	229	518	13069	46	29	40196	324
355000	9	239	624	12985	23	38	40847	334
356000	10	222	525	13122	36	20	40213	139
357000	11	252	397	13319	60	1	39239	190
358000	10	234	436	13275	1	11	40458	107
359000	11	260	438	13251	0	46	40275	96
360000	5	243	504	13216	0	10	39515	42
361000	8	223	497	13216	0	15	40024	4
362000	8	236	480	13255	2	6	39494	17
363000	11	224	435	13269	103	8	38833	376
364000	16	234	482	13104	66	46	40621	275
365000	16	248	443	13187	26	82	40326	305
366000	9	257	546	13112	0	30	40449	66
367000	18	233	480	13185	0	67	40531	177
368000	19	235	529	13099	29	34	37838	115
369000	9	233	466	13240	5	28	39826	24
370000	10	220	489	13233	2	14	40846	57
371000	4	256	554	13105	0	12	40715	72
372000	12	241	454	13250	0	0	41274	6
373000	9	259	498	13116	88	25	37842	326
374000	3	220	415	13220	99	69	39641	300
375000	11	269	471	12852	183	155	40321	868
376000	7	268	496	12820	161	228	37924	1004
377000	14	226	545	12711	272	178	39290	1363
378000	27	232	653	12571	187	234	37505	1385
379000	7	261	447	13019	86	208	38626	1136
380000	15	251	675	12625	76	244	38395	835
381000	13	230	469	12979	36	235	38957	653
382000	11	248	491	12858	67	298	40224	832
383000	8	263	525	12695	82	366	39198	1079
384000	10	283	440	12911	78	263	39065	1079
385000	15	247	524	13002	14	141	39893	572
386000	10	271	452	13163	6	97	39427	345
387000	10	247	517	13129	9	74	39847	360
388000	9	237	561	13057	12	60	39170	424
389000	20	248	497	13127	5	98	39051	355
390000	6	226	369	13349	10	60	39153	255
391000	16	244	404	13346	0	33	39354	100
392000	15	214	429	13256	3	88	38356	208
393000	14	283	446	13181	0	72	39314	185
394000	12	204	478	13225	0	36	38773	137
395000	16	247	579	13026	1	38	41071	117
396000	10	244	467	13223	0	27	39565	33
397000	8	265	515	12998	163	7	40724	349
398000	7	268	499	12996	108	62	38616	413
399000	9	220	467	13077	41	155	40493	589
400000	12	237	407	13082	76	223	39585	738
401000	12	218	590	12813	35	238	38000	801
402000	15	234	542	12867	27	233	39491	1068
403000	8	237	704	12626	24	293	38855	877
404000	7	196	624	12833	15	245	39300	619
405000	11	217	608	12607	2	439	39384	1183
406000	5	243	543	12830	11	341	39351	977
407000	9	222	445	13062	57	211	40567	814
408000	18	250	436	13007	84	183	39664	759
409000	10	210	384	13030	87	266	39688	911
410000	15	234	515	12774	15	364	37533	991
411000	5	260	501	12857	41	305	38971	943
412000	18	265	641	12764	75	148	40046	565
413000	8	262	523	13007	23	130	39538	490
414000	20	234	414	13241	0	113	41012	397
415000	10	227	522	13039	6	109	39640	419
416000	9	218	423	13125	7	206	39090	618
417000	5	250	461	13081	0	174	39133	507
418000	5	242	406	13205	16	143	39387	398
419000	8	279	296	13307	37	140	40768	647
420000	12	289	559	12915	16	101	38407	433
421000	12	252	515	13056	20	104	38096	266
422000	7	224	571	13013	14	96	40334	452
423000	7	247	468	13218	2	27	40781	108
424000	11	221	495	13195	17	12	39847	150
425000	10	279	495	13167	10	7	39732	99
426000	19	255	501	13005	132	0	39455	30
427000	22	264	479	12984	100	80	39302	679
428000	10	253	503	13020	24	126	39261	428
429000	19	240	640	12881	29	79	38639	212
430000	11	236	560	13064	12	62	40982	152
431000	8	250	495	13066	27	91	41502	399
432000	15	243	562	13013	8	118	38910	514
433000	6	257	571	12735	20	327	38157	878
434000	16	218	477	13086	25	192	38522	635
435000	11	286	452	12967	117	186	37975	711
436000	10	238	509	13017	31	187	38477	631
437000	8	244	539	12808	31	308	38123	1189
438000	13	236	586	12929	15	164	40313	442
439000	12	258	437	13081	1	218	39638	513
440000	17	276	480	13071	8	122	39604	322
441000	16	258	503	13055	12	121	39478	293
442000	12	282	491	13089	1	93	39293	339
443000	6	237	415	13154	8	186	39871	578
444000	16	229	483	13088	50	120	38040	355
445000	8	253	445	13189	34	67	39425	358
446000	9	258	562	12882	27	185	39632	788
447000	6	256	527	13073	0	85	38941	354
448000	11	260	482	13114	4	94	38659	255
449000	10	222	387	13315	0	66	41807	207
450000	11	220	659	12948	2	71	39912	178
451000	10	219	420	13285	1	73	40365	352
452000	17	261	520	12977	18	131	38289	348
453000	10	260	408	13198	26	124	41382	500
454000	8	248	501	13039	23	129	39891	471
455000	7	255	418	13182	2	149	40070	408
456000	3	262	448	13168	10	81	40950	259
457000	2	226	593	13032	9	84	39048	399
458000	9	258	417	13214	11	96	39462	360
459000	14	270	525	12993	1	124	39502	402
460000	8	251	488	13203	3	49	39734	204
461000	10	246	580	13079	0	0	39914	14
462000	10	259	547	12990	47	46	40407	254
463000	11	250	603	12978	18	6	39015	23
464000	14	245	555	13095	19	10	41436	104
465000	6	247	502	13221	11	4	39980	55
466000	7	254	502	13202	0	0	39825	2
467000	11	222	437	13201	82	23	39304	394
468000	7	277	513	12981	82	58	39723	337
469000	8	255	487	13110	31	76	39527	300
470000	8	235	554	13104	10	69	39931	148
471000	11	218	511	13120	13	75	40399	287
472000	8	241	573	13080	0	25	38574	139
473000	9	263	509	13149	0	34	39067	113
474000	5	273	613	12976	0	50	40171	109
475000	17	224	499	13163	8	70	39699	296
476000	7	218	584	13093	0	16	38114	66
477000	16	224	462	13245	11	15	39440	23
478000	17	214	386	13392	0	0	40054	2
479000	10	250	465	13153	80	28	40274	277
480000	10	237	588	13044	21	4	41211	83
481000	15	279	523	13111	0	0	39618	1
482000	4	235	490	13094	73	70	39867	488
483000	9	278	584	12973	23	81	39112	198
484000	5	241	450	13158	0	128	39415	225
485000	10	245	454	13177	0	86	39399	201
486000	15	238	518	13034	7	137	39761	414
487000	4	300	478	13157	10	30	38989	125
488000	9	252	534	13209	0	1	41199	16
489000	3	243	509	13088	120	16	39961	192
490000	18	216	480	13139	87	25	39258	335
491000	15	238	697	12877	40	20	39408	207
492000	14	235	533	13152	27	34	39958	99
493000	11	219	465	13227	47	21	38815	219
494000	4	252	346	13336	59	60	39324	384
495000	10	271	443	12994	104	153	38449	746
496000	20	228	595	12725	85	248	39431	833
497000	9	234	586	12700	82	312	37325	1035
498000	6	235	507	12792	54	373	38781	1212
499000	6	226	370	12986	47	385	40062	1232
500000	6	256	461	12795	32	406	39419	1271
501000	11	218	495	12763	21	444	39393	1679
502000	15	238	506	12841	25	335	38406	1037
503000	17	235	574	12815	49	214	39190	669
504000	14	267	693	12622	41	203	38447	836
505000	20	269	719	12635	60	123	39199	416
506000	9	253	468	13174	34	51	39268	276
507000	12	258	592	13050	5	15	40211	58
508000	9	204	684	12983	11	2	39783	21
509000	12	247	587	12898	147	39	38992	593
510000	9	257	543	12924	109	79	39505	605
511000	5	243	493	13025	48	147	40054	665
512000	9	252	441	13150	48	60	39377	282
513000	15	238	572	13035	10	51	40006	179
514000	16	266	400	13355	0	0	39500	1
515000	7	247	405	13214	85	72	37851	698
516000	5	271	439	13123	49	118	41066	440
517000	9	250	412	13180	55	109	39165	389
518000	9	286	400	13186	14	119	40246	388
519000	9	261	502	13028	9	142	40055	424
520000	14	258	554	12986	22	91	39690	424
521000	8	244	465	13238	35	28	40651	178
522000	13	257	537	13084	0	66	39912	278
523000	4	247	461	13229	0	41	41154	130
524000	16	226	404	13356	3	17	41311	78
525000	8	225	436	13338	0	4	40229	5
526000	15	232	491	13117	72	23	38766	309
527000	8	245	490	13151	87	31	39899	154
528000	10	261	399	13282	47	30	40986	275
529000	5	258	411	13294	31	27	38727	109
530000	5	246	366	13374	37	46	40777	211
531000	12	232	455	13192	2	117	40679	355
532000	8	241	429	13244	22	78	39936	224
533000	3	249	477	13199	1	27	39965	103
534000	11	247	408	13334	0	10	40702	48
535000	17	240	523	13063	110	4	40024	224
536000	8	244	716	12848	24	13	39659	58
537000	12	232	491	13196	4	18	39590	60
538000	11	255	434	13158	164	0	38721	115
539000	9	241	495	12992	211	19	39397	484
540000	10	214	515	13001	194	57	38097	672
541000	7	261	457	13082	133	48	39070	501
542000	14	258	602	12838	148	56	38331	565
543000	14	228	604	12713	204	120	38057	896
544000	18	222	576	12699	213	169	40405	958
545000	19	271	583	12717	95	198	39548	693
546000	11	250	552	12881	64	177	38936	726
547000	6	246	421	13109	86	141	40002	634
548000	7	243	431	13170	53	131	39523	454
549000	11	261	506	13000	42	138	39043	396
550000	6	255	484	12996	37	195	39590	727
551000	3	237	433	12979	30	323	38076	849
552000	15	230	464	12969	24	283	38588	667
553000	14	249	423	13045	55	245	39696	993
554000	5	234	547	12903	92	150	39192	758
555000	8	262	511	12790	95	310	37849	1180
556000	17	239	553	12739	86	266	38717	1112
557000	13	230	502	12993	46	232	39485	946
558000	10	221	462	13052	63	176	39492	669
559000	7	228	508	13021	9	193	38588	632
560000	14	220	650	12957	1	54	39025	156
561000	10	261	447	13170	1	73	39989	256
562000	16	229	514	13071	0	117	40523	279
563000	13	247	562	12958	5	112	39830	299
564000	7	204	430	13174	1	149	40113	477
565000	8	252	411	13144	26	196	38833	802
566000	5	262	348	13307	27	113	40506	466
567000	10	247	425	13213	29	74	40184	333
568000	6	283	382	13198	13	117	40098	313
569000	11	251	481	13172	6	55	39943	121
570000	12	240	559	13034	26	82	41100	229
571000	4	210	624	13019	3	42	38378	114
572000	15	211	531	13095	21	85	39566	197
573000	9	280	432	13240	1	58	38423	224
574000	11	242	399	13311	0	57	39517	205
575000	10	276	464	13151	2	66	39321	176
576000	9	285	582	12918	26	73	39385	325
577000	9	231	524	12821	70	294	38555	1144
578000	13	256	552	12673	125	298	38012	1200
579000	11	232	565	12608	77	408	39672	1317
580000	9	255	499	12699	23	488	38251	1773
581000	8	221	436	12847	10	509	38992	1543
582000	14	234	604	12473	21	548	38472	1630
583000	9	260	457	12877	24	392	39393	999
584000	10	250	463	12795	14	426	38559	1229
585000	2	241	440	12849	16	475	39589	1543
586000	14	265	451	12844	21	382	38260	1408
587000	15	232	509	12669	22	519	38346	1764
588000	6	225	375	12981	48	386	38933	1089
589000	5	277	450	12975	34	298	39069	817
590000	9	271	465	12985	24	222	38768	790
591000	8	275	343	13240	2	192	38656	612
592000	15	214	486	13067	10	179	39510	773
593000	11	258	439	13076	18	186	40841	700
594000	11	246	515	13006	6	175	40246	552
595000	13	284	543	12893	2	217	38858	727
596000	8	245	518	12824	11	342	39348	1148
597000	11	258	475	12939	17	282	38303	757
598000	14	257	558	12915	11	143	38720	416
599000	15	249	453	13178	0	70	40861	343
600000	8	268	538	12975	1	161	39573	317
601000	8	250	485	13016	26	172	39436	576
602000	5	220	421	13169	44	165	38451	549
603000	3	223	368	13230	11	201	38240	503
604000	12	250	447	13087	5	166	38801	407
605000	3	268	417	13035	6	248	40478	532
606000	9	252	434	12922	20	356	38672	927
607000	13	213	667	12571	9	396	39371	890
608000	9	247	565	12752	1	383	37695	1198
609000	5	234	418	13000	15	328	38680	1008
610000	13	257	465	12931	39	279	38964	825
611000	4	249	355	13178	15	238	39274	783
612000	7	236	517	13058	0	122	38695	455
613000	8	292	516	13134	1	46	38994	189
614000	12	252	567	13061	1	17	39198	17
615000	8	267	522	13142	0	5	40430	53
616000	7	233	682	12983	0	0	39982	1
617000	14	243	534	13023	70	26	39685	239
618000	10	242	531	13053	32	40	39481	232
619000	7	251	454	13256	17	14	41714	139
620000	14	233	506	13138	26	35	40412	252
621000	11	234	511	13122	35	76	40435	269
622000	12	264	502	13052	36	83	40605	384
623000	7	254	413	13249	7	88	39559	354
624000	8	215	424	13140	44	157	39997	598
625000	14	240	417	13218	24	107	39255	362
626000	11	251	431	13103	44	155	39637	662
627000	5	264	395	13172	8	163	39263	707
628000	9	253	418	13182	5	153	38588	577
629000	7	238	460	13113	1	179	39997	426
630000	9	275	375	13150	4	208	39167	541
631000	15	226	533	12952	0	255	39244	687
632000	11	273	450	13083	6	190	39192	455
633000	15	251	509	12977	58	141	39161	663
634000	7	234	565	12928	33	175	39537	721
635000	10	271	461	12943	27	277	39555	872
636000	15	264	557	12780	105	228	39738	994
637000	8	263	408	13082	74	163	38490	606
638000	14	253	503	12994	30	178	40963	349
639000	9	219	535	12860	67	285	38967	866
640000	7	246	472	13026	48	187	38285	992
641000	9	258	482	13036	46	147	39247	446
642000	14	245	400	13306	25	83	38657	376
643000	10	237	437	13262	4	83	41235	219
644000	5	229	361	13385	2	78	39492	280
645000	4	247	450	13161	18	101	40035	384
646000	8	224	480	13140	11	91	40154	396
647000	5	265	390	13230	53	60	39812	340
648000	15	215	410	13266	39	91	39197	440
649000	11	257	651	12775	20	140	40168	588
650000	8	217	544	13019	50	116	39311	337
651000	14	238	431	13212	20	72	39215	185
652000	10	242	536	13084	3	89	39129	163
653000	7	230	575	13091	13	7	40170	62
654000	11	239	370	13309	112	9	38608	264
655000	10	231	368	13312	64	59	41823	495
656000	12	257	466	13130	45	52	40542	321
657000	10	219	535	13058	35	45	39628	131
658000	10	227	562	13006	4	124	40501	292
659000	6	245	586	12963	11	131	39155	369
660000	15	321	549	12940	13	92	39801	376
661000	5	247	536	13089	0	49	39615	173
662000	4	267	444	13269	0	15	40573	26
663000	5	227	367	13392	0	0	39485	11
664000	11	265	547	13038	79	23	39687	621
665000	14	235	546	13082	34	13	40788	113
666000	16	214	567	13115	20	23	40817	190
667000	8	250	431	13223	12	70	38823	147
668000	7	229	422	13336	0	16	40641	78
669000	7	246	413	13224	105	16	41094	369
670000	19	238	453	13110	105	66	40192	425
671000	6	272	528	13064	27	66	39569	262
672000	10	212	448	13224	2	75	40197	139
673000	10	245	518	13120	7	44	39743	127
674000	8	242	553	13095	0	16	40813	83
675000	5	257	423	13334	1	21	39143	84
676000	5	273	363	13378	0	12	40002	7
677000	7	232	570	13077	0	35	38867	139
678000	11	252	491	13163	0	42	40066	41
679000	10	269	512	13177	1	36	39579	90
680000	7	265	402	13344	0	1	40242	10
681000	4	254	480	13101	91	31	40146	386
682000	7	248	527	13119	24	52	39145	311
683000	6	236	407	13301	13	33	40235	92
684000	12	272	503	13166	6	4	40000	0
685000	7	237	444	13289	0	1	40395	12
686000	9	224	553	13059	77	24	40036	259
687000	10	223	565	13036	85	21	40556	379
688000	10	220	504	13085	65	69	39952	415
689000	9	253	492	13080	45	65	40021	461
690000	5	269	361	13288	31	91	39318	321
691000	5	241	404	13330	0	49	39675	124
692000	7	239	431	13296	0	26	40353	39
693000	7	255	534	13095	4	51	39007	149
694000	18	245	564	13028	70	21	40676	304
695000	14	272	576	12949	20	82	38998	365
696000	10	249	578	12940	15	155	40135	529
697000	8	259	601	12845	46	170	38371	496
698000	7	255	452	13164	5	130	39986	350
699000	9	264	352	13216	22	179	38926	595
700000	14	297	355	13206	4	158	39144	511
701000	9	258	408	13176	19	123	39232	435
702000	8	262	395	13112	44	195	38787	620
703000	9	225	357	13174	29	267	38515	830
704000	2	253	415	13051	35	273	38505	971
705000	9	250	539	12842	27	277	39710	822
706000	17	278	442	12911	29	303	39863	752
707000	8	213	438	12977	27	328	38845	865
708000	7	235	402	13011	44	304	39114	1052
709000	17	245	391	13018	30	320	40368	724
710000	8	247	460	12792	23	419	39648	1390
711000	6	220	525	12821	21	363	38438	1186
712000	14	221	538	12700	46	429	40555	1587
713000	6	239	398	12863	95	431	39663	1287
714000	7	248	462	12747	82	420	38913	1338
715000	19	272	494	12672	123	365	38426	1330
716000	13	247	571	12663	36	397	38607	1257
717000	6	254	494	12457	26	703	39038	1619
718000	13	273	413	12538	85	699	36896	2010
719000	6	239	410	12525	64	789	37649	2199
720000	7	194	415	12458	143	797	38350	3085
721000	9	259	430	12435	141	693	36955	2394
722000	10	257	450	12555	74	658	37452	2328
723000	10	262	411	12680	55	600	38993	1725
724000	9	260	471	12449	101	732	38136	2643
725000	6	226	395	12542	59	820	36348	2296
726000	17	227	515	12528	142	525	38526	1682
727000	10	181	552	12408	161	620	38202	2324
728000	21	242	550	12345	125	670	37982	2411
729000	18	237	471	12269	163	810	36625	2901
730000	9	231	441	11928	198	1161	36322	3671
731000	4	258	575	11533	192	1362	35512	4015
732000	13	225	524	11483	162	1582	35350	4700
733000	22	252	592	11365	165	1487	33753	5893
734000	8	240	451	11865	240	1186	35616	4003
735000	8	233	413	11699	195	1472	34817	4973
736000	10	240	422	11646	171	1505	35921	5393
737000	9	245	514	11653	195	1345	36086	4833
738000	20	269	514	11483	210	1454	33907	4736
739000	13	237	395	11544	192	1657	35492	5399
740000	16	221	472	11311	233	1724	35299	5608
741000	8	250	503	10958	232	1982	32517	6416
742000	13	251	479	10394	293	2557	30748	8671
743000	10	247	401	10444	313	2610	31346	7824
744000	12	238	564	10212	399	2512	31918	7998
745000	22	212	497	10077	471	2691	31375	9367
746000	19	220	461	10218	271	2773	30432	8836
747000	15	238	437	10338	347	2649	31652	8720
748000	13	239	444	10258	417	2579	31162	8342
749000	13	275	549	10174	284	2657	30728	8821
750000	10	248	414	10675	319	2354	32153	7651
751000	26	256	578	10405	350	2305	32319	7272
752000	17	226	572	10318	479	2303	32677	8292
753000	17	270	487	10366	587	2259	31291	8761
754000	39	221	614	9738	598	2688	29265	10116
755000	27	238	441	10252	651	2371	30630	8532
756000	14	230	532	10397	556	2256	31701	8215
757000	15	197	801	9626	617	2593	29839	9153
758000	22	231	573	9307	805	2986	28190	12087
759000	29	222	613	9222	880	2924	28946	10651
760000	30	242	597	9086	858	3070	27041	11013
761000	10	231	521	9426	626	3147	29723	11293
762000	18	229	461	9702	507	3079	29922	11290
763000	20	219	543	9724	598	2837	29294	10908
764000	14	231	546	9948	527	2663	30189	9293
765000	17	225	471	10228	561	2462	30965	9567
766000	14	246	357	10015	404	3021	30517	9297
767000	22	248	493	9841	536	2833	30450	9729
768000	26	232	576	10025	523	2541	31114	9086
769000	13	212	409	10170	710	2458	30902	9437
770000	17	224	470	10520	517	2233	32306	8822
771000	15	235	546	10162	421	2541	31201	8525
772000	11	232	509	10002	506	2684	30861	9602
773000	12	224	388	10260	393	2738	32224	9196
774000	17	265	554	10469	418	2239	31171	7532
775000	13	288	490	10359	423	2390	31488	8431
776000	8	249	505	10447	301	2466	31826	7955
777000	9	248	478	10533	193	2512	32474	7264
778000	7	223	346	10780	241	2436	32695	8031
779000	9	248	414	10489	244	2614	31503	9045
780000	16	267	422	10522	250	2511	31372	7926
781000	12	228	466	11028	222	2014	34035	7117
782000	11	254	361	11188	265	1947	33603	6994
783000	16	266	478	10556	339	2318	33325	7185
784000	15	220	411	10531	525	2309	31378	8567
785000	18	220	358	10675	628	2137	31878	8250
786000	20	225	423	10726	522	2085	32573	7607
787000	18	236	571	10547	619	1945	32352	7108
788000	14	239	557	10405	575	2103	32461	8171
789000	13	231	544	10707	389	2034	32671	7296
790000	20	255	555	11106	384	1588	34156	5838
791000	16	255	411	11867	213	1237	35514	4494
792000	7	258	410	12050	213	1060	37806	3404
793000	11	260	541	11855	185	1086	37044	3235
794000	14	263	518	11963	127	1064	35586	3274
795000	10	268	602	11931	107	1016	35661	3364
796000	10	250	529	11954	42	1114	36721	3108
797000	5	251	388	12289	100	953	37672	3254
798000	15	238	398	12279	67	999	36079	2709
799000	12	254	472	12097	102	1043	36228	3194
800000	7	221	513	12170	123	892	37199	3483
801000	11	268	523	11936	183	1026	36543	3789
802000	5	203	558	11655	104	1414	35217	4231
803000	15	239	499	11458	143	1617	34634	4862
804000	14	274	421	11257	172	1834	33854	5573
805000	6	240	330	11323	241	1930	35227	6048
806000	18	235	380	11438	196	1773	34267	6315
807000	9	245	396	11266	214	1892	32961	6370
808000	19	210	460	10825	301	2147	33221	6466
809000	17	271	393	10814	453	2082	32986	7179
810000	21	269	455	10613	430	2198	32838	7376
811000	13	225	413	11113	305	1931	34234	7028
812000	12	246	500	10782	491	1930	34441	6744
813000	22	233	537	10831	348	1937	33957	6749
814000	27	251	513	10960	417	1809	33835	6702
815000	9	219	422	11450	203	1761	35197	6003
816000	19	276	366	11407	197	1735	34735	5785
817000	11	236	352	10907	141	2403	33013	7288
818000	16	264	385	11135	176	2042	34163	6600
819000	10	235	457	10610	334	2362	32282	8091
820000	18	259	648	10255	361	2335	31271	8171
821000	12	209	428	10880	246	2247	33001	7278
822000	13	201	559	11058	195	1929	33176	6079
823000	16	277	503	10831	240	2083	33551	6957
824000	13	263	353	10699	198	2534	31735	7660
825000	8	263	349	10750	205	2488	32215	7891
826000	7	214	514	10457	232	2517	33324	8143
827000	13	248	402	10659	245	2470	32091	8013
828000	7	257	434	11019	238	2062	32849	6505
829000	9	266	426	10813	297	2248	32079	7705
830000	14	262	324	10883	150	2405	31839	7243
831000	5	248	352	10851	235	2360	32847	7382
832000	13	238	296	10636	295	2604	31346	7884
833000	22	268	665	9790	338	2780	31278	9326
834000	32	250	511	9746	478	2926	31051	9966
835000	19	221	435	9586	627	3108	29193	11638
836000	22	192	368	9314	647	3475	28404	11022
837000	15	209	499	9353	524	3390	28662	11339
838000	14	258	524	9502	477	3161	28751	11202
839000	17	240	572	9435	432	3235	29232	10604
840000	18	226	527	9135	625	3418	28597	10629
841000	22	250	452	9272	489	3475	28141	10564
842000	27	246	391	9144	619	3562	28470	11375
843000	13	265	377	9303	439	3648	29526	10724
844000	17	244	445	9137	519	3647	27397	12807
845000	12	244	484	8959	529	3716	28213	11630
846000	12	257	519	8962	553	3634	28084	12943
847000	18	231	504	8975	465	3780	26955	12456
848000	22	240	452	9122	409	3740	27180	12274
849000	19	214	429	8928	458	3975	28002	12739
850000	17	268	491	8525	691	3972	25862	13951
851000	16	235	374	9064	671	3680	27637	12192
852000	18	251	387	8856	650	3837	26678	13315
853000	19	215	604	8387	814	3855	25150	13896
854000	26	232	429	8862	725	3692	27038	13056
855000	21	211	391	8909	733	3786	27451	13134
856000	23	244	481	8838	602	3773	26152	13459
857000	12	232	373	8955	500	3990	26737	12799
858000	17	248	378	8315	720	4337	24813	14189
859000	18	250	363	8538	813	4030	26146	14395
860000	21	187	467	8583	793	3931	26003	14006
861000	24	239	491	8660	971	3609	27136	12922
862000	31	231	434	8743	969	3611	26177	13257
863000	31	274	526	8913	920	3277	28054	12167
864000	17	245	497	8784	911	3507	25750	13129
865000	25	241	504	8543	935	3694	26011	13303
866000	41	230	550	8258	1083	3779	26508	13358
867000	41	238	618	8271	1189	3488	25611	13902
868000	24	217	629	9031	920	3119	27472	12680
869000	36	224	632	8964	644	3369	28707	11096
870000	18	246	402	9320	655	3374	28426	11724
871000	26	244	639	9059	697	3205	27670	11669
872000	14	243	606	9580	365	3133	30153	9745
873000	12	241	498	9262	446	3531	28647	9821
874000	22	207	604	9232	464	3369	29012	11212
875000	20	254	411	9206	636	3444	27756	11882
876000	19	231	532	9027	630	3492	27657	12710
877000	21	225	544	8964	540	3645	27803	12161
878000	23	245	394	9326	564	3472	26578	12338
879000	8	249	417	9123	607	3615	27586	11881
880000	16	217	512	9002	626	3563	28168	12576
881000	24	240	354	9150	572	3724	27580	12174
882000	22	249	353	9325	628	3451	27617	12136
883000	19	214	535	9561	677	2945	29456	10427
884000	32	202	538	9903	617	2608	31115	9700
885000	15	214	525	10280	444	2469	31236	9667
886000	17	218	496	10787	338	2148	33248	7262
887000	12	251	460	10728	291	2237	33368	7363
888000	15	260	415	11194	359	1742	33937	5996
889000	12	232	357	11205	409	1795	33513	6593
890000	11	210	421	11252	364	1781	35626	6655
891000	22	248	566	10936	249	1924	33404	5836
892000	7	256	443	10838	450	2015	32132	6763
893000	14	264	455	10543	510	2228	32846	6945
894000	25	264	413	10833	443	2015	31886	6809
895000	19	268	470	10880	504	1829	32623	6860
896000	18	227	581	11183	338	1561	33957	5774
897000	19	229	469	11485	351	1420	33846	5214
898000	13	218	465	11304	359	1600	34356	5118
899000	12	232	483	11323	205	1728	35408	5167
900000	10	228	462	11548	189	1536	35173	5694
901000	8	237	456	11528	187	1579	34800	5636
902000	11	229	466	11504	206	1545	34605	5709
903000	19	241	472	11470	259	1506	35201	4870
904000	14	241	382	11473	231	1718	34760	5786
905000	17	228	536	11267	236	1641	35425	5463
906000	9	230	447	11322	152	1845	35479	6118
907000	21	236	558	11388	98	1641	34983	5802
908000	6	264	358	11567	87	1746	34648	5299
909000	14	246	536	11356	219	1539	35296	4865
910000	16	304	448	11729	185	1317	34688	4108
911000	12	265	408	11927	186	1243	36260	4109
912000	11	240	443	11789	257	1275	36018	4287
913000	12	265	518	11413	232	1514	35499	4839
914000	11	214	506	11536	323	1341	37030	4369
915000	11	250	350	11589	265	1570	35978	5134
916000	23	215	594	11133	321	1649	34298	5661
917000	20	255	471	10958	415	1846	33857	6014
918000	17	219	608	10709	467	1855	31729	6726
919000	27	248	586	10461	549	2078	30764	7488
920000	23	233	583	10624	494	1940	32385	6932
921000	13	254	541	10327	497	2359	31709	8367
922000	14	226	445	10061	535	2746	30394	9286
923000	29	256	589	9692	523	2862	30279	10114
924000	20	225	453	10004	512	2806	30206	9821
925000	23	205	457	9961	728	2594	30575	9285
926000	20	234	545	9798	720	2641	30764	9497
927000	16	257	695	9995	566	2359	30136	9475
928000	13	220	466	10247	481	2516	31153	8966
929000	15	218	602	10050	579	2446	32492	9054
930000	22	241	447	10241	737	2302	31588	8762
931000	22	261	581	9955	759	2390	30840	9534
932000	23	265	637	9803	596	2604	29680	9082
933000	17	244	519	10043	641	2493	31184	8992
934000	33	231	456	10462	661	2123	32769	7823
935000	17	232	454	10163	597	2560	30219	8350
936000	8	245	371	9784	641	2955	29183	10090
937000	9	221	558	9586	639	2879	28563	10871
938000	18	203	389	9334	740	3325	29411	11562
939000	25	222	449	9331	780	3162	29086	11690
940000	17	251	507	9685	501	3002	29709	10392
941000	15	242	517	9873	473	2827	29488	9384
942000	5	236	651	9853	336	2815	31074	9454
943000	15	230	517	10099	404	2658	31683	8741
944000	22	237	434	10336	283	2707	30576	8859
945000	9	209	529	10353	321	2545	32843	8491
946000	9	281	442	10048	397	2828	30427	9784
947000	12	243	520	10020	476	2667	31099	9236
948000	23	253	493	10096	704	2379	30920	9429
949000	23	234	427	10402	641	2226	31823	8200
950000	19	221	464	10721	498	2075	31424	7944
951000	11	265	552	10639	513	1952	32130	7833
952000	20	240	593	10323	393	2313	32089	7543
953000	6	239	491	10639	311	2283	33152	7112
954000	17	243	444	10515	369	2384	31772	7680
955000	14	188	469	10677	596	2068	32645	8299
956000	21	221	562	10505	362	2214	33742	7625
957000	15	260	499	10511	233	2440	32185	6753
958000	18	248	429	10320	228	2764	31701	8393
959000	15	295	385	10602	263	2482	31589	7942
960000	9	255	457	10721	430	2105	34085	8079
961000	15	258	458	10738	433	2060	32745	7449
962000	15	208	431	11345	421	1566	33799	6039
963000	15	205	396	10948	383	2082	33216	7099
964000	15	262	435	10590	449	2275	32353	7964
965000	18	243	532	10570	423	2155	31764	6941
966000	16	231	617	10421	313	2334	31358	8072
967000	39	252	711	10112	547	2215	31106	8105
968000	15	246	512	9963	647	2569	31480	8598
969000	14	267	357	10182	412	2833	31162	9364
970000	7	249	289	10184	521	2845	30989	9799
971000	18	234	469	9707	532	3013	30096	10188
972000	13	239	456	9641	530	3086	30284	10423
973000	21	235	447	9498	743	3055	28970	11318
974000	19	279	414	9654	543	3078	29615	11158
975000	15	241	482	9713	764	2749	29724	10367
976000	16	267	494	9676	619	2905	29904	10471
977000	20	228	370	10266	640	2474	30221	9189
978000	17	192	440	9512	770	3049	31192	10819
979000	27	245	562	9320	680	3073	28551	10803
980000	19	241	646	9443	507	3021	28683	11693
981000	13	217	377	9675	393	3329	30004	11111
982000	10	248	413	9966	342	3047	29518	10411
983000	21	200	397	10012	322	3068	31734	9917
984000	10	229	532	10066	301	2777	29895	8606
985000	19	230	416	9848	453	3022	30346	9308
986000	27	251	434	9379	561	3340	28995	11172
987000	14	256	438	8890	513	3883	27057	12146
988000	22	228	492	8834	614	3793	26676	12454
989000	13	243	314	8923	645	3915	26081	13171
990000	15	251	302	9155	625	3692	28055	12117
991000	30	229	441	9216	620	3446	27213	12413
992000	31	251	429	9352	675	3272	28112	11129
993000	8	223	651	9497	575	3006	30511	10493
994000	28	228	529	9304	638	3228	28648	10836
995000	20	209	527	9428	663	3139	29094	10667
996000	16	260	452	9359	736	3158	28221	11647
997000	16	249	546	9296	666	3172	30495	10713
998000	27	264	554	9299	704	3111	27488	11620
999000	11	215	455	9450	592	3276	28683	11089
