0	0	0	0	14400	0	0	0	0
1000	6	440	333	13175	72	27	23596	165
2000	10	392	406	13145	37	5	23434	35
3000	8	495	446	12952	57	37	22099	157
4000	12	472	488	12917	60	47	21933	232
5000	22	429	419	13023	40	60	23434	113
6000	14	453	455	12907	48	120	22180	276
7000	7	409	389	13103	44	88	23329	230
8000	20	404	420	12971	65	107	22451	250
9000	12	423	446	12910	66	128	22516	256
10000	9	437	537	12817	6	137	22766	378
11000	10	401	546	12785	5	184	23673	385
12000	20	440	445	12893	3	177	22900	308
13000	13	477	396	12984	2	125	22124	187
14000	10	455	337	13096	2	163	22273	328
15000	19	381	422	13093	0	78	23386	209
16000	32	443	416	13055	0	23	23566	47
17000	18	444	383	13160	2	32	22897	88
18000	12	492	416	13063	4	14	22646	6
19000	19	401	302	13315	0	4	23751	16
20000	14	480	390	13104	8	12	22304	62
21000	15	365	456	13077	25	37	23265	65
22000	32	504	507	12867	6	8	21835	32
23000	19	375	685	12821	0	2	23352	4
24000	25	428	452	12877	176	8	22073	343
25000	38	404	692	12438	238	52	23171	478
26000	27	443	607	12380	273	163	20704	820
27000	20	383	587	12558	113	293	21987	550
28000	19	390	474	12760	64	253	22800	569
29000	14	388	650	12396	13	414	23009	733
30000	20	432	486	12693	47	293	22549	513
31000	13	438	382	12813	40	335	22357	806
32000	13	463	553	12508	25	376	21727	837
33000	29	431	703	12147	36	504	22398	890
34000	28	408	571	12215	75	604	21732	1160
35000	20	404	614	12011	161	699	21386	1297
36000	12	415	435	12304	156	663	22306	1630
37000	17	368	559	12159	81	768	22436	1368
38000	14	447	451	12432	49	622	21481	1290
39000	12	447	465	12360	90	612	21136	1277
40000	13	470	517	12041	59	850	20986	1205
41000	22	409	409	12305	46	830	21849	1555
42000	20	414	514	12265	69	637	21360	1493
43000	13	422	512	12237	36	754	21408	1272
44000	20	452	361	12389	73	731	22639	1318
45000	14	410	379	12317	36	848	22026	1366
46000	13	456	521	12013	84	877	20532	1470
47000	14	409	323	12327	128	835	21274	1328
48000	9	440	367	12225	104	905	22103	1848
49000	14	395	511	11950	116	968	21527	1599
50000	18	424	477	11498	240	1297	20616	2561
51000	17	421	415	11515	255	1400	21055	2676
52000	14	479	411	11429	240	1472	20185	2914
53000	19	411	345	11723	293	1278	20803	2559
54000	24	448	500	11688	240	1072	20555	2287
55000	35	430	511	11177	278	1509	20219	2750
56000	19	447	568	10939	256	1675	19131	3104
57000	19	415	402	11289	164	1721	20424	3218
58000	22	435	499	10701	314	1952	18838	3551
59000	37	424	506	10393	365	2233	18396	4659
60000	34	453	464	10511	412	2107	19298	4717
61000	17	386	355	10366	390	2513	17496	4862
62000	22	419	442	10289	439	2417	17072	4627
63000	42	456	617	9796	566	2385	17816	5121
64000	28	378	421	9660	702	2793	17732	5834
65000	28	460	462	9139	664	3217	16174	6357
66000	26	435	429	9741	520	2872	16952	6163
67000	23	434	457	8948	512	3612	16240	7562
68000	16	428	384	9071	512	3590	16157	6916
69000	31	391	372	9484	517	3231	16362	5895
70000	31	429	484	9745	406	2867	16603	5606
71000	32	410	569	9479	403	3047	16908	5639
72000	50	427	475	9867	342	2795	17948	5725
73000	23	415	389	10170	316	2679	19160	5149
74000	25	427	415	10466	281	2341	18782	5039
75000	12	486	385	10556	365	2225	17619	4097
76000	22	426	444	10420	336	2342	18795	4309
77000	28	415	343	10406	482	2366	18751	5033
78000	22	381	427	10119	431	2615	18238	4616
79000	38	426	513	9760	410	2788	17884	5629
80000	32	418	511	9760	484	2738	16502	5784
81000	36	419	393	9392	639	3111	16279	6878
82000	31	409	445	9142	529	3434	16435	6580
83000	42	319	449	9042	651	3509	15876	6780
84000	36	400	440	8711	778	3652	15820	6451
85000	50	364	395	8723	861	3626	16216	7233
86000	48	406	469	8717	788	3476	15625	7293
87000	38	407	393	8887	717	3564	16121	7606
88000	30	437	433	8713	696	3686	15678	7572
89000	33	448	526	8521	831	3586	15179	7010
90000	45	418	503	8135	799	4044	14923	7915
91000	37	411	452	8606	769	3683	15078	7180
92000	45	376	490	8681	673	3687	16439	7589
93000	43	404	555	8864	721	3367	15040	6749
94000	51	445	543	8647	689	3546	15729	7105
95000	30	443	445	8911	749	3408	16207	6735
96000	40	389	439	9160	712	3283	15696	6632
97000	37	443	502	9247	496	3214	16192	5895
98000	23	441	306	9580	488	3238	16646	6106
99000	26	389	408	9709	474	3002	17643	6198
100000	35	392	468	9779	580	2699	17138	6049
101000	27	406	617	9474	618	2756	16227	5932
102000	30	429	507	8961	532	3470	16126	6611
103000	21	455	422	8759	778	3563	15418	7414
104000	25	444	490	8881	540	3565	15448	7396
105000	37	389	470	9094	527	3438	16833	6751
106000	37	407	587	9369	414	3106	17612	5876
107000	37	399	531	9979	394	2611	16763	5518
108000	30	403	493	9924	315	2799	17775	5469
109000	21	398	452	10016	428	2676	17173	5501
110000	23	399	464	10225	424	2463	18117	4871
111000	47	417	432	9834	615	2589	16694	5281
112000	52	437	595	9787	877	2119	17508	5326
113000	62	421	604	9764	710	2383	17131	4973
114000	28	435	588	10068	413	2375	17834	4332
115000	42	422	472	10003	523	2549	17076	5503
116000	37	427	360	9983	427	2782	18424	5153
117000	24	397	494	9977	581	2447	17848	5399
118000	31	399	593	9497	695	2686	16845	5907
119000	22	378	445	9625	559	2939	17664	6140
120000	33	391	455	9502	446	3163	17699	5855
121000	21	505	399	9371	342	3353	16584	6665
122000	20	465	386	9205	526	3417	15740	6040
123000	35	419	460	8783	472	3784	15700	7346
124000	21	408	536	8995	480	3502	16376	6418
125000	24	381	452	9122	517	3478	16432	6617
126000	50	403	413	9000	474	3670	14757	6929
127000	48	442	491	8767	710	3472	16158	6853
128000	28	422	497	8822	879	3308	16115	7138
129000	42	395	483	9224	945	2880	15336	6636
130000	24	425	524	8488	737	3784	15985	8263
131000	24	383	426	8972	643	3532	15620	7466
132000	42	439	374	9054	657	3479	15903	7185
133000	24	421	334	9037	398	3797	16100	6965
134000	13	382	382	9410	299	3537	16833	6971
135000	18	409	421	9381	494	3270	17202	5977
136000	19	447	422	9200	566	3379	16270	7153
137000	24	351	457	8738	692	3718	13814	7476
138000	32	444	477	9027	600	3391	16455	6737
139000	44	424	474	9739	620	2706	16354	6448
140000	33	430	458	9814	445	2813	16657	5623
141000	35	404	491	9502	423	3136	16992	5977
142000	37	434	520	9258	532	3131	17003	6955
143000	52	472	639	8788	769	3168	16288	6536
144000	27	387	496	9048	744	3252	15353	7034
145000	20	391	379	9163	489	3605	16918	6953
146000	27	474	338	9388	396	3413	17049	6172
147000	22	389	410	9210	574	3419	16215	7021
148000	24	435	417	9348	614	3165	16684	6598
149000	23	404	506	9459	627	2896	15889	5392
150000	34	409	492	9767	564	2700	17637	5755
151000	21	436	397	10300	517	2348	18042	4313
152000	22	362	514	10228	282	2509	18740	4941
153000	20	409	437	10151	232	2750	16927	5023
154000	24	399	519	9770	421	2803	17228	5567
155000	38	445	567	9503	458	2910	17371	5515
156000	23	425	409	9458	500	3193	17216	6036
157000	26	399	366	9778	570	2918	16528	5313
158000	40	393	389	9442	414	3348	16446	5894
159000	28	380	384	9302	565	3334	16144	6614
160000	39	443	466	9161	642	3198	15152	6362
161000	35	438	398	9003	605	3538	16383	6765
162000	27	399	470	8919	721	3427	16904	7312
163000	39	398	393	8855	843	3487	15849	7805
164000	49	358	598	8445	778	3690	16167	8327
165000	44	416	543	8709	854	3382	15061	7160
166000	36	395	480	8813	751	3480	16754	7236
167000	19	473	388	9095	503	3532	16666	7306
168000	26	444	374	9100	366	3732	16950	7001
169000	26	421	421	8819	453	3892	15261	7753
170000	23	454	344	8854	425	3930	15492	7669
171000	40	370	403	9105	547	3592	15961	7025
172000	38	433	448	8890	693	3504	15433	6857
173000	31	414	440	9221	617	3276	16646	6590
174000	34	406	368	8814	587	3789	16402	6936
175000	13	355	398	8725	470	4058	15712	7806
176000	28	405	347	8331	562	4365	14717	7921
177000	33	414	491	8147	762	4153	14935	8222
178000	44	382	483	8094	802	4142	15018	8549
179000	41	462	473	7747	1010	4251	13985	8681
180000	41	459	438	7402	862	4758	13052	9178
181000	48	348	565	7564	835	4546	14484	9668
182000	30	413	471	7930	669	4458	13335	9109
183000	32	391	503	7799	654	4580	13434	9585
184000	39	425	503	7357	654	4981	13381	8970
185000	37	397	317	7311	827	5156	12674	9754
186000	31	398	448	7554	922	4595	13416	9843
187000	45	366	436	8047	939	4161	14129	8122
188000	44	444	524	7931	695	4319	14634	8702
189000	32	395	378	8386	728	4098	15229	8243
190000	23	392	375	8453	607	4155	15264	7969
191000	24	428	451	8174	804	4121	14608	8474
192000	42	401	580	8064	740	4092	15324	7997
193000	37	402	462	7939	849	4268	13149	8405
194000	44	475	388	7824	952	4295	13146	8598
195000	36	417	432	8003	947	4146	14316	8650
196000	52	441	680	7990	887	3808	14095	8236
197000	54	390	512	7772	975	4213	13808	8347
198000	48	389	390	7538	1264	4397	13660	10094
199000	54	380	532	7321	1257	4341	13636	9032
200000	40	350	397	7727	1118	4371	14259	9059
201000	32	385	404	7138	1095	4946	13204	10387
202000	41	438	357	7053	1039	5100	12298	10374
203000	37	399	275	6820	969	5567	11227	11269
204000	49	389	369	6550	848	5807	11616	11168
205000	36	414	362	6537	1018	5670	11904	11766
206000	44	394	273	6475	983	5903	11852	12014
207000	44	407	475	6673	1150	5239	11520	10989
208000	48	425	514	6779	1246	4922	11855	10889
209000	49	393	432	7189	1302	4567	13752	9609
210000	44	422	525	7575	1101	4264	13723	8590
211000	34	397	337	7897	911	4460	13558	9641
212000	35	395	389	7990	933	4256	13877	8587
213000	40	391	405	7776	1042	4308	14665	9254
214000	44	357	408	7701	1011	4479	13563	9471
215000	51	423	444	7894	1199	3972	14222	8994
216000	63	385	502	7574	1226	4187	14108	8950
217000	48	391	515	7749	1014	4212	14445	9312
218000	36	387	522	7789	869	4379	13755	9405
219000	40	362	567	7809	1026	4098	15014	8212
220000	57	438	351	8312	1075	3817	13620	8471
221000	51	412	554	8344	852	3731	14530	7679
222000	38	441	524	8882	729	3315	16255	6965
223000	24	419	400	9505	448	3217	16435	6602
224000	26	416	339	9179	480	3601	17035	6454
225000	32	412	442	9370	388	3350	16805	6255
226000	17	405	432	9426	419	3289	16691	6296
227000	29	368	389	9002	536	3701	15606	6326
228000	39	404	443	8929	660	3517	15853	7025
229000	35	373	462	8461	559	4091	15570	7102
230000	33	427	401	9018	624	3504	16908	6372
231000	39	397	382	8745	706	3741	15478	7998
232000	30	385	448	9081	606	3435	16548	6832
233000	35	381	503	8529	662	3840	15170	7844
234000	18	421	324	8772	572	3943	15417	7621
235000	25	448	306	8849	620	3840	15812	7939
236000	26	432	431	8303	907	3917	14415	7736
237000	23	426	281	8535	808	3987	15374	8457
238000	35	407	585	8581	853	3469	15327	7674
239000	55	480	507	8495	793	3554	16177	7141
240000	38	401	537	9010	655	3314	15630	7273
241000	36	373	452	8896	671	3547	16101	7706
242000	37	383	414	9057	647	3462	16110	6788
243000	40	423	483	9449	592	2975	16181	6524
244000	16	419	353	9393	678	3158	15749	6424
245000	28	432	426	9210	768	3172	16558	6377
246000	28	361	537	8734	835	3472	16067	7288
247000	28	388	589	8897	754	3239	16398	6284
248000	51	376	625	8736	784	3315	15982	7003
249000	35	405	440	8632	712	3756	15399	7479
250000	29	441	450	8781	495	3791	15757	7465
251000	45	398	532	9042	537	3386	15718	6300
252000	40	395	479	9106	673	3315	16676	6405
253000	31	427	418	9223	501	3366	16472	7104
254000	42	420	426	9205	503	3383	15877	6785
255000	19	433	389	9160	575	3438	15992	6418
256000	15	464	365	9313	310	3542	16472	5969
257000	20	457	388	9127	386	3622	15905	6946
258000	24	379	413	8541	586	4056	15824	7609
259000	21	423	371	8425	589	4216	14090	8650
260000	30	413	426	8403	654	4087	14361	9015
261000	32	391	401	8511	732	3915	15899	7547
262000	24	411	421	8637	672	3837	15218	7533
263000	48	399	358	8423	746	3991	15322	7925
264000	34	444	427	8506	781	3799	15316	7602
265000	41	407	523	8042	762	4123	14036	9091
266000	44	388	441	8254	722	4126	14148	8522
267000	32	421	370	8453	715	4045	14502	8373
268000	39	406	406	8786	664	3680	14840	7632
269000	42	417	579	8653	870	3336	14936	7274
270000	47	360	595	8422	971	3467	15336	7498
271000	55	418	578	8207	837	3809	15408	7839
272000	60	415	519	7663	685	4597	12747	8473
273000	47	423	378	7361	997	4810	13071	10318
274000	59	392	583	7360	1048	4456	13488	9475
275000	38	393	490	7471	1076	4488	13891	9672
276000	44	392	555	7528	1017	4396	14439	9374
277000	32	392	458	7301	899	4893	13824	10164
278000	47	476	414	7091	1057	4901	12141	10254
279000	47	422	435	7284	1034	4722	13656	8986
280000	45	395	368	6968	1036	5223	12349	10862
281000	50	393	463	7311	1161	4566	13080	9553
282000	45	395	536	7324	1065	4543	13478	9643
283000	76	352	535	6852	1156	4893	12571	10019
284000	44	388	496	6808	1221	4995	13160	10086
285000	45	391	438	6897	1148	5076	12504	10648
286000	53	423	466	6823	1083	5120	12565	10545
287000	30	426	401	7156	917	5095	13018	10931
288000	46	401	320	7539	985	4745	12476	10523
289000	48	387	419	7439	939	4763	13450	10075
290000	24	361	348	8146	880	4262	14883	8868
291000	46	429	427	7971	1117	3988	14002	9087
292000	66	371	481	8028	726	4247	14701	8455
293000	42	403	563	8247	646	3998	15023	8239
294000	29	418	568	8668	381	3867	15469	7334
295000	45	396	583	8817	421	3661	15401	6674
296000	44	383	422	8900	504	3693	16165	7061
297000	30	412	499	9036	591	3358	15938	6112
298000	37	383	390	9628	500	3072	16569	6003
299000	22	401	416	9580	453	3140	16719	6205
300000	32	415	450	9148	437	3523	16048	6709
301000	25	446	485	9245	407	3362	16363	6638
302000	25	387	441	9390	453	3310	17429	6719
303000	27	370	418	9222	387	3583	16463	6731
304000	27	386	356	8907	488	3847	16364	7444
305000	38	490	453	9226	464	3281	16409	6527
306000	40	409	395	9012	519	3659	16400	7830
307000	45	445	554	8641	518	3706	15543	7260
308000	24	428	406	8884	721	3535	16266	7025
309000	25	442	487	9237	660	3117	16411	6436
310000	33	379	516	9518	597	2887	18069	5470
311000	41	411	531	9416	641	2922	16765	5910
312000	34	467	427	9700	576	2802	16718	5620
313000	24	471	446	9574	573	2903	17053	6091
314000	36	392	551	9270	664	3059	16217	6105
315000	26	410	484	9419	474	3170	16583	6141
316000	30	448	513	9313	741	2876	17242	6229
317000	41	385	540	8783	941	3241	15656	6654
318000	43	435	496	8420	813	3724	15733	7006
319000	34	388	565	8659	704	3557	15081	7393
320000	25	414	430	8713	551	3877	15495	6993
321000	20	449	483	8689	639	3701	14839	6970
322000	26	378	416	8876	749	3541	15809	7462
323000	37	407	488	8735	775	3490	15576	6815
324000	54	365	628	8524	705	3591	16281	7481
325000	40	381	462	8629	831	3585	15255	7496
326000	38	393	499	8479	823	3725	15542	8515
327000	36	415	555	9100	659	3164	15716	6715
328000	49	378	630	9270	437	3064	16486	6160
329000	30	430	493	10198	365	2412	19015	4375
330000	15	397	347	10981	209	2072	19852	3873
331000	22	413	386	11100	363	1720	19010	3608
332000	25	452	478	10876	377	1801	19367	3526
333000	16	422	431	11065	182	1903	19295	3450
334000	17	460	392	11380	243	1546	20356	2822
335000	20	432	428	10657	198	2277	18703	3908
336000	18	431	414	10582	368	2209	18715	4881
337000	11	385	520	10649	259	2090	18433	4103
338000	27	424	447	10819	286	1976	18836	4259
339000	13	431	474	10660	249	2112	19671	4324
340000	30	415	493	10479	383	2173	19307	3834
341000	38	414	562	10407	371	2155	17822	4089
342000	30	399	426	10351	330	2432	17265	4447
343000	21	409	346	10277	314	2674	18506	4676
344000	52	392	470	9790	554	2698	16763	6020
345000	25	380	375	9803	490	2937	17600	6282
346000	23	412	387	10016	367	2836	18263	5439
347000	21	404	483	10215	509	2324	17539	4805
348000	36	433	393	10134	687	2334	18295	5172
349000	49	436	500	9718	705	2534	16548	5589
350000	30	409	475	9967	417	2690	17437	5313
351000	25	392	447	10068	523	2542	19137	5107
352000	33	397	634	9968	450	2446	16931	5036
353000	36	442	545	10108	345	2450	17322	4873
354000	35	421	418	10339	344	2448	16868	4320
355000	22	376	520	10328	343	2383	17653	4937
356000	29	420	439	10443	300	2352	18327	4622
357000	21	454	475	9975	429	2619	17473	5396
358000	40	370	404	9559	418	3172	17692	5925
359000	30	457	337	9295	523	3377	16621	6896
360000	27	446	394	9063	596	3475	15339	7077
361000	23	428	477	8849	490	3720	16314	6792
362000	36	480	538	8568	595	3734	14796	7209
363000	38	383	526	8635	713	3651	16296	6838
364000	29	440	404	9188	649	3289	16000	6833
365000	24	335	411	9297	608	3274	15830	7203
366000	48	423	500	9690	625	2633	15567	5728
367000	45	383	651	9506	693	2572	17243	5814
368000	31	408	596	9287	623	2934	17015	5903
369000	31	413	432	9303	565	3221	17692	6310
370000	24	421	413	9175	567	3406	16215	6864
371000	41	420	406	9122	558	3420	16241	7107
372000	36	399	412	9220	687	3209	16620	6959
373000	25	373	547	9386	566	3037	16865	6698
374000	15	402	566	9640	595	2749	17874	5827
375000	30	429	407	9548	608	3010	16589	5784
376000	39	445	354	9238	595	3351	16571	6870
377000	24	467	395	9364	686	3079	16408	6272
378000	37	381	541	9232	606	3115	16877	5728
379000	47	417	481	9223	782	3007	16308	6548
380000	40	378	422	9183	590	3390	15946	6850
381000	18	391	391	9054	452	3733	16448	6631
382000	23	450	394	8979	491	3643	16161	5964
383000	45	410	411	8947	795	3376	16436	6896
384000	53	431	405	8869	690	3548	15089	6838
385000	36	406	577	8890	809	3161	16233	6503
386000	48	362	507	9068	835	3133	16440	6124
387000	18	472	610	9354	648	2794	15809	6221
388000	31	428	457	9719	611	2712	16719	5357
389000	27	397	449	9642	616	2835	17373	5597
390000	46	398	503	9527	663	2843	17248	5765
391000	49	436	589	8742	620	3470	15489	7031
392000	37	410	510	8954	563	3466	15580	7108
393000	36	455	438	9719	473	2878	16568	6101
394000	28	409	415	9548	401	3194	16992	6234
395000	32	380	407	9590	391	3199	16902	6093
396000	17	392	318	9709	491	3131	17392	6367
397000	27	468	449	9263	510	3259	16339	5867
398000	39	439	467	9332	516	3164	17279	6239
399000	31	447	541	9397	693	2791	16498	6158
400000	27	435	412	9711	615	2838	17192	5942
401000	27	365	497	10031	471	2601	17800	5434
402000	14	428	529	9856	403	2717	17800	5198
403000	32	379	585	10109	419	2369	17642	4447
404000	34	430	490	10431	483	2102	18134	4424
405000	30	448	421	10518	377	2217	18553	4187
406000	33	451	407	10609	368	2128	18530	4300
407000	31	382	510	10062	492	2466	17705	4864
408000	30	419	537	10016	433	2499	18132	4969
409000	36	440	465	10277	487	2281	18040	4743
410000	36	398	418	9758	459	2925	17307	5572
411000	12	359	375	9714	390	3194	17304	5771
412000	22	431	442	9683	312	3102	17254	6169
413000	14	414	370	10346	291	2569	17609	5483
414000	32	367	444	10337	403	2390	18252	4840
415000	37	449	423	9805	432	2828	17669	5578
416000	23	434	398	10104	360	2686	17367	4936
417000	20	457	365	9958	516	2689	17489	6197
418000	23	466	398	10000	537	2564	17330	5370
419000	49	446	469	9710	613	2649	18254	5157
420000	25	413	435	9298	663	3193	15285	6296
421000	33	423	485	9147	549	3327	15517	6984
422000	49	426	373	9338	678	3155	16934	6559
423000	27	429	468	9295	546	3229	15438	6235
424000	26	411	503	9533	533	2949	16447	5483
425000	30	491	465	9906	505	2544	17350	4801
426000	45	377	477	9960	574	2541	17870	4881
427000	26	448	430	9948	559	2580	17444	5316
428000	30	461	530	9878	516	2508	17226	4879
429000	23	405	562	9800	344	2847	16671	5052
430000	22	458	455	9551	401	3099	17261	5618
431000	24	395	430	9325	400	3403	16598	6164
432000	20	422	358	9400	488	3359	16756	6478
433000	33	458	530	9328	405	3154	16694	6838
434000	31	418	468	9282	488	3238	16156	6241
435000	40	422	353	9375	395	3430	16364	6287
436000	43	439	515	9444	538	2964	17146	6489
437000	34	452	544	9304	683	2944	16533	6294
438000	46	454	813	8688	847	2967	16394	6571
439000	37	419	461	8626	666	3755	15961	6822
440000	41	428	391	8549	651	3939	15281	7583
441000	30	412	378	8635	707	3837	15873	7692
442000	18	437	399	8725	624	3785	15374	7551
443000	40	454	512	8375	657	3874	15382	7975
444000	36	429	503	8234	703	4063	14766	7976
445000	62	370	486	8282	868	3906	14410	8416
446000	43	438	437	7885	928	4244	14065	8881
447000	38	392	451	7753	1097	4257	14225	8660
448000	67	392	519	7473	1034	4428	13668	8875
449000	53	383	471	7283	1064	4703	13333	9706
450000	59	401	479	7416	1204	4411	13836	9549
451000	52	426	433	7087	1145	4804	12673	10000
452000	60	346	425	7031	1301	4835	13328	10217
453000	63	399	389	6613	1539	4972	11831	10910
454000	88	426	418	6247	1531	5251	11393	11812
455000	78	346	484	6079	1878	5062	10964	11959
456000	90	370	582	6273	1641	4901	11715	10826
457000	72	398	372	6276	1635	5228	11953	12280
458000	78	376	551	6375	1391	5126	11302	11695
459000	59	416	460	6858	1454	4676	11674	10205
460000	47	412	463	7265	943	4844	12913	9974
461000	37	450	383	7692	930	4539	13388	8754
462000	50	397	533	8177	777	3992	15250	7790
463000	19	404	391	9263	545	3414	15134	6876
464000	18	413	411	9339	500	3312	16878	6636
465000	17	486	328	9430	402	3356	16309	6654
466000	20	397	414	9105	299	3746	15245	6921
467000	25	418	440	9010	336	3782	15991	7015
468000	23	419	350	8947	294	4038	16206	7527
469000	19	436	288	8809	303	4234	15959	7585
470000	26	408	353	8486	521	4225	15601	9159
471000	32	405	538	8414	699	3823	15430	7721
472000	35	414	541	8534	553	3875	15031	7413
473000	32	386	456	8686	705	3671	14672	7557
474000	31	370	393	8938	928	3375	15364	6203
475000	39	432	455	9553	712	2778	16630	6480
476000	45	387	486	9847	564	2601	17553	6017
477000	50	445	433	10447	431	2160	19064	4640
478000	17	472	382	10424	433	2310	18121	4045
479000	23	398	416	10563	280	2302	18443	4740
480000	17	423	459	11015	245	1830	20289	3328
481000	25	409	524	10799	321	1869	18892	3890
482000	25	435	443	10980	239	1887	19722	3768
483000	23	439	433	10803	232	2077	19357	4022
484000	26	382	346	10783	202	2276	19154	4406
485000	26	405	524	10713	277	1986	18860	4053
486000	21	384	546	10872	197	1897	19734	3673
487000	29	472	508	10284	469	2206	17678	4283
488000	36	399	498	10213	587	2231	18157	4848
489000	42	392	563	10023	417	2494	17444	4736
490000	31	436	450	9900	533	2629	17648	5395
491000	37	408	552	9672	615	2627	17736	5285
492000	43	435	404	9651	549	2908	17263	6323
493000	36	408	409	9711	485	2957	16927	5308
494000	25	416	403	9660	353	3160	16339	6143
495000	30	444	408	9896	500	2714	17044	5179
496000	42	435	461	10116	562	2336	17880	4661
497000	42	420	504	10125	587	2239	18192	4604
498000	26	414	666	9699	527	2513	18019	4881
499000	40	459	631	10094	398	2281	17280	4261
500000	22	390	553	10346	477	2179	18744	3990
501000	39	405	474	10370	452	2213	19086	4513
502000	27	397	444	10748	283	2114	18196	4004
503000	21	378	415	11031	180	1966	19298	3438
504000	15	511	414	10830	219	2002	18763	3736
505000	43	387	457	11012	346	1761	19710	3697
506000	25	384	415	11227	184	1762	19752	3553
507000	32	443	517	11058	288	1593	19820	3628
508000	26	439	401	11340	116	1712	19950	3044
509000	30	467	482	11785	144	1030	20176	2125
510000	43	386	611	11939	56	812	21140	1347
511000	16	410	479	12010	54	1001	21398	1825
512000	23	404	416	11996	115	1062	20676	1897
513000	26	432	402	11908	151	1072	21053	2207
514000	38	453	565	11704	277	882	21419	1891
515000	28	434	524	11744	190	1040	20219	2459
516000	16	466	347	12136	181	909	21161	2041
517000	14	432	438	12096	166	836	20938	1942
518000	18	444	463	11958	153	940	19859	1962
519000	19	388	446	11946	128	1078	20474	2159
520000	23	445	451	11637	191	1208	21689	2329
521000	24	409	613	11280	216	1366	20297	2459
522000	35	481	519	11249	238	1441	20205	2673
523000	24	448	558	11294	166	1445	20371	3008
524000	21	433	484	11563	205	1289	21100	2712
525000	13	399	429	11721	223	1221	21728	2541
526000	18	430	387	11743	152	1309	20094	2440
527000	20	430	457	11700	149	1270	21179	2486
528000	16	396	476	11639	165	1275	20894	2886
529000	22	452	608	11468	161	1152	21268	2457
530000	28	422	606	11415	146	1292	20504	2457
531000	37	463	372	11747	146	1218	20304	2062
532000	13	415	360	11589	170	1456	20399	2308
533000	16	459	420	11380	204	1524	19944	2813
534000	25	433	478	11233	217	1576	19684	3132
535000	20	463	429	11165	330	1604	19406	3154
536000	21	422	374	11156	285	1769	19637	3844
537000	36	434	366	10876	445	1851	19734	3602
538000	26	426	452	10934	249	1907	19268	3591
539000	37	422	536	11063	142	1726	19199	3108
540000	12	379	432	11214	167	1803	20270	3351
541000	27	407	563	11079	249	1576	19658	3145
542000	24	427	487	11434	252	1343	20309	3027
543000	23	438	418	11714	159	1223	20243	2365
544000	19	478	462	11471	129	1383	20761	2776
545000	22	460	586	11484	125	1231	22017	2363
546000	18	451	418	11843	78	1175	21119	2274
547000	11	453	386	11976	60	1102	21218	1928
548000	33	440	539	11977	164	780	21249	1851
549000	33	443	560	12175	168	568	21426	837
550000	20	411	462	12324	194	538	21508	1194
551000	15	448	411	12435	80	609	23363	1241
552000	12	420	455	12341	37	738	21624	1004
553000	20	444	457	11838	61	1182	20249	2371
554000	21	459	410	11511	175	1379	20297	2211
555000	23	471	379	11626	221	1317	20367	2649
556000	18	469	511	11421	129	1437	19528	2471
557000	13	495	446	11226	129	1673	20439	2502
558000	21	456	588	10912	143	1828	20050	2884
559000	20	403	578	11319	91	1529	19468	2596
560000	20	412	453	11492	137	1494	20608	2614
561000	18	443	351	11400	125	1652	20980	2850
562000	19	417	370	11542	201	1487	19850	2853
563000	25	423	398	11489	232	1423	20508	2614
564000	25	428	496	11650	256	1101	20268	2310
565000	23	426	489	11159	327	1534	19896	2941
566000	18	442	563	10872	142	1891	19132	3349
567000	19	402	503	10862	270	1940	20078	3225
568000	20	414	510	10421	474	2119	18815	4754
569000	35	424	521	10790	375	1792	18612	3721
570000	22	419	483	10819	296	1960	19544	3747
571000	27	435	453	10557	501	2012	18753	4322
572000	24	435	536	10559	379	2007	18292	4402
573000	20	400	443	10680	521	1933	18982	4105
574000	10	496	412	10976	348	1780	19299	3827
575000	26	429	456	11165	361	1611	19841	3783
576000	22	404	504	11296	249	1504	19722	3213
577000	29	380	590	10974	440	1491	19261	3191
578000	23	449	587	10842	510	1507	19415	3331
579000	22	410	451	11237	217	1610	20668	3006
580000	15	414	433	11339	179	1600	19812	2628
581000	34	431	566	11395	194	1299	21109	2287
582000	20	420	580	11613	180	1100	20310	2195
583000	26	478	497	11583	271	1091	20821	2267
584000	30	372	676	11211	299	1290	20233	2928
585000	20	373	548	11187	358	1443	19468	3267
586000	44	435	536	11032	407	1448	18977	2944
587000	11	340	465	11619	312	1240	20200	2702
588000	39	418	425	11527	275	1291	19600	2393
589000	27	394	478	11468	325	1261	21253	2624
590000	25	410	538	11123	438	1389	19780	3254
591000	23	468	576	10627	391	1776	19611	3792
592000	29	374	542	11032	334	1625	20016	3731
593000	37	472	417	10646	343	2119	18551	4084
594000	23	410	478	10459	287	2341	19042	4255
595000	20	424	462	10778	306	1989	19584	3864
596000	31	427	500	10014	459	2557	18409	5277
597000	23	421	503	10108	314	2613	18109	5136
598000	35	424	546	10321	218	2350	18967	4292
599000	23	392	593	10309	249	2371	18083	4263
600000	33	457	581	10140	321	2362	17553	4584
601000	51	459	458	10077	428	2510	18541	4990
602000	19	453	405	10387	375	2379	18171	4430
603000	22	451	445	10416	327	2324	18024	4539
604000	27	432	429	10140	415	2572	17975	4912
605000	21	407	385	9932	419	2842	17345	5723
606000	25	414	357	10099	421	2732	16834	5249
607000	32	433	504	10184	447	2375	17433	4749
608000	22	442	540	10499	394	2076	18358	4752
609000	30	460	540	10555	281	2083	18555	4610
610000	36	438	459	10400	481	2170	18804	4163
611000	39	384	489	10155	690	2164	18094	4834
612000	26	424	486	9825	630	2563	17936	5077
613000	33	461	450	9990	532	2510	17568	4885
614000	34	419	596	9687	483	2612	18023	5666
615000	28	476	473	9751	351	2903	16798	5061
616000	15	440	328	9553	385	3342	16657	6179
617000	29	398	471	9073	615	3424	14890	6940
618000	49	390	432	9133	567	3395	16041	7248
619000	32	422	422	9610	628	2925	17180	5984
620000	48	435	498	9914	494	2562	18125	5508
621000	31	432	387	10015	398	2738	17159	5687
622000	21	420	356	9951	285	3014	17581	5712
623000	35	465	278	9535	381	3402	17285	5989
624000	17	404	324	9634	327	3348	16190	6640
625000	27	386	432	9198	317	3629	16675	6573
626000	26	438	404	9528	486	3112	16015	6157
627000	35	406	445	9419	561	3141	17263	6009
628000	40	445	515	9135	640	3164	17013	6285
629000	55	468	402	8718	842	3493	15047	6999
630000	32	377	456	8553	638	3894	15296	8025
631000	31	366	380	9044	669	3544	16175	6745
632000	27	451	433	9228	571	3285	16239	7209
633000	35	420	616	9305	534	3013	17270	6545
634000	18	396	406	9960	484	2747	17930	5739
635000	15	460	411	10101	526	2500	17122	5194
636000	24	444	479	10104	435	2508	18035	4574
637000	38	390	521	9922	535	2532	18365	4684
638000	25	437	507	9889	380	2720	17417	5325
639000	19	479	468	9624	497	2896	16891	5953
640000	37	392	455	9572	473	3029	16381	5440
641000	22	434	464	9821	464	2795	17083	5464
642000	22	455	399	9956	441	2751	16864	5886
643000	28	411	400	9991	302	2884	18076	5564
644000	34	426	423	10188	350	2514	17768	5167
645000	28	428	484	9877	317	2800	16918	5546
646000	25	428	338	9920	442	2914	17900	5451
647000	18	448	493	9757	328	2897	16977	5447
648000	29	412	417	9323	404	3420	16640	6462
649000	21	391	401	9726	354	3088	16627	5812
650000	37	442	439	10175	278	2636	19006	4829
651000	28	441	355	10080	326	2802	17131	4823
652000	19	434	361	10281	303	2660	18473	4840
653000	25	430	422	10226	307	2607	18723	4933
654000	31	457	515	9744	403	2802	18218	5913
655000	32	481	471	10172	338	2497	17793	4644
656000	14	413	368	10601	312	2303	19459	5172
657000	24	445	538	10577	237	2109	18982	3903
658000	13	441	476	10509	214	2298	18531	3950
659000	19	422	465	10828	257	1983	18777	3873
660000	19	480	525	10861	257	1814	19133	3580
661000	28	408	420	11155	231	1770	18668	3218
662000	23	469	404	11269	238	1587	19344	3257
663000	18	440	463	11269	140	1662	19342	3077
664000	27	447	500	10897	224	1839	20137	3670
665000	25	412	470	11589	205	1260	20600	2541
666000	17	399	450	12009	125	1020	21376	2134
667000	10	392	383	12114	157	995	21759	2012
668000	31	416	429	11778	119	1229	20332	2373
669000	16	469	340	11571	173	1456	20121	3003
670000	20	430	466	11029	198	1837	18808	3447
671000	19	436	451	10712	307	2059	19433	4485
672000	29	404	547	10833	248	1857	20303	4130
673000	28	449	560	10959	162	1768	19138	3393
674000	19	480	611	11250	129	1431	19724	2566
675000	15	449	453	11344	82	1630	20237	2430
676000	13	435	364	11500	91	1621	21167	3204
677000	13	507	389	11510	110	1535	19095	2690
678000	10	417	383	11093	227	1870	20064	3911
679000	14	365	401	11058	194	1986	19275	3748
680000	14	445	437	10958	138	2009	18940	3610
681000	20	463	390	11140	199	1806	20392	3222
682000	23	438	400	11076	170	1923	19519	3451
683000	7	448	401	11372	135	1665	20055	3270
684000	27	439	483	11255	264	1485	20423	3125
685000	32	395	377	10964	268	1985	19184	3725
686000	17	462	404	11097	268	1722	18735	3243
687000	17	445	370	11204	185	1817	19978	3588
688000	20	423	413	10986	249	1949	17837	3689
689000	28	410	518	11174	256	1589	19586	3039
690000	25	432	470	10569	212	2302	18950	4213
691000	21	447	460	10264	260	2545	19092	4235
692000	23	434	561	9985	220	2691	18113	4541
693000	20	379	550	10670	190	2186	19604	3951
694000	16	421	534	11006	76	1923	19331	3693
695000	11	442	423	11463	134	1544	20203	2855
696000	23	383	512	11572	146	1356	19955	2880
697000	20	445	389	11262	132	1757	18547	3048
698000	16	481	395	10604	159	2347	18989	4336
699000	19	400	409	10735	271	2168	19829	4177
700000	14	427	426	10259	317	2592	18513	5234
701000	13	430	511	10010	288	2746	18311	4925
702000	35	395	444	10141	293	2681	18946	5350
703000	20	391	370	10160	342	2756	17725	5502
704000	19	403	333	9694	480	3105	18280	5947
705000	28	437	402	9897	504	2726	18362	5408
706000	20	385	485	9834	504	2763	18256	5589
707000	43	513	551	9812	438	2607	16952	5031
708000	30	417	372	10500	252	2488	19395	5210
709000	19	424	461	10413	329	2335	17384	4136
710000	27	446	355	10511	463	2238	18119	5118
711000	36	401	453	10139	403	2567	18470	4801
712000	29	401	489	10435	437	2132	18923	4057
713000	37	442	471	10152	556	2287	17838	4697
714000	30	396	500	10224	514	2274	17613	4827
715000	21	417	453	10365	412	2344	18414	4389
716000	55	434	567	9861	513	2445	16705	5242
717000	24	428	447	10138	430	2514	17888	5082
718000	45	413	436	9807	470	2821	16466	5775
719000	28	466	358	10191	393	2604	19097	5221
720000	20	420	384	9895	387	2903	17227	5504
721000	30	437	427	9617	654	2856	16772	6220
722000	32	403	459	9905	498	2635	17471	5632
723000	46	420	538	9862	522	2536	17116	5372
724000	30	385	493	10399	427	2224	18585	4771
725000	35	434	538	10201	499	2224	18314	4295
726000	24	440	564	9985	403	2496	17842	4917
727000	24	506	484	10034	451	2464	17301	5152
728000	17	413	444	9923	425	2741	18181	5436
729000	22	442	402	10385	446	2366	18582	4732
730000	33	400	382	9985	576	2636	16937	5418
731000	36	437	472	10014	478	2552	17568	4922
732000	28	409	577	9442	434	3020	16263	6428
733000	31	419	616	9748	390	2667	17687	5500
734000	18	399	451	10429	422	2290	18468	4721
735000	27	436	353	10351	474	2401	17550	4586
736000	21	410	450	10479	447	2222	18682	4230
737000	33	457	462	10755	324	1910	18979	3672
738000	25	398	419	10914	313	1900	18788	3767
739000	17	412	428	10950	195	1949	20275	3424
740000	22	391	446	11360	220	1577	20757	3171
741000	28	358	520	11487	307	1237	21297	2384
742000	36	432	518	11071	407	1472	19708	3232
743000	31	415	515	11091	369	1526	19880	3607
744000	29	386	465	11280	185	1646	19349	3450
745000	34	434	467	11013	244	1758	19380	3164
746000	8	424	540	11423	145	1428	20503	2561
747000	21	369	490	11746	191	1165	20389	2333
748000	20	415	489	11890	210	902	21233	2147
749000	14	449	414	12148	163	783	20654	1840
750000	22	470	577	12117	149	613	21401	943
751000	24	418	427	12238	88	788	20990	1365
752000	19	448	456	12362	87	607	21953	1079
753000	27	449	637	11809	151	801	20843	1699
754000	13	411	535	12139	158	722	21901	1340
755000	22	397	559	12144	65	774	21006	1145
756000	12	462	588	11992	76	766	21734	1661
757000	13	415	482	12260	145	655	22004	1604
758000	16	425	500	12009	108	901	20776	1470
759000	19	455	422	12028	92	993	21451	1815
760000	22	397	476	11832	219	1052	20078	1839
761000	18	437	532	11584	264	1130	20285	2315
762000	30	422	593	11719	203	945	21239	2061
763000	14	446	544	11787	126	1017	20768	1964
764000	31	417	487	11894	95	1035	20350	1915
765000	26	436	402	12012	101	1023	21351	1808
766000	23	434	752	11439	157	966	20590	1856
767000	19	424	620	11345	277	1244	20058	2877
768000	20	434	315	11732	232	1336	20424	2588
769000	12	409	411	11934	148	1118	20927	2243
770000	16	414	495	11850	131	1089	20900	2107
771000	11	447	378	11905	161	1125	21139	2314
772000	15	371	409	12160	156	909	22357	2009
773000	25	412	486	12233	123	686	20756	1441
774000	19	451	571	12123	158	612	21366	1356
775000	21	429	555	12385	109	419	22622	996
776000	17	406	531	12669	58	284	22903	622
777000	19	420	562	12552	42	339	21705	589
778000	27	452	416	12720	34	353	22130	510
779000	15	448	486	12534	57	430	22379	868
780000	15	448	446	12576	45	458	22424	808
781000	21	425	580	12444	12	409	22357	644
782000	17	468	518	12557	44	369	22348	648
783000	13	480	390	12629	66	485	21998	950
784000	26	450	603	12277	64	475	22274	1042
785000	23	443	588	12256	96	520	20916	1192
786000	22	483	429	12446	104	482	21894	1055
787000	16	487	448	12477	43	518	21760	974
788000	15	447	447	12334	54	688	20964	1356
789000	13	438	448	12399	60	602	22534	1075
790000	10	429	425	12250	124	771	20790	1399
791000	21	367	597	12237	105	586	21906	940
792000	25	504	546	12162	56	655	21293	932
793000	19	428	549	12125	72	707	22123	1290
794000	11	444	462	12402	38	641	21951	975
795000	27	402	502	12535	93	428	22353	1066
796000	18	474	410	12642	159	310	22346	749
797000	25	407	447	12684	188	254	20768	712
798000	19	493	395	12651	137	330	20699	913
799000	15	439	403	12668	95	362	21500	870
800000	30	400	487	12515	187	332	21374	796
801000	21	415	606	12430	60	363	22605	707
802000	24	443	409	12533	126	465	21447	972
803000	25	441	503	12502	71	435	22312	732
804000	15	408	478	12506	121	426	21072	1151
805000	13	434	465	12432	66	572	21215	1098
806000	35	420	489	12256	117	631	22369	995
807000	8	426	452	12110	203	777	21979	1284
808000	17	408	504	12047	223	780	21389	1525
809000	14	389	407	12073	132	987	21932	2210
810000	25	476	605	11806	184	842	20201	1705
811000	25	420	535	11892	113	956	20710	1680
812000	22	436	467	12050	154	857	20444	1861
813000	15	447	482	12163	120	740	20689	1529
814000	22	389	451	12100	153	872	22224	1602
815000	28	419	481	11944	195	876	20609	1899
816000	26	411	654	11874	151	702	21738	1774
817000	26	427	445	12101	63	902	21693	1812
818000	11	400	440	12043	76	1048	20606	1639
819000	15	422	547	12108	135	714	20731	1740
820000	27	346	568	11992	125	899	22476	1739
821000	21	429	540	11803	147	994	20642	1937
822000	27	447	426	11819	146	1099	21136	2057
823000	13	429	468	12014	79	995	20864	1800
824000	18	493	415	11805	117	1169	20155	2116
825000	28	484	423	11680	128	1265	19640	2354
826000	15	391	582	11753	154	1034	21144	1585
827000	46	399	616	11517	264	1052	21343	2187
828000	29	428	481	11736	222	1034	20140	2416
829000	11	456	382	12084	191	926	22864	1925
830000	27	471	586	11810	202	817	19656	1709
831000	31	424	422	12253	105	756	21990	1627
832000	18	465	470	12109	106	817	20996	1530
833000	16	426	517	12088	129	806	21151	1395
834000	19	517	544	11888	100	861	21371	1355
835000	15	421	429	12169	108	849	21830	1560
836000	30	430	452	11940	43	1098	21086	1800
837000	17	420	354	12083	80	1058	21893	1937
838000	15	417	438	11769	130	1232	21541	2245
839000	19	405	491	11829	165	1108	21321	1870
840000	14	403	369	12137	139	966	21907	2134
841000	19	402	477	11914	172	993	21229	1850
842000	25	427	617	11796	184	849	20875	1584
843000	17	421	562	12155	96	686	20657	1206
844000	17	400	464	12199	80	836	21417	1510
845000	25	429	480	12207	104	726	21482	1556
846000	17	454	487	12213	60	740	20956	1429
847000	37	414	535	12216	69	674	20906	1067
848000	12	438	413	12328	119	710	22269	1301
849000	20	441	468	12202	124	712	20699	1384
850000	25	461	612	12050	147	553	20997	1372
851000	29	398	609	12270	112	461	23207	960
852000	15	438	392	12665	43	491	21910	946
853000	13	424	431	12436	52	644	21659	1306
854000	7	448	406	12533	56	559	22045	869
855000	11	423	419	12615	57	471	22483	845
856000	12	444	391	12652	54	514	21196	1129
857000	12	390	385	12743	67	410	21859	784
858000	17	472	411	12632	63	379	22580	774
859000	14	485	402	12678	48	375	22804	908
860000	15	425	389	12758	33	415	21742	730
861000	11	445	587	12499	39	337	22311	784
862000	28	434	376	12791	88	327	22262	570
863000	19	398	469	12809	39	213	23134	559
864000	31	436	431	12905	21	141	22570	306
865000	25	432	571	12725	33	147	23123	391
866000	21	473	531	12785	1	123	24096	126
867000	20	431	559	12838	6	51	21994	98
868000	8	418	464	13060	0	50	22456	98
869000	22	443	407	13098	0	11	22554	27
870000	17	446	471	13018	0	8	23366	5
871000	24	397	533	12893	94	3	23057	114
872000	10	457	455	12950	70	83	22023	288
873000	23	402	527	12780	63	124	22349	474
874000	15	458	449	12897	61	123	22652	268
875000	14	408	435	12937	70	131	23236	319
876000	25	424	472	12680	56	294	22478	636
877000	21	466	373	12820	111	263	22267	511
878000	12	423	460	12660	99	349	21701	953
879000	18	448	533	12240	156	546	22074	1280
880000	14	398	492	12393	27	612	22722	1189
881000	26	463	542	12169	63	644	21408	1112
882000	16	446	543	12382	46	521	21168	1139
883000	17	421	438	12554	105	414	22056	854
884000	24	419	600	12541	45	262	22640	523
885000	22	416	528	12598	17	347	22792	487
886000	16	374	493	12764	12	266	21319	546
887000	26	425	541	12687	25	206	22122	335
888000	9	452	458	12783	55	199	23428	491
889000	23	405	574	12699	45	173	22164	460
890000	15	447	426	12803	38	275	22742	637
891000	15	438	460	12777	17	303	22613	653
892000	24	459	570	12656	0	221	22818	367
893000	14	389	493	12815	0	270	22839	579
894000	12	394	505	12757	21	290	20478	416
895000	21	419	542	12595	73	263	23289	536
896000	10	420	529	12682	36	286	23301	556
897000	10	472	486	12677	12	307	22744	516
898000	25	417	394	12984	0	186	22391	269
899000	20	456	434	12734	33	319	21105	672
900000	14	436	477	12636	24	365	21261	648
901000	25	431	508	12616	33	349	21617	656
902000	12	439	482	12675	24	379	21709	780
903000	15	446	493	12698	10	300	22142	610
904000	19	444	404	12849	23	256	21181	540
905000	11	469	492	12647	19	343	22014	537
906000	16	429	414	12852	17	314	22585	581
907000	8	449	451	12663	5	408	22702	708
908000	20	385	515	12583	32	383	21955	778
909000	9	493	485	12722	1	255	21782	523
910000	16	377	479	12842	4	259	23371	472
911000	13	395	506	12734	17	287	22412	541
912000	18	385	569	12857	7	106	22483	346
913000	24	408	571	12817	5	137	22384	253
914000	16	471	503	12826	7	123	21780	177
915000	24	456	377	12989	50	115	23222	213
916000	19	396	581	12834	37	56	22614	145
917000	27	418	470	12945	4	96	23224	309
918000	12	385	439	12979	24	158	22731	510
919000	15	417	486	12951	9	103	22775	336
920000	13	410	640	12720	0	74	24075	210
921000	9	439	413	13065	1	71	21744	266
922000	3	404	419	13183	0	41	23949	143
923000	12	408	447	13017	0	75	23181	124
924000	34	496	460	12888	8	69	22908	230
925000	15	437	521	12948	0	41	22810	88
926000	13	431	417	13072	0	108	22765	174
927000	10	422	434	13005	0	137	21847	357
928000	25	394	508	12923	15	100	22524	81
929000	9	394	375	13156	1	82	22671	178
930000	11	482	487	12966	0	45	22011	53
931000	19	472	463	12956	0	70	21048	53
932000	13	436	390	13188	0	10	23396	5
933000	17	473	504	12985	0	5	24208	15
934000	20	458	450	12928	132	10	22740	171
935000	18	418	451	13010	52	57	23092	349
936000	5	446	415	13046	92	16	22534	207
937000	27	418	604	12811	23	27	24245	45
938000	23	464	444	13033	2	43	22359	64
939000	20	494	504	12900	9	14	22999	52
940000	17	458	539	12930	8	2	22452	45
941000	12	460	587	12722	40	57	22760	150
942000	11	456	463	12982	0	95	23070	201
943000	14	451	524	12981	0	22	22132	16
944000	16	424	584	12835	4	21	22756	23
945000	26	426	511	12880	80	6	22879	151
946000	18	466	568	12796	39	48	21761	147
947000	21	464	577	12834	0	53	22780	138
948000	11	442	489	12855	0	156	23266	152
949000	11	386	439	12846	4	310	23956	473
950000	10	409	514	12631	6	427	22380	722
951000	11	480	370	12877	12	266	22723	426
952000	25	474	521	12444	15	447	22185	773
953000	12	439	420	12589	16	512	21609	772
954000	11	422	393	12753	31	415	21588	972
955000	19	455	414	12733	39	333	21949	638
956000	7	412	461	12871	11	231	22750	386
957000	25	422	592	12623	6	204	21970	511
958000	14	368	531	12770	9	240	23031	460
959000	12	437	383	12819	9	364	22453	413
960000	19	456	406	12778	10	325	22184	512
961000	20	483	420	12810	1	290	23132	592
962000	10	420	410	12857	1	327	22363	452
963000	13	515	443	12618	10	406	22167	598
964000	25	387	460	12789	6	348	22871	551
965000	19	382	445	12829	47	257	21965	539
966000	13	416	429	12924	48	151	23221	363
967000	9	443	477	12609	39	395	21916	675
968000	34	394	529	12519	45	429	22401	837
969000	18	466	579	12270	29	549	21658	983
970000	16	364	569	12449	104	410	22905	699
971000	24	474	421	12583	41	445	20893	912
972000	15	413	352	12924	40	295	22218	541
973000	14	438	401	12843	76	238	22971	433
974000	16	457	389	12602	175	401	21288	922
975000	19	454	514	12122	230	626	20774	1191
976000	24	439	505	12379	176	436	21680	1449
977000	14	461	478	12350	143	539	21322	1425
978000	17	425	411	12494	73	616	22088	1455
979000	19	384	498	12719	29	324	22828	737
980000	22	457	575	12523	26	302	21929	530
981000	11	415	412	12876	30	252	22078	655
982000	28	390	574	12702	50	153	22617	279
983000	24	422	522	12876	12	109	22067	262
984000	24	412	604	12808	10	37	22502	36
985000	20	448	555	12876	15	16	22594	23
986000	18	464	532	12944	11	8	23627	70
987000	11	394	495	12942	144	1	22768	26
988000	16	406	621	12710	61	65	23286	226
989000	12	448	556	12742	103	77	22537	267
990000	7	430	444	12889	97	148	23345	360
991000	19	420	481	12794	120	114	23217	398
992000	26	450	664	12590	115	52	21983	203
993000	14	404	557	12794	84	57	21848	199
994000	15	460	628	12721	46	25	22759	200
995000	16	465	629	12657	30	141	22329	251
996000	11	467	416	12965	33	98	22166	394
997000	18	439	364	13136	9	59	22663	65
998000	10	414	449	13053	4	65	23361	95
999000	27	417	493	13005	4	16	23138	88
