0	0	0	0	14400	0	0	0	0
1000	13	256	588	12868	146	37	36515	571
2000	30	302	1082	12107	46	51	36413	295
3000	30	256	1243	11999	1	26	35641	99
4000	17	272	1500	11636	0	0	36193	1
5000	35	195	1476	11611	73	37	35730	350
6000	38	239	1665	11274	5	108	36408	184
7000	39	220	1670	11340	3	58	37014	261
8000	41	272	1759	11057	21	46	36278	97
9000	36	229	1843	11033	79	0	34828	149
10000	30	258	1848	11019	0	67	35418	248
11000	31	195	2248	10471	0	70	35316	227
12000	52	220	2552	9827	0	135	33021	348
13000	64	195	2918	9153	11	143	33709	365
14000	71	253	3020	9109	0	0	32875	1
15000	94	175	3773	7809	0	0	32499	3
16000	124	159	4694	6159	77	11	30201	315
17000	98	170	4903	5810	0	0	30854	1
18000	128	100	5293	5034	0	0	28351	64
19000	136	59	5464	4672	82	0	27971	42
20000	129	58	6132	3308	0	52	25353	275
21000	174	120	5725	3884	4	0	26258	112
22000	117	157	5679	3806	212	0	28037	391
23000	255	136	6061	2991	119	25	24365	321
24000	239	65	6436	1775	38	0	24084	37
25000	227	11	6798	457	0	0	20961	6
26000	295	0	6714	171	0	0	19722	2
27000	250	0	6730	427	0	0	20004	13
28000	203	1	6917	243	0	0	19804	2
29000	159	18	6806	384	0	0	21215	40
30000	232	25	6776	561	0	0	20214	2
31000	333	0	6701	30	0	0	19424	1
32000	192	0	6824	0	0	0	18675	0
33000	305	0	6791	0	0	0	18930	0
34000	285	0	6896	0	0	0	18897	0
35000	294	0	6794	0	0	0	18926	0
36000	213	0	6854	0	0	0	18933	0
37000	265	0	6849	0	0	0	18505	0
38000	261	0	6747	0	0	0	18375	0
39000	272	0	6726	0	0	0	17890	0
40000	236	0	6792	0	0	0	18375	0
41000	275	0	6707	0	0	0	18745	0
42000	242	0	6616	0	0	0	18216	0
43000	302	0	6682	0	0	0	17320	0
44000	261	0	6764	0	0	0	18930	0
45000	332	0	6685	0	0	0	19790	0
46000	273	0	6879	0	0	0	18085	0
47000	170	0	6842	0	0	0	18336	0
48000	342	0	6752	0	0	0	17992	0
49000	343	0	6664	0	0	0	18904	0
50000	219	0	6768	0	0	0	18813	0
51000	399	0	6661	0	0	0	19075	0
52000	226	0	6761	0	0	0	19069	0
53000	230	0	6854	0	0	0	18295	0
54000	231	0	6913	0	0	0	18835	0
55000	216	0	6848	0	0	0	18906	0
56000	441	0	6568	0	0	0	19273	0
57000	256	0	6725	0	0	0	19178	0
58000	429	0	6551	0	0	0	19050	0
59000	236	0	6955	0	0	0	18818	0
60000	252	0	6832	0	0	0	19039	0
61000	138	0	6903	0	0	0	19562	0
62000	313	0	6686	0	0	0	18573	0
63000	152	0	6852	0	0	0	18947	0
64000	353	0	6592	0	0	0	17885	0
65000	182	0	6736	0	0	0	19496	0
66000	260	0	6741	0	0	0	19225	0
67000	361	0	6607	0	0	0	18248	0
68000	247	0	6856	0	0	0	19145	0
69000	368	0	6564	0	0	0	19253	0
70000	270	0	6829	0	0	0	18355	0
71000	427	0	6649	0	0	0	17911	0
72000	347	0	6681	0	0	0	18047	0
73000	282	0	6820	0	0	0	18166	0
74000	250	0	6666	0	0	0	18075	0
75000	247	0	6886	0	0	0	18295	0
76000	272	0	6734	0	0	0	18393	0
77000	285	0	6703	0	0	0	18728	0
78000	374	0	6614	0	0	0	18498	0
79000	168	0	6903	0	0	0	18883	0
80000	183	0	6731	0	0	0	18887	0
81000	248	0	6799	0	0	0	19808	0
82000	404	0	6545	0	0	0	17565	0
83000	308	0	6784	0	0	0	18416	0
84000	145	0	6888	0	0	0	19188	0
85000	264	0	6743	0	0	0	19685	0
86000	276	0	6715	0	0	0	18372	0
87000	253	0	6724	0	0	0	19484	0
88000	322	0	6710	0	0	0	18448	0
89000	294	0	6605	0	0	0	19282	0
90000	313	0	6632	0	0	0	18179	0
91000	269	0	6855	0	0	0	17853	0
92000	249	0	6800	0	0	0	19114	0
93000	313	0	6675	0	0	0	18697	0
94000	288	0	6810	0	0	0	18282	0
95000	320	0	6577	0	0	0	18813	0
96000	170	0	6746	0	0	0	19329	0
97000	370	0	6621	0	0	0	19240	0
98000	347	0	6611	0	0	0	19394	0
99000	288	0	6642	0	0	0	17575	0
100000	241	0	6644	0	0	0	19051	0
101000	301	0	6814	0	0	0	18482	0
102000	226	0	6752	0	0	0	17786	0
103000	262	0	6822	0	0	0	18480	0
104000	368	0	6650	0	0	0	18665	0
105000	408	0	6654	0	0	0	18744	0
106000	338	0	6706	0	0	0	19798	0
107000	268	0	6771	0	0	0	18045	0
108000	268	0	6806	0	0	0	18285	0
109000	301	0	6804	0	0	0	18473	0
110000	217	0	6872	0	0	0	19019	0
111000	350	0	6604	0	0	0	18070	0
112000	307	0	6772	0	0	0	19493	0
113000	352	0	6725	0	0	0	17677	0
114000	318	0	6679	0	0	0	18314	0
115000	329	0	6779	0	0	0	17082	0
116000	260	0	6754	0	0	0	18341	0
117000	272	0	6786	0	0	0	18073	0
118000	374	0	6572	0	0	0	18508	0
119000	277	0	6729	0	0	0	19180	0
120000	416	0	6575	0	0	0	18410	0
121000	241	0	6834	0	0	0	18656	0
122000	389	0	6666	0	0	0	18011	0
123000	317	0	6697	0	0	0	18641	0
124000	336	0	6666	0	0	0	18912	0
125000	444	0	6437	0	0	0	18117	0
126000	350	0	6655	0	0	0	18942	0
127000	368	0	6674	0	0	0	18586	0
128000	425	0	6605	0	0	0	19153	0
129000	214	0	6736	0	0	0	17796	0
130000	408	0	6664	0	0	0	19710	0
131000	287	0	6661	0	0	0	18794	0
132000	391	0	6599	0	0	0	17853	0
133000	194	0	6980	0	0	0	19011	0
134000	286	0	6807	0	0	0	19136	0
135000	192	0	6881	0	0	0	19030	0
136000	300	0	6775	0	0	0	19028	0
137000	265	0	6746	0	0	0	18252	0
138000	241	0	6675	0	0	0	18531	0
139000	310	0	6736	0	0	0	19108	0
140000	331	0	6722	0	0	0	17974	0
141000	244	0	6854	0	0	0	18810	0
142000	245	0	6859	0	0	0	18300	0
143000	195	0	6884	0	0	0	18503	0
144000	220	0	6740	0	0	0	18839	0
145000	224	0	6819	0	0	0	18221	0
146000	190	0	7011	0	0	0	18196	0
147000	314	0	6698	0	0	0	17542	0
148000	206	0	6801	0	0	0	18573	0
149000	285	0	6831	0	0	0	19038	0
150000	215	0	6878	0	0	0	17870	0
151000	209	0	6619	0	0	0	18662	0
152000	437	0	6610	0	0	0	18135	0
153000	355	0	6741	0	0	0	18512	0
154000	262	0	6824	0	0	0	18903	0
155000	284	0	6694	0	0	0	18304	0
156000	218	0	6720	0	0	0	18457	0
157000	363	0	6562	0	0	0	19352	0
158000	231	0	6842	0	0	0	19466	0
159000	338	0	6699	0	0	0	18297	0
160000	268	0	6844	0	0	0	18025	0
161000	259	0	6764	0	0	0	19882	0
162000	278	0	6633	0	0	0	18442	0
163000	284	0	6703	0	0	0	19724	0
164000	196	0	6728	0	0	0	18987	0
165000	233	0	6895	0	0	0	18455	0
166000	260	0	6746	0	0	0	19108	0
167000	430	0	6566	0	0	0	18667	0
168000	256	0	6770	0	0	0	18969	0
169000	361	0	6698	0	0	0	18616	0
170000	234	0	6774	0	0	0	18674	0
171000	296	0	6595	0	0	0	18613	0
172000	227	0	6658	0	0	0	18885	0
173000	268	0	6725	0	0	0	18523	0
174000	263	0	6751	0	0	0	18736	0
175000	321	0	6712	0	0	0	18173	0
176000	144	0	6873	0	0	0	19542	0
177000	270	0	6759	0	0	0	18639	0
178000	383	0	6504	0	0	0	18152	0
179000	367	0	6581	0	0	0	18460	0
180000	513	0	6544	0	0	0	18785	0
181000	273	0	6753	0	0	0	19675	0
182000	261	0	6675	0	0	0	18907	0
183000	270	0	6880	0	0	0	19228	0
184000	376	0	6762	0	0	0	18158	0
185000	425	0	6521	0	0	0	19462	0
186000	269	0	6642	0	0	0	18584	0
187000	263	0	6804	0	0	0	17905	0
188000	256	0	6881	0	0	0	18788	0
189000	248	0	6731	0	0	0	18754	0
190000	342	0	6684	0	0	0	18046	0
191000	271	0	6658	0	0	0	18565	0
192000	357	0	6672	0	0	0	18746	0
193000	500	0	6632	0	0	0	18135	0
194000	258	0	6772	0	0	0	19881	0
195000	254	0	6567	0	0	0	18630	0
196000	291	0	6724	0	0	0	18567	0
197000	328	0	6777	0	0	0	19643	0
198000	217	0	6747	0	0	0	17787	0
199000	279	0	6649	0	0	0	19106	0
200000	173	0	6747	0	0	0	18161	0
201000	188	0	6901	0	0	0	17922	0
202000	213	0	6779	0	0	0	18750	0
203000	401	0	6603	0	0	0	18502	0
204000	252	0	6855	0	0	0	19076	0
205000	255	0	6771	0	0	0	18744	0
206000	343	0	6659	0	0	0	18435	0
207000	141	0	6920	0	0	0	19745	0
208000	178	0	6761	0	0	0	18217	0
209000	215	0	6837	0	0	0	18875	0
210000	142	0	6978	0	0	0	19014	0
211000	389	0	6648	0	0	0	18084	0
212000	361	0	6601	0	0	0	17960	0
213000	334	0	6641	0	0	0	19011	0
214000	333	0	6667	0	0	0	17671	0
215000	229	0	6591	0	0	0	18910	0
216000	306	0	6927	0	0	0	19058	0
217000	217	0	6834	0	0	0	18920	0
218000	294	0	6681	0	0	0	17854	0
219000	362	0	6728	0	0	0	18529	0
220000	271	0	6854	0	0	0	18602	0
221000	285	0	6721	0	0	0	18627	0
222000	348	0	6661	0	0	0	18670	0
223000	199	0	6727	0	0	0	18940	0
224000	201	0	6753	0	0	0	18333	0
225000	329	0	6717	0	0	0	18488	0
226000	408	0	6701	0	0	0	19663	0
227000	239	0	6713	0	0	0	18182	0
228000	337	0	6606	0	0	0	18520	0
229000	311	0	6695	0	0	0	18880	0
230000	274	0	6696	0	0	0	18453	0
231000	201	0	6841	0	0	0	18625	0
232000	259	0	6742	0	0	0	19320	0
233000	315	0	6655	0	0	0	18732	0
234000	268	0	6698	0	0	0	18288	0
235000	251	0	6751	0	0	0	18551	0
236000	254	0	6747	0	0	0	18861	0
237000	397	0	6560	0	0	0	18273	0
238000	269	0	6697	0	0	0	18944	0
239000	347	0	6720	0	0	0	18207	0
240000	213	0	6893	0	0	0	18995	0
241000	353	0	6755	0	0	0	17593	0
242000	288	0	6778	0	0	0	18557	0
243000	465	0	6639	0	0	0	19074	0
244000	285	0	6648	0	0	0	17984	0
245000	336	0	6741	0	0	0	19227	0
246000	289	0	6856	0	0	0	18201	0
247000	196	0	6859	0	0	0	18333	0
248000	213	0	6809	0	0	0	19222	0
249000	231	0	6803	0	0	0	18973	0
250000	326	0	6563	0	0	0	19224	0
251000	336	0	6701	0	0	0	18816	0
252000	315	0	6564	0	0	0	18947	0
253000	240	0	6763	0	0	0	19405	0
254000	212	0	6804	0	0	0	18711	0
255000	217	0	6758	0	0	0	19895	0
256000	279	0	6770	0	0	0	18071	0
257000	267	0	6836	0	0	0	18738	0
258000	405	0	6613	0	0	0	18208	0
259000	181	0	6771	0	0	0	19020	0
260000	262	0	6798	0	0	0	18100	0
261000	366	0	6658	0	0	0	18150	0
262000	236	0	6696	0	0	0	18877	0
263000	241	0	6727	0	0	0	19486	0
264000	268	0	6717	0	0	0	19251	0
265000	153	0	6730	0	0	0	20127	0
266000	149	0	7032	0	0	0	17896	0
267000	351	0	6632	0	0	0	18673	0
268000	194	0	6992	0	0	0	18881	0
269000	168	0	6813	0	0	0	19303	0
270000	152	0	6777	0	0	0	19235	0
271000	313	0	6582	0	0	0	19780	0
272000	260	0	6772	0	0	0	19126	0
273000	274	0	6705	0	0	0	18803	0
274000	256	0	6834	0	0	0	18777	0
275000	236	0	6832	0	0	0	19176	0
276000	313	0	6619	0	0	0	18322	0
277000	224	0	6860	0	0	0	18446	0
278000	226	0	6820	0	0	0	18422	0
279000	309	0	6611	0	0	0	18850	0
280000	310	0	6671	0	0	0	18119	0
281000	226	0	6892	0	0	0	18180	0
282000	185	0	6798	0	0	0	18828	0
283000	313	0	6600	0	0	0	19456	0
284000	385	0	6587	0	0	0	19189	0
285000	246	0	6707	0	0	0	18575	0
286000	291	0	6721	0	0	0	19052	0
287000	246	0	6960	0	0	0	19365	0
288000	206	0	6707	0	0	0	19584	0
289000	280	0	6847	0	0	0	19771	0
290000	265	0	6868	0	0	0	20286	0
291000	320	0	6758	0	0	0	19308	0
292000	307	0	6739	0	0	0	18942	0
293000	187	0	6878	0	0	0	18333	0
294000	333	0	6901	0	0	0	19302	0
295000	257	0	6692	0	0	0	19213	0
296000	420	0	6602	0	0	0	18369	0
297000	210	0	6795	0	0	0	18709	0
298000	331	0	6664	0	0	0	18294	0
299000	214	0	6883	0	0	0	18675	0
300000	223	0	6839	0	0	0	18642	0
301000	334	0	6615	0	0	0	19654	0
302000	333	0	6636	0	0	0	18883	0
303000	279	0	6767	0	0	0	18949	0
304000	479	0	6507	0	0	0	19242	0
305000	217	0	6869	0	0	0	17716	0
306000	274	0	6690	0	0	0	18992	0
307000	286	0	6725	0	0	0	18833	0
308000	334	0	6609	0	0	0	17460	0
309000	163	0	7078	0	0	0	18232	0
310000	326	0	6859	0	0	0	17781	0
311000	378	0	6649	0	0	0	19177	0
312000	336	0	6802	0	0	0	18932	0
313000	447	0	6554	0	0	0	17469	0
314000	315	0	6713	0	0	0	19435	0
315000	362	0	6710	0	0	0	17514	0
316000	305	0	6681	0	0	0	18614	0
317000	235	0	6833	0	0	0	18072	0
318000	235	0	6751	0	0	0	18966	0
319000	311	0	6868	0	0	0	19240	0
320000	483	0	6673	0	0	0	18143	0
321000	202	0	6731	0	0	0	19067	0
322000	290	0	6728	0	0	0	18332	0
323000	333	0	6751	0	0	0	18354	0
324000	169	0	6864	0	0	0	19175	0
325000	279	0	6653	0	0	0	18503	0
326000	245	0	6771	0	0	0	18797	0
327000	248	0	6671	0	0	0	19893	0
328000	296	0	6690	0	0	0	18611	0
329000	204	0	6768	0	0	0	19788	0
330000	408	0	6789	0	0	0	19398	0
331000	186	0	6874	0	0	0	18578	0
332000	444	0	6575	0	0	0	18444	0
333000	442	0	6676	0	0	0	18415	0
334000	205	0	6845	0	0	0	18816	0
335000	275	0	6631	0	0	0	19721	0
336000	342	0	6742	0	0	0	19176	0
337000	288	0	6692	0	0	0	18708	0
338000	137	0	6846	0	0	0	18043	0
339000	289	0	6678	0	0	0	17420	0
340000	242	0	6863	0	0	0	18882	0
341000	310	0	6734	0	0	0	18747	0
342000	286	0	6739	0	0	0	18886	0
343000	401	0	6499	0	0	0	17614	0
344000	278	0	6799	0	0	0	19067	0
345000	289	0	6838	0	0	0	18312	0
346000	317	0	6695	0	0	0	18594	0
347000	215	0	6838	0	0	0	18437	0
348000	375	0	6585	0	0	0	18425	0
349000	221	0	6739	0	0	0	18680	0
350000	175	0	6754	0	0	0	18702	0
351000	202	0	6784	0	0	0	18728	0
352000	376	0	6667	0	0	0	19110	0
353000	269	0	6697	0	0	0	19633	0
354000	181	0	6918	0	0	0	19342	0
355000	197	0	6801	0	0	0	18856	0
356000	234	0	6832	0	0	0	18493	0
357000	234	0	6807	0	0	0	18607	0
358000	167	0	6852	0	0	0	18166	0
359000	311	0	6755	0	0	0	18261	0
360000	333	0	6653	0	0	0	18384	0
361000	211	0	6825	0	0	0	18545	0
362000	288	0	6812	0	0	0	18757	0
363000	308	0	6890	0	0	0	18147	0
364000	189	0	6920	0	0	0	18951	0
365000	215	0	6806	0	0	0	19179	0
366000	299	0	6746	0	0	0	19269	0
367000	317	0	6646	0	0	0	18625	0
368000	369	0	6616	0	0	0	18619	0
369000	260	0	6798	0	0	0	18708	0
370000	295	0	6731	0	0	0	18396	0
371000	229	0	6915	0	0	0	19183	0
372000	246	0	6834	0	0	0	18451	0
373000	237	0	6797	0	0	0	18060	0
374000	225	0	6736	0	0	0	19039	0
375000	177	0	6845	0	0	0	18673	0
376000	219	0	6879	0	0	0	18851	0
377000	313	0	6716	0	0	0	18785	0
378000	230	0	6794	0	0	0	18307	0
379000	240	0	6812	0	0	0	18876	0
380000	267	0	6686	0	0	0	19878	0
381000	357	0	6677	0	0	0	18844	0
382000	349	0	6696	0	0	0	18582	0
383000	309	0	6804	0	0	0	18871	0
384000	314	0	6671	0	0	0	18181	0
385000	209	0	6774	0	0	0	19754	0
386000	314	0	6634	0	0	0	18701	0
387000	291	0	6727	0	0	0	18764	0
388000	475	0	6611	0	0	0	18095	0
389000	351	0	6573	0	0	0	19094	0
390000	203	0	6847	0	0	0	18827	0
391000	217	0	6680	0	0	0	18582	0
392000	337	0	6552	0	0	0	18475	0
393000	271	0	6690	0	0	0	19041	0
394000	291	0	6635	0	0	0	19265	0
395000	261	0	6613	0	0	0	19006	0
396000	511	0	6575	0	0	0	18848	0
397000	342	0	6725	0	0	0	17918	0
398000	331	0	6729	0	0	0	17757	0
399000	203	0	6800	0	0	0	18402	0
400000	286	0	6709	0	0	0	19769	0
401000	206	0	6850	0	0	0	19194	0
402000	201	0	6787	0	0	0	19872	0
403000	292	0	6752	0	0	0	18769	0
404000	248	0	6827	0	0	0	18902	0
405000	284	0	6717	0	0	0	18814	0
406000	188	0	6989	0	0	0	19404	0
407000	256	0	6821	0	0	0	18646	0
408000	254	0	6816	0	0	0	19084	0
409000	397	0	6560	0	0	0	19249	0
410000	408	0	6616	0	0	0	17432	0
411000	209	0	6711	0	0	0	19062	0
412000	296	0	6742	0	0	0	18905	0
413000	282	0	6854	0	0	0	18823	0
414000	270	0	6793	0	0	0	18716	0
415000	314	0	6641	0	0	0	17858	0
416000	461	0	6460	0	0	0	17892	0
417000	380	0	6565	0	0	0	18493	0
418000	349	0	6540	0	0	0	18622	0
419000	249	0	6874	0	0	0	18838	0
420000	233	0	6741	0	0	0	20053	0
421000	320	0	6688	0	0	0	19019	0
422000	271	0	6746	0	0	0	18843	0
423000	242	0	6604	0	0	0	19049	0
424000	290	0	6814	0	0	0	18424	0
425000	241	0	6827	0	0	0	18326	0
426000	376	0	6504	0	0	0	18858	0
427000	311	0	6535	0	0	0	17936	0
428000	193	0	6771	0	0	0	18878	0
429000	311	0	6632	0	0	0	18779	0
430000	279	0	6774	0	0	0	18194	0
431000	231	0	6867	0	0	0	19085	0
432000	352	0	6691	0	0	0	18468	0
433000	243	0	6770	0	0	0	17936	0
434000	178	0	6782	0	0	0	18069	0
435000	157	0	6827	0	0	0	19804	0
436000	224	0	6743	0	0	0	19303	0
437000	362	0	6735	0	0	0	18121	0
438000	441	0	6576	0	0	0	18934	0
439000	259	0	6689	0	0	0	19419	0
440000	393	0	6612	0	0	0	18474	0
441000	386	0	6638	0	0	0	17206	0
442000	318	0	6724	0	0	0	17749	0
443000	170	0	6858	0	0	0	18460	0
444000	327	0	6688	0	0	0	18058	0
445000	238	0	6712	0	0	0	18875	0
446000	235	0	6706	0	0	0	18615	0
447000	303	0	6769	0	0	0	19390	0
448000	291	0	6601	0	0	0	18088	0
449000	224	0	7018	0	0	0	18369	0
450000	247	0	6721	0	0	0	17706	0
451000	346	0	6827	0	0	0	19227	0
452000	205	0	6795	0	0	0	18915	0
453000	334	0	6579	0	0	0	19119	0
454000	236	0	6804	0	0	0	19047	0
455000	287	0	6714	0	0	0	19261	0
456000	324	0	6744	0	0	0	19310	0
457000	212	0	6858	0	0	0	19441	0
458000	220	0	6849	0	0	0	18543	0
459000	224	0	6773	0	0	0	18931	0
460000	279	0	6779	0	0	0	18634	0
461000	223	0	6783	0	0	0	17631	0
462000	209	0	6800	0	0	0	18941	0
463000	267	0	6657	0	0	0	18902	0
464000	367	0	6579	0	0	0	18761	0
465000	308	0	6747	0	0	0	17572	0
466000	254	0	6870	0	0	0	19428	0
467000	245	0	6801	0	0	0	18192	0
468000	195	0	6796	0	0	0	18695	0
469000	262	0	6791	0	0	0	18553	0
470000	500	0	6413	0	0	0	18671	0
471000	231	0	6742	0	0	0	19111	0
472000	258	0	6720	0	0	0	18208	0
473000	301	0	6744	0	0	0	18576	0
474000	316	0	6784	0	0	0	18834	0
475000	246	0	6745	0	0	0	19362	0
476000	257	0	6847	0	0	0	18278	0
477000	283	0	6705	0	0	0	19177	0
478000	286	0	6855	0	0	0	18288	0
479000	379	0	6778	0	0	0	19170	0
480000	329	0	6595	0	0	0	18713	0
481000	199	0	6769	0	0	0	19969	0
482000	243	0	6661	0	0	0	19105	0
483000	291	0	6697	0	0	0	18744	0
484000	346	0	6611	0	0	0	19067	0
485000	225	0	6735	0	0	0	18410	0
486000	228	0	6809	0	0	0	18784	0
487000	147	0	6953	0	0	0	18958	0
488000	322	0	6686	0	0	0	18478	0
489000	237	0	6834	0	0	0	19585	0
490000	305	0	6740	0	0	0	18192	0
491000	297	0	6787	0	0	0	18375	0
492000	264	0	6670	0	0	0	18858	0
493000	190	0	6813	0	0	0	18697	0
494000	350	0	6715	0	0	0	19435	0
495000	414	0	6689	0	0	0	18514	0
496000	148	0	7001	0	0	0	19342	0
497000	290	0	6821	0	0	0	19515	0
498000	343	0	6688	0	0	0	18638	0
499000	220	0	6769	0	0	0	18965	0
500000	192	0	6742	0	0	0	19268	0
501000	211	0	6745	0	0	0	18769	0
502000	305	0	6704	0	0	0	18211	0
503000	235	0	6808	0	0	0	19373	0
504000	278	0	6715	0	0	0	19620	0
505000	477	0	6597	0	0	0	18431	0
506000	347	0	6653	0	0	0	18647	0
507000	319	0	6744	0	0	0	18111	0
508000	254	0	6797	0	0	0	19427	0
509000	492	0	6652	0	0	0	17607	0
510000	293	0	6781	0	0	0	18544	0
511000	283	0	6924	0	0	0	18630	0
512000	407	0	6590	0	0	0	18090	0
513000	185	0	6749	0	0	0	19364	0
514000	259	0	6744	0	0	0	18329	0
515000	192	0	6867	0	0	0	18857	0
516000	341	0	6727	0	0	0	19023	0
517000	282	0	6721	0	0	0	18442	0
518000	170	0	6927	0	0	0	19323	0
519000	279	0	6698	0	0	0	19002	0
520000	158	0	6815	0	0	0	18769	0
521000	238	0	6709	0	0	0	18761	0
522000	351	0	6601	0	0	0	18633	0
523000	240	0	6811	0	0	0	18367	0
524000	167	0	6953	0	0	0	18546	0
525000	308	0	6812	0	0	0	19241	0
526000	342	0	6621	0	0	0	19432	0
527000	459	0	6418	0	0	0	19053	0
528000	342	0	6488	0	0	0	17845	0
529000	281	0	6810	0	0	0	17853	0
530000	327	0	6711	0	0	0	17976	0
531000	205	0	6781	0	0	0	18199	0
532000	349	0	6768	0	0	0	18614	0
533000	222	0	6874	0	0	0	19735	0
534000	334	0	6736	0	0	0	18712	0
535000	327	0	6750	0	0	0	19066	0
536000	229	0	6675	0	0	0	19382	0
537000	284	0	6699	0	0	0	18719	0
538000	298	0	6862	0	0	0	18575	0
539000	249	0	6698	0	0	0	18191	0
540000	306	0	6685	0	0	0	18688	0
541000	276	0	6835	0	0	0	19196	0
542000	252	0	6878	0	0	0	19120	0
543000	284	0	6640	0	0	0	18770	0
544000	216	0	6826	0	0	0	19899	0
545000	191	0	6844	0	0	0	18680	0
546000	433	0	6574	0	0	0	18489	0
547000	220	0	6782	0	0	0	18694	0
548000	248	0	6599	0	0	0	18232	0
549000	269	0	6713	0	0	0	18951	0
550000	388	0	6759	0	0	0	17868	0
551000	143	0	6873	0	0	0	19379	0
552000	326	0	6674	0	0	0	18989	0
553000	225	0	6759	0	0	0	18392	0
554000	363	0	6602	0	0	0	19071	0
555000	437	0	6621	0	0	0	18551	0
556000	232	0	6847	0	0	0	17593	0
557000	293	0	6786	0	0	0	18786	0
558000	285	0	6731	0	0	0	18906	0
559000	330	0	6671	0	0	0	17645	0
560000	460	0	6581	0	0	0	17190	0
561000	210	0	6717	0	0	0	18196	0
562000	432	0	6516	0	0	0	18927	0
563000	256	0	6790	0	0	0	19092	0
564000	193	0	6796	0	0	0	18244	0
565000	364	0	6705	0	0	0	18658	0
566000	235	0	6799	0	0	0	19242	0
567000	308	0	6683	0	0	0	20435	0
568000	385	0	6690	0	0	0	18392	0
569000	344	0	6739	0	0	0	19433	0
570000	257	0	6765	0	0	0	19000	0
571000	205	0	6837	0	0	0	19609	0
572000	382	0	6478	0	0	0	19499	0
573000	200	0	6815	0	0	0	19157	0
574000	272	0	6770	0	0	0	18980	0
575000	230	0	6706	0	0	0	17982	0
576000	322	0	6845	0	0	0	18433	0
577000	249	0	6805	0	0	0	18824	0
578000	407	0	6560	0	0	0	18957	0
579000	348	0	6827	0	0	0	18225	0
580000	171	0	6722	0	0	0	18886	0
581000	385	0	6706	0	0	0	18312	0
582000	188	0	6822	0	0	0	18917	0
583000	278	0	6740	0	0	0	19009	0
584000	313	0	6646	0	0	0	18182	0
585000	253	0	6824	0	0	0	19247	0
586000	355	0	6533	0	0	0	18996	0
587000	358	0	6627	0	0	0	19055	0
588000	243	0	6771	0	0	0	18647	0
589000	427	0	6479	0	0	0	17969	0
590000	355	0	6783	0	0	0	18620	0
591000	239	0	6781	0	0	0	17943	0
592000	343	0	6631	0	0	0	17863	0
593000	272	0	6809	0	0	0	17903	0
594000	272	0	6723	0	0	0	19220	0
595000	204	0	6883	0	0	0	18638	0
596000	279	0	6877	0	0	0	18950	0
597000	433	0	6637	0	0	0	18253	0
598000	457	0	6589	0	0	0	18816	0
599000	299	0	6749	0	0	0	19834	0
600000	444	0	6577	0	0	0	18023	0
601000	235	0	6681	0	0	0	18534	0
602000	196	0	6805	0	0	0	18750	0
603000	330	0	6588	0	0	0	18994	0
604000	276	0	6660	0	0	0	18835	0
605000	242	0	6764	0	0	0	19622	0
606000	335	0	6614	0	0	0	17679	0
607000	364	0	6684	0	0	0	18545	0
608000	291	0	6893	0	0	0	18993	0
609000	355	0	6590	0	0	0	19853	0
610000	270	0	6778	0	0	0	17923	0
611000	277	0	6692	0	0	0	18699	0
612000	423	0	6526	0	0	0	18561	0
613000	191	0	6855	0	0	0	19066	0
614000	249	0	6826	0	0	0	19793	0
615000	150	0	6898	0	0	0	19721	0
616000	347	0	6675	0	0	0	19295	0
617000	179	0	6842	0	0	0	19329	0
618000	262	0	6677	0	0	0	18907	0
619000	278	0	6654	0	0	0	18347	0
620000	291	0	6611	0	0	0	18270	0
621000	285	0	6955	0	0	0	19248	0
622000	201	0	6790	0	0	0	19323	0
623000	350	0	6707	0	0	0	18422	0
624000	301	0	6786	0	0	0	18636	0
625000	249	0	6654	0	0	0	19203	0
626000	339	0	6656	0	0	0	19190	0
627000	307	0	6657	0	0	0	18076	0
628000	241	0	6805	0	0	0	18702	0
629000	303	0	6713	0	0	0	19059	0
630000	256	0	6627	0	0	0	18703	0
631000	225	0	6704	0	0	0	18597	0
632000	284	0	6720	0	0	0	18608	0
633000	223	0	6731	0	0	0	18512	0
634000	265	0	6874	0	0	0	18913	0
635000	334	0	6678	0	0	0	18577	0
636000	367	0	6758	0	0	0	18787	0
637000	217	0	6831	0	0	0	19004	0
638000	433	0	6521	0	0	0	19365	0
639000	245	0	6764	0	0	0	18990	0
640000	392	0	6683	0	0	0	17965	0
641000	265	0	6640	0	0	0	18886	0
642000	393	0	6759	0	0	0	18584	0
643000	209	0	6767	0	0	0	18828	0
644000	348	0	6722	0	0	0	18440	0
645000	260	0	6564	0	0	0	17636	0
646000	263	0	6714	0	0	0	18308	0
647000	261	0	6848	0	0	0	18447	0
648000	254	0	6749	0	0	0	19559	0
649000	185	0	6794	0	0	0	19011	0
650000	475	0	6511	0	0	0	19226	0
651000	340	0	6639	0	0	0	18627	0
652000	408	0	6598	0	0	0	18518	0
653000	341	0	6607	0	0	0	19698	0
654000	228	0	6864	0	0	0	17688	0
655000	241	0	6723	0	0	0	19194	0
656000	361	0	6683	0	0	0	18649	0
657000	245	0	6836	0	0	0	18657	0
658000	347	0	6724	0	0	0	18456	0
659000	268	0	6853	0	0	0	18466	0
660000	230	0	6716	0	0	0	18845	0
661000	304	0	6835	0	0	0	18565	0
662000	412	0	6636	0	0	0	17692	0
663000	299	0	6772	0	0	0	19175	0
664000	490	0	6606	0	0	0	18472	0
665000	334	0	6632	0	0	0	18202	0
666000	341	0	6679	0	0	0	17660	0
667000	313	0	6701	0	0	0	19179	0
668000	216	0	6794	0	0	0	18602	0
669000	308	0	6796	0	0	0	17707	0
670000	314	0	6816	0	0	0	19069	0
671000	201	0	6772	0	0	0	18457	0
672000	316	0	6851	0	0	0	18932	0
673000	214	0	6808	0	0	0	18221	0
674000	180	0	6796	0	0	0	18773	0
675000	363	0	6782	0	0	0	18644	0
676000	241	0	6940	0	0	0	19098	0
677000	326	0	6699	0	0	0	17298	0
678000	216	0	6961	0	0	0	18369	0
679000	368	0	6544	0	0	0	19576	0
680000	220	0	6830	0	0	0	18902	0
681000	188	0	6882	0	0	0	19045	0
682000	234	0	6791	0	0	0	18637	0
683000	194	0	6964	0	0	0	18612	0
684000	335	0	6697	0	0	0	19118	0
685000	302	0	6852	0	0	0	19089	0
686000	349	0	6800	0	0	0	18291	0
687000	292	0	6750	0	0	0	19936	0
688000	262	0	6874	0	0	0	18487	0
689000	211	0	6882	0	0	0	18590	0
690000	351	0	6652	0	0	0	19320	0
691000	366	0	6695	0	0	0	18750	0
692000	270	0	6875	0	0	0	19122	0
693000	267	0	6840	0	0	0	18862	0
694000	339	0	6610	0	0	0	18556	0
695000	206	0	6866	0	0	0	19546	0
696000	294	0	6888	0	0	0	18793	0
697000	177	0	6931	0	0	0	18236	0
698000	415	0	6576	0	0	0	16765	0
699000	243	0	6802	0	0	0	18696	0
700000	176	0	6906	0	0	0	18567	0
701000	370	0	6406	0	0	0	18130	0
702000	161	0	6794	0	0	0	18985	0
703000	289	0	6674	0	0	0	19220	0
704000	247	0	6853	0	0	0	18395	0
705000	271	0	6669	0	0	0	18404	0
706000	177	0	6930	0	0	0	19197	0
707000	230	0	6679	0	0	0	19816	0
708000	469	0	6515	0	0	0	18321	0
709000	313	0	6627	0	0	0	18980	0
710000	265	0	6798	0	0	0	19486	0
711000	301	0	6808	0	0	0	19313	0
712000	228	0	6751	0	0	0	18025	0
713000	205	0	6866	0	0	0	19363	0
714000	285	0	6855	0	0	0	19554	0
715000	290	0	6689	0	0	0	18777	0
716000	274	0	6667	0	0	0	18925	0
717000	272	0	6808	0	0	0	18833	0
718000	319	0	6664	0	0	0	19280	0
719000	217	0	6817	0	0	0	18393	0
720000	372	0	6591	0	0	0	18667	0
721000	319	0	6694	0	0	0	18036	0
722000	248	0	6792	0	0	0	19597	0
723000	279	0	6760	0	0	0	17818	0
724000	380	0	6605	0	0	0	18913	0
725000	450	0	6521	0	0	0	17758	0
726000	229	0	6639	0	0	0	19051	0
727000	284	0	6757	0	0	0	19278	0
728000	365	0	6674	0	0	0	18270	0
729000	188	0	6795	0	0	0	18615	0
730000	328	0	6681	0	0	0	18390	0
731000	221	0	6788	0	0	0	18678	0
732000	226	0	6622	0	0	0	18400	0
733000	199	0	6860	0	0	0	18765	0
734000	356	0	6675	0	0	0	19088	0
735000	322	0	6660	0	0	0	19038	0
736000	182	0	6909	0	0	0	18809	0
737000	261	0	6738	0	0	0	19005	0
738000	169	0	6847	0	0	0	18819	0
739000	223	0	6625	0	0	0	18477	0
740000	207	0	6727	0	0	0	18440	0
741000	238	0	6677	0	0	0	18869	0
742000	301	0	6805	0	0	0	19078	0
743000	239	0	6637	0	0	0	18547	0
744000	317	0	6721	0	0	0	18848	0
745000	341	0	6686	0	0	0	19026	0
746000	202	0	6870	0	0	0	19166	0
747000	286	0	6756	0	0	0	18290	0
748000	290	0	6628	0	0	0	19005	0
749000	210	0	6821	0	0	0	18585	0
750000	178	0	6774	0	0	0	19460	0
751000	271	0	6780	0	0	0	18211	0
752000	337	0	6636	0	0	0	17991	0
753000	190	0	6906	0	0	0	19290	0
754000	332	0	6756	0	0	0	18860	0
755000	266	0	6830	0	0	0	18824	0
756000	218	0	6775	0	0	0	17918	0
757000	194	0	6838	0	0	0	18759	0
758000	237	0	6718	0	0	0	19662	0
759000	337	0	6799	0	0	0	18860	0
760000	146	0	6807	0	0	0	18739	0
761000	292	0	6793	0	0	0	18305	0
762000	286	0	6696	0	0	0	18538	0
763000	284	0	6701	0	0	0	18733	0
764000	185	0	6786	0	0	0	18605	0
765000	388	0	6632	0	0	0	18125	0
766000	341	0	6691	0	0	0	18749	0
767000	322	0	6787	0	0	0	19434	0
768000	341	0	6771	0	0	0	18345	0
769000	238	0	6747	0	0	0	19613	0
770000	348	0	6634	0	0	0	17672	0
771000	452	0	6425	0	0	0	17179	0
772000	273	0	6735	0	0	0	19090	0
773000	287	0	6855	0	0	0	19165	0
774000	325	0	6594	0	0	0	19049	0
775000	320	0	6700	0	0	0	18532	0
776000	314	0	6649	0	0	0	18169	0
777000	245	0	6695	0	0	0	19388	0
778000	248	0	6604	0	0	0	19177	0
779000	290	0	6737	0	0	0	18772	0
780000	276	0	6816	0	0	0	18417	0
781000	252	0	6630	0	0	0	18659	0
782000	303	0	6666	0	0	0	18665	0
783000	298	0	6617	0	0	0	19038	0
784000	293	0	6824	0	0	0	19633	0
785000	330	0	6615	0	0	0	18629	0
786000	269	0	6847	0	0	0	19137	0
787000	334	0	6706	0	0	0	19248	0
788000	208	0	6884	0	0	0	18705	0
789000	484	0	6388	0	0	0	18147	0
790000	317	0	6649	0	0	0	18768	0
791000	304	0	6618	0	0	0	17321	0
792000	287	0	6534	0	0	0	18848	0
793000	359	0	6925	0	0	0	19129	0
794000	337	0	6623	0	0	0	18748	0
795000	228	0	6799	0	0	0	18716	0
796000	399	0	6522	0	0	0	18292	0
797000	317	0	6644	0	0	0	20020	0
798000	326	0	6695	0	0	0	18286	0
799000	280	0	6844	0	0	0	18537	0
800000	306	0	6614	0	0	0	18208	0
801000	202	0	6997	0	0	0	17653	0
802000	280	0	6955	0	0	0	19060	0
803000	314	0	6757	0	0	0	18933	0
804000	276	0	6836	0	0	0	19500	0
805000	215	0	6834	0	0	0	19048	0
806000	190	0	6845	0	0	0	19076	0
807000	412	0	6538	0	0	0	18031	0
808000	150	0	6756	0	0	0	19014	0
809000	227	0	6831	0	0	0	19702	0
810000	231	0	6854	0	0	0	19663	0
811000	306	0	6706	0	0	0	18461	0
812000	201	0	6969	0	0	0	18554	0
813000	253	0	6757	0	0	0	19423	0
814000	254	0	6893	0	0	0	18280	0
815000	230	0	6975	0	0	0	19398	0
816000	269	0	6737	0	0	0	19577	0
817000	234	0	6983	0	0	0	18393	0
818000	271	0	6672	0	0	0	19317	0
819000	358	0	6717	0	0	0	18429	0
820000	327	0	6679	0	0	0	18652	0
821000	198	0	6892	0	0	0	17920	0
822000	240	0	6772	0	0	0	19040	0
823000	346	0	6592	0	0	0	18501	0
824000	286	0	6807	0	0	0	19510	0
825000	265	0	6844	0	0	0	18457	0
826000	235	0	6771	0	0	0	18896	0
827000	311	0	6840	0	0	0	19372	0
828000	132	0	6874	0	0	0	19248	0
829000	330	0	6579	0	0	0	19623	0
830000	406	0	6613	0	0	0	19012	0
831000	247	0	6806	0	0	0	18352	0
832000	336	0	6605	0	0	0	18636	0
833000	285	0	6781	0	0	0	19438	0
834000	251	0	6756	0	0	0	18259	0
835000	253	0	6719	0	0	0	17809	0
836000	391	0	6601	0	0	0	18002	0
837000	235	0	6769	0	0	0	18245	0
838000	381	0	6647	0	0	0	19395	0
839000	302	0	6779	0	0	0	17873	0
840000	303	0	6658	0	0	0	19849	0
841000	282	0	6743	0	0	0	18945	0
842000	204	0	6784	0	0	0	18539	0
843000	333	0	6760	0	0	0	18457	0
844000	336	0	6711	0	0	0	18473	0
845000	211	0	6763	0	0	0	19498	0
846000	379	0	6699	0	0	0	18689	0
847000	257	0	6828	0	0	0	18986	0
848000	318	0	6699	0	0	0	17746	0
849000	345	0	6618	0	0	0	18779	0
850000	191	0	6716	0	0	0	17588	0
851000	379	0	6734	0	0	0	18049	0
852000	388	0	6559	0	0	0	18846	0
853000	237	0	6826	0	0	0	17891	0
854000	254	0	6767	0	0	0	18955	0
855000	294	0	6867	0	0	0	18066	0
856000	172	0	6856	0	0	0	18494	0
857000	303	0	6747	0	0	0	18212	0
858000	473	0	6484	0	0	0	17222	0
859000	179	0	6750	0	0	0	19574	0
860000	359	0	6726	0	0	0	19569	0
861000	252	0	6716	0	0	0	17465	0
862000	267	0	6822	0	0	0	18688	0
863000	230	0	6775	0	0	0	18652	0
864000	255	0	6785	0	0	0	18952	0
865000	305	0	6716	0	0	0	19187	0
866000	262	0	6741	0	0	0	18331	0
867000	360	0	6485	0	0	0	19398	0
868000	198	0	6792	0	0	0	18486	0
869000	195	0	6917	0	0	0	18928	0
870000	180	0	6896	0	0	0	18483	0
871000	332	0	6711	0	0	0	18127	0
872000	315	0	6777	0	0	0	18968	0
873000	267	0	6715	0	0	0	18386	0
874000	252	0	6817	0	0	0	18673	0
875000	239	0	6850	0	0	0	19164	0
876000	257	0	6584	0	0	0	18494	0
877000	352	0	6710	0	0	0	18260	0
878000	297	0	6737	0	0	0	19451	0
879000	204	0	6866	0	0	0	18734	0
880000	279	0	6789	0	0	0	18995	0
881000	276	0	6767	0	0	0	20107	0
882000	225	0	6802	0	0	0	19658	0
883000	196	0	6738	0	0	0	18846	0
884000	328	0	6598	0	0	0	19053	0
885000	273	0	6756	0	0	0	18496	0
886000	224	0	6787	0	0	0	18747	0
887000	213	0	6959	0	0	0	18677	0
888000	276	0	6850	0	0	0	18867	0
889000	282	0	6765	0	0	0	19420	0
890000	346	0	6681	0	0	0	19641	0
891000	274	0	6750	0	0	0	19067	0
892000	348	0	6685	0	0	0	18237	0
893000	386	0	6546	0	0	0	18381	0
894000	305	0	6759	0	0	0	19420	0
895000	239	0	6876	0	0	0	18829	0
896000	182	0	6859	0	0	0	18141	0
897000	209	0	6764	0	0	0	18757	0
898000	285	0	6682	0	0	0	18709	0
899000	326	0	6587	0	0	0	18634	0
900000	459	0	6601	0	0	0	19100	0
901000	266	0	6759	0	0	0	19528	0
902000	370	0	6715	0	0	0	18422	0
903000	244	0	6732	0	0	0	18323	0
904000	136	0	6818	0	0	0	18100	0
905000	335	0	6719	0	0	0	19086	0
906000	243	0	6786	0	0	0	18390	0
907000	205	0	6871	0	0	0	18244	0
908000	205	0	6807	0	0	0	20131	0
909000	300	0	6791	0	0	0	17923	0
910000	223	0	6854	0	0	0	18115	0
911000	302	0	6794	0	0	0	18644	0
912000	234	0	6765	0	0	0	18600	0
913000	478	0	6509	0	0	0	17548	0
914000	322	0	6680	0	0	0	18417	0
915000	364	0	6670	0	0	0	18463	0
916000	274	0	6821	0	0	0	18734	0
917000	220	0	6730	0	0	0	18332	0
918000	273	0	6797	0	0	0	18533	0
919000	280	0	6808	0	0	0	18866	0
920000	277	0	6808	0	0	0	18289	0
921000	283	0	6762	0	0	0	17731	0
922000	287	0	6734	0	0	0	18912	0
923000	333	0	6712	0	0	0	18801	0
924000	413	0	6446	0	0	0	18513	0
925000	339	0	6834	0	0	0	18119	0
926000	310	0	6765	0	0	0	19033	0
927000	254	0	6629	0	0	0	18319	0
928000	185	0	6903	0	0	0	19095	0
929000	243	0	7055	0	0	0	19427	0
930000	293	0	6724	0	0	0	18901	0
931000	342	0	6617	0	0	0	17907	0
932000	260	0	6692	0	0	0	19043	0
933000	354	0	6584	0	0	0	18624	0
934000	335	0	6613	0	0	0	18698	0
935000	200	0	6677	0	0	0	19009	0
936000	156	0	6651	0	0	0	18647	0
937000	230	0	6774	0	0	0	18616	0
938000	286	0	6840	0	0	0	18986	0
939000	284	0	6797	0	0	0	18680	0
940000	239	0	6841	0	0	0	19462	0
941000	305	0	6753	0	0	0	18584	0
942000	315	0	6593	0	0	0	18521	0
943000	254	0	6833	0	0	0	19045	0
944000	194	0	6717	0	0	0	18020	0
945000	240	0	6883	0	0	0	19614	0
946000	420	0	6638	0	0	0	18753	0
947000	246	0	6897	0	0	0	19153	0
948000	368	0	6649	0	0	0	18734	0
949000	283	0	6659	0	0	0	19441	0
950000	256	0	6715	0	0	0	18253	0
951000	287	0	6676	0	0	0	19222	0
952000	201	0	6863	0	0	0	19100	0
953000	227	0	6653	0	0	0	18280	0
954000	184	0	6940	0	0	0	19115	0
955000	402	0	6554	0	0	0	18379	0
956000	310	0	6702	0	0	0	18183	0
957000	290	0	6870	0	0	0	18717	0
958000	221	0	6596	0	0	0	18328	0
959000	258	0	6811	0	0	0	18942	0
960000	312	0	6613	0	0	0	17259	0
961000	252	0	7022	0	0	0	18008	0
962000	212	0	6705	0	0	0	19109	0
963000	237	0	6817	0	0	0	19202	0
964000	220	0	6890	0	0	0	17919	0
965000	331	0	6767	0	0	0	19926	0
966000	264	0	6742	0	0	0	18475	0
967000	426	0	6553	0	0	0	18885	0
968000	473	0	6756	0	0	0	18023	0
969000	385	0	6606	0	0	0	18551	0
970000	331	0	6698	0	0	0	18963	0
971000	274	0	6700	0	0	0	18188	0
972000	188	0	6964	0	0	0	19650	0
973000	202	0	6825	0	0	0	18587	0
974000	530	0	6437	0	0	0	19007	0
975000	246	0	6619	0	0	0	19260	0
976000	252	0	6717	0	0	0	18307	0
977000	254	0	6638	0	0	0	18843	0
978000	232	0	6926	0	0	0	19134	0
979000	340	0	6665	0	0	0	18371	0
980000	201	0	6779	0	0	0	19317	0
981000	233	0	6781	0	0	0	18649	0
982000	275	0	6853	0	0	0	18902	0
983000	211	0	6886	0	0	0	18877	0
984000	283	0	6818	0	0	0	18569	0
985000	399	0	6739	0	0	0	18931	0
986000	221	0	6779	0	0	0	19655	0
987000	282	0	6850	0	0	0	19442	0
988000	258	0	6745	0	0	0	18658	0
989000	281	0	6798	0	0	0	19306	0
990000	306	0	6910	0	0	0	19550	0
991000	301	0	6726	0	0	0	18790	0
992000	265	0	6763	0	0	0	17939	0
993000	424	0	6682	0	0	0	18390	0
994000	266	0	6676	0	0	0	19566	0
995000	247	0	6715	0	0	0	18512	0
996000	315	0	6772	0	0	0	18868	0
997000	194	0	6895	0	0	0	18611	0
998000	368	0	6666	0	0	0	19196	0
999000	362	0	6608	0	0	0	18978	0
